,Trials,adjRand,nClusters,pe,pe (probes),verb decoder Accuracy,verb decoder Accuracy Prob,verb 2 AFC decoder Prob,batch,Condition,cluster re-use
0,All,0.0,1,0.4187106860340577,0.3756928906142171,0.2075,0.19209467362992608,0.5424605180910412,0,Blocked,
1,Training,0.0,1,0.4270918038448261,0.39468987242499465,0.18125,0.17162411177067421,0.52806475929165,0,Blocked,
2,Test,0.0,1,0.3851862147909841,0.2997049633711073,0.3125,0.2739769210669336,0.6000435532886059,0,Blocked,1.0
3,All,0.0,1,0.45033293208513087,0.48189137694703804,0.1225,0.13027830503258847,0.5203377833691185,0,Interleaved,
4,Training,0.0,1,0.45422114093129023,0.48757976760328,0.103125,0.11524824274834893,0.5112700192005892,0,Interleaved,
5,Test,0.0,1,0.4347800967004936,0.4591378143220702,0.2,0.1903985541695466,0.5566088400432353,0,Interleaved,1.0
6,All,0.0,1,0.41339621356656037,0.3666902214371898,0.2375,0.22484680704587304,0.5517043271824331,0,Instructed,
7,Training,0.0,1,0.4162930142669438,0.38371788897466363,0.184375,0.1893773118228277,0.5261719886720609,0,Instructed,
8,Test,0.0,1,0.40180901076502695,0.29857955128729446,0.45,0.3667247879380543,0.6538336812239216,0,Instructed,1.0
9,All,0.0,1,0.4192553783316354,0.39849003290707385,0.1775,0.1689124294217937,0.5193383067414661,1,Blocked,
10,Training,0.0,1,0.4270774258562966,0.4080690068930843,0.171875,0.16360708282361883,0.5259825065705142,1,Blocked,
11,Test,0.0,1,0.38796718823299065,0.36017413696303197,0.2,0.1901338158144931,0.49276150742527314,1,Blocked,1.0
12,All,0.0,1,0.428420997485068,0.4429249668233451,0.2475,0.22655254454136942,0.5521262292155761,1,Interleaved,
13,Training,0.0,1,0.43561153642060846,0.45795865011370457,0.209375,0.19595597598771064,0.5382492121805866,1,Interleaved,
14,Test,0.0,1,0.3996588417429068,0.38279023366190756,0.4,0.3489388187560045,0.6076342973555342,1,Interleaved,1.0
15,All,0.0,1,0.40245643609796344,0.3756859444512814,0.2075,0.19042788240161612,0.5612930782333363,1,Instructed,
16,Training,0.0,1,0.4100829819756707,0.38382487664655335,0.215625,0.192714487343535,0.5702938747604813,1,Instructed,
17,Test,0.0,1,0.37195025258713416,0.3431302156701941,0.175,0.18128146263394065,0.5252898921247569,1,Instructed,1.0
