,Trials,adjRand,nClusters,pe,pe (probes),verb decoder Accuracy,verb decoder Accuracy Prob,verb 2 AFC decoder Prob,batch,Condition,cluster re-use
0,All,0.0,1,0.4836502899285125,0.4854022378533209,0.2875,0.2486177308247912,0.6064412880536123,0,Blocked,
1,Training,0.0,1,0.4829259258175971,0.48537541586271366,0.2625,0.23924674885975858,0.6090835280039046,0,Blocked,
2,Test,0.0,1,0.4865477463721743,0.4855095258157499,0.3875,0.28610165868492154,0.5958723282524427,0,Blocked,1.0
3,All,0.0,1,0.5008305518166282,0.4945409018128315,0.33,0.29973967154902065,0.5463272107553133,0,Interleaved,
4,Training,0.0,1,0.5072983247798173,0.5037595650619229,0.328125,0.292505292877664,0.5544183501181916,0,Interleaved,
5,Test,0.0,1,0.4749594599638718,0.45766624881646606,0.3375,0.32867718623444697,0.5139626533038,0,Interleaved,1.0
6,All,0.0,1,0.43561477528742376,0.4317483142416229,0.135,0.1356812766017903,0.5166176306637373,0,Instructed,
7,Training,0.0,1,0.43619589828024635,0.43480039016363997,0.115625,0.1265112758690516,0.5067594902059065,0,Instructed,
8,Test,0.0,1,0.43329028331613373,0.4195400105535548,0.2125,0.17236127953274522,0.5560501924950606,0,Instructed,1.0
9,All,0.0,1,0.485646268288643,0.5045404521665106,0.235,0.20799960219780572,0.5747557118460012,1,Blocked,
10,Training,0.0,1,0.48796393389190945,0.5100958033260103,0.23125,0.20073313966835443,0.5710235198565753,1,Blocked,
11,Test,0.0,1,0.47637560587557715,0.48231904752851146,0.25,0.23706545231561083,0.5896844798037042,1,Blocked,1.0
12,All,0.0,1,0.47771491297370605,0.4790305886344976,0.2775,0.2374224035325464,0.5269463134853724,1,Interleaved,
13,Training,0.0,1,0.4858790475251271,0.4888564432926505,0.25,0.22256082959887175,0.5263948944655411,1,Interleaved,
14,Test,0.0,1,0.4450583747680219,0.4397271700018857,0.3875,0.2968686992672452,0.5291519895646973,1,Interleaved,1.0
15,All,0.0,1,0.43650402057066845,0.4251357505084663,0.23,0.20940567047522407,0.5695714124048422,1,Instructed,
16,Training,0.0,1,0.43699323910064997,0.4288435975820744,0.203125,0.1943106540676169,0.5433139174934007,1,Instructed,
17,Test,0.0,1,0.43454714645074255,0.41030436221403405,0.3375,0.2697857361056527,0.674601392050608,1,Instructed,1.0
