,Trials,adjRand,nClusters,pe,pe (probes),verb decoder Accuracy,verb decoder Accuracy Prob,verb 2 AFC decoder Prob,batch,Condition,cluster re-use
0,All,0.0,1,0.4660110019526393,0.463789088595256,0.2825,0.2602605993256718,0.5966219747841219,0,Blocked,
1,Training,0.0,1,0.4701444154139065,0.47230357483644214,0.2375,0.23223367189624472,0.5928713061144986,0,Blocked,
2,Test,0.0,1,0.4494773481075703,0.4297311436305116,0.4625,0.37236830904338014,0.6116246494626159,0,Blocked,1.0
3,All,0.0,1,0.4646667933912465,0.44424643388908486,0.3075,0.29830313655247226,0.5274067494465856,0,Interleaved,
4,Training,0.0,1,0.46951695159130563,0.45710402057845007,0.26875,0.2632018310193764,0.51718970373015,0,Interleaved,
5,Test,0.0,1,0.44526616059101004,0.39281608713162397,0.4625,0.4387083586848555,0.5682749323123277,0,Interleaved,1.0
6,All,0.0,1,0.404884043242464,0.38035319880634444,0.2325,0.20433465030957787,0.5420181510136889,0,Instructed,
7,Training,0.0,1,0.40735642656520954,0.39075828711025845,0.209375,0.17488539045710189,0.5352971113399223,0,Instructed,
8,Test,0.0,1,0.394994509951482,0.3387328455906885,0.325,0.322131689719482,0.5689023097087554,0,Instructed,1.0
9,All,0.0,1,0.4377871704953974,0.4144622003933706,0.305,0.2530425205528139,0.5858323669149617,1,Blocked,
10,Training,0.0,1,0.45068254407017344,0.43373492716735634,0.28125,0.23001793085704855,0.5669854126459889,1,Blocked,
11,Test,0.0,1,0.3862056761962932,0.33737129329742804,0.4,0.3451408793358752,0.6612201839908527,1,Blocked,1.0
12,All,0.0,1,0.44694666592796456,0.44428635437366837,0.3075,0.2718487194566108,0.5434780904146358,1,Interleaved,
13,Training,0.0,1,0.45886012788698255,0.46131598848810584,0.275,0.24068408117338672,0.519084672308459,1,Interleaved,
14,Test,0.0,1,0.39929281809189276,0.3761678179159179,0.4375,0.3965072725895072,0.6410517628393431,1,Interleaved,1.0
15,All,0.0,1,0.40348555389763013,0.37030931509242465,0.29,0.24082508484785325,0.5576848630966531,1,Instructed,
16,Training,0.0,1,0.4115285575248504,0.38184742300566743,0.275,0.22676564028327512,0.5450620205690708,1,Instructed,
17,Test,0.0,1,0.37131353938874945,0.3241568834394536,0.35,0.29706286310616575,0.6081762332069822,1,Instructed,1.0
