,Trials,adjRand,nClusters,pe,pe (probes),verb decoder Accuracy,verb decoder Accuracy Prob,verb 2 AFC decoder Prob,batch,Condition,cluster re-use
0,All,0.0,1,0.5004157987573131,0.5141305978431707,0.15,0.13444691249549248,0.48838991257968833,0,Blocked,
1,Training,0.0,1,0.50491336240725,0.5195096454111359,0.1375,0.13028953058239595,0.49004845011215714,0,Blocked,
2,Test,0.0,1,0.48242554415756556,0.4926144075713106,0.2,0.15107644014787852,0.4817557624498132,0,Blocked,1.0
3,All,0.0,1,0.4968982339798235,0.4919557424332453,0.1775,0.16347129536121066,0.5281318624843778,0,Interleaved,
4,Training,0.0,1,0.5014916414279881,0.497954524611277,0.175,0.16142029552805637,0.5120015174027905,0,Interleaved,
5,Test,0.0,1,0.47852460418716547,0.4679606137211184,0.1875,0.1716752946938278,0.5926532428107267,0,Interleaved,1.0
6,All,0.0,1,0.4571614530406057,0.44370547397918514,0.1475,0.15360708871114617,0.5369160479863454,0,Instructed,
7,Training,0.0,1,0.45596996481455676,0.4421288937307534,0.15,0.15248676633600386,0.5399555083068341,0,Instructed,
8,Test,0.0,1,0.46192740594480136,0.4500117949729119,0.1375,0.15808837821171537,0.5247582067043908,0,Instructed,1.0
9,All,0.0,1,0.5076688731878614,0.5138968670225688,0.245,0.21546834323567757,0.5767982157287458,1,Blocked,
10,Training,0.0,1,0.5107453202760275,0.5162328157359154,0.259375,0.2237401847868213,0.5981829458153998,1,Blocked,
11,Test,0.0,1,0.49536308483519725,0.5045530721691828,0.1875,0.1823809770311025,0.4912592953821301,1,Blocked,1.0
12,All,0.0,1,0.5035523549812047,0.5223443588659084,0.2,0.17568517194918593,0.5346268730282236,1,Interleaved,
13,Training,0.0,1,0.5102162691319936,0.5282851382435435,0.1875,0.17083812343690397,0.5254057546106035,1,Interleaved,
14,Test,0.0,1,0.47689669837804904,0.4985812413553677,0.25,0.19507336599831385,0.5715113466987045,1,Interleaved,1.0
15,All,0.0,1,0.4678307030932241,0.4479965487588987,0.135,0.14883823366722077,0.5292405898885559,1,Instructed,
16,Training,0.0,1,0.46666733851685566,0.4449847248979172,0.1375,0.14431204224185015,0.5235195573405262,1,Instructed,
17,Test,0.0,1,0.47248416139869776,0.46004384420282507,0.125,0.16694299936870322,0.5521247200806749,1,Instructed,1.0
