,Trials,adjRand,nClusters,pe,pe (probes),verb decoder Accuracy,verb decoder Accuracy Prob,verb 2 AFC decoder Prob,batch,Condition,cluster re-use
0,All,0.0,1,0.55544809604914,0.5771032581611958,0.1125,0.11228206222375725,0.5138560033841031,0,Blocked,
1,Training,0.0,1,0.5544368761113071,0.5761870961875085,0.11875,0.11544352225065449,0.5168881336403853,0,Blocked,
2,Test,0.0,1,0.559492975800472,0.5807679060559447,0.0875,0.09963622211616831,0.5017274823589746,0,Blocked,1.0
3,All,0.0,1,0.5943602630397088,0.6036993003236868,0.1675,0.16066708138681576,0.5259784246397569,0,Interleaved,
4,Training,0.0,1,0.5902331829381583,0.5953236371945099,0.1875,0.17243231562511704,0.5366317511904738,0,Interleaved,
5,Test,0.0,1,0.6108685834459102,0.6372019528403945,0.0875,0.11360614443361068,0.4833651184368887,0,Interleaved,1.0
6,All,0.0,1,0.5367781104501744,0.5500095841865189,0.17,0.14963148348643046,0.50962064278724,0,Instructed,
7,Training,0.0,1,0.5342920733330123,0.547836244225847,0.178125,0.15653057171539525,0.5178601922884913,0,Instructed,
8,Test,0.0,1,0.5467222589188228,0.5587029440292068,0.1375,0.12203513057057122,0.4766624447822346,0,Instructed,1.0
9,All,0.0,1,0.5584335160375897,0.569264406855496,0.085,0.09639597050195572,0.4759032021421416,1,Blocked,
10,Training,0.0,1,0.5513998758112335,0.5618379652498794,0.08125,0.09398220545395071,0.484665287281555,1,Blocked,
11,Test,0.0,1,0.5865680769430148,0.5989701732779623,0.1,0.10605103069397578,0.44085486158448745,1,Blocked,1.0
12,All,0.0,1,0.5729670268160852,0.5841825180729603,0.1225,0.10964505402679353,0.5306900222564076,1,Interleaved,
13,Training,0.0,1,0.5680940421441789,0.579200754329743,0.11875,0.10830387963689903,0.5276452703156244,1,Interleaved,
14,Test,0.0,1,0.5924589655037105,0.6041095730458295,0.1375,0.11500975158637168,0.5428690300195408,1,Interleaved,1.0
15,All,0.0,1,0.5312963987205658,0.5362298059953805,0.1225,0.11859964902942999,0.49189946487040515,1,Instructed,
16,Training,0.0,1,0.5251635503395619,0.5327615910445493,0.121875,0.12290986398931487,0.49025807501257024,1,Instructed,
17,Test,0.0,1,0.5558277922445808,0.5501026657987049,0.125,0.10135878918989039,0.4984650243017447,1,Instructed,1.0
