,Trials,adjRand,nClusters,pe,pe (probes),verb decoder Accuracy,verb decoder Accuracy Prob,verb 2 AFC decoder Prob,batch,Condition,cluster re-use
0,All,0.0,1,0.5181627188601609,0.538229458809863,0.135,0.13526984511201628,0.509133691722061,0,Blocked,
1,Training,0.0,1,0.5206949509594839,0.5401702798774408,0.134375,0.13476668683552212,0.516491101279809,0,Blocked,
2,Test,0.0,1,0.5080337904628687,0.5304661745395516,0.1375,0.13728247821799294,0.4797040534910691,0,Blocked,1.0
3,All,0.0,1,0.5209965709192909,0.5319472162541828,0.165,0.1566540744772894,0.5119345671768534,0,Interleaved,
4,Training,0.0,1,0.5304228583500268,0.5445853037776202,0.140625,0.14148589340544232,0.4891037216346251,0,Interleaved,
5,Test,0.0,1,0.48329142119634755,0.4813948661604332,0.2625,0.21732679876467786,0.6032579493457664,0,Interleaved,1.0
6,All,0.0,1,0.4768793632156715,0.4551603486610753,0.225,0.2034278366357845,0.5187524480559622,0,Instructed,
7,Training,0.0,1,0.47556220195010807,0.4551098657065076,0.225,0.1963446739280664,0.5034366546437082,0,Instructed,
8,Test,0.0,1,0.4821480082779256,0.4553622804793463,0.225,0.23176048746665684,0.5800156217049783,0,Instructed,1.0
9,All,0.0,1,0.49006595398789754,0.5030919137218167,0.1275,0.11954171792015217,0.4891751816379305,1,Blocked,
10,Training,0.0,1,0.4904868761300587,0.504273413417264,0.10625,0.10560198421608749,0.4816959693119694,1,Blocked,
11,Test,0.0,1,0.4883822654192531,0.4983659149400278,0.2125,0.17530065273641085,0.519092030941775,1,Blocked,1.0
12,All,0.0,1,0.4939382816420698,0.4907391129406402,0.2075,0.19062398396517216,0.48971633243355756,1,Interleaved,
13,Training,0.0,1,0.4932672492349059,0.49151159013355167,0.20625,0.18922393610352684,0.4931008659635346,1,Interleaved,
14,Test,0.0,1,0.4966224112707253,0.48764920416899454,0.2125,0.1962241754117537,0.4761781983136496,1,Interleaved,1.0
15,All,0.0,1,0.44487968019875246,0.4366391500758588,0.1475,0.16079009897694932,0.513492319006741,1,Instructed,
16,Training,0.0,1,0.44435578144895865,0.4358599528165515,0.14375,0.16214125539715538,0.5094229586663901,1,Instructed,
17,Test,0.0,1,0.44697527519792757,0.4397559391130878,0.1625,0.15538547329612493,0.5297697603681444,1,Instructed,1.0
