,Trials,adjRand,nClusters,pe,pe (probes),verb decoder Accuracy,verb decoder Accuracy Prob,verb 2 AFC decoder Prob,batch,Condition,cluster re-use
0,All,0.0,1,0.6552728739917104,0.6804998868013206,0.1225,0.1252036436071745,0.5039727396556333,0,Blocked,
1,Training,0.0,1,0.6607562713336509,0.6881208584318994,0.134375,0.12999759057365737,0.5033041827777613,0,Blocked,
2,Test,0.0,1,0.6333392846239492,0.6500160002790056,0.075,0.1060278557412431,0.506646967167121,0,Blocked,1.0
3,All,0.0,1,0.6909627907760789,0.7012195610923563,0.12,0.11937292697262503,0.4953560008951662,0,Interleaved,
4,Training,0.0,1,0.6988834780745953,0.7086964967903111,0.11875,0.11830714950821848,0.48771356494184365,0,Interleaved,
5,Test,0.0,1,0.6592800415820136,0.6713118183005364,0.125,0.12363603683025122,0.5259257447084558,0,Interleaved,1.0
6,All,0.0,1,0.7167820532720403,0.7475328198323667,0.1075,0.11280753949768091,0.5268481437410374,0,Instructed,
7,Training,0.0,1,0.737977584730053,0.7737825679372756,0.121875,0.12353255218129129,0.5260368344730108,0,Instructed,
8,Test,0.0,1,0.6319999274399885,0.6425338274127309,0.05,0.0699074887632393,0.5300933808131438,0,Instructed,1.0
9,All,0.0,1,0.657324412472603,0.6688459014894965,0.1325,0.1259543891430428,0.5054184997346587,1,Blocked,
10,Training,0.0,1,0.6587411285727062,0.6711283423029591,0.140625,0.1319342661893128,0.510233632897445,1,Blocked,
11,Test,0.0,1,0.6516575480721898,0.6597161382356458,0.1,0.10203488095796284,0.4861579670835131,1,Blocked,1.0
12,All,0.0,1,0.7189403498859703,0.7582609476251512,0.1025,0.11544086465023738,0.5010586347270319,1,Interleaved,
13,Training,0.0,1,0.7181850734638567,0.759186195447821,0.096875,0.10985340541144302,0.48940036092904604,1,Interleaved,
14,Test,0.0,1,0.7219614555744249,0.754559956334472,0.125,0.13779070160541476,0.5476917299189754,1,Interleaved,1.0
15,All,0.0,1,0.6860286955902409,0.7168851363388733,0.145,0.13141134860873765,0.5486963769861154,1,Instructed,
16,Training,0.0,1,0.6865258469835743,0.7207327739585445,0.153125,0.13698548077400746,0.5630117767989492,1,Instructed,
17,Test,0.0,1,0.6840400900169067,0.7014945858601885,0.1125,0.10911481994765855,0.49143477773478034,1,Instructed,1.0
