,Trials,adjRand,nClusters,pe,pe (probes),verb decoder Accuracy,verb decoder Accuracy Prob,verb 2 AFC decoder Prob,batch,Condition,cluster re-use
0,All,0.0,1,0.5530051515481591,0.5661580634499165,0.1725,0.1540812417097281,0.5187525691732167,0,Blocked,
1,Training,0.0,1,0.5567147687241765,0.5680937234119072,0.175,0.15599061810401546,0.5358378889867101,0,Blocked,
2,Test,0.0,1,0.5381666828440893,0.5584154236019534,0.1625,0.1464437361325786,0.45041128991924195,0,Blocked,1.0
3,All,0.0,1,0.5612280968983673,0.5507824116737083,0.1475,0.1431195752769548,0.4747846839420717,0,Interleaved,
4,Training,0.0,1,0.5575476738099606,0.5473483992478749,0.15,0.1454846805947522,0.4787379564933828,0,Interleaved,
5,Test,0.0,1,0.575949789251994,0.5645184613770422,0.1375,0.1336591540057652,0.4589715937368271,0,Interleaved,1.0
6,All,0.0,1,0.5350085080903357,0.5318601067678312,0.145,0.12587143277800017,0.5256578845888741,0,Instructed,
7,Training,0.0,1,0.5292939605885312,0.5284540974883385,0.14375,0.12314341493587548,0.5269242409385444,0,Instructed,
8,Test,0.0,1,0.557866698097554,0.5454841438858031,0.15,0.1367835041464989,0.5205924591901934,0,Instructed,1.0
9,All,0.0,1,0.572126923832553,0.5639424582929875,0.1975,0.16917334642956783,0.5056200623410969,1,Blocked,
10,Training,0.0,1,0.5733402699398308,0.5660829912698894,0.1875,0.16716409423480427,0.5097981677071909,1,Blocked,
11,Test,0.0,1,0.567273539403442,0.5553803263853799,0.2375,0.17721035520862208,0.48890764087672134,1,Blocked,1.0
12,All,0.0,1,0.5935197614885035,0.6075304064067868,0.1025,0.1128464125810122,0.5192733936592407,1,Interleaved,
13,Training,0.0,1,0.5892270826185828,0.6004106419660961,0.1125,0.12015819895573684,0.5353813810594086,1,Interleaved,
14,Test,0.0,1,0.6106904769681866,0.6360094641695497,0.0625,0.08359926708211367,0.4548414440585688,1,Interleaved,1.0
15,All,0.0,1,0.5138971540554634,0.5336362634575263,0.13,0.13387491101247226,0.5258141221398147,1,Instructed,
16,Training,0.0,1,0.5148628531625172,0.5348268873667102,0.128125,0.132365505492332,0.5306719771643383,1,Instructed,
17,Test,0.0,1,0.5100343576272486,0.5288737678207913,0.1375,0.13991253309303323,0.5063827020417208,1,Instructed,1.0
