,Trials,adjRand,nClusters,pe,pe (probes),verb decoder Accuracy,verb decoder Accuracy Prob,verb 2 AFC decoder Prob,batch,Condition,cluster re-use
0,All,0.0,1,0.6517204394933984,0.6610228285116696,0.0825,0.09790083074162545,0.5057997102733913,0,Blocked,
1,Training,0.0,1,0.650932385521759,0.663189452716544,0.084375,0.0982783758147774,0.5032162493675199,0,Blocked,
2,Test,0.0,1,0.6548726553799562,0.6523563316921722,0.075,0.09639065044901773,0.516133553896877,0,Blocked,1.0
3,All,0.0,1,0.6654992030537525,0.6843542883661969,0.1,0.0997426950828208,0.5101414165964018,0,Interleaved,
4,Training,0.0,1,0.6651304774770261,0.6860017474170653,0.09375,0.09629295025266356,0.5065773462191476,0,Interleaved,
5,Test,0.0,1,0.6669741053606586,0.6777644521627233,0.125,0.11354167440344973,0.5243976981054181,0,Interleaved,1.0
6,All,0.0,1,0.640802293505137,0.6643817545626329,0.0875,0.10128952888819237,0.504288262570862,0,Instructed,
7,Training,0.0,1,0.6305004657526806,0.6579993489367558,0.096875,0.11015904170907427,0.50549306648587,0,Instructed,
8,Test,0.0,1,0.6820096045149618,0.6899113770661411,0.05,0.0658114776046648,0.49946904691083,0,Instructed,1.0
9,All,0.0,1,0.6815179287775708,0.6852611400448386,0.1175,0.1198923070291147,0.5180859870178642,1,Blocked,
10,Training,0.0,1,0.6846518990301064,0.6907529102826352,0.121875,0.12471937605863401,0.5337703695107088,1,Blocked,
11,Test,0.0,1,0.6689820477674279,0.6632940590936522,0.1,0.10058403091103756,0.455348457046486,1,Blocked,1.0
12,All,0.0,1,0.6708953521417443,0.6927702992523396,0.095,0.10118664110536148,0.4834648413826679,1,Interleaved,
13,Training,0.0,1,0.6746064095538352,0.6963158571769351,0.09375,0.10147786441523254,0.48616987550707175,1,Interleaved,
14,Test,0.0,1,0.6560511224933808,0.6785880675539575,0.1,0.10002174786587723,0.47264470488505256,1,Interleaved,1.0
15,All,0.0,1,0.6105003472863664,0.6277531125052681,0.085,0.09536152376997892,0.4893325322091752,1,Instructed,
16,Training,0.0,1,0.6063349569229378,0.6250842129715881,0.078125,0.09013147170806543,0.49147947706545275,1,Instructed,
17,Test,0.0,1,0.6271619087400809,0.6384287106399881,0.1125,0.1162817320176329,0.4807447527840649,1,Instructed,1.0
