,Trials,adjRand,nClusters,pe,pe (probes),verb decoder Accuracy,verb decoder Accuracy Prob,verb 2 AFC decoder Prob,batch,Condition,cluster re-use
0,All,0.0,1,0.4768480872102977,0.48946042610697016,0.21,0.1955667883827646,0.5347379646690396,0,Blocked,
1,Training,0.0,1,0.4812854377455138,0.49530757081479415,0.221875,0.20124704829457235,0.5342428206324726,0,Blocked,
2,Test,0.0,1,0.45909868506943313,0.4660718472756743,0.1625,0.17284574873553343,0.5367185408153075,0,Blocked,1.0
3,All,0.0,1,0.5066715792247021,0.4914838641249017,0.22,0.19230740481930086,0.5088004784963319,0,Interleaved,
4,Training,0.0,1,0.5122741223662369,0.4986031927371304,0.2,0.1825830561327645,0.5008065561289466,0,Interleaved,
5,Test,0.0,1,0.48426140665856254,0.46300654967598726,0.3,0.2312047995654464,0.5407761679658728,0,Interleaved,1.0
6,All,0.0,1,0.4624018384986208,0.4499638662468372,0.2425,0.22827789337024554,0.5539194148494857,0,Instructed,
7,Training,0.0,1,0.4675638687997686,0.4606884169459569,0.21875,0.20491290672025092,0.5263441090665759,0,Instructed,
8,Test,0.0,1,0.44175371729402996,0.40706566345035855,0.3375,0.3217378399702243,0.6642206379811253,0,Instructed,1.0
9,All,0.0,1,0.513173377143082,0.5148833620002796,0.15,0.14958341498654143,0.533449230255651,1,Blocked,
10,Training,0.0,1,0.5145269130486534,0.5197841211509406,0.14375,0.14904831976762242,0.5438021837098124,1,Blocked,
11,Test,0.0,1,0.5077592335207963,0.49528032539763595,0.175,0.15172379586221735,0.4920374164390052,1,Blocked,1.0
12,All,0.0,1,0.5175360717875475,0.5161555239436291,0.315,0.27564653949712337,0.5285122052470748,1,Interleaved,
13,Training,0.0,1,0.5197253524080871,0.5237394092059099,0.29375,0.26082266894018236,0.5193318480457817,1,Interleaved,
14,Test,0.0,1,0.5087789493053885,0.48581998289450573,0.4,0.3349420217248872,0.565233634052247,1,Interleaved,1.0
15,All,0.0,1,0.49848513661331817,0.49574350977977816,0.1975,0.17961054759620856,0.5615708787622373,1,Instructed,
16,Training,0.0,1,0.5065872195499692,0.5092552818549783,0.178125,0.1635000678025022,0.5550075101971781,1,Instructed,
17,Test,0.0,1,0.4660768048667142,0.4416964214789775,0.275,0.24405246677103404,0.5878243530224743,1,Instructed,1.0
