,Trials,adjRand,nClusters,pe,pe (probes),verb decoder Accuracy,verb decoder Accuracy Prob,verb 2 AFC decoder Prob,batch,Condition,cluster re-use
0,All,0.0,1,0.5621923180487653,0.5576585500954977,0.1525,0.15778225059950338,0.5263925576116537,0,Blocked,
1,Training,0.0,1,0.555037497130234,0.5535861362153415,0.146875,0.15291763552181273,0.5344316974443997,0,Blocked,
2,Test,0.0,1,0.5908116017228906,0.5739482056161223,0.175,0.17724071091026594,0.49423599828067016,0,Blocked,1.0
3,All,0.0,1,0.5490887744661629,0.5401082754982589,0.16,0.1646542536131728,0.5099599633212425,0,Interleaved,
4,Training,0.0,1,0.5505463011313306,0.5403976375535936,0.15625,0.16540220426794638,0.5197941150735531,0,Interleaved,
5,Test,0.0,1,0.5432586678054914,0.53895082727692,0.175,0.16166245099407858,0.4706233563119998,0,Interleaved,1.0
6,All,0.0,1,0.5427931983167485,0.5467162164369881,0.1425,0.1309280558266262,0.49678049546234065,0,Instructed,
7,Training,0.0,1,0.5384312325918411,0.5422985794549211,0.146875,0.1352169795322113,0.49862483287408554,0,Instructed,
8,Test,0.0,1,0.5602410612163784,0.5643867643652559,0.125,0.11377236100428582,0.4894031458153612,0,Instructed,1.0
9,All,0.0,1,0.5705601059572354,0.5769571089391697,0.0975,0.11157759566188194,0.523948349762371,1,Blocked,
10,Training,0.0,1,0.568872120128162,0.5778279350869957,0.103125,0.11536297833328665,0.5075265414519934,1,Blocked,
11,Test,0.0,1,0.5773120492735286,0.5734738043478658,0.075,0.09643606497626298,0.5896355830038817,1,Blocked,1.0
12,All,0.0,1,0.5547140070574922,0.548763642879981,0.12,0.12505106529151447,0.4953243869606536,1,Interleaved,
13,Training,0.0,1,0.5593672442264759,0.5549361974357699,0.115625,0.12263416282110091,0.48960649127400624,1,Interleaved,
14,Test,0.0,1,0.5361010583815573,0.5240734246568254,0.1375,0.13471867517316877,0.5181959697072431,1,Interleaved,1.0
15,All,0.0,1,0.5406698773045169,0.5586597236405084,0.095,0.09350633750941442,0.501786805937549,1,Instructed,
16,Training,0.0,1,0.5314685122295778,0.5501205796228243,0.109375,0.09995291444254113,0.5175978321218573,1,Instructed,
17,Test,0.0,1,0.5774753376042732,0.592816299711245,0.0375,0.06772002977690761,0.43854270120031547,1,Instructed,1.0
