,Trials,adjRand,nClusters,pe,pe (probes),verb decoder Accuracy,verb decoder Accuracy Prob,verb 2 AFC decoder Prob,batch,Condition,cluster re-use
0,All,0.0,1,0.6779644589620182,0.6901348624576639,0.1725,0.17795651836651238,0.5318741485407242,0,Blocked,
1,Training,0.0,1,0.6774804987402421,0.6896900304137485,0.178125,0.1900249221503445,0.5449603857797357,0,Blocked,
2,Test,0.0,1,0.6799002998491228,0.6919141906333257,0.15,0.12968290323118384,0.4795291995846779,0,Blocked,1.0
3,All,0.0,1,0.6751742563376493,0.6974153515632884,0.08,0.09462747911961256,0.4793728398539723,0,Interleaved,
4,Training,0.0,1,0.6696417591712595,0.6886571529926595,0.071875,0.09247230209887347,0.4840733543984104,0,Interleaved,
5,Test,0.0,1,0.6973042450032085,0.7324481458458042,0.1125,0.10324818720256894,0.46057078167622006,0,Interleaved,1.0
6,All,0.0,1,0.6753363895874481,0.7116127005413801,0.1325,0.12331066776119651,0.49108283882816467,0,Instructed,
7,Training,0.0,1,0.6840387931856958,0.7247912906901096,0.13125,0.11718534677199821,0.48866567135975814,0,Instructed,
8,Test,0.0,1,0.6405267751944573,0.6588983399464625,0.1375,0.14781195171798972,0.5007515087017906,0,Instructed,1.0
9,All,0.0,1,0.6676274328671759,0.7005600534284738,0.17,0.15401699638337857,0.5084692012345922,1,Blocked,
10,Training,0.0,1,0.6703822084041949,0.7009966587443953,0.184375,0.16217705635023444,0.5325913807139061,1,Blocked,
11,Test,0.0,1,0.6566083307190987,0.6988136321647883,0.1125,0.12137675651595506,0.411980483317336,1,Blocked,1.0
12,All,0.0,1,0.6896042593855249,0.6811244839677328,0.16,0.1585021903396532,0.5132681932386128,1,Interleaved,
13,Training,0.0,1,0.6962987554242457,0.6846518471165727,0.16875,0.16247216139246454,0.5197573789275192,1,Interleaved,
14,Test,0.0,1,0.6628262752306423,0.6670150313723736,0.125,0.14262230612840784,0.4873114504829874,1,Interleaved,1.0
15,All,0.0,1,0.6977664996974088,0.7359138758877157,0.15,0.1470884692806104,0.5387309012349799,1,Instructed,
16,Training,0.0,1,0.7006063104832398,0.7440447031237627,0.15,0.14933701292383467,0.5302940798651379,1,Instructed,
17,Test,0.0,1,0.6864072565540846,0.7033905669435278,0.15,0.13809429470771328,0.5724781867143485,1,Instructed,1.0
