,Trials,adjRand,nClusters,pe,pe (probes),verb decoder Accuracy,verb decoder Accuracy Prob,verb 2 AFC decoder Prob,batch,Condition,cluster re-use
0,All,0.0,1,0.4511571721504978,0.43737703283041723,0.275,0.22638279561632743,0.564402477915942,0,Blocked,
1,Training,0.0,1,0.4607849295956594,0.45384232449841394,0.228125,0.19655618505520323,0.5459659295564494,0,Blocked,
2,Test,0.0,1,0.41264614236985153,0.37151586615843063,0.4625,0.34568923786082434,0.6381486713539125,0,Blocked,1.0
3,All,0.0,1,0.4335197181387067,0.3925974962580824,0.2,0.2003537260080574,0.5787889657831998,0,Interleaved,
4,Training,0.0,1,0.43823105918308203,0.4032484363315019,0.19375,0.19193068953388118,0.5702226000693984,0,Interleaved,
5,Test,0.0,1,0.41467435396120506,0.3499937359644045,0.225,0.23404587190476236,0.6130544286384059,0,Interleaved,1.0
6,All,0.0,1,0.40243568263368845,0.36991679770718805,0.2075,0.1945860084352752,0.5470833257148583,0,Instructed,
7,Training,0.0,1,0.4054373095732832,0.37515135098585495,0.2,0.1881464982093347,0.5410494337774435,0,Instructed,
8,Test,0.0,1,0.39042917487530926,0.3489785845925201,0.2375,0.22034404933903726,0.5712188934645173,0,Instructed,1.0
9,All,0.0,1,0.4723644018442352,0.4438507240740879,0.3175,0.2914849002209838,0.6066879497698341,1,Blocked,
10,Training,0.0,1,0.474562081594389,0.45227236217410544,0.28125,0.2671756742962053,0.5856057535434751,1,Blocked,
11,Test,0.0,1,0.4635736828436198,0.4101641716740175,0.4625,0.3887218039200976,0.69101673467527,1,Blocked,1.0
12,All,0.0,1,0.45999970841481175,0.4540376982677267,0.2425,0.2058809315127379,0.5306611391810947,1,Interleaved,
13,Training,0.0,1,0.4669612221231249,0.46287973190268816,0.20625,0.17737104470873216,0.5237017007488886,1,Interleaved,
14,Test,0.0,1,0.43215365358155877,0.41866956372788033,0.3875,0.3199204787287606,0.5584988929099193,1,Interleaved,1.0
15,All,0.0,1,0.4125037431577841,0.37150691960872606,0.2375,0.21410378749673117,0.539818678022512,1,Instructed,
16,Training,0.0,1,0.4206992161858086,0.3810806116391059,0.228125,0.20881609501629345,0.5364701155203517,1,Instructed,
17,Test,0.0,1,0.379721851045686,0.3332121514872064,0.275,0.23525455741848225,0.5532129280311535,1,Instructed,1.0
