,Trials,adjRand,nClusters,pe,pe (probes),verb decoder Accuracy,verb decoder Accuracy Prob,verb 2 AFC decoder Prob,batch,Condition,cluster re-use
0,All,0.0,1,0.5634655109078903,0.5810676463296184,0.1775,0.16978366677792686,0.5185122699191501,0,Blocked,
1,Training,0.0,1,0.5609800186274722,0.5778930754094049,0.190625,0.17429004410218726,0.5187622193847096,0,Blocked,
2,Test,0.0,1,0.5734074800295635,0.5937659300104718,0.125,0.1517581574808852,0.5175124720569123,0,Blocked,1.0
3,All,0.0,1,0.5736374812463289,0.5740477424567217,0.1925,0.1745372240915994,0.5289842399596006,0,Interleaved,
4,Training,0.0,1,0.5748369351269956,0.5742675139230682,0.175,0.1659366647433208,0.52439454351278,0,Interleaved,
5,Test,0.0,1,0.5688396657236625,0.5731686565913362,0.2625,0.20893946148471393,0.5473430257468835,0,Interleaved,1.0
6,All,0.0,1,0.543687905710293,0.5414296725736699,0.1225,0.11595524656576124,0.5081779369359505,0,Instructed,
7,Training,0.0,1,0.5476946233013302,0.5492770895272585,0.125,0.11858731761339207,0.5016150957731862,0,Instructed,
8,Test,0.0,1,0.5276610353461441,0.5100400047593155,0.1125,0.10542696237523796,0.5344293015870079,0,Instructed,1.0
9,All,0.0,1,0.5677738767878076,0.5644055664890447,0.15,0.15893820757618282,0.539323910087878,1,Blocked,
10,Training,0.0,1,0.5677165531816663,0.5643839414108189,0.14375,0.15818625109188583,0.5320699223518549,1,Blocked,
11,Test,0.0,1,0.5680031712123728,0.5644920668019483,0.175,0.16194603351337072,0.5683398610319703,1,Blocked,1.0
12,All,0.0,1,0.5758842495280951,0.6118221923331795,0.0825,0.08116630502476596,0.4863832527796913,1,Interleaved,
13,Training,0.0,1,0.574670203777475,0.6094473494785645,0.078125,0.07960114076074838,0.49725378715164525,1,Interleaved,
14,Test,0.0,1,0.5807404325305751,0.6213215637516395,0.1,0.08742696208083629,0.4429011152918756,1,Interleaved,1.0
15,All,0.0,1,0.5177328237225857,0.5401329592833604,0.1325,0.14205019302807093,0.5404320963348894,1,Instructed,
16,Training,0.0,1,0.5205905820063381,0.548998185274051,0.103125,0.12841440371578344,0.515814433499256,1,Instructed,
17,Test,0.0,1,0.5063017905875753,0.5046720553205977,0.25,0.1965933502772209,0.6389027476774233,1,Instructed,1.0
