,Trials,adjRand,nClusters,pe,pe (probes),verb decoder Accuracy,verb decoder Accuracy Prob,verb 2 AFC decoder Prob,batch,Condition,cluster re-use
0,All,0.0,1,0.7149606868297483,0.7485128942620056,0.1475,0.14484092508828839,0.522534666579476,0,Blocked,
1,Training,0.0,1,0.7108991977005202,0.7343850016753022,0.153125,0.1502260672758878,0.5346237028651425,0,Blocked,
2,Test,0.0,1,0.7312066433466606,0.8050244646088196,0.125,0.12330035633789063,0.4741785214368101,0,Blocked,1.0
3,All,0.0,1,0.7429435444844339,0.7982752658469419,0.135,0.13021667647701002,0.49046126627849107,0,Interleaved,
4,Training,0.0,1,0.7440188867142639,0.8018200830767495,0.13125,0.12568845368637802,0.4907281876204645,0,Interleaved,
5,Test,0.0,1,0.738642175565114,0.7840959969277115,0.15,0.14832956763953792,0.48939358091059704,0,Interleaved,1.0
6,All,0.0,1,0.94437552613515,1.0193692176572295,0.14,0.12697208161171405,0.5021801307063625,0,Instructed,
7,Training,0.0,1,1.0043878832979336,1.0996328881069144,0.121875,0.11461788092973221,0.48917541257816965,0,Instructed,
8,Test,0.0,1,0.7043260974840143,0.6983145358584906,0.2125,0.17638888433964142,0.5541990032191337,0,Instructed,1.0
9,All,0.0,1,0.7346577709485584,0.7611393172752932,0.155,0.1549286005471878,0.5207417584172411,1,Blocked,
10,Training,0.0,1,0.73942459495536,0.7698284065428839,0.159375,0.1596418133082195,0.5337165435592871,1,Blocked,
11,Test,0.0,1,0.715590474921352,0.726382960204931,0.1375,0.13607574950306092,0.4688426178490577,1,Blocked,1.0
12,All,0.0,1,0.6837974414120802,0.6775843094377976,0.13,0.13297135144541142,0.5131355300155296,1,Interleaved,
13,Training,0.0,1,0.6928540413675727,0.6821203725662176,0.13125,0.13701539707188976,0.5307500870756096,1,Interleaved,
14,Test,0.0,1,0.6475710415901105,0.6594400569241179,0.125,0.11679516893949807,0.4426773017752093,1,Interleaved,1.0
15,All,0.0,1,0.8861580223826575,0.9727382257929833,0.16,0.1505045801471846,0.5093216366884756,1,Instructed,
16,Training,0.0,1,0.924834103430642,1.025867618435975,0.14375,0.13923297700228693,0.505453022630267,1,Instructed,
17,Test,0.0,1,0.7314536981907193,0.7602206552210162,0.225,0.19559099272677508,0.5247960929213099,1,Instructed,1.0
