,Trials,adjRand,nClusters,pe,pe (probes),verb decoder Accuracy,verb decoder Accuracy Prob,verb 2 AFC decoder Prob,batch,Condition,cluster re-use
0,All,0.0,1,0.5076762118564535,0.5458366999969674,0.11,0.11508877886295871,0.541382522810899,0,Blocked,
1,Training,0.0,1,0.5060903234698293,0.5457290269826343,0.10625,0.11474652585216424,0.5388363336162362,0,Blocked,
2,Test,0.0,1,0.5140197654029507,0.5462673920542999,0.125,0.11645779090613657,0.5515672795895504,0,Blocked,1.0
3,All,0.0,1,0.5350645090465261,0.5774457125612903,0.1325,0.1188946669926627,0.49966783814993243,0,Interleaved,
4,Training,0.0,1,0.5355585952458511,0.577255639851953,0.125,0.1134122324967614,0.501547232435881,0,Interleaved,
5,Test,0.0,1,0.533088164249226,0.5782060033986388,0.1625,0.14082440497626797,0.49215026100613796,0,Interleaved,1.0
6,All,0.0,1,0.4466073588989606,0.44181172733924046,0.185,0.15400640161520138,0.549446335145305,0,Instructed,
7,Training,0.0,1,0.45464417933301604,0.4530988556433698,0.15625,0.14194064090715044,0.5290600836354437,0,Instructed,
8,Test,0.0,1,0.4144600771627384,0.39666321412272304,0.3,0.20226944444740508,0.6309913411847508,0,Instructed,1.0
9,All,0.0,1,0.5106720773280007,0.5164599733813183,0.18,0.15941745892608114,0.524093047312389,1,Blocked,
10,Training,0.0,1,0.5132714875508724,0.5181409369539764,0.1875,0.1604413110521254,0.524822156392716,1,Blocked,
11,Test,0.0,1,0.5002744364365143,0.5097361190906853,0.15,0.15532205042190403,0.5211766109910811,1,Blocked,1.0
12,All,0.0,1,0.4973430730246742,0.5212889533468098,0.2425,0.20842092773641688,0.5330040208272662,1,Interleaved,
13,Training,0.0,1,0.503344674055123,0.52655047148005,0.24375,0.20668497195889352,0.5422378982120939,1,Interleaved,
14,Test,0.0,1,0.473336668902879,0.5002428808138489,0.2375,0.21536475084651058,0.4960685112879551,1,Interleaved,1.0
15,All,0.0,1,0.4738075702591539,0.46147995397860087,0.1975,0.17601996631507563,0.6063709789378542,1,Instructed,
16,Training,0.0,1,0.4717081793958837,0.46154092844974526,0.196875,0.17133085326675734,0.593295836445212,1,Instructed,
17,Test,0.0,1,0.4822051337122339,0.4612360560940235,0.2,0.19477641850834876,0.6586715489084234,1,Instructed,1.0
