,Trials,adjRand,nClusters,pe,pe (probes),verb decoder Accuracy,verb decoder Accuracy Prob,verb 2 AFC decoder Prob,batch,Condition,cluster re-use
0,All,0.0,1,0.5203833143749326,0.5033105076433406,0.21,0.1885415735953317,0.5018725993384776,0,Blocked,
1,Training,0.0,1,0.5237297380846738,0.5113053089984098,0.203125,0.18230423293398065,0.5043830497645465,0,Blocked,
2,Test,0.0,1,0.5069976195359671,0.4713313022230644,0.2375,0.21349093624073578,0.491830797634202,0,Blocked,1.0
3,All,0.0,1,0.5223050523388518,0.5252439142458444,0.19,0.189300306604684,0.5207367646577546,0,Interleaved,
4,Training,0.0,1,0.5220815850261846,0.529785533623208,0.175,0.17256252812443004,0.519822719911576,0,Interleaved,
5,Test,0.0,1,0.5231989215895205,0.5070774367363899,0.25,0.2562514205256997,0.5243929436424691,0,Interleaved,1.0
6,All,0.0,1,0.4440154322929167,0.4430946622125333,0.085,0.1014103975047302,0.5066124836872914,0,Instructed,
7,Training,0.0,1,0.4425664762413076,0.44249265280949085,0.059375,0.08917658128991639,0.5080596947636458,0,Instructed,
8,Test,0.0,1,0.4498112564993527,0.4455026998247029,0.1875,0.1503456623639855,0.5008236393818739,0,Instructed,1.0
9,All,0.0,1,0.5297855676655818,0.52953267654062,0.175,0.15387819355852295,0.5522716309437071,1,Blocked,
10,Training,0.0,1,0.5337586458998289,0.535631347508301,0.171875,0.15327020415360418,0.5491962822878718,1,Blocked,
11,Test,0.0,1,0.5138932547285935,0.5051379926698957,0.1875,0.15631015117819796,0.5645730255670492,1,Blocked,1.0
12,All,0.0,1,0.5267596125955484,0.530455785349379,0.145,0.14469717705853788,0.5056001900628353,1,Interleaved,
13,Training,0.0,1,0.5349331553717459,0.5416263647618382,0.13125,0.13848423681325334,0.49303728545419895,1,Interleaved,
14,Test,0.0,1,0.4940654414907579,0.48577346769954205,0.2,0.16954893803967605,0.5558518084973807,1,Interleaved,1.0
15,All,0.0,1,0.46066728412122016,0.4643931756890642,0.1775,0.160385497377249,0.5671984311705711,1,Instructed,
16,Training,0.0,1,0.45949024272460215,0.4632510796156467,0.15625,0.14270037808570385,0.549613312187901,1,Instructed,
17,Test,0.0,1,0.4653754497076922,0.4689615599827343,0.2625,0.23112597454342967,0.6375389071012516,1,Instructed,1.0
