,Trials,adjRand,nClusters,pe,pe (probes),verb decoder Accuracy,verb decoder Accuracy Prob,verb 2 AFC decoder Prob,batch,Condition,cluster re-use
0,All,0.0,1,0.417776994918743,0.4336682205515099,0.135,0.1321038890843071,0.5152120431710093,0,Blocked,
1,Training,0.0,1,0.4262518180225065,0.4419947246413159,0.121875,0.12408143679266356,0.5307239129542303,0,Blocked,
2,Test,0.0,1,0.38387770250368874,0.4003622041922862,0.1875,0.16419369825088123,0.45316456403812494,0,Blocked,1.0
3,All,0.0,1,0.44716063649016907,0.46186540923060804,0.185,0.18348862579237457,0.5519577824930105,0,Interleaved,
4,Training,0.0,1,0.4499334703854129,0.4696374003026877,0.153125,0.15529185286832625,0.5305243840461936,0,Interleaved,
5,Test,0.0,1,0.4360693009091933,0.4307774449422891,0.3125,0.2962757174885679,0.6376913762802782,0,Interleaved,1.0
6,All,0.0,1,0.3987567935276433,0.36921802024107636,0.2225,0.19541902746197423,0.5546650741740019,0,Instructed,
7,Training,0.0,1,0.40596191096737394,0.38129186426568873,0.20625,0.18471093439660385,0.5452716722039546,0,Instructed,
8,Test,0.0,1,0.36993632376872054,0.32092264414262645,0.2875,0.23825139972345574,0.5922386820541912,0,Instructed,1.0
9,All,0.0,1,0.4313920058164678,0.4333241765076469,0.19,0.1756837631488595,0.5442115080192135,1,Blocked,
10,Training,0.0,1,0.44038860577514116,0.44494525592798884,0.178125,0.16604065234956608,0.5421691410418065,1,Blocked,
11,Test,0.0,1,0.39540560598177465,0.38683985882627936,0.2375,0.214256206346033,0.5523809759288414,1,Blocked,1.0
12,All,0.0,1,0.40318500823150466,0.35747644713456767,0.285,0.2473584927011649,0.5361604589843985,1,Interleaved,
13,Training,0.0,1,0.41125688321050463,0.3694936300452693,0.278125,0.24222853969724795,0.5414801937342586,1,Interleaved,
14,Test,0.0,1,0.3708975083155046,0.3094077154917608,0.3125,0.26787830471683255,0.5148815199849579,1,Interleaved,1.0
15,All,0.0,1,0.39007620805859905,0.3700897717246548,0.205,0.18417372948264388,0.5560419532140449,1,Instructed,
16,Training,0.0,1,0.3952741358159431,0.37718154856387553,0.1875,0.17262139335812499,0.5482033751389735,1,Instructed,
17,Test,0.0,1,0.36928449702922267,0.3417226643677715,0.275,0.2303830739807194,0.5873962655143303,1,Instructed,1.0
