,Trials,adjRand,nClusters,pe,pe (probes),verb decoder Accuracy,verb decoder Accuracy Prob,verb 2 AFC decoder Prob,batch,Condition,cluster re-use
0,All,0.0,1,0.417933080693891,0.4183354517476871,0.22,0.21872070155898082,0.507003482162342,0,Blocked,
1,Training,0.0,1,0.4263426728551123,0.4352692589840821,0.2,0.1999681597040694,0.5023473033611909,0,Blocked,
2,Test,0.0,1,0.384294712049006,0.3506002228021072,0.3,0.2937308689786265,0.5256281973669463,0,Blocked,1.0
3,All,0.0,1,0.4504761618580224,0.4003501430524996,0.2975,0.25810103013459523,0.556447588766215,0,Interleaved,
4,Training,0.0,1,0.45428533724986697,0.4179504171674715,0.271875,0.23231410294952565,0.5496061986264312,0,Interleaved,
5,Test,0.0,1,0.43523946029064403,0.32994904659261215,0.4,0.36124873887487363,0.5838131493253501,0,Interleaved,1.0
6,All,0.0,1,0.41405635035538624,0.3953062383350439,0.2,0.1916662826811188,0.5227540309308942,0,Instructed,
7,Training,0.0,1,0.4172596171646116,0.4056830672904118,0.15625,0.16333129704389565,0.5070672403840466,0,Instructed,
8,Test,0.0,1,0.4012432831184852,0.35379892251357237,0.375,0.3050062252300112,0.5855011931182847,0,Instructed,1.0
9,All,0.0,1,0.4271519314846656,0.3954111160485171,0.3025,0.2538895270388829,0.5522983434038095,1,Blocked,
10,Training,0.0,1,0.4373115071619223,0.4117943875173765,0.2625,0.22128649376442144,0.5515818843008218,1,Blocked,
11,Test,0.0,1,0.3865136287756391,0.3298780301730796,0.4625,0.3843016601367287,0.5551641798157607,1,Blocked,1.0
12,All,0.0,1,0.42667140671408693,0.3882461194110388,0.3275,0.26633093291196297,0.5459987373030153,1,Interleaved,
13,Training,0.0,1,0.4300018291553552,0.39848851656342854,0.29375,0.2444226292281113,0.5352627131586534,1,Interleaved,
14,Test,0.0,1,0.41334971694901407,0.34727653080147985,0.4625,0.35396414764736966,0.588942833880463,1,Interleaved,1.0
15,All,0.0,1,0.39109962090619355,0.3808964125594089,0.1425,0.14287933674800202,0.5434675568744131,1,Instructed,
16,Training,0.0,1,0.3976751322642147,0.39219997011651186,0.109375,0.1302459737149046,0.5362189152152598,1,Instructed,
17,Test,0.0,1,0.36479757547410896,0.33568218233099717,0.275,0.19341278888039157,0.5724621235110257,1,Instructed,1.0
