,Trials,adjRand,nClusters,pe,pe (probes),verb decoder Accuracy,verb decoder Accuracy Prob,verb 2 AFC decoder Prob,batch,Condition,cluster re-use
0,All,0.0,1,0.6078203827456871,0.6350251402883952,0.08,0.09523490030031725,0.4928044197930411,0,Blocked,
1,Training,0.0,1,0.60394801226813,0.6291153965831894,0.084375,0.09755472431730192,0.4971115177002293,0,Blocked,
2,Test,0.0,1,0.6233098646559152,0.6586641151092187,0.0625,0.08595560423237868,0.4755760281642888,0,Blocked,1.0
3,All,0.0,1,0.576291450228377,0.5873982467079721,0.1375,0.13396831339230636,0.5095127429802722,0,Interleaved,
4,Training,0.0,1,0.5800164546006323,0.5895789690912588,0.121875,0.12879551348160329,0.5148460133566777,0,Interleaved,
5,Test,0.0,1,0.5613914327393558,0.5786753571748254,0.2,0.1546595130351188,0.4881796614746496,0,Interleaved,1.0
6,All,0.0,1,0.5412041500054796,0.561376277043815,0.085,0.09438581150547823,0.49376594847073335,0,Instructed,
7,Training,0.0,1,0.5401134112587296,0.5621672767590743,0.084375,0.09211615918296251,0.49706869913370183,0,Instructed,
8,Test,0.0,1,0.5455671049924797,0.5582122781827777,0.0875,0.1034644207955411,0.48055494581885905,0,Instructed,1.0
9,All,0.0,1,0.5837938580406562,0.5790944628701951,0.21,0.19656487350898147,0.5239349630765385,1,Blocked,
10,Training,0.0,1,0.5892924626340647,0.5841389760129725,0.209375,0.19723074737282217,0.5339271965014971,1,Blocked,
11,Test,0.0,1,0.5617994396670228,0.5589164102990856,0.2125,0.19390137805361868,0.48396602937670463,1,Blocked,1.0
12,All,0.0,1,0.5447957183168227,0.5330374232220211,0.1375,0.13328547505772842,0.4920343722469611,1,Interleaved,
13,Training,0.0,1,0.5428640410411638,0.5286054383382653,0.1375,0.1336022746407718,0.4938848133110394,1,Interleaved,
14,Test,0.0,1,0.5525224274194577,0.5507653627570441,0.1375,0.13201827672555505,0.4846326079906474,1,Interleaved,1.0
15,All,0.0,1,0.5235206422382606,0.5148635033174424,0.16,0.15868128285311944,0.5322938117878327,1,Instructed,
16,Training,0.0,1,0.5158284672239449,0.5074927543998677,0.159375,0.15726652596027213,0.5415502680961619,1,Instructed,
17,Test,0.0,1,0.554289342295523,0.5443464989877412,0.1625,0.1643403104245086,0.4952679865545161,1,Instructed,1.0
