,Trials,adjRand,nClusters,pe,pe (probes),verb decoder Accuracy,verb decoder Accuracy Prob,verb 2 AFC decoder Prob,batch,Condition,cluster re-use
0,All,0.0,1,0.4123833634320189,0.40719997463389246,0.245,0.2331793165053958,0.608028775244074,0,Blocked,
1,Training,0.0,1,0.4163285545304746,0.41567664601937027,0.225,0.22062403519213145,0.5983552188002506,0,Blocked,
2,Test,0.0,1,0.3966025990381962,0.3732932890919807,0.325,0.2834004417584532,0.6467230010193679,0,Blocked,1.0
3,All,0.0,1,0.4341667094883094,0.42536007596763187,0.28,0.23697671087540645,0.5293981325615564,0,Interleaved,
4,Training,0.0,1,0.44320009946730443,0.44288171198382686,0.240625,0.21162536397127002,0.528553859454262,0,Interleaved,
5,Test,0.0,1,0.3980331495723292,0.3552735319028518,0.4375,0.33838209849195217,0.5327752249907334,0,Interleaved,1.0
6,All,0.0,1,0.41130293218736985,0.3887990374149713,0.285,0.23330255228233931,0.5327622967170601,0,Instructed,
7,Training,0.0,1,0.416149418214436,0.3985563849929667,0.25625,0.21071243301630016,0.519038809703728,0,Instructed,
8,Test,0.0,1,0.39191698807910497,0.34976964710298963,0.4,0.3236630293464959,0.5876562447703885,0,Instructed,1.0
9,All,0.0,1,0.46314389342190726,0.47702181942087907,0.16,0.161805860274063,0.5357179530279034,1,Blocked,
10,Training,0.0,1,0.4737595581313683,0.49327007107649584,0.15625,0.15503726269915916,0.5300864973835028,1,Blocked,
11,Test,0.0,1,0.4206812345840636,0.4120288127984114,0.175,0.18888025057367827,0.5582437756055059,1,Blocked,1.0
12,All,0.0,1,0.43755551019923,0.4257240980473164,0.2775,0.2174386974707825,0.5222537397977773,1,Interleaved,
13,Training,0.0,1,0.44065348571833274,0.43803381299194355,0.25,0.20815759539799977,0.5241494501266664,1,Interleaved,
14,Test,0.0,1,0.425163608122819,0.37648523826880803,0.3875,0.25456310576191343,0.5146708984822207,1,Interleaved,1.0
15,All,0.0,1,0.38825994552365956,0.3861474473723856,0.28,0.222771085906788,0.5823288570383985,1,Instructed,
16,Training,0.0,1,0.38886753819380926,0.3918939499591093,0.24375,0.20063390344393733,0.5680931894457253,1,Instructed,
17,Test,0.0,1,0.3858295748430607,0.3631614370254908,0.425,0.31131981575819057,0.6392715274090919,1,Instructed,1.0
