,Trials,adjRand,nClusters,pe,pe (probes),verb decoder Accuracy,verb decoder Accuracy Prob,verb 2 AFC decoder Prob,batch,Condition,cluster re-use
0,All,0.0,1,0.664954212411647,0.7201842468997429,0.1125,0.11514059078629817,0.4630084986337036,0,Blocked,
1,Training,0.0,1,0.6711944525032912,0.728068936572283,0.1125,0.11460227509929913,0.45776533435243616,0,Blocked,
2,Test,0.0,1,0.6399932520450693,0.6886454882095826,0.1125,0.11729385353429445,0.48398115575877343,0,Blocked,1.0
3,All,0.0,1,0.6802463129200308,0.7016524413801176,0.12,0.12482512533229985,0.4989070889729011,0,Interleaved,
4,Training,0.0,1,0.684439118093001,0.7035516594274046,0.115625,0.12349982390564014,0.49560016204130086,0,Interleaved,
5,Test,0.0,1,0.6634750922281506,0.6940555691909689,0.1375,0.13012633103893873,0.5121347966993022,0,Interleaved,1.0
6,All,0.0,1,0.8438991954889639,0.9263978708210309,0.1225,0.13058569617227303,0.5098112077134128,0,Instructed,
7,Training,0.0,1,0.8848581063655581,0.9827896291782501,0.125,0.12942049085395282,0.5035337863140935,0,Instructed,
8,Test,0.0,1,0.6800635519825872,0.7008308373921535,0.1125,0.13524651744555383,0.5349208933106901,0,Instructed,1.0
9,All,0.0,1,0.6448052989097176,0.6851433327576671,0.1675,0.15492858147125232,0.5433598156292598,1,Blocked,
10,Training,0.0,1,0.6437885805506864,0.682691165838464,0.178125,0.16324705998383313,0.5473573487410258,1,Blocked,
11,Test,0.0,1,0.6488721723458424,0.6949520004344798,0.125,0.1216546674209292,0.5273696831821961,1,Blocked,1.0
12,All,0.0,1,0.6932026986866598,0.7350546915450671,0.13,0.13126363698957846,0.5076096681025842,1,Interleaved,
13,Training,0.0,1,0.70388928944769,0.7464935415137672,0.134375,0.13527933432082787,0.501994280734077,1,Interleaved,
14,Test,0.0,1,0.6504563356425389,0.6892992916702666,0.1125,0.1152008476645808,0.5300712175766127,1,Interleaved,1.0
15,All,0.0,1,0.7229631796206076,0.7877382455315217,0.1425,0.13474095034649966,0.505100842880696,1,Instructed,
16,Training,0.0,1,0.744573521620016,0.8192641281113374,0.134375,0.12597271837484855,0.5121309976072255,1,Instructed,
17,Test,0.0,1,0.6365218116229748,0.6616347152122591,0.175,0.169813878233104,0.4769802239745785,1,Instructed,1.0
