,Trials,adjRand,nClusters,pe,pe (probes),verb decoder Accuracy,verb decoder Accuracy Prob,verb 2 AFC decoder Prob,batch,Condition,cluster re-use
0,All,0.0,1,0.5265143569826186,0.5183437401347664,0.27,0.23765418035003627,0.5282568787849786,0,Blocked,
1,Training,0.0,1,0.5249577019774618,0.519806690074401,0.284375,0.24201359281086504,0.543568942817562,0,Blocked,
2,Test,0.0,1,0.5327409770032465,0.5124919403762276,0.2125,0.22021653050672105,0.4670086226546453,0,Blocked,1.0
3,All,0.0,1,0.5190662002965726,0.5164024927124973,0.2125,0.18594775514192924,0.49924152859716847,0,Interleaved,
4,Training,0.0,1,0.5168524859856213,0.5131135253559695,0.20625,0.18615324816649742,0.494230403229707,0,Interleaved,
5,Test,0.0,1,0.5279210575403773,0.529558362138608,0.2375,0.18512578304365662,0.5192860300670146,0,Interleaved,1.0
6,All,0.0,1,0.4686099940232119,0.43685693566621425,0.1275,0.14094080782788607,0.517418017836465,0,Instructed,
7,Training,0.0,1,0.4684809529866515,0.4354184421008626,0.11875,0.13858471393598354,0.5121752914896033,0,Instructed,
8,Test,0.0,1,0.46912615816945363,0.44261090992762087,0.1625,0.15036518339549612,0.5383889232239121,0,Instructed,1.0
9,All,0.0,1,0.5147344784665271,0.5342976276503105,0.1175,0.13711268872949664,0.5098962137326424,1,Blocked,
10,Training,0.0,1,0.5144784618411897,0.5355787004914393,0.121875,0.13946029407232502,0.5105420673251915,1,Blocked,
11,Test,0.0,1,0.5157585449678767,0.5291733362857953,0.1,0.1277222673581832,0.507312799362446,1,Blocked,1.0
12,All,0.0,1,0.5489174291888198,0.5559740528666106,0.1625,0.15175150542925483,0.5118523777369686,1,Interleaved,
13,Training,0.0,1,0.5524961710790222,0.562370045939676,0.140625,0.13611913701942735,0.5013455250127448,1,Interleaved,
14,Test,0.0,1,0.5346024616280107,0.5303900805743489,0.25,0.21428097906856464,0.5538797886338633,1,Interleaved,1.0
15,All,0.0,1,0.4503478810729287,0.44666037806795844,0.2075,0.17770229707221927,0.5172736998560812,1,Instructed,
16,Training,0.0,1,0.452615799290529,0.44868763973327963,0.209375,0.17003325076772252,0.5182496613058931,1,Instructed,
17,Test,0.0,1,0.4412762082025276,0.4385513314066736,0.2,0.20837848229020625,0.5133698540568337,1,Instructed,1.0
