,Trials,adjRand,nClusters,pe,pe (probes),verb decoder Accuracy,verb decoder Accuracy Prob,verb 2 AFC decoder Prob,batch,Condition,cluster re-use
0,All,0.0,1,0.6892034940931061,0.728784810042754,0.0975,0.10502664600507278,0.5230494205107974,0,Blocked,
1,Training,0.0,1,0.6933594269501475,0.7385550118443446,0.1,0.10733652703743908,0.5221182065386367,0,Blocked,
2,Test,0.0,1,0.6725797626649401,0.6897040028363923,0.0875,0.0957871218756077,0.5267742763994396,0,Blocked,1.0
3,All,0.0,1,0.7021216378064727,0.7112440506774717,0.1025,0.10003327067892467,0.5035826359951665,0,Interleaved,
4,Training,0.0,1,0.7107783300991882,0.720208133742352,0.1125,0.10304728058473808,0.5132879593526933,0,Interleaved,
5,Test,0.0,1,0.6674948686356115,0.6753877184179491,0.0625,0.08797723105567094,0.4647613425650591,0,Interleaved,1.0
6,All,0.0,1,0.7097439690211191,0.7415944151302424,0.15,0.13817275683541638,0.4996389396828148,0,Instructed,
7,Training,0.0,1,0.7111973829620544,0.7477132664748183,0.1625,0.15000595858489785,0.5185655044557425,0,Instructed,
8,Test,0.0,1,0.7039303132573778,0.717119009751938,0.1,0.09083994983749047,0.4239326805911047,0,Instructed,1.0
9,All,0.0,1,0.6680143648699852,0.6695024797801225,0.1175,0.12111157356215213,0.4978953724160894,1,Blocked,
10,Training,0.0,1,0.6696099579449976,0.671015098827127,0.1125,0.11457135449199689,0.49242276868174295,1,Blocked,
11,Test,0.0,1,0.6616319925699355,0.6634520035921041,0.1375,0.14727244984277313,0.5197857873534749,1,Blocked,1.0
12,All,0.0,1,0.6928109341860358,0.6899910086638621,0.1475,0.14612741241028027,0.4897946233604757,1,Interleaved,
13,Training,0.0,1,0.6906809120199523,0.688530718651585,0.140625,0.14070795572532366,0.4805308301997263,1,Interleaved,
14,Test,0.0,1,0.7013310228503695,0.6958321687129712,0.175,0.1678052391501067,0.5268497960034735,1,Interleaved,1.0
15,All,0.0,1,0.705858813194427,0.7339525053492296,0.1575,0.15234526702405318,0.5430947815230202,1,Instructed,
16,Training,0.0,1,0.6999587164716182,0.7261164930993536,0.165625,0.1594254142479694,0.5472156008645662,1,Instructed,
17,Test,0.0,1,0.7294592000856628,0.7652965543487337,0.125,0.12402467812838835,0.5266115041568362,1,Instructed,1.0
