,Trials,adjRand,nClusters,pe,pe (probes),verb decoder Accuracy,verb decoder Accuracy Prob,verb 2 AFC decoder Prob,batch,Condition,cluster re-use
0,All,0.0,1,0.6422999887599017,0.6930016817943787,0.105,0.10879453633368455,0.4880825854113319,0,Blocked,
1,Training,0.0,1,0.6440847220518927,0.6926860247777447,0.10625,0.10987738966421953,0.4772747594459511,0,Blocked,
2,Test,0.0,1,0.6351610555919376,0.6942643098609151,0.1,0.10446312301154455,0.5313138892728551,0,Blocked,1.0
3,All,0.0,1,0.6334562787610437,0.6538406216983523,0.1425,0.13927992080108972,0.5218734083636045,0,Interleaved,
4,Training,0.0,1,0.6339511461506598,0.6552926154994955,0.140625,0.13584114688321877,0.5160483846336741,0,Interleaved,
5,Test,0.0,1,0.6314768092025795,0.64803264649378,0.15,0.15303501647257348,0.5451735032833263,0,Interleaved,1.0
6,All,0.0,1,0.9753980353977563,1.0595675948675178,0.1475,0.1428693420049938,0.5161742805477662,0,Instructed,
7,Training,0.0,1,1.0067926744380864,1.1060028623098135,0.165625,0.15131081492769416,0.533822043604643,0,Instructed,
8,Test,0.0,1,0.8498194792364357,0.8738265250983343,0.075,0.10910345031419237,0.4455832283202589,0,Instructed,1.0
9,All,0.0,1,0.7094824825671969,0.724031885560213,0.165,0.16461218943883751,0.5145888791560622,1,Blocked,
10,Training,0.0,1,0.7170732565010252,0.7367670882646304,0.171875,0.17284902288669643,0.5169624065094413,1,Blocked,
11,Test,0.0,1,0.6791193868318837,0.6730910747425434,0.1375,0.13166485564740177,0.5050947697425462,1,Blocked,1.0
12,All,0.0,1,0.6924759877705128,0.7292404939642196,0.145,0.13814918410631527,0.49310378847118796,1,Interleaved,
13,Training,0.0,1,0.6948192955632227,0.7342793490637778,0.134375,0.13179057146616674,0.47907328194659315,1,Interleaved,
14,Test,0.0,1,0.6831027565996729,0.7090850735659875,0.1875,0.16358363466690942,0.5492258145695672,1,Interleaved,1.0
15,All,0.0,1,1.003497956832864,1.0918276377358105,0.1375,0.13936229713638032,0.5160542280637793,1,Instructed,
16,Training,0.0,1,1.0460138333677849,1.1465898521591897,0.140625,0.1414207940118643,0.5313010989636552,1,Instructed,
17,Test,0.0,1,0.8334344506931789,0.8727787800422938,0.125,0.13112830963444452,0.4550667444642758,1,Instructed,1.0
