,Trials,adjRand,nClusters,pe,pe (probes),verb decoder Accuracy,verb decoder Accuracy Prob,verb 2 AFC decoder Prob,batch,Condition,cluster re-use
0,All,0.0,1,0.48917047329931573,0.4612207214986542,0.365,0.287247486268943,0.5939133675655406,0,Blocked,
1,Training,0.0,1,0.49461441526153604,0.4729730740831476,0.35625,0.2803412662592768,0.5899391449245783,0,Blocked,
2,Test,0.0,1,0.4673947054504346,0.41421131116068033,0.4,0.3148723663076075,0.6098102581293892,0,Blocked,1.0
3,All,0.0,1,0.44508773746087377,0.4774167931342457,0.14,0.12529634146960772,0.5413552178282204,0,Interleaved,
4,Training,0.0,1,0.4476927708448089,0.48407788295054754,0.121875,0.11214431347712026,0.5385963931142292,0,Interleaved,
5,Test,0.0,1,0.43466760392513293,0.45077243386903837,0.2125,0.17790445343955744,0.5523905166841849,0,Interleaved,1.0
6,All,0.0,1,0.42959655940242925,0.3977309166644102,0.2225,0.19373913592160194,0.5311498537364165,0,Instructed,
7,Training,0.0,1,0.4319254716086224,0.4023842641031852,0.2125,0.18731477976151792,0.5214527822858943,0,Instructed,
8,Test,0.0,1,0.42028091057765665,0.37911752690931055,0.2625,0.21943656056193803,0.5699381395385054,0,Instructed,1.0
9,All,0.0,1,0.4353387826905504,0.40564186715766865,0.2875,0.2450093165439708,0.5269896649071895,1,Blocked,
10,Training,0.0,1,0.4417369673736452,0.4192731968842667,0.259375,0.22765140493204847,0.5313074278228436,1,Blocked,
11,Test,0.0,1,0.40974604395817094,0.3511165482512764,0.4,0.31444096299166024,0.5097186132445726,1,Blocked,1.0
12,All,0.0,1,0.4348004118047827,0.42684526002628476,0.3775,0.3342768260930367,0.5703285992092233,1,Interleaved,
13,Training,0.0,1,0.4386299855390168,0.43533573648950047,0.346875,0.3119275670792289,0.5502734567515845,1,Interleaved,
14,Test,0.0,1,0.41948211686784664,0.39288335417342185,0.5,0.42367386214826813,0.6505491690397791,1,Interleaved,1.0
15,All,0.0,1,0.4187244276197883,0.3869183851811989,0.2075,0.19636572149979684,0.555128290153164,1,Instructed,
16,Training,0.0,1,0.42099054519055285,0.39555839419645855,0.1875,0.1862391977232487,0.5587820630737387,1,Instructed,
17,Test,0.0,1,0.40965995733673,0.35235834912016073,0.2875,0.23687181660598955,0.5405131984708655,1,Instructed,1.0
