,Trials,adjRand,nClusters,pe,pe (probes),verb decoder Accuracy,verb decoder Accuracy Prob,verb 2 AFC decoder Prob,batch,Condition,cluster re-use
0,All,0.0,1,0.5926262520872582,0.6028099078578625,0.115,0.12269904611954092,0.5093327880939149,0,Blocked,
1,Training,0.0,1,0.591887492655768,0.601380122159507,0.125,0.13103780642278653,0.5117999645971514,0,Blocked,
2,Test,0.0,1,0.5955812898132187,0.608529050651285,0.075,0.08934400490655851,0.4994640820809687,0,Blocked,1.0
3,All,0.0,1,0.5666110623474075,0.5689399461992728,0.145,0.1471268737258875,0.4947353372921469,0,Interleaved,
4,Training,0.0,1,0.5793182241622663,0.5834579763502863,0.140625,0.1390700242147672,0.4929296942470748,0,Interleaved,
5,Test,0.0,1,0.5157824150879727,0.5108678255952193,0.1625,0.17935427177036864,0.5019579094724356,0,Interleaved,1.0
6,All,0.0,1,0.5186510270572183,0.5268346594317744,0.1425,0.13414352519196066,0.5410477288273151,0,Instructed,
7,Training,0.0,1,0.5120759618642642,0.5204213471951233,0.140625,0.13839431144383113,0.54200743812844,0,Instructed,
8,Test,0.0,1,0.5449512878290348,0.5524879083783782,0.15,0.11714038018447867,0.5372088916228155,0,Instructed,1.0
9,All,0.0,1,0.5630052992759126,0.5738835438312123,0.165,0.14728670423505646,0.526665903070286,1,Blocked,
10,Training,0.0,1,0.5629745868086777,0.574101892612312,0.16875,0.15042571240770625,0.5292715692613996,1,Blocked,
11,Test,0.0,1,0.5631281491448518,0.5730101487068138,0.15,0.13473067154445745,0.5162432383058319,1,Blocked,1.0
12,All,0.0,1,0.5685104151279694,0.5884842120821074,0.1425,0.13897617320025948,0.4913605545618153,1,Interleaved,
13,Training,0.0,1,0.5735212496531513,0.5923445372915832,0.134375,0.13517671814571847,0.49536239956722977,1,Interleaved,
14,Test,0.0,1,0.5484670770272416,0.5730429112442044,0.175,0.1541739934184234,0.4753531745401576,1,Interleaved,1.0
15,All,0.0,1,0.548338442176364,0.5580019044664479,0.1125,0.10886850863493422,0.5314254024188007,1,Instructed,
16,Training,0.0,1,0.5462228320218953,0.5599717707791587,0.1125,0.10646498795603303,0.5253457784499546,1,Instructed,
17,Test,0.0,1,0.5568008827942388,0.550122439215605,0.1125,0.11848259135053892,0.5557438982941852,1,Instructed,1.0
