,Trials,adjRand,nClusters,pe,pe (probes),verb decoder Accuracy,verb decoder Accuracy Prob,verb 2 AFC decoder Prob,batch,Condition,cluster re-use
0,All,0.0,1,0.5741687936453,0.5865920029118894,0.0975,0.11572164654193706,0.5122407829992494,0,Blocked,
1,Training,0.0,1,0.5772559674219833,0.5924423845981224,0.1,0.12114419082569476,0.5248059314383864,0,Blocked,
2,Test,0.0,1,0.5618200985385671,0.5631904761669568,0.0875,0.09403146940690629,0.46198018924270096,0,Blocked,1.0
3,All,0.0,1,0.5936729000968086,0.612066686719125,0.1125,0.11036359218202513,0.5129115817580402,0,Interleaved,
4,Training,0.0,1,0.5942513733882803,0.6121109289859044,0.115625,0.11071359043586497,0.5032140299071373,0,Interleaved,
5,Test,0.0,1,0.5913590069309218,0.6118897176520072,0.1,0.10896359916666568,0.5517017891616518,0,Interleaved,1.0
6,All,0.0,1,0.539362062909756,0.5706600318040822,0.145,0.1247416639233404,0.5765359271365754,0,Instructed,
7,Training,0.0,1,0.5454866342617669,0.5793046565451322,0.140625,0.12271857851224086,0.5775113201402459,0,Instructed,
8,Test,0.0,1,0.5148637775017126,0.5360815328398827,0.1625,0.13283400556773864,0.5726343551218933,0,Instructed,1.0
9,All,0.0,1,0.5597296220285086,0.5780670709439539,0.12,0.12050548156362913,0.46921263956652753,1,Blocked,
10,Training,0.0,1,0.5636375455133386,0.583229855579126,0.1125,0.11802367972630519,0.46414353726124347,1,Blocked,
11,Test,0.0,1,0.5440979280891884,0.5574159324032664,0.15,0.13043268891292487,0.48948904878766386,1,Blocked,1.0
12,All,0.0,1,0.5684972501126455,0.5789374882434419,0.1275,0.11841571564786008,0.5101058544352619,1,Interleaved,
13,Training,0.0,1,0.5640758902600845,0.5735246919009842,0.125,0.12005191905406801,0.5183862156706531,1,Interleaved,
14,Test,0.0,1,0.5861826895228895,0.6005886736132725,0.1375,0.11187090202302838,0.47698440949369714,1,Interleaved,1.0
15,All,0.0,1,0.5175396209534563,0.5200378275678039,0.0975,0.10210471384609528,0.5497431221802909,1,Instructed,
16,Training,0.0,1,0.5181640896839055,0.5246708804079792,0.096875,0.09726304760879224,0.5384766855574997,1,Instructed,
17,Test,0.0,1,0.5150417460316593,0.5015056162071028,0.1,0.12147137879530738,0.5948088686714552,1,Instructed,1.0
