,Trials,adjRand,nClusters,pe,pe (probes),verb decoder Accuracy,verb decoder Accuracy Prob,verb 2 AFC decoder Prob,batch,Condition,cluster re-use
0,All,0.0,1,0.5633733054339054,0.548755101222735,0.2625,0.23794454668551515,0.5094928461443677,0,Blocked,
1,Training,0.0,1,0.5618162298370453,0.5479887750968955,0.278125,0.2519992614114762,0.5298454980636408,0,Blocked,
2,Test,0.0,1,0.5696016078213461,0.5518204057260931,0.2,0.1817256877816709,0.4280822384672754,0,Blocked,1.0
3,All,0.0,1,0.579461114136749,0.6143919499092156,0.1025,0.10842861935497673,0.5031081985023742,0,Interleaved,
4,Training,0.0,1,0.5846938224136307,0.6206706553596993,0.109375,0.10999114803683907,0.4978360604537171,0,Interleaved,
5,Test,0.0,1,0.5585302810292222,0.5892771281072804,0.075,0.1021785046275274,0.5241967506970028,0,Interleaved,1.0
6,All,0.0,1,0.5707637043017451,0.5600897203477022,0.16,0.15120944513647458,0.53466278092726,0,Instructed,
7,Training,0.0,1,0.5628060955862559,0.5572283282893357,0.165625,0.15030601327620885,0.5313462809087647,0,Instructed,
8,Test,0.0,1,0.6025941391637017,0.5715352885811681,0.1375,0.1548231725775374,0.5479287810012412,0,Instructed,1.0
9,All,0.0,1,0.5741269234649192,0.6052369094816396,0.09,0.09664353046648236,0.5442162848966706,1,Blocked,
10,Training,0.0,1,0.57443480268556,0.6066858333406868,0.103125,0.10585232775445148,0.5613047940583441,1,Blocked,
11,Test,0.0,1,0.5728954065823557,0.5994412140454507,0.0375,0.05980834131460584,0.475862248249976,1,Blocked,1.0
12,All,0.0,1,0.5594388696034739,0.547998597234843,0.11,0.12617746904577892,0.46911757702367324,1,Interleaved,
13,Training,0.0,1,0.5608820777497201,0.5487454059937651,0.103125,0.12040215853247509,0.4567693095347061,1,Interleaved,
14,Test,0.0,1,0.5536660370184887,0.545011362199155,0.1375,0.14927871109899424,0.5185106469795416,1,Interleaved,1.0
15,All,0.0,1,0.5550900077498557,0.5731332793500235,0.1375,0.12638658129813526,0.5104819756416521,1,Instructed,
16,Training,0.0,1,0.5578316549345217,0.5801003783661989,0.146875,0.12918340201170664,0.5043380927525378,1,Instructed,
17,Test,0.0,1,0.5441234190111919,0.5452648832853223,0.1,0.11519929844384973,0.5350575071981087,1,Instructed,1.0
