,Trials,adjRand,nClusters,pe,pe (probes),verb decoder Accuracy,verb decoder Accuracy Prob,verb 2 AFC decoder Prob,batch,Condition,cluster re-use
0,All,0.0,1,0.6543889725960923,0.6876364223460424,0.1275,0.11421154865259787,0.47541014727815595,0,Blocked,
1,Training,0.0,1,0.6596225559106149,0.6963522407667163,0.14375,0.12234928534962371,0.47084242852116304,0,Blocked,
2,Test,0.0,1,0.6334546393380015,0.6527731486633466,0.0625,0.08166060186449453,0.4936810223061279,0,Blocked,1.0
3,All,0.0,1,0.6730068615578523,0.6884099873571483,0.125,0.11371196044555443,0.4832202882514512,0,Interleaved,
4,Training,0.0,1,0.6845115139876675,0.7013577578902156,0.121875,0.1135565535383504,0.4776120181385372,0,Interleaved,
5,Test,0.0,1,0.6269882518385907,0.6366189052248786,0.1375,0.11433358807437052,0.505653368703107,0,Interleaved,1.0
6,All,0.0,1,0.9090246239245953,1.0146404858524718,0.1125,0.11691721602778105,0.48869797985543423,0,Instructed,
7,Training,0.0,1,0.952234427463717,1.0731414551499487,0.115625,0.11894682245542673,0.49994326094924785,0,Instructed,
8,Test,0.0,1,0.7361854097681092,0.7806366086625645,0.1,0.10879879031719816,0.44371685548017936,0,Instructed,1.0
9,All,0.0,1,0.6826101904565801,0.7114607876918839,0.115,0.12385500218312558,0.4865678637699905,1,Blocked,
10,Training,0.0,1,0.685787588916481,0.7152325911850247,0.109375,0.11890056092465265,0.4799090597245768,1,Blocked,
11,Test,0.0,1,0.6699005966169761,0.6963735737193206,0.1375,0.14367276721701733,0.5132030799516455,1,Blocked,1.0
12,All,0.0,1,0.6534646307387115,0.6668922574300004,0.135,0.1305799009695599,0.4723691811826605,1,Interleaved,
13,Training,0.0,1,0.6618045167560966,0.6751597102667785,0.146875,0.13952156658788945,0.4901715410781641,1,Interleaved,
14,Test,0.0,1,0.6201050866691715,0.6338224460828876,0.0875,0.09481323849624175,0.40115974160064616,1,Interleaved,1.0
15,All,0.0,1,0.8782562878947904,0.9496683166687123,0.1075,0.11436844413875655,0.48824018796633106,1,Instructed,
16,Training,0.0,1,0.93410003743494,1.021286236295458,0.103125,0.11283272930222592,0.47903988876664877,1,Instructed,
17,Test,0.0,1,0.6548812897341924,0.6631966381617296,0.125,0.120511303484879,0.5250413847650607,1,Instructed,1.0
