,Trials,adjRand,nClusters,pe,pe (probes),verb decoder Accuracy,verb decoder Accuracy Prob,verb 2 AFC decoder Prob,batch,Condition,cluster re-use
0,All,0.0,1,0.726793928455419,0.7216369590467981,0.17,0.16277818254173518,0.5035398393927214,0,Blocked,
1,Training,0.0,1,0.7296412825872776,0.7274912021860758,0.16875,0.1600661341357143,0.49633366285936714,0,Blocked,
2,Test,0.0,1,0.7154045119279852,0.6982199864896875,0.175,0.17362637616581877,0.5323645455261387,0,Blocked,1.0
3,All,0.0,1,0.7236932924777562,0.7689820899106818,0.145,0.1424148572508031,0.5206005937672861,0,Interleaved,
4,Training,0.0,1,0.7319174519352462,0.7783587782241177,0.15,0.1451300603348929,0.5080282023770195,0,Interleaved,
5,Test,0.0,1,0.6907966546477959,0.7314753366569384,0.125,0.13155404491444397,0.5708901593283522,0,Interleaved,1.0
6,All,0.0,1,0.8300988496599347,0.9466491285888944,0.1275,0.11696251731681938,0.47631909413152385,0,Instructed,
7,Training,0.0,1,0.8754367375390144,1.0108164348624933,0.134375,0.12310174676068594,0.4861636816359901,0,Instructed,
8,Test,0.0,1,0.6487472981436163,0.6899799034944987,0.1,0.09240559954135309,0.436940744113659,0,Instructed,1.0
9,All,0.0,1,0.6706858923269696,0.6919212728823454,0.1625,0.14783343520778394,0.5008196778196679,1,Blocked,
10,Training,0.0,1,0.6738675208714006,0.6980393960327345,0.1625,0.14705391489933886,0.4945571851359308,1,Blocked,
11,Test,0.0,1,0.6579593781492459,0.66744878028079,0.1625,0.1509515164415643,0.5258696485546159,1,Blocked,1.0
12,All,0.0,1,0.6628685513474418,0.6982601988703262,0.12,0.11812991064997663,0.4688489547215409,1,Interleaved,
13,Training,0.0,1,0.6651462952343029,0.7041324522659952,0.11875,0.11874084311865711,0.46743155492220234,1,Interleaved,
14,Test,0.0,1,0.6537575757999977,0.6747711852876502,0.125,0.11568618077525475,0.4745185539188954,1,Interleaved,1.0
15,All,0.0,1,0.7601716138593808,0.8155912447947021,0.1075,0.11251864765964001,0.48432652667895104,1,Instructed,
16,Training,0.0,1,0.7897675887033739,0.8575503610333268,0.115625,0.12005811754698699,0.5009245638811617,1,Instructed,
17,Test,0.0,1,0.6417877144834085,0.6477547798402029,0.075,0.08236076811025209,0.41793437787010845,1,Instructed,1.0
