,Trials,adjRand,nClusters,pe,pe (probes),verb decoder Accuracy,verb decoder Accuracy Prob,verb 2 AFC decoder Prob,batch,Condition,cluster re-use
0,All,0.0,1,0.5852126310988554,0.6153149055625456,0.12,0.11629260787028727,0.5066757201735886,0,Blocked,
1,Training,0.0,1,0.5884670691414395,0.6219136415604806,0.121875,0.11950503621215462,0.5073876934373392,0,Blocked,
2,Test,0.0,1,0.572194878928519,0.5889199615708065,0.1125,0.10344289450281796,0.5038278271185861,0,Blocked,1.0
3,All,0.0,1,0.5680212141036082,0.567427335347676,0.1275,0.12321266901167345,0.48245666021288175,0,Interleaved,
4,Training,0.0,1,0.5729121176154507,0.5723801051297315,0.1375,0.12798261331227662,0.47753437866220444,0,Interleaved,
5,Test,0.0,1,0.5484576000562381,0.5476162562194541,0.0875,0.10413289180926096,0.5021457864155909,0,Interleaved,1.0
6,All,0.0,1,0.5516263875035391,0.5504057138813478,0.1075,0.11597129070244087,0.5012829576889681,0,Instructed,
7,Training,0.0,1,0.5450487327438852,0.5477350003291812,0.103125,0.11510213821301316,0.4979808787671283,0,Instructed,
8,Test,0.0,1,0.5779370065421547,0.5610885680900145,0.125,0.11944790066015173,0.5144912733763276,0,Instructed,1.0
9,All,0.0,1,0.5585177553391455,0.5593871111480603,0.1675,0.1598858832857034,0.5235328104115119,1,Blocked,
10,Training,0.0,1,0.5539250769719417,0.5561116862472026,0.184375,0.17047292394093622,0.5356871275194907,1,Blocked,
11,Test,0.0,1,0.5768884688079607,0.5724888107514905,0.1,0.11753772066477222,0.4749155419795964,1,Blocked,1.0
12,All,0.0,1,0.5946322993881237,0.5815001304523701,0.1375,0.14461272552285623,0.5088074614552138,1,Interleaved,
13,Training,0.0,1,0.6041790859949265,0.5876989450766816,0.1375,0.14673676988602277,0.5038961751314166,1,Interleaved,
14,Test,0.0,1,0.5564451529609121,0.556704871955124,0.1375,0.13611654807018997,0.5284526067504032,1,Interleaved,1.0
15,All,0.0,1,0.5311105929006037,0.5350347750930663,0.1375,0.13725240156918955,0.5155575163602549,1,Instructed,
16,Training,0.0,1,0.5229364406737047,0.5298813987277635,0.146875,0.14287569625912266,0.5151117440659047,1,Instructed,
17,Test,0.0,1,0.5638072018081998,0.5556482805542774,0.1,0.11475922280945712,0.517340605537656,1,Instructed,1.0
