,Trials,adjRand,nClusters,pe,pe (probes),verb decoder Accuracy,verb decoder Accuracy Prob,verb 2 AFC decoder Prob,batch,Condition,cluster re-use
0,All,0.0,1,0.651609718162058,0.672802772378931,0.0975,0.10299572316534097,0.48126485396071517,0,Blocked,
1,Training,0.0,1,0.6545942951664151,0.6769799352238037,0.090625,0.09934516924314166,0.4793887393690069,0,Blocked,
2,Test,0.0,1,0.6396714101446304,0.6560941209994408,0.125,0.1175979388541382,0.4887693123275483,0,Blocked,1.0
3,All,0.0,1,0.6790307756658991,0.660198191275081,0.1275,0.11742050444377768,0.4689071203987497,0,Interleaved,
4,Training,0.0,1,0.678549247607809,0.6588901239566207,0.128125,0.11568117079247428,0.4635147164557122,0,Interleaved,
5,Test,0.0,1,0.6809568878982591,0.6654304605489221,0.125,0.12437783904899116,0.4904767361708998,0,Interleaved,1.0
6,All,0.0,1,0.668910798557297,0.6878388146110537,0.1225,0.13348419568136596,0.5110793506034116,0,Instructed,
7,Training,0.0,1,0.6812263304503047,0.7052382264803102,0.1125,0.1283738660894517,0.5064149701783546,0,Instructed,
8,Test,0.0,1,0.6196486709852664,0.6182411671340275,0.1625,0.15392551404902308,0.52973687230364,0,Instructed,1.0
9,All,0.0,1,0.6465393249308978,0.6782095698700001,0.1125,0.10923556048549198,0.5197995802374414,1,Blocked,
10,Training,0.0,1,0.6417421416167293,0.6759907277826456,0.109375,0.10906049473788748,0.5155475784513943,1,Blocked,
11,Test,0.0,1,0.6657280581875722,0.6870849382194187,0.125,0.10993582347591005,0.5368075873816298,1,Blocked,1.0
12,All,0.0,1,0.6722906358470029,0.7031033505454478,0.0725,0.07919117971762973,0.48164000829468256,1,Interleaved,
13,Training,0.0,1,0.6802355919565763,0.7125892276680974,0.075,0.08248860329537057,0.4697047373371679,1,Interleaved,
14,Test,0.0,1,0.640510811408709,0.6651598420548493,0.0625,0.06600148540666642,0.5293810921247413,1,Interleaved,1.0
15,All,0.0,1,0.6706692964408224,0.6942721231312282,0.09,0.10317850967014461,0.47161926450157865,1,Instructed,
16,Training,0.0,1,0.6643819750575315,0.6857222482182141,0.078125,0.09583291847400888,0.4647412438454109,1,Instructed,
17,Test,0.0,1,0.6958185819739867,0.7284716227832845,0.1375,0.13256087445468764,0.49913134712624985,1,Instructed,1.0
