,Trials,adjRand,nClusters,pe,pe (probes),verb decoder Accuracy,verb decoder Accuracy Prob,verb 2 AFC decoder Prob,batch,Condition,cluster re-use
0,All,0.0,1,0.4171125850687963,0.412841621282871,0.22,0.19878963404161287,0.51522268183395,0,Blocked,
1,Training,0.0,1,0.4243776739335736,0.42633919134913045,0.215625,0.19167510598195353,0.5091964339780028,0,Blocked,
2,Test,0.0,1,0.38805222960968705,0.3588513410178332,0.2375,0.22724774628025024,0.5393276732577391,0,Blocked,1.0
3,All,0.0,1,0.43189353162157873,0.4014313517378113,0.28,0.2296564284676581,0.549112368260603,0,Interleaved,
4,Training,0.0,1,0.43653969986443514,0.4120228748913071,0.259375,0.21032783137042887,0.5360943305283186,0,Interleaved,
5,Test,0.0,1,0.4133088586501532,0.3590652591238282,0.3625,0.3069708168565751,0.6011845191897398,0,Interleaved,1.0
6,All,0.0,1,0.40058327950369377,0.38438397622304754,0.1675,0.15678204798006812,0.49977525782175214,0,Instructed,
7,Training,0.0,1,0.4043079975414194,0.39095137757677006,0.153125,0.14019015501306434,0.4892382910675444,0,Instructed,
8,Test,0.0,1,0.3856844073527914,0.3581143708081577,0.225,0.22314961984808335,0.5419231248385826,0,Instructed,1.0
9,All,0.0,1,0.4346309594184719,0.40728150467383245,0.2425,0.19638546446153649,0.5282677886705247,1,Blocked,
10,Training,0.0,1,0.4390568310224541,0.4171392861638038,0.246875,0.19797402626977,0.5252368286548788,1,Blocked,
11,Test,0.0,1,0.41692747300254324,0.367850378713947,0.225,0.19003121722860242,0.5403916287331085,1,Blocked,1.0
12,All,0.0,1,0.45165314330720624,0.42211545520638494,0.345,0.2839807409171444,0.5741559734348785,1,Interleaved,
13,Training,0.0,1,0.4588177093189744,0.4375814544689474,0.296875,0.2481490802008996,0.5401599043234737,1,Interleaved,
14,Test,0.0,1,0.42299487926013357,0.36025145815613513,0.5375,0.42730738378212385,0.7101402498804977,1,Interleaved,1.0
15,All,0.0,1,0.4004725801891027,0.37396548193469037,0.1425,0.1370505587270026,0.5134697937682112,1,Instructed,
16,Training,0.0,1,0.4050825108797798,0.38201404374873504,0.128125,0.12804749558419762,0.5024961548935638,1,Instructed,
17,Test,0.0,1,0.38203285742639437,0.3417712346785116,0.2,0.1730628112982225,0.5573643492668006,1,Instructed,1.0
