,Trials,adjRand,nClusters,pe,pe (probes),verb decoder Accuracy,verb decoder Accuracy Prob,verb 2 AFC decoder Prob,batch,Condition,cluster re-use
0,All,0.0,1,0.4481797718216719,0.40628631364966294,0.3175,0.28278608772502045,0.5026200878610512,0,Blocked,
1,Training,0.0,1,0.4543036568293043,0.41866076379734063,0.309375,0.27388531080450274,0.5127222116972444,0,Blocked,
2,Test,0.0,1,0.42368423179114245,0.356788513058952,0.35,0.31838919540709126,0.4622115925162785,0,Blocked,1.0
3,All,0.0,1,0.4358715869476979,0.42094224405518943,0.3325,0.30115534201434785,0.5799170688187303,0,Interleaved,
4,Training,0.0,1,0.4442823647628488,0.439620375976581,0.290625,0.2732045622575835,0.5658299594829297,0,Interleaved,
5,Test,0.0,1,0.40222847568709413,0.3462297163696233,0.5,0.4129584610414053,0.6362655061619321,0,Interleaved,1.0
6,All,0.0,1,0.435098660673738,0.4238811622512907,0.1275,0.1314412543332755,0.5616676551804127,0,Instructed,
7,Training,0.0,1,0.4410862911490169,0.43260926970325136,0.11875,0.12586075842327588,0.5557094512441683,0,Instructed,
8,Test,0.0,1,0.4111481387726224,0.388968732443448,0.1625,0.1537632379732742,0.5855004709253908,0,Instructed,1.0
9,All,0.0,1,0.44848265687974836,0.4124004754992579,0.42,0.3338299876117006,0.6351854506928613,1,Blocked,
10,Training,0.0,1,0.4530800401059379,0.4198430886416314,0.403125,0.32321275897326707,0.6478282385109564,1,Blocked,
11,Test,0.0,1,0.4300931239749902,0.382630022929764,0.4875,0.3762989021654345,0.5846142994204804,1,Blocked,1.0
12,All,0.0,1,0.44290073611619923,0.4559503021045217,0.1975,0.1734875493003699,0.554097917008248,1,Interleaved,
13,Training,0.0,1,0.4518774629919028,0.47233055160848936,0.159375,0.1420470450547049,0.5489491355346658,1,Interleaved,
14,Test,0.0,1,0.4069938286133846,0.39042930408865084,0.35,0.2992495662830298,0.5746930429025765,1,Interleaved,1.0
15,All,0.0,1,0.38302350833238064,0.3584696122405827,0.2175,0.18148729909106098,0.5230602226980176,1,Instructed,
16,Training,0.0,1,0.3883202584420606,0.3659774430933403,0.19375,0.16846562836403478,0.514748192249731,1,Instructed,
17,Test,0.0,1,0.36183650789366095,0.32843828882955234,0.3125,0.23357398199916574,0.5563083444911641,1,Instructed,1.0
