,Trials,adjRand,nClusters,pe,pe (probes),verb decoder Accuracy,verb decoder Accuracy Prob,verb 2 AFC decoder Prob,batch,Condition,cluster re-use
0,All,0.0,1,0.5164348422732663,0.5429411592283996,0.1525,0.14047646683383821,0.523836073222687,0,Blocked,
1,Training,0.0,1,0.5153636632981804,0.5409626470875228,0.146875,0.14071692028524127,0.5330823417484678,0,Blocked,
2,Test,0.0,1,0.5207195581736103,0.5508552077919068,0.175,0.13951465302822613,0.48685099911956353,0,Blocked,1.0
3,All,0.0,1,0.5228045226841743,0.5251732423598376,0.2575,0.2229306178189848,0.5042821388076517,0,Interleaved,
4,Training,0.0,1,0.5224535776195767,0.5281929596727978,0.24375,0.21016161725071997,0.482591906335876,0,Interleaved,
5,Test,0.0,1,0.5242083029425649,0.513094373107997,0.3125,0.2740066200920444,0.5910430686947548,0,Interleaved,1.0
6,All,0.0,1,0.4784232429429711,0.46268871074307927,0.1725,0.15435871191908268,0.5152464688250058,0,Instructed,
7,Training,0.0,1,0.48609287649652744,0.4727102459572574,0.16875,0.15027309402947944,0.5179399219582634,0,Instructed,
8,Test,0.0,1,0.4477447087287457,0.42260256988636635,0.1875,0.1707011834774958,0.5044726562919752,0,Instructed,1.0
9,All,0.0,1,0.5079663416765955,0.5015337982453495,0.2925,0.2532443871697376,0.5485924867110665,1,Blocked,
10,Training,0.0,1,0.5044706971855484,0.5034623492245242,0.284375,0.24535356390444302,0.5542553246948672,1,Blocked,
11,Test,0.0,1,0.5219489196407838,0.49381959432865086,0.325,0.28480768023091596,0.525941134775864,1,Blocked,1.0
12,All,0.0,1,0.5194571306626069,0.5227148953057446,0.1225,0.13268935806897897,0.5034238140702842,1,Interleaved,
13,Training,0.0,1,0.5144227928372089,0.5179978426468785,0.128125,0.1326973327074418,0.509705427574559,1,Interleaved,
14,Test,0.0,1,0.539594481964199,0.5415831059412082,0.1,0.13265745951512767,0.4782973600531851,1,Interleaved,1.0
15,All,0.0,1,0.45669617016518227,0.4487547942323452,0.16,0.1557647828889192,0.5360034447727103,1,Instructed,
16,Training,0.0,1,0.45445049636285545,0.44730824090260324,0.15625,0.1496206076791839,0.5222916462660605,1,Instructed,
17,Test,0.0,1,0.4656788653744892,0.45454100755131305,0.175,0.18034148372786044,0.59085063879931,1,Instructed,1.0
