,Trials,adjRand,nClusters,pe,pe (probes),verb decoder Accuracy,verb decoder Accuracy Prob,verb 2 AFC decoder Prob,batch,Condition,cluster re-use
0,All,0.0,1,0.43591404976815434,0.424015608472126,0.33,0.29475355599506536,0.5494273572045177,0,Blocked,
1,Training,0.0,1,0.4405124716869712,0.4352676759322257,0.315625,0.27777580792719436,0.5391553028725663,0,Blocked,
2,Test,0.0,1,0.41752036209288684,0.3790073386317272,0.3875,0.3626645482665494,0.5905155745323241,0,Blocked,1.0
3,All,0.0,1,0.43485866487513913,0.3968122960305173,0.3725,0.33884711029462494,0.5845823072424029,0,Interleaved,
4,Training,0.0,1,0.4479094352202988,0.416995600985989,0.340625,0.3139446219218472,0.5768780050544648,0,Interleaved,
5,Test,0.0,1,0.3826555834945008,0.31607907620863024,0.5,0.4384570637857362,0.6153995159941552,0,Interleaved,1.0
6,All,0.0,1,0.4254308231583155,0.3762146870012284,0.2775,0.22386972176539222,0.5857410711623819,0,Instructed,
7,Training,0.0,1,0.43223001827560936,0.38915398680232594,0.2375,0.19772960112660204,0.5604262442186461,0,Instructed,
8,Test,0.0,1,0.39823404268914,0.32445748779683836,0.4375,0.32843020432055287,0.6870003789373254,0,Instructed,1.0
9,All,0.0,1,0.42654755708335457,0.4067752610829509,0.33,0.29518884785707167,0.5732162748753908,1,Blocked,
10,Training,0.0,1,0.43585451833150407,0.4209550518905843,0.296875,0.2688990591637947,0.5657087785256187,1,Blocked,
11,Test,0.0,1,0.3893197120907565,0.3500560978524178,0.4625,0.40034800263017944,0.6032462602744796,1,Blocked,1.0
12,All,0.0,1,0.466601698132788,0.4415359931890846,0.2925,0.235115253255118,0.542177983442412,1,Interleaved,
13,Training,0.0,1,0.4738930423162164,0.4537984337472608,0.271875,0.22001800272025526,0.5421618512454719,1,Interleaved,
14,Test,0.0,1,0.43743632139907446,0.3924862309563794,0.375,0.29550425539456915,0.5422425122301726,1,Interleaved,1.0
15,All,0.0,1,0.4225677860790505,0.36864704045363067,0.255,0.21413550225561515,0.5492708455767956,1,Instructed,
16,Training,0.0,1,0.432328460446313,0.38116260864418244,0.2375,0.2024936205616151,0.5413150044562359,1,Instructed,
17,Test,0.0,1,0.3835250886100006,0.3185847676914239,0.325,0.2607030290316154,0.581094210059035,1,Instructed,1.0
