,Trials,adjRand,nClusters,pe,pe (probes),verb decoder Accuracy,verb decoder Accuracy Prob,verb 2 AFC decoder Prob,batch,Condition,cluster re-use
0,All,0.0,1,0.4104050672854419,0.40971226305029906,0.26,0.2040151995155223,0.5693643116309811,0,Blocked,
1,Training,0.0,1,0.4184381915513176,0.4220956727074009,0.240625,0.18912143811372792,0.5494121316974472,0,Blocked,
2,Test,0.0,1,0.37827257022193933,0.36017862442189186,0.3375,0.2635902451227,0.6491730313651167,0,Blocked,1.0
3,All,0.0,1,0.40307269137970386,0.40361523254712295,0.23,0.19095157598199036,0.5648654975044382,0,Interleaved,
4,Training,0.0,1,0.4091095907917246,0.41717265440539303,0.215625,0.1750750905662077,0.5561294181991416,0,Interleaved,
5,Test,0.0,1,0.3789250937316209,0.34938554511404235,0.2875,0.254457517645121,0.5998098147256241,0,Interleaved,1.0
6,All,0.0,1,0.37771188240385956,0.39004046282976357,0.1375,0.13561147516895605,0.5443506047412037,0,Instructed,
7,Training,0.0,1,0.38515685779294445,0.3983249999440873,0.13125,0.12853368518390934,0.5380084430769883,0,Instructed,
8,Test,0.0,1,0.3479319808475199,0.3569023143724689,0.1625,0.16392263510914293,0.5697192513980652,0,Instructed,1.0
9,All,0.0,1,0.44766273930369543,0.4434080846906096,0.1525,0.16079311617934125,0.5440534319465425,1,Blocked,
10,Training,0.0,1,0.4544402203158608,0.4539065667971771,0.128125,0.14870351702396226,0.5474225471372434,1,Blocked,
11,Test,0.0,1,0.4205528152550339,0.4014141562643392,0.25,0.20915151280085725,0.5305769711837394,1,Blocked,1.0
12,All,0.0,1,0.46540471521102394,0.41474346779015486,0.235,0.21436238035750932,0.5347593354139271,1,Interleaved,
13,Training,0.0,1,0.4717926096908011,0.4307865545519033,0.225,0.2043520047674102,0.5323316068702504,1,Interleaved,
14,Test,0.0,1,0.43985313729191505,0.3505711207431609,0.275,0.254403882717906,0.5444702495886335,1,Interleaved,1.0
15,All,0.0,1,0.4448571353411312,0.3851688602190137,0.185,0.18279222520125785,0.5045024450017006,1,Instructed,
16,Training,0.0,1,0.4556474198772395,0.3979444619843206,0.171875,0.17395364961057944,0.5077333875351415,1,Instructed,
17,Test,0.0,1,0.40169599719669824,0.3340664531577861,0.2375,0.21814652756397157,0.4915786748679366,1,Instructed,1.0
