,Trials,adjRand,nClusters,pe,pe (probes),verb decoder Accuracy,verb decoder Accuracy Prob,verb 2 AFC decoder Prob,batch,Condition,cluster re-use
0,All,0.0,1,0.41754558826126226,0.42926744151416907,0.135,0.15036126365352545,0.5432929791297769,0,Blocked,
1,Training,0.0,1,0.42405467819037795,0.4385105739572658,0.109375,0.13072270571242423,0.5360178992388555,0,Blocked,
2,Test,0.0,1,0.3915092285447994,0.3922949117417824,0.2375,0.22891549541793035,0.5723932986934628,0,Blocked,1.0
3,All,0.0,1,0.44845055537274275,0.45450153908157886,0.1575,0.1446228818310387,0.5395688052313212,0,Interleaved,
4,Training,0.0,1,0.45613633786171265,0.46598511285747257,0.15625,0.13853291137722068,0.5306436373529657,0,Interleaved,
5,Test,0.0,1,0.41770742541686345,0.4085672439780047,0.1625,0.16898276364631076,0.5752694767447432,0,Interleaved,1.0
6,All,0.0,1,0.3691955719195263,0.32546007317631476,0.3225,0.2644131583367771,0.5428265776638825,0,Instructed,
7,Training,0.0,1,0.3758693991249962,0.33692442699142655,0.30625,0.25378653152036124,0.5413488304394095,0,Instructed,
8,Test,0.0,1,0.34250026309764664,0.2796026579158675,0.3875,0.30691966560244055,0.5487375665617746,0,Instructed,1.0
9,All,0.0,1,0.4546617648354962,0.44306376336162834,0.2675,0.2135202018199122,0.48411145811846323,1,Blocked,
10,Training,0.0,1,0.46411227500780483,0.4617021110538865,0.253125,0.2008191059713833,0.4788913604796111,1,Blocked,
11,Test,0.0,1,0.41685972414626166,0.36851037259259584,0.325,0.2643245852140278,0.5049918486738717,1,Blocked,1.0
12,All,0.0,1,0.46645620597104837,0.4563269056157644,0.31,0.2648129105324691,0.5400374773814646,1,Interleaved,
13,Training,0.0,1,0.4745180246292523,0.4734894897937826,0.259375,0.22368796097896845,0.5210861260853181,1,Interleaved,
14,Test,0.0,1,0.43420893133823296,0.38767656890369145,0.5125,0.4293127087464715,0.6158428825660502,1,Interleaved,1.0
15,All,0.0,1,0.4234537623769734,0.41549814116226613,0.135,0.12864378504949583,0.5385457333778807,1,Instructed,
16,Training,0.0,1,0.42904149736989355,0.42429755145766873,0.09375,0.10365175125423769,0.5066961292064187,1,Instructed,
17,Test,0.0,1,0.40110282240529327,0.3803004999806555,0.3,0.2286119202305284,0.6659441500637289,1,Instructed,1.0
