,Trials,adjRand,nClusters,pe,pe (probes),verb decoder Accuracy,verb decoder Accuracy Prob,verb 2 AFC decoder Prob,batch,Condition,cluster re-use
0,All,0.0,1,0.658363432090504,0.6659176369249977,0.145,0.14675218340117455,0.5348799030036838,0,Blocked,
1,Training,0.0,1,0.6648049132215852,0.6721136134296476,0.134375,0.1382367225622172,0.5179734554124645,0,Blocked,
2,Test,0.0,1,0.6325975075661789,0.6411337309063978,0.1875,0.1808140267570038,0.6025056933685604,0,Blocked,1.0
3,All,0.0,1,0.6569042246824741,0.6831726998281283,0.13,0.12093880162397953,0.5049357117494382,0,Interleaved,
4,Training,0.0,1,0.6623280204260823,0.691600598857004,0.115625,0.11765183364927952,0.49051618347206105,0,Interleaved,
5,Test,0.0,1,0.6352090417080415,0.649461103712625,0.1875,0.1340866735227796,0.5626138248589463,0,Interleaved,1.0
6,All,0.0,1,0.9982226065838977,1.1289141291520508,0.145,0.14682184688741814,0.5326618278307849,0,Instructed,
7,Training,0.0,1,1.0498448058854006,1.206813797385403,0.15625,0.15322659728938398,0.5370527201104569,0,Instructed,
8,Test,0.0,1,0.7917338093778858,0.8173154562186425,0.1,0.12120284527955469,0.5150982587120975,0,Instructed,1.0
9,All,0.0,1,0.6663145958056164,0.6994597427252619,0.1525,0.14585536498449772,0.5173603259584632,1,Blocked,
10,Training,0.0,1,0.6640550216346428,0.6859467588734457,0.159375,0.14899889040403158,0.5271049597291014,1,Blocked,
11,Test,0.0,1,0.6753528924895104,0.7535116781325265,0.125,0.13328126330636225,0.4783817908759092,1,Blocked,1.0
12,All,0.0,1,0.7017586313856317,0.7635863787727706,0.165,0.1568377854337121,0.4955917548727047,1,Interleaved,
13,Training,0.0,1,0.7093241757887967,0.7778613713380064,0.165625,0.16000331652485328,0.49214032042764233,1,Interleaved,
14,Test,0.0,1,0.6714964537729716,0.7064864085118278,0.1625,0.14417566106914748,0.5093974926529542,1,Interleaved,1.0
15,All,0.0,1,0.7841743938232539,0.8765032599081283,0.13,0.1400141784879584,0.5128141277125959,1,Instructed,
16,Training,0.0,1,0.8212741768666316,0.9375794773379844,0.134375,0.14254332929703167,0.5226686040872889,1,Instructed,
17,Test,0.0,1,0.6357752616497429,0.6321983901887036,0.1125,0.12989757525166534,0.47339622221382427,1,Instructed,1.0
