,Trials,adjRand,nClusters,pe,pe (probes),verb decoder Accuracy,verb decoder Accuracy Prob,verb 2 AFC decoder Prob,batch,Condition,cluster re-use
0,All,0.0,1,0.5746132074594984,0.6058408943111087,0.1175,0.12448234926795833,0.5135059544659714,0,Blocked,
1,Training,0.0,1,0.5764879194778065,0.6080518956908741,0.121875,0.12698154654121713,0.5100467985790459,0,Blocked,
2,Test,0.0,1,0.567114359386266,0.5969968887920467,0.1,0.11448556017492306,0.5273425780136737,0,Blocked,1.0
3,All,0.0,1,0.5622893375487672,0.5739615626613538,0.1725,0.15618140999500085,0.4852058749849142,0,Interleaved,
4,Training,0.0,1,0.5615098589814842,0.5712383233132632,0.16875,0.15091072527926083,0.48140339549232036,0,Interleaved,
5,Test,0.0,1,0.565407251817899,0.584854520053716,0.1875,0.17726414885796077,0.5004157929552895,0,Interleaved,1.0
6,All,0.0,1,0.5697326610361763,0.5598168587870412,0.1625,0.15448849769019218,0.4906667840955784,0,Instructed,
7,Training,0.0,1,0.575110047813688,0.5721625385174132,0.15625,0.14783108488102153,0.48263623531450284,0,Instructed,
8,Test,0.0,1,0.5482231139261295,0.5104341398655533,0.1875,0.1811181489268747,0.5227889792198808,0,Instructed,1.0
9,All,0.0,1,0.5752709552768959,0.585814095732976,0.16,0.15352936626019276,0.5549594335600626,1,Blocked,
10,Training,0.0,1,0.5700750916234195,0.5854577005585393,0.1625,0.15978678216824765,0.5601499483654666,1,Blocked,
11,Test,0.0,1,0.5960544098908014,0.5872396764307233,0.15,0.12849970262797317,0.5341973743384469,1,Blocked,1.0
12,All,0.0,1,0.5689554939959673,0.5943623763279593,0.1175,0.11951897547718973,0.49981558376323093,1,Interleaved,
13,Training,0.0,1,0.5702482438829005,0.5956830874361987,0.121875,0.12073780686593127,0.4966618020006951,1,Interleaved,
14,Test,0.0,1,0.5637844944482346,0.5890795318950017,0.1,0.11464364992222345,0.5124307108133742,1,Interleaved,1.0
15,All,0.0,1,0.5437475554586677,0.5430143318089816,0.1425,0.13821777515488004,0.5218157088872541,1,Instructed,
16,Training,0.0,1,0.543843938657147,0.5462431531844033,0.13125,0.1319426861193844,0.5234358330391471,1,Instructed,
17,Test,0.0,1,0.5433620226647511,0.5300990463072948,0.1875,0.1633181312968626,0.5153352122796822,1,Instructed,1.0
