,Trials,adjRand,nClusters,pe,pe (probes),verb decoder Accuracy,verb decoder Accuracy Prob,verb 2 AFC decoder Prob,batch,Condition,cluster re-use
0,All,0.0,1,0.4557945655653146,0.4550128380772344,0.27,0.25389567718712847,0.5787359864478213,0,Blocked,
1,Training,0.0,1,0.46264470107870165,0.47038151303546877,0.234375,0.22835807960052934,0.5624806439669356,0,Blocked,
2,Test,0.0,1,0.42839402351176614,0.393538138244297,0.4125,0.3560460675335248,0.643757356371364,0,Blocked,1.0
3,All,0.0,1,0.45958574699374993,0.4374027511373038,0.3625,0.3289071657119182,0.5869693476995427,0,Interleaved,
4,Training,0.0,1,0.46586108837639884,0.4495737284945968,0.315625,0.29036301962362776,0.5746024811618482,0,Interleaved,
5,Test,0.0,1,0.4344843814631546,0.3887188417081317,0.55,0.4830837500650798,0.6364368138503206,0,Interleaved,1.0
6,All,0.0,1,0.40954498511536874,0.40394458083378465,0.195,0.19223329010715265,0.5100145665732443,0,Instructed,
7,Training,0.0,1,0.4147268805497509,0.41236211002357254,0.175,0.1738518470849218,0.5137659481555684,0,Instructed,
8,Test,0.0,1,0.3888174033778404,0.3702744640746333,0.275,0.2657590621960762,0.49500904024394715,0,Instructed,1.0
9,All,0.0,1,0.4431679421340791,0.4302382402377194,0.335,0.2749585021873018,0.6024194645450582,1,Blocked,
10,Training,0.0,1,0.4453121450389492,0.44120794651154605,0.3,0.24602537801523577,0.5888296650411792,1,Blocked,
11,Test,0.0,1,0.4345911305145985,0.3863594151424129,0.475,0.3906909988755657,0.6567786625605747,1,Blocked,1.0
12,All,0.0,1,0.4537624580283431,0.44422276346372025,0.2125,0.20407695325929978,0.5023326348362767,1,Interleaved,
13,Training,0.0,1,0.46417113856229847,0.4558634171591291,0.190625,0.19139231544329696,0.5026392274718399,1,Interleaved,
14,Test,0.0,1,0.41212773589252166,0.3976601486820845,0.3,0.2548155045233111,0.501106264294024,1,Interleaved,1.0
15,All,0.0,1,0.4324421512389099,0.3940168698631436,0.265,0.21427709290375965,0.5320170318946877,1,Instructed,
16,Training,0.0,1,0.43263096982140903,0.3998390653391488,0.25,0.2084145232519154,0.5205584493172251,1,Instructed,
17,Test,0.0,1,0.43168687690891316,0.3707280879591225,0.325,0.23772737151113654,0.5778513622045384,1,Instructed,1.0
