,Trials,adjRand,nClusters,pe,pe (probes),verb decoder Accuracy,verb decoder Accuracy Prob,verb 2 AFC decoder Prob,batch,Condition,cluster re-use
0,All,0.0,1,0.6546585297330108,0.6887063860383281,0.1225,0.11178142792517268,0.5595297618410776,0,Blocked,
1,Training,0.0,1,0.6540259679398198,0.6925322296627343,0.128125,0.11540369798546968,0.553181688381585,0,Blocked,
2,Test,0.0,1,0.6571887769057747,0.6734030115407034,0.1,0.09729234768398462,0.584922055679048,0,Blocked,1.0
3,All,0.0,1,0.6615956055272966,0.6602752760355262,0.0875,0.10565358251786218,0.5122986933419728,0,Interleaved,
4,Training,0.0,1,0.6671143170435397,0.6630150119426663,0.084375,0.1010827646891274,0.5035715160000932,0,Interleaved,
5,Test,0.0,1,0.639520759462324,0.649316332406966,0.1,0.12393685383280131,0.5472074027094911,0,Interleaved,1.0
6,All,0.0,1,0.5988375072835448,0.596858239654223,0.11,0.11513467382829762,0.49870804105038885,0,Instructed,
7,Training,0.0,1,0.597281251793777,0.5966816344703447,0.109375,0.11562181322934566,0.4996542971441359,0,Instructed,
8,Test,0.0,1,0.6050625292426165,0.597564660389736,0.1125,0.11318611622410535,0.49492301667540045,0,Instructed,1.0
9,All,0.0,1,0.6509688867297424,0.6610545988662011,0.105,0.09786450990272871,0.4849751448394512,1,Blocked,
10,Training,0.0,1,0.6621275426970601,0.6761930210844728,0.1,0.09266752650689047,0.4701805675117715,1,Blocked,
11,Test,0.0,1,0.6063342628604719,0.6005009099931141,0.125,0.11865244348608173,0.5441534541501699,1,Blocked,1.0
12,All,0.0,1,0.6950040603224031,0.6946857173233252,0.13,0.13605686184358848,0.5547402973307891,1,Interleaved,
13,Training,0.0,1,0.7043819565559201,0.7107096803593829,0.1375,0.14093090390376997,0.549152672904713,1,Interleaved,
14,Test,0.0,1,0.6574924753883354,0.6305898651790951,0.1,0.11656069360286261,0.577090795035093,1,Interleaved,1.0
15,All,0.0,1,0.7535642747683898,0.7720819902156808,0.1175,0.11482410777772976,0.4980863594611587,1,Instructed,
16,Training,0.0,1,0.7559110566912455,0.7832803629163771,0.128125,0.12001910135341132,0.5077562864790993,1,Instructed,
17,Test,0.0,1,0.7441771470769666,0.7272884994128951,0.075,0.09404413347500354,0.45940665138939607,1,Instructed,1.0
