,Trials,adjRand,nClusters,pe,pe (probes),verb decoder Accuracy,verb decoder Accuracy Prob,verb 2 AFC decoder Prob,batch,Condition,cluster re-use
0,All,0.0,1,0.6823256715317452,0.6947667456197911,0.125,0.1204656920393461,0.5286858559128537,0,Blocked,
1,Training,0.0,1,0.6826680108121557,0.6958813339919635,0.1375,0.1285534080396137,0.5239557703196349,0,Blocked,
2,Test,0.0,1,0.6809563144101034,0.6903083921311015,0.075,0.08811482803827568,0.5476061982857287,0,Blocked,1.0
3,All,0.0,1,0.668443341738345,0.6897745613704542,0.0975,0.09574561139649969,0.47380377816360414,0,Interleaved,
4,Training,0.0,1,0.6748263975586404,0.6970450111139254,0.1,0.10194955279697424,0.48633974916264744,0,Interleaved,
5,Test,0.0,1,0.6429111184571633,0.660692762396569,0.0875,0.07092984579460142,0.42365989416743083,0,Interleaved,1.0
6,All,0.0,1,0.6697194642685493,0.678449388396593,0.11,0.11212213269046281,0.5044075625942331,0,Instructed,
7,Training,0.0,1,0.6660484819015113,0.6786442033311401,0.115625,0.11706292915872116,0.4978400893199346,0,Instructed,
8,Test,0.0,1,0.6844033937367019,0.6776701286584041,0.0875,0.09235894681742944,0.5306774556914275,0,Instructed,1.0
9,All,0.0,1,0.6446647906253936,0.6489018447189716,0.0875,0.09960623217003103,0.48629223393966325,1,Blocked,
10,Training,0.0,1,0.6473119127955994,0.6509384840812652,0.09375,0.10628194099540145,0.49149894832375,1,Blocked,
11,Test,0.0,1,0.634076301944571,0.6407552872697967,0.0625,0.0729033968685494,0.4654653764033162,1,Blocked,1.0
12,All,0.0,1,0.6468228459608003,0.6404138078485181,0.12,0.12001846053866373,0.49891388278402443,1,Interleaved,
13,Training,0.0,1,0.6419868396121149,0.631907500104341,0.125,0.12484863822471795,0.5147862869644813,1,Interleaved,
14,Test,0.0,1,0.666166871355542,0.6744390388252268,0.1,0.10069774979444701,0.4354242660621974,1,Interleaved,1.0
15,All,0.0,1,0.6725599954600985,0.6840836877219674,0.1325,0.11954254200168656,0.5010972116586412,1,Instructed,
16,Training,0.0,1,0.6665817931844816,0.684913655280498,0.11875,0.11281042898126552,0.5041518445054457,1,Instructed,
17,Test,0.0,1,0.696472804562565,0.6807638174878444,0.1875,0.14647099408337066,0.4888786802714232,1,Instructed,1.0
