,Trials,adjRand,nClusters,pe,pe (probes),verb decoder Accuracy,verb decoder Accuracy Prob,verb 2 AFC decoder Prob,batch,Condition,cluster re-use
0,All,0.0,1,0.4839805145201923,0.4784129636695414,0.2375,0.2338899520048293,0.5418161556160891,0,Blocked,
1,Training,0.0,1,0.48033998185247984,0.47750951300444094,0.2375,0.22537817321292852,0.5552907118861864,0,Blocked,
2,Test,0.0,1,0.49854264519104236,0.48202676632994346,0.2375,0.26793706717243226,0.48791793053570026,0,Blocked,1.0
3,All,0.0,1,0.5230707221589762,0.5027951638762159,0.26,0.22310608812720073,0.49517231692475655,0,Interleaved,
4,Training,0.0,1,0.5245426480596099,0.5051980286760844,0.2625,0.22646814563260126,0.5018930000272562,0,Interleaved,
5,Test,0.0,1,0.5171830185564417,0.49318370467674183,0.25,0.20965785810559864,0.4682895845147579,0,Interleaved,1.0
6,All,0.0,1,0.4745797395970678,0.4564407985229559,0.205,0.17769511582296743,0.5509115475449533,0,Instructed,
7,Training,0.0,1,0.4782090815334159,0.4599522164828431,0.203125,0.17442683772862677,0.5474156677376796,0,Instructed,
8,Test,0.0,1,0.4600623718516752,0.44239512668340736,0.2125,0.1907682282003303,0.5648950667740479,0,Instructed,1.0
9,All,0.0,1,0.5287161822813319,0.5500615550632173,0.2075,0.18702097328982664,0.5147927881229157,1,Blocked,
10,Training,0.0,1,0.5240165754056411,0.5499811932011089,0.20625,0.18083449371388496,0.5042942878240879,1,Blocked,
11,Test,0.0,1,0.5475146097840945,0.5503830025116512,0.2125,0.21176689159359344,0.5567867893182272,1,Blocked,1.0
12,All,0.0,1,0.5363177582472822,0.5607859291531119,0.1525,0.13242251502252428,0.5316166905372098,1,Interleaved,
13,Training,0.0,1,0.5315659685435157,0.557276240212289,0.15625,0.13325716952218697,0.5263639464941912,1,Interleaved,
14,Test,0.0,1,0.5553249170623481,0.5748246849164034,0.1375,0.12908389702387346,0.5526276667092842,1,Interleaved,1.0
15,All,0.0,1,0.477360007461346,0.4628360517535508,0.16,0.1664856171027834,0.5446463958649979,1,Instructed,
16,Training,0.0,1,0.47234260882684886,0.45918392987756684,0.140625,0.1547450737888341,0.5321892943121118,1,Instructed,
17,Test,0.0,1,0.4974296019993348,0.4774445392574863,0.2375,0.2134477903585807,0.5944748020765418,1,Instructed,1.0
