,Trials,adjRand,nClusters,pe,pe (probes),verb decoder Accuracy,verb decoder Accuracy Prob,verb 2 AFC decoder Prob,batch,Condition,cluster re-use
0,All,0.0,1,0.5881817004897227,0.6052779446287266,0.145,0.15614169625896038,0.5445526912032459,0,Blocked,
1,Training,0.0,1,0.585535869087651,0.6003846633230847,0.153125,0.16334333116904357,0.5611735302192844,0,Blocked,
2,Test,0.0,1,0.5987650260980094,0.6248510698512939,0.1125,0.12733515661862754,0.47806933513909156,0,Blocked,1.0
3,All,0.0,1,0.5678215781016516,0.587715447150664,0.11,0.111953058628434,0.4951395119235349,0,Interleaved,
4,Training,0.0,1,0.5719787138028608,0.5889427609047055,0.115625,0.11775589699534428,0.5079894908343654,0,Interleaved,
5,Test,0.0,1,0.5511930352968143,0.5828061921344982,0.0875,0.0887417051607928,0.44373959628021264,0,Interleaved,1.0
6,All,0.0,1,0.5471064446928718,0.5480552802876827,0.095,0.1120475455278827,0.5069671540328877,0,Instructed,
7,Training,0.0,1,0.5408820544236868,0.5428533574910344,0.090625,0.10575546112999132,0.5074535871529579,0,Instructed,
8,Test,0.0,1,0.5720040057696123,0.5688629714742758,0.1125,0.13721588311944827,0.5050214215526078,0,Instructed,1.0
9,All,0.0,1,0.5814892199723668,0.6026927040673518,0.145,0.13530909145220796,0.5383067656750082,1,Blocked,
10,Training,0.0,1,0.5813312520855769,0.6026559161501742,0.140625,0.1366161768608234,0.5336491891445025,1,Blocked,
11,Test,0.0,1,0.5821210915195262,0.6028398557360619,0.1625,0.1300807498177463,0.5569370717970311,1,Blocked,1.0
12,All,0.0,1,0.5619422858335336,0.5622636735541128,0.1325,0.13005587704187258,0.5000912274388771,1,Interleaved,
13,Training,0.0,1,0.561638559146507,0.5628794822712474,0.125,0.126706416896506,0.49508928445077416,1,Interleaved,
14,Test,0.0,1,0.56315719258164,0.5598004386855745,0.1625,0.14345371762333875,0.5200989993912891,1,Interleaved,1.0
15,All,0.0,1,0.5201683859409248,0.5157980030445201,0.14,0.14178956601928763,0.48995530580226027,1,Instructed,
16,Training,0.0,1,0.522456837981631,0.5180320732911785,0.140625,0.14188113138795555,0.4897071704009974,1,Instructed,
17,Test,0.0,1,0.5110145777781002,0.5068617220578863,0.1375,0.14142330454461605,0.4909478474073117,1,Instructed,1.0
