,Trials,adjRand,nClusters,pe,pe (probes),verb decoder Accuracy,verb decoder Accuracy Prob,verb 2 AFC decoder Prob,batch,Condition,cluster re-use
0,All,0.0,1,0.5557330616982447,0.5721154730185556,0.1575,0.15096305868460896,0.541830197993693,0,Blocked,
1,Training,0.0,1,0.5524051885607687,0.568096291672893,0.16875,0.15399596054841896,0.5395409057637034,0,Blocked,
2,Test,0.0,1,0.5690445542481489,0.5881921984012062,0.1125,0.13883145122936907,0.5509873669136519,0,Blocked,1.0
3,All,0.0,1,0.563622174489933,0.588302481143011,0.115,0.10892602346550527,0.5030193811229767,0,Interleaved,
4,Training,0.0,1,0.5624006533507325,0.5901870779107737,0.090625,0.08981816494630916,0.481017435387459,0,Interleaved,
5,Test,0.0,1,0.5685082590467353,0.5807640940719601,0.2125,0.18535745754228966,0.5910271640650475,0,Interleaved,1.0
6,All,0.0,1,0.5644479879458929,0.573660142149582,0.1375,0.1323971902544571,0.5095385302797724,0,Instructed,
7,Training,0.0,1,0.5708778321204853,0.5835711973829284,0.140625,0.13512470457481837,0.5107798925448375,0,Instructed,
8,Test,0.0,1,0.5387286112475245,0.5340159212161965,0.125,0.12148713297301197,0.5045730812195116,0,Instructed,1.0
9,All,0.0,1,0.5761441355256578,0.5821492763071856,0.1575,0.14971271751376478,0.49785093043363376,1,Blocked,
10,Training,0.0,1,0.5778201860796358,0.5859155473599483,0.159375,0.1472668928591126,0.4804027993382752,1,Blocked,
11,Test,0.0,1,0.5694399333097457,0.5670841920961348,0.15,0.15949601613237346,0.5676434548150677,1,Blocked,1.0
12,All,0.0,1,0.5858624512677233,0.5981742232521522,0.135,0.1322721647936045,0.5111667460540731,1,Interleaved,
13,Training,0.0,1,0.5895432297827334,0.6019286740213615,0.1375,0.1288052818550654,0.4993236901933262,1,Interleaved,
14,Test,0.0,1,0.5711393372076824,0.5831564201753149,0.125,0.14613969654776096,0.5585389694970612,1,Interleaved,1.0
15,All,0.0,1,0.5580482530658427,0.5568477939215366,0.15,0.15007796847990382,0.5272636180004063,1,Instructed,
16,Training,0.0,1,0.5505270258067206,0.5529035779124462,0.159375,0.15223623079797913,0.5255860074882526,1,Instructed,
17,Test,0.0,1,0.588133162102331,0.5726246579578984,0.1125,0.14144491920760252,0.5339740600490213,1,Instructed,1.0
