,Trials,adjRand,nClusters,pe,pe (probes),verb decoder Accuracy,verb decoder Accuracy Prob,verb 2 AFC decoder Prob,batch,Condition,cluster re-use
0,All,0.0,1,0.7547410915298508,0.7819776268631116,0.155,0.14566520598702384,0.48703920243135074,0,Blocked,
1,Training,0.0,1,0.7354734126313471,0.7455862044577785,0.14375,0.13698298799182104,0.47959712972433727,0,Blocked,
2,Test,0.0,1,0.831811807123865,0.9275433164844437,0.2,0.18039407796783496,0.5168074932594043,0,Blocked,1.0
3,All,0.0,1,0.6979347213567002,0.7097708871040176,0.1425,0.13599071643726643,0.5224027558785922,0,Interleaved,
4,Training,0.0,1,0.6984683909018148,0.7111148437582937,0.140625,0.13473228839590684,0.5232623301941851,0,Interleaved,
5,Test,0.0,1,0.6958000431762414,0.7043950604869128,0.15,0.1410244286027048,0.5189644586162206,0,Interleaved,1.0
6,All,0.0,1,1.0984256362463543,1.2530424407551934,0.085,0.09391941248327569,0.4768480328074439,0,Instructed,
7,Training,0.0,1,1.1408226133406876,1.305319243735116,0.0875,0.09498034519740269,0.4770805911000876,0,Instructed,
8,Test,0.0,1,0.9288377278690212,1.0439352288355017,0.075,0.0896756816267677,0.4759177996368694,0,Instructed,1.0
9,All,0.0,1,0.64906383847023,0.6544442189083238,0.1525,0.1498766877003972,0.5273902129989697,1,Blocked,
10,Training,0.0,1,0.6512597326439128,0.6536124290104295,0.15625,0.15290002319236112,0.5400626273775824,1,Blocked,
11,Test,0.0,1,0.6402802617754986,0.6577713784999014,0.1375,0.1377833457325414,0.4767005554845184,1,Blocked,1.0
12,All,0.0,1,0.7042483326734547,0.7251559838592253,0.1375,0.13655645476590877,0.5216576986777532,1,Interleaved,
13,Training,0.0,1,0.7091030116899983,0.7306120128249237,0.125,0.1273711791899681,0.506740111202819,1,Interleaved,
14,Test,0.0,1,0.6848296166072803,0.7033318679964313,0.1875,0.17329755706967132,0.58132804857749,1,Interleaved,1.0
15,All,0.0,1,0.9553369335709843,1.0679876522531087,0.1175,0.12428279086872729,0.4851114230403204,1,Instructed,
16,Training,0.0,1,1.012764104437098,1.1456554488912642,0.109375,0.1155501009934872,0.4765455962781626,1,Instructed,
17,Test,0.0,1,0.725628250106529,0.7573164657004857,0.15,0.1592135503696876,0.5193747300889517,1,Instructed,1.0
