,Trials,adjRand,nClusters,pe,pe (probes),verb decoder Accuracy,verb decoder Accuracy Prob,verb 2 AFC decoder Prob,batch,Condition,cluster re-use
0,All,0.0,1,0.42961442754162626,0.4306633397557617,0.1925,0.16401920287941413,0.5184548674813467,0,Blocked,
1,Training,0.0,1,0.43801550947502776,0.4408710490824941,0.16875,0.15114016451519227,0.5162637954034291,0,Blocked,
2,Test,0.0,1,0.3960100998080201,0.3898325024488324,0.2875,0.2155353563363014,0.527219155793017,0,Blocked,1.0
3,All,0.0,1,0.48420328779255845,0.5007855605472777,0.145,0.14030518462074185,0.49602692823192507,0,Interleaved,
4,Training,0.0,1,0.4856745023369561,0.5064856395853792,0.134375,0.12719714252623554,0.4994722980065863,0,Interleaved,
5,Test,0.0,1,0.4783184296149681,0.47798524439487144,0.1875,0.1927373529987671,0.4822454491332799,0,Interleaved,1.0
6,All,0.0,1,0.3942676703875161,0.38017530705512725,0.155,0.15710791640507368,0.5234834620684454,0,Instructed,
7,Training,0.0,1,0.3985081406093473,0.38791469110567245,0.15,0.15216867503375686,0.5260102977213901,0,Instructed,
8,Test,0.0,1,0.3773057895001915,0.34921777085294614,0.175,0.17686488189034094,0.513376119456667,0,Instructed,1.0
9,All,0.0,1,0.4593002083867814,0.44720063246959785,0.155,0.14661915144856175,0.5219971009419633,1,Blocked,
10,Training,0.0,1,0.4679476271311816,0.46034843044650253,0.146875,0.14274529462168214,0.5277366304761664,1,Blocked,
11,Test,0.0,1,0.42471053340918047,0.3946094405619787,0.1875,0.16211457875608012,0.4990389828051507,1,Blocked,1.0
12,All,0.0,1,0.4120083823405777,0.42162361651059344,0.2175,0.15115333471518208,0.500075814667854,1,Interleaved,
13,Training,0.0,1,0.42141631371263577,0.4331373563080222,0.2125,0.15099164268844328,0.5071834693285486,1,Interleaved,
14,Test,0.0,1,0.37437665685234506,0.37556865732087835,0.2375,0.15180010282213718,0.4716451960250755,1,Interleaved,1.0
15,All,0.0,1,0.3980737946761317,0.4019163617122851,0.13,0.14088370474133144,0.49794183517508406,1,Instructed,
16,Training,0.0,1,0.4046516370564147,0.41130776818233467,0.121875,0.13580787609955286,0.48679451863844836,1,Instructed,
17,Test,0.0,1,0.3717624251549995,0.3643507358320869,0.1625,0.1611870193084457,0.5425311013216269,1,Instructed,1.0
