,Trials,adjRand,nClusters,pe,pe (probes),verb decoder Accuracy,verb decoder Accuracy Prob,verb 2 AFC decoder Prob,batch,Condition,cluster re-use
0,All,0.0,1,0.6577055191630784,0.6741538550511318,0.1025,0.10053168037542416,0.4840567539449421,0,Blocked,
1,Training,0.0,1,0.6496473223345212,0.667463017981494,0.109375,0.10424218098758971,0.4733140911198904,0,Blocked,
2,Test,0.0,1,0.6899383064773076,0.7009172033296831,0.075,0.08568967792676202,0.5270274052451484,0,Blocked,1.0
3,All,0.0,1,0.6641346683534569,0.6602538505327058,0.11,0.10619624546000754,0.4777461246163537,0,Interleaved,
4,Training,0.0,1,0.6675452053383156,0.6642911879499148,0.1125,0.1058708864087945,0.4600456606422238,0,Interleaved,
5,Test,0.0,1,0.6504925204140224,0.6441045008638699,0.1,0.10749768166485969,0.548547980512873,0,Interleaved,1.0
6,All,0.0,1,0.679588639120667,0.7173176228978082,0.105,0.11583698587961795,0.4858558888878472,0,Instructed,
7,Training,0.0,1,0.6800725586866107,0.7270493311090871,0.11875,0.12341002527645376,0.4897301611469551,0,Instructed,
8,Test,0.0,1,0.6776529608568923,0.6783907900526929,0.05,0.08554482829227474,0.4703587998514152,0,Instructed,1.0
9,All,0.0,1,0.6465957889846077,0.6650231002511728,0.1025,0.10052526535303405,0.4655777007822067,1,Blocked,
10,Training,0.0,1,0.6427224964285094,0.6633447479902841,0.115625,0.10544602750131134,0.4712014441203376,1,Blocked,
11,Test,0.0,1,0.6620889592090006,0.6717365092947276,0.05,0.08084221675992484,0.4430827274296834,1,Blocked,1.0
12,All,0.0,1,0.6613227620403747,0.6456649792632423,0.12,0.13220234882964843,0.5053106297604861,1,Interleaved,
13,Training,0.0,1,0.6633458526330693,0.6461021143179344,0.125,0.135284825705119,0.5119067164521123,1,Interleaved,
14,Test,0.0,1,0.6532303996695957,0.6439164390444743,0.1,0.11987244132776606,0.4789262829939819,1,Interleaved,1.0
15,All,0.0,1,0.6471339369375961,0.6430834826471351,0.1325,0.13371340280407462,0.5206266312799308,1,Instructed,
16,Training,0.0,1,0.6380228323738638,0.6326198050802359,0.14375,0.14337822403710065,0.5333535671235075,1,Instructed,
17,Test,0.0,1,0.6835783551925252,0.6849381929147318,0.0875,0.09505411787197045,0.4697188879056243,1,Instructed,1.0
