,Trials,adjRand,nClusters,pe,pe (probes),verb decoder Accuracy,verb decoder Accuracy Prob,verb 2 AFC decoder Prob,batch,Condition,cluster re-use
0,All,0.0,1,0.577444613736988,0.5840005474542412,0.1525,0.1456027325656103,0.5469383801962645,0,Blocked,
1,Training,0.0,1,0.579791041055408,0.5893495872354351,0.153125,0.144219087176335,0.542036309779917,0,Blocked,
2,Test,0.0,1,0.5680589044633083,0.562604388329466,0.15,0.1511373141227114,0.5665466618616548,0,Blocked,1.0
3,All,0.0,1,0.5689026380117259,0.5627497799983415,0.155,0.14491707077308752,0.47547713476746806,0,Interleaved,
4,Training,0.0,1,0.560507477569238,0.551766677899126,0.15625,0.14931692377650005,0.4818983350863473,0,Interleaved,
5,Test,0.0,1,0.6024832797816768,0.6066821883952037,0.15,0.12731765875943735,0.44979233349195125,0,Interleaved,1.0
6,All,0.0,1,0.5426052300169518,0.5632456504112636,0.1275,0.12718285521060127,0.5194060331155275,0,Instructed,
7,Training,0.0,1,0.5583280644769149,0.581934453269314,0.121875,0.12395674011956286,0.5107596373107274,0,Instructed,
8,Test,0.0,1,0.4797138921770999,0.4884904389790621,0.15,0.140087315574755,0.5539916163347278,0,Instructed,1.0
9,All,0.0,1,0.5540983996017872,0.5456655318941831,0.1475,0.13832925325895976,0.5216201620857219,1,Blocked,
10,Training,0.0,1,0.5615954771396034,0.5567500856415777,0.1375,0.1311300492759952,0.5239233732326347,1,Blocked,
11,Test,0.0,1,0.5241100894505216,0.5013273169046049,0.1875,0.1671260691908179,0.5124073174980712,1,Blocked,1.0
12,All,0.0,1,0.590085764649747,0.6084756081001668,0.1525,0.14532554909217274,0.49039400364601304,1,Interleaved,
13,Training,0.0,1,0.5877783229115707,0.6060874153648521,0.15625,0.14918742540355961,0.5003702887852677,1,Interleaved,
14,Test,0.0,1,0.5993155316024528,0.6180283790414254,0.1375,0.12987804384662535,0.45048886308899494,1,Interleaved,1.0
15,All,0.0,1,0.5404566587298032,0.5595210482252768,0.13,0.12884863781716277,0.5460547686946284,1,Instructed,
16,Training,0.0,1,0.5398348212399519,0.5623448877538604,0.134375,0.12456614215044914,0.5281563757931249,1,Instructed,
17,Test,0.0,1,0.5429440086892079,0.5482256901109432,0.1125,0.14597862048401736,0.6176483403006425,1,Instructed,1.0
