,t,e_hat,Accuracy,pe,batch,Condition
0,0,0,0.6064842307682077,0.6147006036458488,0,Blocked
1,1,0,0.8587151012404536,0.3839073078339247,0,Blocked
2,2,0,0.5038930691218133,0.5506820957873395,0,Blocked
3,3,0,0.6133187850307633,0.6197598190372202,0,Blocked
4,4,0,0.273067308064716,0.38885095974360384,0,Blocked
5,5,0,0.321018667178244,0.5026583270219646,0,Blocked
6,6,0,0.5047455335011757,0.5815445616535747,0,Blocked
7,7,0,0.14292697512625252,0.43512914441285344,0,Blocked
8,8,0,0.5401154393643783,0.46110584186783166,0,Blocked
9,9,0,0.651467498819543,0.4911584213715836,0,Blocked
10,10,0,0.28521002968996995,0.6364440626499753,0,Blocked
11,11,0,0.36117205005273867,0.5412043596975935,0,Blocked
12,12,0,0.5929399424368196,0.44006931712879627,0,Blocked
13,13,0,0.4606028866858525,0.3257783724071436,0,Blocked
14,14,0,0.4136066089693492,0.48628261708162523,0,Blocked
15,15,0,0.5414638462276921,0.38023626937560423,0,Blocked
16,16,0,0.3362309127415778,0.6614220798093491,0,Blocked
17,17,0,0.17143972730008541,0.467057407988435,0,Blocked
18,18,0,0.5164725699932972,0.6190219233527001,0,Blocked
19,19,0,0.8631375269552763,0.41606680305211136,0,Blocked
20,20,0,0.5121906982729195,0.514836791461824,0,Blocked
21,21,0,0.8989504683454328,0.47234406792919126,0,Blocked
22,22,0,0.9006514767543856,0.500256809438295,0,Blocked
23,23,0,0.18573628240927473,0.5195066739838922,0,Blocked
24,24,0,0.6301639309391898,0.5464951446383448,0,Blocked
25,25,0,0.9408529529755378,0.34662888187283586,0,Blocked
26,26,0,0.7285685629167113,0.49754844276098936,0,Blocked
27,27,0,0.871852803055596,0.3837471228720012,0,Blocked
28,28,0,0.8690557559103584,0.2612771563807254,0,Blocked
29,29,0,0.6958259574876503,0.5188077680546859,0,Blocked
30,30,0,0.8046855794896598,0.37116089824585996,0,Blocked
31,31,0,0.5578646852628464,0.47890404554663857,0,Blocked
32,32,0,0.6256558635443921,0.434029672136205,0,Blocked
33,33,0,0.9232253132388225,0.5383652081522239,0,Blocked
34,34,0,0.5185674331744011,0.4021367231845977,0,Blocked
35,35,0,0.3483803665687661,0.38747072900691437,0,Blocked
36,36,0,0.6968885840587695,0.6092875363298585,0,Blocked
37,37,0,0.5453710460350246,0.5695425475119615,0,Blocked
38,38,0,0.4950703489656119,0.5067130268075666,0,Blocked
39,39,0,0.6260269343616603,0.43766224887954064,0,Blocked
40,40,0,0.08228198371236572,0.46323785415957425,0,Blocked
41,41,0,0.6256980545707829,0.3804233024489253,0,Blocked
42,42,0,0.14366603173659556,0.5226923815267697,0,Blocked
43,43,0,0.6278043447453834,0.5197030013003278,0,Blocked
44,44,0,0.3077909602870784,0.5154068706678422,0,Blocked
45,45,0,0.33497353654973183,0.5594777286648696,0,Blocked
46,46,0,0.4184604508278106,0.6345971119151178,0,Blocked
47,47,0,0.8346945945821508,0.40009862713107847,0,Blocked
48,48,0,0.7451606828409029,0.2992797124921781,0,Blocked
49,49,0,0.5087115870988751,0.3860518439377467,0,Blocked
50,50,0,0.6404632038857507,0.4716681090863326,0,Blocked
51,51,0,0.788278201499431,0.3795737925245547,0,Blocked
52,52,0,0.4277026700898131,0.5174063855313513,0,Blocked
53,53,0,0.6614736122994018,0.4551861405597413,0,Blocked
54,54,0,0.8672859662782828,0.3887531515370021,0,Blocked
55,55,0,0.6865940118100595,0.5510053760295082,0,Blocked
56,56,0,0.3102752879583808,0.5270015213400308,0,Blocked
57,57,0,0.7076307843493844,0.5548476033995334,0,Blocked
58,58,0,0.5635736292176183,0.6189139103765634,0,Blocked
59,59,0,0.0809215552930495,0.5172647390611003,0,Blocked
60,60,0,0.1373100605962159,0.6367553784811676,0,Blocked
61,61,0,0.7511332648970789,0.39294772249885795,0,Blocked
62,62,0,0.3104104588062876,0.5677555623448118,0,Blocked
63,63,0,0.6447747655562603,0.6029596675726918,0,Blocked
64,64,0,0.5753064540161947,0.29446798520498574,0,Blocked
65,65,0,0.40862800258796556,0.4473081176663779,0,Blocked
66,66,0,0.49809762650648876,0.38921615722918945,0,Blocked
67,67,0,0.49939861377444394,0.4278089006498592,0,Blocked
68,68,0,0.7025840179243037,0.2982849626377978,0,Blocked
69,69,0,0.7249946095104234,0.3382328734160652,0,Blocked
70,70,0,0.6190217502740201,0.4778704929411944,0,Blocked
71,71,0,0.7902788676578417,0.5848849714237008,0,Blocked
72,72,0,0.36051245035321444,0.4974758146366465,0,Blocked
73,73,0,0.7243853807989014,0.46827505044985507,0,Blocked
74,74,0,0.9543636967131237,0.30473678196283027,0,Blocked
75,75,0,0.9657302254342469,0.5416859293113344,0,Blocked
76,76,0,0.6868709335174046,0.4073667095082124,0,Blocked
77,77,0,0.706161651940622,0.5033469332649663,0,Blocked
78,78,0,0.46980923018545534,0.6046474633270307,0,Blocked
79,79,0,0.704834649299233,0.5501119496300021,0,Blocked
80,80,0,0.785668067635859,0.30911772404706167,0,Blocked
81,81,0,0.29067992878997434,0.5876632317805766,0,Blocked
82,82,0,0.8548179243116623,0.4634740488912702,0,Blocked
83,83,0,0.2731798026368117,0.7626454423700526,0,Blocked
84,84,0,0.4140378405068742,0.5453257459279228,0,Blocked
85,85,0,0.8748871301936993,0.4585784579386516,0,Blocked
86,86,0,0.3374999156485614,0.41394731945300395,0,Blocked
87,87,0,0.4517475877442706,0.6352197647627622,0,Blocked
88,88,0,0.056346869037993935,0.602153153411211,0,Blocked
89,89,0,0.8966461968802688,0.44461827322160996,0,Blocked
90,90,0,0.9323875293565147,0.30265712719833754,0,Blocked
91,91,0,0.4988001285286624,0.4282070227781751,0,Blocked
92,92,0,0.7098672612991659,0.3624018287526755,0,Blocked
93,93,0,0.79476975466831,0.4336219991074978,0,Blocked
94,94,0,0.6561062093533772,0.3957277060348668,0,Blocked
95,95,0,0.9834410033473928,0.2705551777020381,0,Blocked
96,96,0,0.9878112601812759,0.3402717548416203,0,Blocked
97,97,0,0.3230041567705998,0.4242802118080036,0,Blocked
98,98,0,0.381511190068321,0.6334996665631067,0,Blocked
99,99,0,0.5547207829337146,0.41449257465654854,0,Blocked
100,100,0,0.7156668577357738,0.6920672212126567,0,Blocked
101,101,0,0.2082475820290837,0.5450291670608639,0,Blocked
102,102,0,0.8849197507452219,0.4779755035061052,0,Blocked
103,103,0,0.8491511128987546,0.33645653257702407,0,Blocked
104,104,0,0.6984025431549747,0.4335437962037839,0,Blocked
105,105,0,0.3448718674898503,0.4615741702097593,0,Blocked
106,106,0,0.9608491495768471,0.4879292234522421,0,Blocked
107,107,0,0.7774652904301438,0.48775460341083987,0,Blocked
108,108,0,0.21130995599811828,0.6352338011921548,0,Blocked
109,109,0,0.5405424356212216,0.5751271463329932,0,Blocked
110,110,0,0.8813187121075157,0.3505884001492917,0,Blocked
111,111,0,0.896928589682241,0.4921828058348894,0,Blocked
112,112,0,0.9368073735527718,0.479724364590853,0,Blocked
113,113,0,0.5599364184231023,0.33350398514388824,0,Blocked
114,114,0,0.8332084510037991,0.4888680898130151,0,Blocked
115,115,0,0.22640337012632378,0.5284112314972497,0,Blocked
116,116,0,0.9565709892382974,0.3542961332237219,0,Blocked
117,117,0,0.4594630648145928,0.37122442355723617,0,Blocked
118,118,0,0.5631297007491642,0.3565987733963755,0,Blocked
119,119,0,0.4904798803517748,0.4035858068821616,0,Blocked
120,120,0,0.23541712428217795,0.44784291795662684,0,Blocked
121,121,0,0.19879455575941402,0.5475384449448482,0,Blocked
122,122,0,0.08353382621181657,0.44443203588979885,0,Blocked
123,123,0,0.43796464743154884,0.3937509764553576,0,Blocked
124,124,0,0.5099256396648271,0.3915063271462791,0,Blocked
125,125,0,0.7821126482737902,0.5017329302308597,0,Blocked
126,126,0,0.5010983068315198,0.4886912799948254,0,Blocked
127,127,0,0.4124688812523027,0.4146497268584337,0,Blocked
128,128,0,0.7435873377872017,0.512720148845065,0,Blocked
129,129,0,0.353986657262825,0.47051650116995714,0,Blocked
130,130,0,0.3135632544940599,0.5595836990630014,0,Blocked
131,131,0,0.5903517754403619,0.7189939584814629,0,Blocked
132,132,0,0.7416703893282504,0.42333116909719126,0,Blocked
133,133,0,0.29748289135139416,0.5736527401553041,0,Blocked
134,134,0,0.4227986473528621,0.5434049398111033,0,Blocked
135,135,0,0.4305628018255948,0.5381819387484967,0,Blocked
136,136,0,0.5599035829738862,0.67245949086454,0,Blocked
137,137,0,0.8145510801639229,0.5369087766922034,0,Blocked
138,138,0,0.45173502680350486,0.5732447252688698,0,Blocked
139,139,0,0.7274876468478002,0.5612148538022107,0,Blocked
140,140,0,0.5123994919868695,0.6044450769091478,0,Blocked
141,141,0,0.8013446647749809,0.5329924948796055,0,Blocked
142,142,0,0.4887575303529014,0.44274404738679307,0,Blocked
143,143,0,0.48698886351113696,0.25955044590557597,0,Blocked
144,144,0,0.9230917147384752,0.42842637211037826,0,Blocked
145,145,0,0.6206971160373762,0.2678809827328295,0,Blocked
146,146,0,0.5525270937133946,0.5940750141951203,0,Blocked
147,147,0,0.7313110066293247,0.3357640812508932,0,Blocked
148,148,0,0.3636240651369802,0.35574261536938157,0,Blocked
149,149,0,0.6168538995862575,0.3210688487452526,0,Blocked
150,150,0,0.7058951434232519,0.3901734468258682,0,Blocked
151,151,0,0.7251864154699493,0.33341650356259567,0,Blocked
152,152,0,0.5371538773941817,0.5331640644529344,0,Blocked
153,153,0,0.5773583373036213,0.42591829463732944,0,Blocked
154,154,0,0.5797663954839969,0.40445990788596453,0,Blocked
155,155,0,0.4716896436175092,0.4448492992565374,0,Blocked
156,156,0,0.7539954440013388,0.6225416266033951,0,Blocked
157,157,0,0.8521018406809768,0.37251606756208355,0,Blocked
158,158,0,0.6504983789680868,0.34582185186522396,0,Blocked
159,159,0,0.5469826875647481,0.4118563621658629,0,Blocked
160,160,0,0.15722380779466755,0.5880741078049002,0,Blocked
161,161,0,0.8839960973227575,0.4348500752156773,0,Blocked
162,162,0,0.5236508024288895,0.36283555211557733,0,Blocked
163,163,0,0.37894473039325594,0.4688255410332783,0,Blocked
164,164,0,0.7629518752139263,0.3359371035355466,0,Blocked
165,165,0,0.43229604736779187,0.42917542305156203,0,Blocked
166,166,0,0.41224017770317173,0.42613019792394513,0,Blocked
167,167,0,0.4110686396377511,0.6047878685705019,0,Blocked
168,168,0,0.8679346116286399,0.48366861592665633,0,Blocked
169,169,0,0.5439306135329125,0.38340163116037923,0,Blocked
170,170,0,0.7380165102546473,0.5279342678680483,0,Blocked
171,171,0,0.5956895080280704,0.5066393573690139,0,Blocked
172,172,0,0.9294029564823374,0.3867677068326957,0,Blocked
173,173,0,0.750089850264807,0.4497999081931021,0,Blocked
174,174,0,0.33544019052416885,0.4890674662120411,0,Blocked
175,175,0,0.9073089468213344,0.36487677708088667,0,Blocked
176,176,0,0.018869488918015223,0.5648468071412052,0,Blocked
177,177,0,0.7211217540713633,0.37690128013431656,0,Blocked
178,178,0,0.6016847806123058,0.3168615187783315,0,Blocked
179,179,0,0.8316577455200846,0.3918945015773511,0,Blocked
180,180,0,0.47752016768954036,0.48970700871157463,0,Blocked
181,181,0,0.3459817811798265,0.5387070757508736,0,Blocked
182,182,0,0.30968250582372314,0.43679594202953187,0,Blocked
183,183,0,0.7345964284500243,0.3550956066710679,0,Blocked
184,184,0,0.5952369630627745,0.6389922769832745,0,Blocked
185,185,0,0.6027497502493622,0.4939313925373611,0,Blocked
186,186,0,0.0960588607628747,0.41369677341009436,0,Blocked
187,187,0,0.11390862944933627,0.4879503887028035,0,Blocked
188,188,0,0.5312914767413269,0.28801890529026297,0,Blocked
189,189,0,0.09947569125847862,0.4748052340690621,0,Blocked
190,190,0,0.40157684596670207,0.346373292001048,0,Blocked
191,191,0,0.7554571207544882,0.3428300615380825,0,Blocked
192,192,0,0.8968619800850803,0.4189457284025193,0,Blocked
193,193,0,0.5019376638760409,0.24043463212244393,0,Blocked
194,194,0,0.590221847278565,0.44831352493706367,0,Blocked
195,195,0,0.25909796645400385,0.4972915243133035,0,Blocked
196,196,0,0.18665905568864305,0.3585234228359974,0,Blocked
197,197,0,0.5771623347088262,0.3724692614328,0,Blocked
198,198,0,0.3906866957234009,0.389368673965325,0,Blocked
199,199,0,0.9623182257072787,0.3958270993023272,0,Blocked
200,0,0,0.12170549687008432,0.8287396277704295,0,Interleaved
201,1,0,0.3927367901173886,0.4872938838178353,0,Interleaved
202,2,0,0.7411855423253699,0.44598644257385023,0,Interleaved
203,3,0,0.02828119843866968,0.6745652790556781,0,Interleaved
204,4,0,0.673810620440054,0.5061877169828006,0,Interleaved
205,5,0,0.46855025599399674,0.5866924494017665,0,Interleaved
206,6,0,0.4312614215507793,0.6474373150446608,0,Interleaved
207,7,0,0.8805702346804583,0.4732280542716029,0,Interleaved
208,8,0,0.7635703830807832,0.4477245950597968,0,Interleaved
209,9,0,0.2034025200326126,0.6549000026770988,0,Interleaved
210,10,0,0.3797869908535884,0.6092534840414576,0,Interleaved
211,11,0,0.12129295818000381,0.5282115003339928,0,Interleaved
212,12,0,0.6244930523884117,0.5215106185726243,0,Interleaved
213,13,0,0.4988138656369372,0.4887141326295266,0,Interleaved
214,14,0,0.2522791756809517,0.7129575745703078,0,Interleaved
215,15,0,0.367396670796217,0.5385890225780757,0,Interleaved
216,16,0,0.20776080785510168,0.58014111014001,0,Interleaved
217,17,0,0.16898560260980372,0.3752716625323944,0,Interleaved
218,18,0,0.3650575476914555,0.4501884060436262,0,Interleaved
219,19,0,0.5594118396430238,0.32559142002575225,0,Interleaved
220,20,0,0.9252721509854007,0.3503844867275593,0,Interleaved
221,21,0,0.555253217709659,0.37549446318201707,0,Interleaved
222,22,0,0.5853106092406323,0.5108378742097033,0,Interleaved
223,23,0,0.8040643028901648,0.46070326307142895,0,Interleaved
224,24,0,0.2602343209554391,0.5447946535119561,0,Interleaved
225,25,0,0.6702790127668915,0.4252685506493816,0,Interleaved
226,26,0,0.34426737089176,0.4332726710117837,0,Interleaved
227,27,0,0.7293722586232112,0.2805021901023741,0,Interleaved
228,28,0,0.648147388627772,0.5941856447800433,0,Interleaved
229,29,0,0.7578215293593547,0.38834341603944544,0,Interleaved
230,30,0,0.5295491134605963,0.6307801002143514,0,Interleaved
231,31,0,0.3779991320395525,0.6012606754225365,0,Interleaved
232,32,0,0.08141878269447521,0.44430192979686783,0,Interleaved
233,33,0,0.5812842318040149,0.37516379581697257,0,Interleaved
234,34,0,0.588309710922966,0.39877023240405746,0,Interleaved
235,35,0,0.8420332747913841,0.31360896453034115,0,Interleaved
236,36,0,0.5069608513898515,0.4342171216642955,0,Interleaved
237,37,0,0.17461672539528586,0.5515353058089896,0,Interleaved
238,38,0,0.4141081897694108,0.6227173626463214,0,Interleaved
239,39,0,0.6062736605462349,0.5223215103544403,0,Interleaved
240,40,0,0.5766896791667054,0.4120308045498242,0,Interleaved
241,41,0,0.3671614326378883,0.5314232142070686,0,Interleaved
242,42,0,0.5767769403088767,0.5249264252623275,0,Interleaved
243,43,0,0.5460251307935784,0.45579729397573493,0,Interleaved
244,44,0,0.7355882310063608,0.5099386906032997,0,Interleaved
245,45,0,0.38777741674745614,0.3817585405595212,0,Interleaved
246,46,0,0.533290739169818,0.49921993846982077,0,Interleaved
247,47,0,0.7392782666891144,0.5034001550360359,0,Interleaved
248,48,0,0.5345373720401592,0.6978785516352873,0,Interleaved
249,49,0,0.23626575042526585,0.6102502164431018,0,Interleaved
250,50,0,0.9694423178569453,0.46041949622002803,0,Interleaved
251,51,0,0.5924935759147292,0.425153795231333,0,Interleaved
252,52,0,0.5189589892906322,0.3332037037285392,0,Interleaved
253,53,0,0.7484692731038108,0.41701477647051954,0,Interleaved
254,54,0,0.8493971608513236,0.3294433431482747,0,Interleaved
255,55,0,0.5122640433908726,0.4153152751333879,0,Interleaved
256,56,0,0.34538158540424235,0.4225476222557424,0,Interleaved
257,57,0,0.4805774857788723,0.4338921229987575,0,Interleaved
258,58,0,0.6097452999545196,0.5475548139285085,0,Interleaved
259,59,0,0.4420328662856046,0.3795304914652363,0,Interleaved
260,60,0,0.052851270050176646,0.467352928058552,0,Interleaved
261,61,0,0.6535402064954416,0.31898862144732876,0,Interleaved
262,62,0,0.3102286478900536,0.37656946336395497,0,Interleaved
263,63,0,0.8323184089098987,0.35177841579589664,0,Interleaved
264,64,0,0.6469685334269097,0.3494235078064254,0,Interleaved
265,65,0,0.7460396348684256,0.284550426755465,0,Interleaved
266,66,0,0.480030731525362,0.4829088479546159,0,Interleaved
267,67,0,0.8028614622715106,0.2882559782741571,0,Interleaved
268,68,0,0.25104411253238207,0.372714722845481,0,Interleaved
269,69,0,0.21435834408450116,0.4164805615831869,0,Interleaved
270,70,0,0.5587461832096947,0.3589304770742651,0,Interleaved
271,71,0,0.6658888803294553,0.36424915648997225,0,Interleaved
272,72,0,0.25262834616509805,0.47540110513460443,0,Interleaved
273,73,0,0.5400483955911846,0.5707971984405584,0,Interleaved
274,74,0,0.5937264919657307,0.458268298255071,0,Interleaved
275,75,0,0.1791196646924538,0.5508544643554147,0,Interleaved
276,76,0,0.1332037049309105,0.3391896086739678,0,Interleaved
277,77,0,0.36127474847017715,0.48853305664890856,0,Interleaved
278,78,0,0.6046540238069442,0.2951055899605141,0,Interleaved
279,79,0,0.32492558528636706,0.41092241461866574,0,Interleaved
280,80,0,0.6879587663007988,0.4946565348348434,0,Interleaved
281,81,0,0.6682169528794288,0.49944710837351447,0,Interleaved
282,82,0,0.40420080216465337,0.48936969507728123,0,Interleaved
283,83,0,0.6384645941900976,0.4341136634742813,0,Interleaved
284,84,0,0.03525056256463752,0.5974213241877445,0,Interleaved
285,85,0,0.2920768225810388,0.5568718262190681,0,Interleaved
286,86,0,0.8685637796701362,0.27389285888486403,0,Interleaved
287,87,0,0.37952627948429846,0.4613458220243998,0,Interleaved
288,88,0,0.9206252268224757,0.3436223553636146,0,Interleaved
289,89,0,0.5220470330250171,0.5181908757620911,0,Interleaved
290,90,0,0.9337927987099455,0.2586445017833252,0,Interleaved
291,91,0,0.5523892491003017,0.4352278485182093,0,Interleaved
292,92,0,0.3365243385500496,0.37291555866085746,0,Interleaved
293,93,0,0.20030698204536793,0.5142724072004874,0,Interleaved
294,94,0,0.6310801551525482,0.49269598947459586,0,Interleaved
295,95,0,0.30128804617972643,0.43359958649806074,0,Interleaved
296,96,0,0.7471465684337539,0.5186542797458418,0,Interleaved
297,97,0,0.8402500606325922,0.5387932592454631,0,Interleaved
298,98,0,0.49737811619838146,0.5078299512020972,0,Interleaved
299,99,0,0.6900566751612942,0.36457132664688174,0,Interleaved
300,100,0,0.49214916543011655,0.5355492281219101,0,Interleaved
301,101,0,0.3188514706869095,0.41053920932114907,0,Interleaved
302,102,0,0.7919925779571958,0.438607330914626,0,Interleaved
303,103,0,0.19945575155214265,0.43187611420803107,0,Interleaved
304,104,0,0.3949735838164919,0.47513504402192513,0,Interleaved
305,105,0,0.40088195923158587,0.5771196927523696,0,Interleaved
306,106,0,0.8241389072992924,0.5155052566304313,0,Interleaved
307,107,0,0.46744509795694794,0.444113532691106,0,Interleaved
308,108,0,0.1009953255894032,0.48578907855775294,0,Interleaved
309,109,0,0.4043411608105655,0.4130737195959875,0,Interleaved
310,110,0,0.8876458197203819,0.42631936901013945,0,Interleaved
311,111,0,0.4929813448026814,0.4296705593291718,0,Interleaved
312,112,0,0.0772837982475584,0.5545473497010691,0,Interleaved
313,113,0,0.7236293231133675,0.4966004795869271,0,Interleaved
314,114,0,0.1969896130524237,0.5111126158252091,0,Interleaved
315,115,0,0.7022522961655809,0.35955690957411,0,Interleaved
316,116,0,0.35579547720862575,0.34952371533303883,0,Interleaved
317,117,0,0.690530357142777,0.33147102792361127,0,Interleaved
318,118,0,0.7907901380289386,0.5711489340286554,0,Interleaved
319,119,0,0.42526641942990995,0.40968460074037677,0,Interleaved
320,120,0,0.2975178966421995,0.48371708500320865,0,Interleaved
321,121,0,0.8191322924000579,0.5199010852714911,0,Interleaved
322,122,0,0.9801333403815509,0.3660897817978075,0,Interleaved
323,123,0,0.5115115720757676,0.3712397254982423,0,Interleaved
324,124,0,0.018521003745835592,0.46545457392601763,0,Interleaved
325,125,0,0.326274236492106,0.3118557062229962,0,Interleaved
326,126,0,0.8037736886107966,0.26699849130869013,0,Interleaved
327,127,0,0.506612570536022,0.4491194802508781,0,Interleaved
328,128,0,0.20469958032111266,0.37938815777624285,0,Interleaved
329,129,0,0.3438894023030126,0.3636607026416274,0,Interleaved
330,130,0,0.09237580563351191,0.47486203470841826,0,Interleaved
331,131,0,0.6766938859073618,0.3449697603197085,0,Interleaved
332,132,0,0.13391715128573242,0.672519708359141,0,Interleaved
333,133,0,0.780456058705655,0.452637098892517,0,Interleaved
334,134,0,0.4688300168336841,0.37645470680737925,0,Interleaved
335,135,0,0.8198343072369467,0.4232195253886221,0,Interleaved
336,136,0,0.5922145646549148,0.5073030772287925,0,Interleaved
337,137,0,0.7589508544979593,0.5751237126083408,0,Interleaved
338,138,0,0.3880392383361242,0.4343281403887866,0,Interleaved
339,139,0,0.34534439246398146,0.49345560417230416,0,Interleaved
340,140,0,0.7113460674169738,0.3955087204072253,0,Interleaved
341,141,0,0.4558098306829602,0.5234536061340561,0,Interleaved
342,142,0,0.7697967043095773,0.33219945066584355,0,Interleaved
343,143,0,0.7830725461592298,0.3455759145590577,0,Interleaved
344,144,0,0.18719933308918976,0.37544689240221246,0,Interleaved
345,145,0,0.38058883310317626,0.4038195135931467,0,Interleaved
346,146,0,0.3403027295302152,0.2856755994461755,0,Interleaved
347,147,0,0.37363576136271837,0.3846442472866487,0,Interleaved
348,148,0,0.7768632538753593,0.34369786999312424,0,Interleaved
349,149,0,0.5996201158665664,0.47460469213811873,0,Interleaved
350,150,0,0.6482231672216823,0.5382358905401141,0,Interleaved
351,151,0,0.27931205123584907,0.6011687416387403,0,Interleaved
352,152,0,0.686548551555952,0.4368476230051829,0,Interleaved
353,153,0,0.5026664886120538,0.3975121220288182,0,Interleaved
354,154,0,0.9953278180672577,0.42185656506186475,0,Interleaved
355,155,0,0.28092906027314146,0.4093382816849684,0,Interleaved
356,156,0,0.6318626298194073,0.421309250915343,0,Interleaved
357,157,0,0.0813669947518348,0.46646386971653836,0,Interleaved
358,158,0,0.673055655336214,0.5000067657833102,0,Interleaved
359,159,0,0.3978511568088542,0.407952723529139,0,Interleaved
360,160,0,0.4487176868027199,0.44998792106046587,0,Interleaved
361,161,0,0.821326686760002,0.5236572632628385,0,Interleaved
362,162,0,0.8800923392748008,0.5669756558694763,0,Interleaved
363,163,0,0.7815130704463147,0.37538105470426986,0,Interleaved
364,164,0,0.5580543220031984,0.4644330591068565,0,Interleaved
365,165,0,0.49391017246261304,0.5161678454737373,0,Interleaved
366,166,0,0.5406124787958374,0.5424859378652742,0,Interleaved
367,167,0,0.021491144527475012,0.5320882173065975,0,Interleaved
368,168,0,0.9545708363668948,0.4543443513641166,0,Interleaved
369,169,0,0.5578997557152936,0.4761365851774661,0,Interleaved
370,170,0,0.502997846257609,0.38616578390445144,0,Interleaved
371,171,0,0.774455856607851,0.35044726585634023,0,Interleaved
372,172,0,0.3963449561708843,0.538641327061034,0,Interleaved
373,173,0,0.24500873116732516,0.4058087723057335,0,Interleaved
374,174,0,0.49979706167924676,0.5882559967174259,0,Interleaved
375,175,0,0.6432362057214369,0.3953094900436258,0,Interleaved
376,176,0,0.48683369309040914,0.28849463634523326,0,Interleaved
377,177,0,0.7999193183227515,0.37251267818777056,0,Interleaved
378,178,0,0.8835827000860281,0.4039281235743819,0,Interleaved
379,179,0,0.6096947238140332,0.4426255860557584,0,Interleaved
380,180,0,0.32869337665355647,0.4618183789963396,0,Interleaved
381,181,0,0.5054878584857933,0.345873169332308,0,Interleaved
382,182,0,0.16135853455139804,0.44952414798341106,0,Interleaved
383,183,0,0.5980900050701805,0.453361087129424,0,Interleaved
384,184,0,0.6024524642783802,0.4496664706909511,0,Interleaved
385,185,0,0.2960925477415354,0.43887541256691553,0,Interleaved
386,186,0,0.2924077718257089,0.49987387772638525,0,Interleaved
387,187,0,0.5694447933761371,0.5346060132345218,0,Interleaved
388,188,0,0.5928607947022517,0.3252770052406475,0,Interleaved
389,189,0,0.4943335605730103,0.4727145543942936,0,Interleaved
390,190,0,0.4311664809727921,0.445840012781134,0,Interleaved
391,191,0,0.5066197996027286,0.30679632301949333,0,Interleaved
392,192,0,0.38126203105261997,0.5064295991863753,0,Interleaved
393,193,0,0.44748060082448493,0.3524721783531445,0,Interleaved
394,194,0,0.8501341985456525,0.428962361332164,0,Interleaved
395,195,0,0.7064672814673341,0.33815025126509857,0,Interleaved
396,196,0,0.405671211411321,0.40416137817461983,0,Interleaved
397,197,0,0.6934364048690905,0.3511180454605111,0,Interleaved
398,198,0,0.33712144419145257,0.3917071313582267,0,Interleaved
399,199,0,0.2853649957196074,0.38108674361471506,0,Interleaved
400,0,0,0.7808124041044416,0.5655618185411218,0,Instructed
401,1,0,0.9217602965665204,0.5623754684465696,0,Instructed
402,2,0,0.9914337598303986,0.5885495576007869,0,Instructed
403,3,0,0.560912115582684,0.6246927908674724,0,Instructed
404,4,0,0.8035477152577853,0.3518114168709857,0,Instructed
405,5,0,0.5114911284767049,0.6000778281091138,0,Instructed
406,6,0,0.35846998868102947,0.7422693190034924,0,Instructed
407,7,0,0.5733158252846804,0.460410687798537,0,Instructed
408,8,0,0.7821679354531618,0.30773201948059614,0,Instructed
409,9,0,0.7698842138021685,0.4643526247044919,0,Instructed
410,10,0,0.20997174689100534,0.4524428767585817,0,Instructed
411,11,0,0.41686595488865313,0.39081076668326065,0,Instructed
412,12,0,0.37225658954297913,0.42965628280734647,0,Instructed
413,13,0,0.5705321674896646,0.3541981673381312,0,Instructed
414,14,0,0.1975811070427433,0.5453311121634239,0,Instructed
415,15,0,0.5170397902616898,0.3627469706704143,0,Instructed
416,16,0,0.16797753833148216,0.6726713726568141,0,Instructed
417,17,0,0.8582429807998784,0.4662132289857371,0,Instructed
418,18,0,0.9503414143858085,0.4638104456473103,0,Instructed
419,19,0,0.5429114554342455,0.42485574904501033,0,Instructed
420,20,0,1.62608305099751e-05,1.248774340248568,0,Instructed
421,21,0,0.5336345367275134,0.51165019345244,0,Instructed
422,22,0,0.770352241169671,0.31754914332412876,0,Instructed
423,23,0,0.06870485307943955,0.49227636970158073,0,Instructed
424,24,0,0.5352980879115734,0.31687305796045145,0,Instructed
425,25,0,0.7563105057437614,0.4721086316912101,0,Instructed
426,26,0,0.7705411742640305,0.3695532757293618,0,Instructed
427,27,0,0.67537571628666,0.30472004423701843,0,Instructed
428,28,0,0.23802797042367524,0.4482402343490365,0,Instructed
429,29,0,0.8863230318868942,0.4610161278340216,0,Instructed
430,30,0,0.8782682200709144,0.4602577537798881,0,Instructed
431,31,0,0.15629334546534498,0.3642479108220088,0,Instructed
432,32,0,0.22190534695701628,0.5198029928537414,0,Instructed
433,33,0,0.4604003865384996,0.4349028556311205,0,Instructed
434,34,0,0.5052678726914133,0.29732453792553526,0,Instructed
435,35,0,0.2613133455416534,0.35795950148924494,0,Instructed
436,36,0,0.2778509731582347,0.4059850808127796,0,Instructed
437,37,0,0.6863408161120272,0.42381431121869306,0,Instructed
438,38,0,0.2983426532980479,0.3839173819276056,0,Instructed
439,39,0,0.2263086045836963,0.3051395480034743,0,Instructed
440,40,0,0.3948509265537416,0.5169599872418156,0,Instructed
441,41,0,0.49793827064433666,0.6447894531888752,0,Instructed
442,42,0,0.19785170770846935,0.4324856632097318,0,Instructed
443,43,0,0.454265483265333,0.41937408131125764,0,Instructed
444,44,0,0.36625083123759206,0.5679727878476486,0,Instructed
445,45,0,0.48847896076882713,0.414332060339204,0,Instructed
446,46,0,0.8126312836392271,0.30482578086881396,0,Instructed
447,47,0,0.4917158364389608,0.4255784970268809,0,Instructed
448,48,0,0.26090393620045293,0.42672887628471684,0,Instructed
449,49,0,0.7296975873963552,0.4477402012244388,0,Instructed
450,50,0,0.6767807148551308,0.5120000163337778,0,Instructed
451,51,0,0.7392828827820171,0.2882842867806935,0,Instructed
452,52,0,0.010186793855612511,0.5891157300677163,0,Instructed
453,53,0,0.690797743405258,0.34659866893016344,0,Instructed
454,54,0,0.37545781841282944,0.5224503576281855,0,Instructed
455,55,0,0.4756698622998801,0.3915852825685675,0,Instructed
456,56,0,0.9570992111200014,0.48041450081066106,0,Instructed
457,57,0,0.4594970757172229,0.39377992047740884,0,Instructed
458,58,0,0.04276007040062771,0.3916144888900859,0,Instructed
459,59,0,0.7430544332120415,0.3388554830089362,0,Instructed
460,60,0,0.5540853857725226,0.5860396439081476,0,Instructed
461,61,0,0.3346869747038029,0.3988394681220535,0,Instructed
462,62,0,0.40807978192519606,0.5226606092585553,0,Instructed
463,63,0,0.4849917045481574,0.8090990723835667,0,Instructed
464,64,0,0.7415937957066487,0.4826616989767775,0,Instructed
465,65,0,0.6131601063952042,0.5197849054323028,0,Instructed
466,66,0,0.5949177597999951,0.3762804186680405,0,Instructed
467,67,0,0.6087485024221684,0.2874395454694327,0,Instructed
468,68,0,0.9543923939059167,0.3294855088569506,0,Instructed
469,69,0,0.8784899330390237,0.4580066008068663,0,Instructed
470,70,0,0.06963571975858866,0.3962370232417106,0,Instructed
471,71,0,0.5992684522138602,0.48982854129228814,0,Instructed
472,72,0,0.2800388861562075,0.31307862716725543,0,Instructed
473,73,0,0.6192206931501312,0.42530621200384156,0,Instructed
474,74,0,0.4983906069765667,0.44418768822847937,0,Instructed
475,75,0,0.45267629971041445,0.5753271986352979,0,Instructed
476,76,0,0.22363322441343686,0.5829508155866789,0,Instructed
477,77,0,0.4660352650608116,0.42763467559190793,0,Instructed
478,78,0,0.0799511116228429,0.4418391473372155,0,Instructed
479,79,0,0.708169011913372,0.42187843960065885,0,Instructed
480,80,0,0.9537762581172675,0.40969636123111497,0,Instructed
481,81,0,0.776521843655934,0.3722424321673845,0,Instructed
482,82,0,0.8438117076197367,0.4623811538943441,0,Instructed
483,83,0,0.9676950935556273,0.29818877270528915,0,Instructed
484,84,0,0.9278062252312427,0.6702483674765192,0,Instructed
485,85,0,0.49278589344398954,0.4172325358886233,0,Instructed
486,86,0,0.14997454001212446,0.414660540642541,0,Instructed
487,87,0,0.40077566126478176,0.41805063322694747,0,Instructed
488,88,0,0.3108693324068347,0.5592724795470044,0,Instructed
489,89,0,0.5046342555019814,0.44777502161797866,0,Instructed
490,90,0,0.19637599126161215,0.49334647389290487,0,Instructed
491,91,0,0.3606907853210861,0.4239769676477386,0,Instructed
492,92,0,0.7520109601557512,0.4274046953992433,0,Instructed
493,93,0,0.5500834713754006,0.30814611731887936,0,Instructed
494,94,0,0.24684566439880345,0.5949293056061125,0,Instructed
495,95,0,0.4192549459565734,0.27252365996498884,0,Instructed
496,96,0,0.06489610792632239,0.41458052347491336,0,Instructed
497,97,0,0.5334194738508493,0.39514730709677304,0,Instructed
498,98,0,0.5949332635462253,0.43132004555326353,0,Instructed
499,99,0,0.46381365966652355,0.371341889485043,0,Instructed
500,100,0,0.6381071384596748,0.35863380853475624,0,Instructed
501,101,0,0.7944134500366454,0.29589940630646416,0,Instructed
502,102,0,0.9544092526268553,0.40189040540126164,0,Instructed
503,103,0,0.7947745754711518,0.30565236636784904,0,Instructed
504,104,0,0.17182209865628173,0.530823877455532,0,Instructed
505,105,0,0.4474001513420994,0.4169880763797018,0,Instructed
506,106,0,0.29261625226198523,0.4298258438683943,0,Instructed
507,107,0,0.5677737823386789,0.3853710372664656,0,Instructed
508,108,0,0.6604176630971962,0.2943380290158448,0,Instructed
509,109,0,0.605858675137385,0.3916782396764086,0,Instructed
510,110,0,0.9100567937690018,0.296701739391896,0,Instructed
511,111,0,0.4866594966848478,0.3582542898794019,0,Instructed
512,112,0,0.6603944850054466,0.3714171318050451,0,Instructed
513,113,0,0.46271835209821477,0.3605657655949811,0,Instructed
514,114,0,0.042951983825203974,0.4284312971227009,0,Instructed
515,115,0,0.40465972378411896,0.350855801910461,0,Instructed
516,116,0,0.8850127843074191,0.45721552819286226,0,Instructed
517,117,0,0.2982868159695611,0.41678160851647594,0,Instructed
518,118,0,0.45593916215725183,0.48463670031937295,0,Instructed
519,119,0,0.7949769797128421,0.35488562107107785,0,Instructed
520,120,0,0.7669977680321738,0.39007910987186767,0,Instructed
521,121,0,0.9016336435351282,0.3732327232480951,0,Instructed
522,122,0,0.13016413433044083,0.4070843058293854,0,Instructed
523,123,0,0.9443826762038605,0.5220092076727216,0,Instructed
524,124,0,0.5757472729279509,0.41707521015081994,0,Instructed
525,125,0,0.42151169564420615,0.49272082772933323,0,Instructed
526,126,0,0.18182859961479977,0.47576410866926955,0,Instructed
527,127,0,0.8248192626656938,0.3365788790781264,0,Instructed
528,128,0,0.9848705370908406,0.5246685166270845,0,Instructed
529,129,0,0.6630759877699006,0.4743967943681727,0,Instructed
530,130,0,0.7466894928898291,0.3816317154047949,0,Instructed
531,131,0,0.5401672270217346,0.47716778504360713,0,Instructed
532,132,0,0.9339394851806302,0.29205999565106466,0,Instructed
533,133,0,0.4586590175302254,0.3311349247391965,0,Instructed
534,134,0,0.3354125322589543,0.4026180433201823,0,Instructed
535,135,0,0.9045688730567927,0.31123126016368685,0,Instructed
536,136,0,0.43927579723122195,0.4106735805667596,0,Instructed
537,137,0,0.38311045934283533,0.41265346338425357,0,Instructed
538,138,0,0.33747703429623377,0.2976357410640569,0,Instructed
539,139,0,0.8860013197353471,0.35229904499724585,0,Instructed
540,140,0,0.9378676975696523,0.3662552799832847,0,Instructed
541,141,0,0.495196680781018,0.5549629449788381,0,Instructed
542,142,0,0.5695202060372848,0.42365080142277106,0,Instructed
543,143,0,0.48531953876283257,0.41581995102690505,0,Instructed
544,144,0,0.2679726955467416,0.37308736855384134,0,Instructed
545,145,0,0.6952814936042717,0.46275558102627545,0,Instructed
546,146,0,0.01832435256062612,0.48492072010137155,0,Instructed
547,147,0,0.4008463079534583,0.3934466344973151,0,Instructed
548,148,0,0.5390548300019804,0.44177982257317816,0,Instructed
549,149,0,0.4289697964684596,0.37437606376814037,0,Instructed
550,150,0,0.6959724465928553,0.34374063292526835,0,Instructed
551,151,0,0.5378301898906447,0.38237890728413426,0,Instructed
552,152,0,0.21802157501656194,0.5099679886880758,0,Instructed
553,153,0,0.44010262358814195,0.46712985818314023,0,Instructed
554,154,0,0.9093346694391773,0.3463988530958836,0,Instructed
555,155,0,0.6977342249589498,0.448294796645731,0,Instructed
556,156,0,0.5113787614648931,0.4060634609619469,0,Instructed
557,157,0,0.5163634759963347,0.29394222094899447,0,Instructed
558,158,0,0.936719969490227,0.4074943723982174,0,Instructed
559,159,0,0.23671101964923258,0.4497518345350023,0,Instructed
560,160,0,0.5269273456074444,0.6314191086962083,0,Instructed
561,161,0,0.4111729458080864,0.28296906025443386,0,Instructed
562,162,0,0.6647296014884799,0.3946441763620786,0,Instructed
563,163,0,0.579612091836504,0.4547673266338602,0,Instructed
564,164,0,0.46559536172384713,0.4495772155078286,0,Instructed
565,165,0,0.707260449961022,0.3147458402223239,0,Instructed
566,166,0,0.18875125773377635,0.62428350882811,0,Instructed
567,167,0,0.3600412308507804,0.3291234160924404,0,Instructed
568,168,0,0.6579685914090052,0.3831276118209045,0,Instructed
569,169,0,0.6547011714355186,0.19821733235399522,0,Instructed
570,170,0,0.09808182254751943,0.5141979026746685,0,Instructed
571,171,0,0.40360573242512815,0.2840467300757926,0,Instructed
572,172,0,0.7201121243707411,0.4919307474504566,0,Instructed
573,173,0,0.2353292366296129,0.4308578388347065,0,Instructed
574,174,0,0.24896264699673462,0.40454003564934427,0,Instructed
575,175,0,0.5571457144530376,0.3584544395917971,0,Instructed
576,176,0,0.7410788570240363,0.47256347482003846,0,Instructed
577,177,0,0.4010152543942206,0.42998786664858024,0,Instructed
578,178,0,0.5332216042049114,0.350973079763506,0,Instructed
579,179,0,0.45012849702384017,0.45030312034335074,0,Instructed
580,180,0,0.31076479999390466,0.5913972841412558,0,Instructed
581,181,0,0.4377368530959971,0.41279879983817835,0,Instructed
582,182,0,0.678865269290707,0.38277715874585583,0,Instructed
583,183,0,0.6504199851404862,0.4218266774328564,0,Instructed
584,184,0,0.5674700990556939,0.615485809135625,0,Instructed
585,185,0,0.03771936355748796,0.4406588460563223,0,Instructed
586,186,0,0.6388082331642029,0.32711476993087873,0,Instructed
587,187,0,0.6723647985589003,0.3605734955669112,0,Instructed
588,188,0,0.33932347567664656,0.427663221605645,0,Instructed
589,189,0,0.4996704220390077,0.2791126642325719,0,Instructed
590,190,0,0.9649657485324287,0.2967021796393835,0,Instructed
591,191,0,0.21480898351510835,0.40581255731721144,0,Instructed
592,192,0,0.8379511438980726,0.3116241979274471,0,Instructed
593,193,0,0.4656968721019624,0.48516713266831035,0,Instructed
594,194,0,0.5267802257906994,0.43806752517618863,0,Instructed
595,195,0,0.37214518692303483,0.35213708739510036,0,Instructed
596,196,0,0.40130257373463357,0.5157910272949203,0,Instructed
597,197,0,0.4904492242432807,0.4833362246004974,0,Instructed
598,198,0,0.06804873243285917,0.4622651712971361,0,Instructed
599,199,0,0.6924967839187484,0.3517806306186987,0,Instructed
600,0,0,0.641641729227592,0.8109527942813839,1,Blocked
601,1,0,0.1752278676333244,0.7669358134267154,1,Blocked
602,2,0,0.36511964735783214,0.5770958775666503,1,Blocked
603,3,0,0.45530783237229966,0.6174426293433355,1,Blocked
604,4,0,0.17682999181244244,0.4594709339517659,1,Blocked
605,5,0,0.3305955012001717,0.4922979860839847,1,Blocked
606,6,0,0.4363385792092617,0.8041684485322453,1,Blocked
607,7,0,0.5766715547504757,0.6263423388137046,1,Blocked
608,8,0,0.31422060341703895,0.8396084962365638,1,Blocked
609,9,0,0.6127367325060905,0.7321165759051699,1,Blocked
610,10,0,0.3647875953567875,0.49985851137935444,1,Blocked
611,11,0,0.4079428408071703,0.5898101234499554,1,Blocked
612,12,0,0.5679990774722095,0.46861060567662904,1,Blocked
613,13,0,0.741277175373811,0.45329249967737795,1,Blocked
614,14,0,0.35558952944653754,0.5238838061498828,1,Blocked
615,15,0,0.5171914554914598,0.5572205829856697,1,Blocked
616,16,0,0.601759390270363,0.4691100926201095,1,Blocked
617,17,0,0.26882976623324817,0.4010737928021083,1,Blocked
618,18,0,0.6452900618540411,0.524973768271886,1,Blocked
619,19,0,0.46077976034084456,0.6116098979451434,1,Blocked
620,20,0,0.6190438746516966,0.3511882195749553,1,Blocked
621,21,0,0.3878191588747954,0.5878690668387107,1,Blocked
622,22,0,0.5943258786305986,0.4563432221032898,1,Blocked
623,23,0,0.8320897142190147,0.5890115701004768,1,Blocked
624,24,0,0.15080452890411233,0.5243514612835533,1,Blocked
625,25,0,0.12011914856798278,0.5604354968159969,1,Blocked
626,26,0,0.5849270570524444,0.42909994471950186,1,Blocked
627,27,0,0.7329382757728002,0.5173234931424256,1,Blocked
628,28,0,0.5121403969833623,0.38093972446988156,1,Blocked
629,29,0,0.34220826830245005,0.47584145088449714,1,Blocked
630,30,0,0.8666460002065794,0.5437950144748334,1,Blocked
631,31,0,0.6042999203892491,0.4838253557144672,1,Blocked
632,32,0,0.4930414195934981,0.3932726228068604,1,Blocked
633,33,0,0.3772574136637403,0.4519205131071111,1,Blocked
634,34,0,0.1257622057499317,0.5846529854947835,1,Blocked
635,35,0,0.7763306860907906,0.40261849376412173,1,Blocked
636,36,0,0.659362606358128,0.4425524800481735,1,Blocked
637,37,0,0.8798815344621647,0.5965746514435516,1,Blocked
638,38,0,0.9004151924070689,0.41837311008714684,1,Blocked
639,39,0,0.907072953104276,0.2783030878904946,1,Blocked
640,40,0,0.35799403247569955,0.5400544425469995,1,Blocked
641,41,0,0.2858224885708934,0.45839508137914475,1,Blocked
642,42,0,0.2569105387147432,0.5315136455348554,1,Blocked
643,43,0,0.3753502951318277,0.32810564510646667,1,Blocked
644,44,0,0.5938319783996792,0.38320780685743067,1,Blocked
645,45,0,0.4091187886590226,0.7153739581634571,1,Blocked
646,46,0,0.2830158761412364,0.4682807070616198,1,Blocked
647,47,0,0.5776293564192124,0.447295128437195,1,Blocked
648,48,0,0.766922494311888,0.4252170271259871,1,Blocked
649,49,0,0.9059945628850066,0.4485899919365782,1,Blocked
650,50,0,0.13357558334574307,0.5732900591550654,1,Blocked
651,51,0,0.5899181203152818,0.40629560206508786,1,Blocked
652,52,0,0.075124084845542,0.5754452883513099,1,Blocked
653,53,0,0.6680408949183548,0.33959433290315183,1,Blocked
654,54,0,0.2489404548288717,0.6265133756225696,1,Blocked
655,55,0,0.5496650168116733,0.4106506984380922,1,Blocked
656,56,0,0.585858424030059,0.37399880791666734,1,Blocked
657,57,0,0.4551289015745297,0.39559901157784255,1,Blocked
658,58,0,0.4729357843614131,0.3694103074628076,1,Blocked
659,59,0,0.5857126602313618,0.39772052542100755,1,Blocked
660,60,0,0.636735352956525,0.3601429024926882,1,Blocked
661,61,0,0.6673298783621301,0.3827509951813626,1,Blocked
662,62,0,0.5275906968554457,0.3392916084173845,1,Blocked
663,63,0,0.616653811839185,0.5314394391208624,1,Blocked
664,64,0,0.13302886705642936,0.5723239592432408,1,Blocked
665,65,0,0.4562883088355227,0.5304479289882171,1,Blocked
666,66,0,0.2254146790036682,0.6131178426448883,1,Blocked
667,67,0,0.9613397169609134,0.5471774573653869,1,Blocked
668,68,0,0.44033029906706445,0.45653998392925704,1,Blocked
669,69,0,0.842657910109554,0.27392339234337293,1,Blocked
670,70,0,0.8055530123984491,0.5000158304895568,1,Blocked
671,71,0,0.5400124108569635,0.43165187917525916,1,Blocked
672,72,0,0.5049637682620921,0.4205298237478628,1,Blocked
673,73,0,0.37183193903758316,0.49774593391115685,1,Blocked
674,74,0,0.7146393564358788,0.3635822435650431,1,Blocked
675,75,0,0.8908619861593277,0.4499308169034735,1,Blocked
676,76,0,0.6518700595845345,0.4466078403767096,1,Blocked
677,77,0,0.5133009292557965,0.6819144572056836,1,Blocked
678,78,0,0.5892376241948781,0.526193612740865,1,Blocked
679,79,0,0.5460132536524298,0.5770185594154289,1,Blocked
680,80,0,0.5403522365291256,0.6280464043372016,1,Blocked
681,81,0,0.6619351987190766,0.4378076513859329,1,Blocked
682,82,0,0.6583652218578226,0.34850077569333504,1,Blocked
683,83,0,0.5304328315151826,0.5825842599265634,1,Blocked
684,84,0,0.8922390902862489,0.3114687307505787,1,Blocked
685,85,0,0.06219582398687437,0.4457493601084008,1,Blocked
686,86,0,0.1599715981010526,0.4183929222536463,1,Blocked
687,87,0,0.3522324474087299,0.46388333255469977,1,Blocked
688,88,0,0.6701101870203415,0.441818708653993,1,Blocked
689,89,0,0.17035426143806143,0.39555264394282796,1,Blocked
690,90,0,0.20793297126806867,0.32517653184164985,1,Blocked
691,91,0,0.7478687155515178,0.43291008002527426,1,Blocked
692,92,0,0.5384267189360572,0.4738328594776937,1,Blocked
693,93,0,0.47396678719589314,0.43277724298144576,1,Blocked
694,94,0,0.4003225604742798,0.31398733322081074,1,Blocked
695,95,0,0.7592236000216586,0.5380495750022292,1,Blocked
696,96,0,0.40902758262144695,0.468245030837113,1,Blocked
697,97,0,0.6839078896027417,0.5409223228393418,1,Blocked
698,98,0,0.43067221313786286,0.4805077771996192,1,Blocked
699,99,0,0.2886315544656931,0.6731742757297738,1,Blocked
700,100,0,0.4938212012142552,0.3798535798736829,1,Blocked
701,101,0,0.42813827501135476,0.4328161142851076,1,Blocked
702,102,0,0.43233074878366606,0.5136038569961137,1,Blocked
703,103,0,0.5976769795165834,0.4712661316232507,1,Blocked
704,104,0,0.49048620110552554,0.6728994826670025,1,Blocked
705,105,0,0.5233667768377978,0.5837472778719384,1,Blocked
706,106,0,0.27595127738385755,0.4349878015544765,1,Blocked
707,107,0,0.23568279764657915,0.48461646168902905,1,Blocked
708,108,0,0.41354590654387496,0.47452316925252713,1,Blocked
709,109,0,0.562532328107372,0.36895062680776797,1,Blocked
710,110,0,0.858312044786171,0.35295918094662404,1,Blocked
711,111,0,0.7367673790307279,0.5227696253457834,1,Blocked
712,112,0,0.8951347076623164,0.4014361820108232,1,Blocked
713,113,0,0.44908859380390975,0.41132765312274006,1,Blocked
714,114,0,0.5698813640326973,0.2893452733227282,1,Blocked
715,115,0,0.6182232898365141,0.40471569127824175,1,Blocked
716,116,0,0.5980026074424979,0.3934634155651497,1,Blocked
717,117,0,0.9148674174993798,0.32123322111845076,1,Blocked
718,118,0,0.523580753903147,0.3377524981090206,1,Blocked
719,119,0,0.9596776388146675,0.334907705152928,1,Blocked
720,120,0,0.6223468223575768,0.3261883563858165,1,Blocked
721,121,0,0.7406215708217689,0.42949993492748295,1,Blocked
722,122,0,0.16486557032137822,0.6786719926561391,1,Blocked
723,123,0,0.4951633993823835,0.4429309713615237,1,Blocked
724,124,0,0.04680373645969389,0.4603935437920902,1,Blocked
725,125,0,0.38709212749925465,0.6065741382725811,1,Blocked
726,126,0,0.8937932618076638,0.39945620414713356,1,Blocked
727,127,0,0.02803480847586969,0.40468968076638123,1,Blocked
728,128,0,0.9939262118779701,0.3829472771634005,1,Blocked
729,129,0,0.05498712929954952,0.6173422850156125,1,Blocked
730,130,0,0.15349504470968972,0.4102268380329936,1,Blocked
731,131,0,0.1504445952067124,0.5963870509656871,1,Blocked
732,132,0,0.4669738518268941,0.5100046362940758,1,Blocked
733,133,0,0.5318388292452201,0.3811934996832753,1,Blocked
734,134,0,0.5655496522328085,0.4325313364054122,1,Blocked
735,135,0,0.5920856782676495,0.4946271440585775,1,Blocked
736,136,0,0.8918918690987094,0.533049845832845,1,Blocked
737,137,0,0.9130646582710333,0.6176830184304255,1,Blocked
738,138,0,0.17617592435696136,0.43609026868869166,1,Blocked
739,139,0,0.6665907385472324,0.43358342152789037,1,Blocked
740,140,0,0.546791044934695,0.5027503912278697,1,Blocked
741,141,0,0.41930847819633166,0.4901881913259461,1,Blocked
742,142,0,0.5468047874791195,0.5106798138491456,1,Blocked
743,143,0,0.44552705834827094,0.41101827692741066,1,Blocked
744,144,0,0.8271883885167761,0.4540337213899468,1,Blocked
745,145,0,0.4488188070139264,0.5232734100663305,1,Blocked
746,146,0,0.5375887677682208,0.5190126307696151,1,Blocked
747,147,0,0.12545843659337477,0.5994968136679122,1,Blocked
748,148,0,0.38205054474159766,0.31969020734290854,1,Blocked
749,149,0,0.8874066464186416,0.5748524621387728,1,Blocked
750,150,0,0.6363037235404296,0.524298969578343,1,Blocked
751,151,0,0.00037788298769402684,0.7998990308056786,1,Blocked
752,152,0,0.6185722806482687,0.34828677673924713,1,Blocked
753,153,0,0.5113665876886885,0.2438389587759413,1,Blocked
754,154,0,0.5639156900748588,0.31498708694837807,1,Blocked
755,155,0,0.33839545773887547,0.5775211390840861,1,Blocked
756,156,0,0.7777337139630386,0.20584667764493197,1,Blocked
757,157,0,0.3323437892522476,0.4651669504701166,1,Blocked
758,158,0,0.6208656318463585,0.5858464525678674,1,Blocked
759,159,0,0.9268789799342716,0.3332293402783063,1,Blocked
760,160,0,0.502963628877283,0.593772121770565,1,Blocked
761,161,0,0.858452872791964,0.47898837502232267,1,Blocked
762,162,0,0.1441852809191855,0.4194186052765348,1,Blocked
763,163,0,0.08724962293524242,0.533339350388778,1,Blocked
764,164,0,0.7174404376922336,0.26818339239164984,1,Blocked
765,165,0,0.4864850094321578,0.4983927199668966,1,Blocked
766,166,0,0.37091298395758654,0.43033414555103405,1,Blocked
767,167,0,0.5373981381280347,0.47039080347319406,1,Blocked
768,168,0,0.6267123617190147,0.3695039948287557,1,Blocked
769,169,0,0.4116276214784972,0.46931717983352983,1,Blocked
770,170,0,0.4554038997839769,0.46386374109434925,1,Blocked
771,171,0,0.3590224065035007,0.25276733767842224,1,Blocked
772,172,0,0.29562229137840884,0.5982191181658627,1,Blocked
773,173,0,0.9743292791838969,0.2743749564411707,1,Blocked
774,174,0,0.8877823626222536,0.3941329574673027,1,Blocked
775,175,0,0.4437683525178393,0.5883314118705418,1,Blocked
776,176,0,0.9840753028523185,0.3931232423719917,1,Blocked
777,177,0,0.6738300985112606,0.6022724744185051,1,Blocked
778,178,0,0.5793663494649985,0.3991408079776865,1,Blocked
779,179,0,0.6665283549524812,0.35042768466236596,1,Blocked
780,180,0,0.30087277222908954,0.5299317175640816,1,Blocked
781,181,0,0.8598499531537316,0.4901060290948863,1,Blocked
782,182,0,0.07977822109310008,0.5725041433406204,1,Blocked
783,183,0,0.03474344732000178,0.47515974046027354,1,Blocked
784,184,0,0.6943003966856615,0.2784224125029506,1,Blocked
785,185,0,0.657199309152431,0.4475158533287648,1,Blocked
786,186,0,0.376158416076951,0.3598646394203682,1,Blocked
787,187,0,0.5851456233502872,0.4897020983857109,1,Blocked
788,188,0,0.8270076254536299,0.49482798730952665,1,Blocked
789,189,0,0.9213961618191986,0.5197589092062407,1,Blocked
790,190,0,0.37933389439605064,0.4871854128930866,1,Blocked
791,191,0,0.2632568314392065,0.5573856211642318,1,Blocked
792,192,0,0.8179511959595442,0.48870239051890163,1,Blocked
793,193,0,0.58407768147551,0.6380563065033237,1,Blocked
794,194,0,0.30434437187304575,0.5918982991060243,1,Blocked
795,195,0,0.8947188716813156,0.3165178388219263,1,Blocked
796,196,0,0.5969564142821652,0.4507645391521466,1,Blocked
797,197,0,0.7279113838375624,0.4523834401521042,1,Blocked
798,198,0,0.3380792950822149,0.44947106278600113,1,Blocked
799,199,0,0.8605977720495841,0.5185272257535697,1,Blocked
800,0,0,0.4883974775230657,0.6243997731196589,1,Interleaved
801,1,0,0.2603047899469601,0.658770863089353,1,Interleaved
802,2,0,0.5722308187326384,0.5694581556433888,1,Interleaved
803,3,0,0.569575754298687,0.6405499769294616,1,Interleaved
804,4,0,0.570513065694958,0.5930823810938964,1,Interleaved
805,5,0,0.9963608899246901,0.507153284646287,1,Interleaved
806,6,0,0.5722939273104094,0.5440804790374009,1,Interleaved
807,7,0,0.5493478650351745,0.5831138576857398,1,Interleaved
808,8,0,0.4416435656325769,0.4456350216346917,1,Interleaved
809,9,0,0.2768765204318699,0.4791521573969787,1,Interleaved
810,10,0,0.24481227541423856,0.6013395897067743,1,Interleaved
811,11,0,0.7433922187228974,0.6546960565405855,1,Interleaved
812,12,0,0.4673830335320917,0.7431793675684968,1,Interleaved
813,13,0,0.017340451090442098,0.7462367738433462,1,Interleaved
814,14,0,0.09297650112949497,0.5759232441237098,1,Interleaved
815,15,0,0.5440078476188205,0.6394060457410344,1,Interleaved
816,16,0,0.530918839203257,0.46096593184440926,1,Interleaved
817,17,0,0.85481504232203,0.7267370904977969,1,Interleaved
818,18,0,0.34401542564059645,0.5291631558834535,1,Interleaved
819,19,0,0.908624227299001,0.4669648005457573,1,Interleaved
820,20,0,0.28142436672577575,0.6574031057897916,1,Interleaved
821,21,0,0.7351962181917452,0.5810288927082607,1,Interleaved
822,22,0,0.32010630783001426,0.4412983554971258,1,Interleaved
823,23,0,0.8953159668596642,0.4785626682741848,1,Interleaved
824,24,0,0.4060228553258508,0.5733784062819189,1,Interleaved
825,25,0,0.3483563370129518,0.5947307262135104,1,Interleaved
826,26,0,0.6897644869740247,0.4104416658361364,1,Interleaved
827,27,0,0.4222420210903991,0.5995766916036125,1,Interleaved
828,28,0,0.5033673001653645,0.4884585922825666,1,Interleaved
829,29,0,0.2993069786594852,0.62820600664604,1,Interleaved
830,30,0,0.45055038711227036,0.7014011417885517,1,Interleaved
831,31,0,0.8759633113553522,0.5035832174535978,1,Interleaved
832,32,0,0.7319898162449061,0.5552279973828628,1,Interleaved
833,33,0,0.7791771085318697,0.5029946861046733,1,Interleaved
834,34,0,0.4955725220430192,0.5288750790915466,1,Interleaved
835,35,0,0.32455028080418935,0.5081186563828576,1,Interleaved
836,36,0,0.5946555036847925,0.4405949137921487,1,Interleaved
837,37,0,0.14413664696264455,0.5056980431102245,1,Interleaved
838,38,0,0.7080593554707368,0.3456474653122047,1,Interleaved
839,39,0,0.8011740753770678,0.5736518399287767,1,Interleaved
840,40,0,0.6443019112402549,0.5324143222338718,1,Interleaved
841,41,0,0.5879182500583284,0.6769242711774799,1,Interleaved
842,42,0,0.6189313902770386,0.3652783558722441,1,Interleaved
843,43,0,0.5962527233573608,0.4686554594437834,1,Interleaved
844,44,0,0.8050385844942658,0.6083660306790857,1,Interleaved
845,45,0,0.8048338957095347,0.3904471402453256,1,Interleaved
846,46,0,0.49458495297672117,0.4808933256804542,1,Interleaved
847,47,0,0.6451445367791723,0.42782100083467434,1,Interleaved
848,48,0,0.15992731916675829,0.5486456755224833,1,Interleaved
849,49,0,0.32222524143895814,0.3899038397069251,1,Interleaved
850,50,0,0.6969937157410715,0.454967004659673,1,Interleaved
851,51,0,0.7449135601399015,0.5781297251778856,1,Interleaved
852,52,0,0.5067349190577584,0.5751576966735588,1,Interleaved
853,53,0,0.5862218551069476,0.4212828224083237,1,Interleaved
854,54,0,0.4073298123692959,0.5627610535751819,1,Interleaved
855,55,0,0.6262330468050366,0.41053007700745825,1,Interleaved
856,56,0,0.749474416092718,0.44386460358663854,1,Interleaved
857,57,0,0.4230342559695264,0.4618341585295359,1,Interleaved
858,58,0,0.6029133148468588,0.49361517221887224,1,Interleaved
859,59,0,0.45844603135552,0.3732056184789819,1,Interleaved
860,60,0,0.6076749857657475,0.4548093996151311,1,Interleaved
861,61,0,0.47095365398911776,0.43131005618331997,1,Interleaved
862,62,0,0.42532738258617864,0.5213145226609122,1,Interleaved
863,63,0,0.8730070211534319,0.4812027639402525,1,Interleaved
864,64,0,0.33424411466583515,0.5316295368718464,1,Interleaved
865,65,0,0.5640067162647093,0.5344155556151321,1,Interleaved
866,66,0,0.5117888668435383,0.4755605647318295,1,Interleaved
867,67,0,0.7912536207843326,0.45619843496212475,1,Interleaved
868,68,0,0.49986734988150133,0.42971061198338284,1,Interleaved
869,69,0,0.8501812094444625,0.44571159864449483,1,Interleaved
870,70,0,0.5587209751678601,0.4423300663261699,1,Interleaved
871,71,0,0.7830902706008347,0.5006551693642578,1,Interleaved
872,72,0,0.5548983929993974,0.5193120265702059,1,Interleaved
873,73,0,0.7514568399608776,0.32256545281451265,1,Interleaved
874,74,0,0.9274371350370921,0.6101156876456054,1,Interleaved
875,75,0,0.6081766394471991,0.4223424903471409,1,Interleaved
876,76,0,0.751139814974928,0.4132936008116336,1,Interleaved
877,77,0,0.347492098254354,0.567570199501666,1,Interleaved
878,78,0,0.5009721490007596,0.40470833343323576,1,Interleaved
879,79,0,0.8941036173564444,0.5556386574485623,1,Interleaved
880,80,0,0.5058345914682059,0.5347067868082812,1,Interleaved
881,81,0,0.0467922302556657,0.41709903803045867,1,Interleaved
882,82,0,0.24982864779004743,0.44728288595215415,1,Interleaved
883,83,0,0.8966760536203233,0.44912705736485414,1,Interleaved
884,84,0,0.6169498377794125,0.4931639231246763,1,Interleaved
885,85,0,0.7051568502922763,0.37340623146456037,1,Interleaved
886,86,0,0.6227640283994152,0.6846816089676471,1,Interleaved
887,87,0,0.41083803556714454,0.542690483212011,1,Interleaved
888,88,0,0.7439471146566172,0.49416994472865755,1,Interleaved
889,89,0,0.6131604330245359,0.5111566902075508,1,Interleaved
890,90,0,0.8737292806992563,0.36849924238974463,1,Interleaved
891,91,0,0.7252835533465529,0.3358586036783676,1,Interleaved
892,92,0,0.9120129832477312,0.5109307555861367,1,Interleaved
893,93,0,0.6316941809674415,0.49073360907119384,1,Interleaved
894,94,0,0.5047288575780001,0.36223277986034,1,Interleaved
895,95,0,0.16784447086459017,0.766100081896105,1,Interleaved
896,96,0,0.6956907247904507,0.5226936182568596,1,Interleaved
897,97,0,0.9336872959130321,0.47778342482465874,1,Interleaved
898,98,0,0.707521865866461,0.3977673656000581,1,Interleaved
899,99,0,0.5578681937270683,0.5399520366366154,1,Interleaved
900,100,0,0.6575517584861932,0.6076043295493564,1,Interleaved
901,101,0,0.6512075249779399,0.4561217741211192,1,Interleaved
902,102,0,0.41889951769183065,0.5365062960980597,1,Interleaved
903,103,0,0.22190561020153804,0.47038047805200256,1,Interleaved
904,104,0,0.7333993943207988,0.5010168225918235,1,Interleaved
905,105,0,0.5135015777461425,0.4478225348954167,1,Interleaved
906,106,0,0.5184016535738469,0.45512967658098913,1,Interleaved
907,107,0,0.5373269356146689,0.6956058999692298,1,Interleaved
908,108,0,0.4110036047349587,0.49129792674555717,1,Interleaved
909,109,0,0.11510737179181738,0.5236108372474713,1,Interleaved
910,110,0,0.5357445958652052,0.5643158995882679,1,Interleaved
911,111,0,0.5521361826434035,0.4079145161866209,1,Interleaved
912,112,0,0.33322804617769586,0.5614199567669071,1,Interleaved
913,113,0,0.7868386092918993,0.5891242638677876,1,Interleaved
914,114,0,0.5245635861901522,0.6142296286759661,1,Interleaved
915,115,0,0.920871915740783,0.6174638230664027,1,Interleaved
916,116,0,0.5792518437518822,0.46500565123271964,1,Interleaved
917,117,0,0.8334735587042448,0.4781378563725586,1,Interleaved
918,118,0,0.6463247152531265,0.474505858678544,1,Interleaved
919,119,0,0.3367398350050327,0.4134375848297084,1,Interleaved
920,120,0,0.6990332551980091,0.647055737161726,1,Interleaved
921,121,0,0.34305687599179985,0.3725689459357897,1,Interleaved
922,122,0,0.5464148845577247,0.5918195683494633,1,Interleaved
923,123,0,0.9548751859870814,0.5295358788587328,1,Interleaved
924,124,0,0.4115555938613781,0.49158689871440375,1,Interleaved
925,125,0,0.5186020139477172,0.6454548795040831,1,Interleaved
926,126,0,0.5188744647406525,0.5113918733260974,1,Interleaved
927,127,0,0.7564477183889606,0.40621197530765746,1,Interleaved
928,128,0,0.838305725531133,0.4594088296487401,1,Interleaved
929,129,0,0.23828889626818142,0.44482228398912793,1,Interleaved
930,130,0,0.7772883993298023,0.3912106849775999,1,Interleaved
931,131,0,0.4680645865964078,0.526717949615195,1,Interleaved
932,132,0,0.7009233893705953,0.5214298168784385,1,Interleaved
933,133,0,0.9693863605057134,0.38613062242369695,1,Interleaved
934,134,0,0.7868420002213434,0.5692755556827397,1,Interleaved
935,135,0,0.633037927155375,0.4154059473195166,1,Interleaved
936,136,0,0.7298150019899181,0.5911566178948302,1,Interleaved
937,137,0,0.9244803373057954,0.4091490129871084,1,Interleaved
938,138,0,0.4537057624695144,0.42984082931126366,1,Interleaved
939,139,0,0.21394139123094325,0.5569532431706733,1,Interleaved
940,140,0,0.7546237360998087,0.5441668722863597,1,Interleaved
941,141,0,0.301181547048333,0.5324234004880862,1,Interleaved
942,142,0,0.7604544696244371,0.3782334825711038,1,Interleaved
943,143,0,0.09109546954727758,0.48755722535226,1,Interleaved
944,144,0,0.3535939138216454,0.5385134076154121,1,Interleaved
945,145,0,0.8330556285282439,0.4713378170374923,1,Interleaved
946,146,0,0.5778639950285934,0.5552078482287914,1,Interleaved
947,147,0,0.5081321418409621,0.5709712046707678,1,Interleaved
948,148,0,0.6463979783528355,0.39448267849589086,1,Interleaved
949,149,0,0.32664251031636526,0.451528674251616,1,Interleaved
950,150,0,0.6577159229662395,0.47908885186189465,1,Interleaved
951,151,0,0.6495105182047094,0.3153074978459237,1,Interleaved
952,152,0,0.5099381254579249,0.4560402207696745,1,Interleaved
953,153,0,0.7201894824547944,0.4167592700259102,1,Interleaved
954,154,0,0.2826315103981533,0.3756342137169476,1,Interleaved
955,155,0,0.742038164953533,0.37464922336201323,1,Interleaved
956,156,0,0.7596541391220585,0.3694223896399228,1,Interleaved
957,157,0,0.48571256552229997,0.4468243545652666,1,Interleaved
958,158,0,0.2715510725117296,0.753628184723667,1,Interleaved
959,159,0,0.3397251193322597,0.5447226825912035,1,Interleaved
960,160,0,0.6691948940850982,0.6962066004826573,1,Interleaved
961,161,0,0.8854512554038436,0.3962833842540338,1,Interleaved
962,162,0,0.5712530193735208,0.4386377935454079,1,Interleaved
963,163,0,0.9126826301245046,0.4366994624364091,1,Interleaved
964,164,0,0.2549091216653392,0.6073221583398554,1,Interleaved
965,165,0,0.8968836445417431,0.308183808393958,1,Interleaved
966,166,0,0.38953201426689504,0.6852305558417143,1,Interleaved
967,167,0,0.4780519128059342,0.35901953309293244,1,Interleaved
968,168,0,0.6523068439165264,0.4651548369029026,1,Interleaved
969,169,0,0.6969801749353818,0.3405297480965056,1,Interleaved
970,170,0,0.36020090363410334,0.4823740669906771,1,Interleaved
971,171,0,0.9850001072463312,0.5196261785778453,1,Interleaved
972,172,0,0.788743477257857,0.5010026191246884,1,Interleaved
973,173,0,0.6746535057240979,0.4477959574258112,1,Interleaved
974,174,0,0.8042879266155247,0.37966177089523145,1,Interleaved
975,175,0,0.8191586542149314,0.37599959597234767,1,Interleaved
976,176,0,0.6024783402388973,0.4958386175482663,1,Interleaved
977,177,0,0.8968855040700543,0.4650239704338732,1,Interleaved
978,178,0,0.46485285246509384,0.43856839648839163,1,Interleaved
979,179,0,0.8013226453253949,0.46051935284558626,1,Interleaved
980,180,0,0.8675753601424485,0.33254699286193173,1,Interleaved
981,181,0,0.37610814356066785,0.6197298389008397,1,Interleaved
982,182,0,0.7836874421883675,0.3641718879758203,1,Interleaved
983,183,0,0.23998861646770203,0.5102575955044921,1,Interleaved
984,184,0,0.5455804851827288,0.5036721256935096,1,Interleaved
985,185,0,0.23237891370839775,0.45208879337290175,1,Interleaved
986,186,0,0.39438122738920967,0.44902439955415685,1,Interleaved
987,187,0,0.8511449068934926,0.40331501561833283,1,Interleaved
988,188,0,0.627587604393827,0.443609624983605,1,Interleaved
989,189,0,0.5174337692782986,0.6155896785621232,1,Interleaved
990,190,0,0.9814477678293022,0.5575017734699388,1,Interleaved
991,191,0,0.27516186375039037,0.5042974425133548,1,Interleaved
992,192,0,0.03464284534766972,0.4676583180995166,1,Interleaved
993,193,0,0.6968991510382747,0.6245270570984867,1,Interleaved
994,194,0,0.5028129457691988,0.512278077735444,1,Interleaved
995,195,0,0.7123670056316803,0.4022363523771578,1,Interleaved
996,196,0,0.3578282954764371,0.5668022642256276,1,Interleaved
997,197,0,0.8323916187774189,0.4545222773589684,1,Interleaved
998,198,0,0.7280647639794784,0.4954320499814752,1,Interleaved
999,199,0,0.17500040172321826,0.5167698622081529,1,Interleaved
1000,0,0,0.14962121023385594,0.7226225192756068,1,Instructed
1001,1,0,0.6892088005538273,0.6060250954670813,1,Instructed
1002,2,0,0.12162107750007967,0.6574346476975449,1,Instructed
1003,3,0,0.6120656079609789,0.6449954854191937,1,Instructed
1004,4,0,0.5020433725123054,0.9209027334882811,1,Instructed
1005,5,0,0.5094437663847919,0.6889534361885984,1,Instructed
1006,6,0,0.24677254688339703,0.48224578571584176,1,Instructed
1007,7,0,0.614453068208921,0.5131952265386832,1,Instructed
1008,8,0,0.575508544380307,0.49653147381276524,1,Instructed
1009,9,0,0.6655662543430121,0.43782940997634157,1,Instructed
1010,10,0,0.9011574436212326,0.5135421643167548,1,Instructed
1011,11,0,0.5323006613647001,0.5769118440335809,1,Instructed
1012,12,0,0.9043214537465919,0.3898991113324472,1,Instructed
1013,13,0,0.8132265590437782,0.47442049569401157,1,Instructed
1014,14,0,0.11715937178550737,0.42852352773800273,1,Instructed
1015,15,0,0.34477087794143546,0.3951675263202252,1,Instructed
1016,16,0,0.5330806749799462,0.4453844778609748,1,Instructed
1017,17,0,0.488885813410456,0.4746358509461603,1,Instructed
1018,18,0,0.49378385826965154,0.36511825123284547,1,Instructed
1019,19,0,0.4988472902155191,0.7718194810892112,1,Instructed
1020,20,0,0.31112586868443864,0.45947815168881334,1,Instructed
1021,21,0,0.7015407077297873,0.4346674455471762,1,Instructed
1022,22,0,0.33301638102859704,0.5659155341294514,1,Instructed
1023,23,0,0.5740445754025345,0.44292548032244794,1,Instructed
1024,24,0,0.8945879642290235,0.339539354263838,1,Instructed
1025,25,0,0.5787643732521977,0.3494372267110637,1,Instructed
1026,26,0,0.9268266962579,0.3363666589927319,1,Instructed
1027,27,0,0.7139321820267899,0.4025115669012521,1,Instructed
1028,28,0,0.9569025100205479,0.42022902949140173,1,Instructed
1029,29,0,0.46397276866314363,0.44581651610691686,1,Instructed
1030,30,0,0.34320923916832824,0.6030930057800072,1,Instructed
1031,31,0,0.20405633949260582,0.393893614441875,1,Instructed
1032,32,0,0.36485378763519116,0.45762127775993955,1,Instructed
1033,33,0,0.755603808587616,0.47680405380236635,1,Instructed
1034,34,0,0.7688374469657776,0.3599833020302492,1,Instructed
1035,35,0,0.5949286092636528,0.4098606217870627,1,Instructed
1036,36,0,0.43723272916491374,0.42648747259630915,1,Instructed
1037,37,0,0.5531834999810055,0.5425819233419388,1,Instructed
1038,38,0,0.6509167756993869,0.4380667231097476,1,Instructed
1039,39,0,0.4453546025683476,0.5203993281191416,1,Instructed
1040,40,0,0.994183426901005,0.5762645789260197,1,Instructed
1041,41,0,0.42598245753983094,0.4491519334728222,1,Instructed
1042,42,0,0.8252777955567298,0.37200886873832384,1,Instructed
1043,43,0,0.2680920513945609,0.4670203634621659,1,Instructed
1044,44,0,0.9284230525267562,0.4854117569183001,1,Instructed
1045,45,0,0.7666517611444137,0.4383082427177332,1,Instructed
1046,46,0,0.11634759629546515,0.4250746871433862,1,Instructed
1047,47,0,0.3870338487575954,0.5872972738010052,1,Instructed
1048,48,0,0.8326080533729412,0.4350742710904046,1,Instructed
1049,49,0,0.39141977882807505,0.4211430008201696,1,Instructed
1050,50,0,0.19369138934089236,0.5935217887073211,1,Instructed
1051,51,0,0.46950379313046486,0.38571762196259995,1,Instructed
1052,52,0,0.9609030137643888,0.4431080578274308,1,Instructed
1053,53,0,0.9004050613751687,0.3407413262008723,1,Instructed
1054,54,0,0.5265708359009325,0.3453646909736412,1,Instructed
1055,55,0,0.7375262068873472,0.3945094872838475,1,Instructed
1056,56,0,0.8374184920281948,0.40232594793930865,1,Instructed
1057,57,0,0.7695866707229349,0.30958457376843634,1,Instructed
1058,58,0,0.632792208870209,0.3518893855705677,1,Instructed
1059,59,0,0.26431356377435955,0.5316847834402821,1,Instructed
1060,60,0,0.6373530535654472,0.45475304455116056,1,Instructed
1061,61,0,0.10325127892698094,0.4643282242128286,1,Instructed
1062,62,0,0.8941503998544793,0.4341125633024303,1,Instructed
1063,63,0,0.4915821974710629,0.34690567966632246,1,Instructed
1064,64,0,0.18736314223220993,0.5025447466026589,1,Instructed
1065,65,0,0.06783863369968467,0.5374774017164761,1,Instructed
1066,66,0,0.8777367433800118,0.3862411199425362,1,Instructed
1067,67,0,0.7377286465028963,0.4574115928680367,1,Instructed
1068,68,0,0.9208371231686387,0.42371016376149495,1,Instructed
1069,69,0,0.9121607322665671,0.39031526868106114,1,Instructed
1070,70,0,0.7197356350983303,0.31138157735057886,1,Instructed
1071,71,0,0.5375557611994011,0.46850737083792904,1,Instructed
1072,72,0,0.4193715764515137,0.43129768799458185,1,Instructed
1073,73,0,0.2707490652553175,0.4127285832439921,1,Instructed
1074,74,0,0.3257896431162634,0.4503679805217523,1,Instructed
1075,75,0,0.40192580140945844,0.4218539903192111,1,Instructed
1076,76,0,0.5447126092101888,0.41343497385194405,1,Instructed
1077,77,0,0.6088220146636654,0.45568278099650583,1,Instructed
1078,78,0,0.914562529232689,0.43331684587768976,1,Instructed
1079,79,0,0.27738494913528006,0.42594112549790086,1,Instructed
1080,80,0,0.5701991466022753,0.5296741767477207,1,Instructed
1081,81,0,0.49858011659871937,0.3098925064072728,1,Instructed
1082,82,0,0.08598326725800153,0.5433716079565748,1,Instructed
1083,83,0,0.2962526760165505,0.5578057345930418,1,Instructed
1084,84,0,0.5862790410865732,0.5047612625720186,1,Instructed
1085,85,0,0.42433451147116785,0.468272159476808,1,Instructed
1086,86,0,0.5982637209491025,0.3986456617531078,1,Instructed
1087,87,0,0.2724245064543326,0.46880043045991016,1,Instructed
1088,88,0,0.22806319809155112,0.46760365656058367,1,Instructed
1089,89,0,0.5913042619333349,0.30890982973415226,1,Instructed
1090,90,0,0.03751080853170917,0.52639258936397,1,Instructed
1091,91,0,0.4163904562348431,0.4081947543270537,1,Instructed
1092,92,0,0.9136457954353958,0.3784809151708056,1,Instructed
1093,93,0,0.20144552549633535,0.45760856513707054,1,Instructed
1094,94,0,0.9972765163438727,0.5467654481457979,1,Instructed
1095,95,0,0.8247091671735327,0.3441233634340738,1,Instructed
1096,96,0,0.4907963340758602,0.2867827361676439,1,Instructed
1097,97,0,0.42710418528010685,0.3353110660324159,1,Instructed
1098,98,0,0.5308818995760569,0.446553378134226,1,Instructed
1099,99,0,0.4782811678930318,0.5500519661689275,1,Instructed
1100,100,0,0.9584620641876658,0.504914943737415,1,Instructed
1101,101,0,0.4301391492430898,0.5916787842297838,1,Instructed
1102,102,0,0.4442948089080244,0.5498174864155749,1,Instructed
1103,103,0,0.6031650877832558,0.36964888919503636,1,Instructed
1104,104,0,0.9470228266947182,0.3683775326490263,1,Instructed
1105,105,0,0.30942311671079586,0.38779661469951593,1,Instructed
1106,106,0,0.8043404258401279,0.2766772060717867,1,Instructed
1107,107,0,0.4869188519987989,0.35883520424205007,1,Instructed
1108,108,0,0.2677730978721781,0.4033742398958947,1,Instructed
1109,109,0,0.23309336239231038,0.3927562472081055,1,Instructed
1110,110,0,0.7360567174845729,0.5736726289403294,1,Instructed
1111,111,0,0.49357021373326837,0.4682216355566366,1,Instructed
1112,112,0,0.9478604013951331,0.42187466798284806,1,Instructed
1113,113,0,0.7131019919623502,0.393246791329794,1,Instructed
1114,114,0,0.23573749945927963,0.5060342225116347,1,Instructed
1115,115,0,0.46278680434337194,0.327255748231288,1,Instructed
1116,116,0,0.058794347054789996,0.43562075135376904,1,Instructed
1117,117,0,0.6239479132828113,0.42352387953801385,1,Instructed
1118,118,0,0.5595405695314215,0.29845495201038474,1,Instructed
1119,119,0,0.17059589712140633,0.5546115814203567,1,Instructed
1120,120,0,0.24068718090244387,0.3105597580682612,1,Instructed
1121,121,0,0.6387030545068042,0.33688367875986747,1,Instructed
1122,122,0,0.5486928737645591,0.3727305722333848,1,Instructed
1123,123,0,0.16542236569355329,0.4829536969119361,1,Instructed
1124,124,0,0.6333936273347391,0.4295552616797199,1,Instructed
1125,125,0,0.4853917966907203,0.5475281132824374,1,Instructed
1126,126,0,0.9271116438177098,0.44230960216411924,1,Instructed
1127,127,0,0.6235671517426085,0.5277671314553601,1,Instructed
1128,128,0,0.6725417685633897,0.42153726204153896,1,Instructed
1129,129,0,0.29344952252698175,0.5552836782569576,1,Instructed
1130,130,0,0.31501814862702743,0.5187161366984716,1,Instructed
1131,131,0,0.4249777736720939,0.47702281485173526,1,Instructed
1132,132,0,0.3560776457992386,0.4300478928100103,1,Instructed
1133,133,0,0.47506884495104673,0.3202572369678709,1,Instructed
1134,134,0,0.7235840067876316,0.3949888682930526,1,Instructed
1135,135,0,0.3405983993762296,0.5532271670772572,1,Instructed
1136,136,0,0.12361507656354585,0.6435724907737564,1,Instructed
1137,137,0,0.3711926752195606,0.3508207279695289,1,Instructed
1138,138,0,0.43289640986274974,0.9181523590992591,1,Instructed
1139,139,0,0.6001357700729693,0.41306799431653374,1,Instructed
1140,140,0,0.6470735686670773,0.4335728243279362,1,Instructed
1141,141,0,0.5933358416546608,0.40582800607921066,1,Instructed
1142,142,0,0.771468945255361,0.5466314359006488,1,Instructed
1143,143,0,0.3229012574865838,0.5511945274035402,1,Instructed
1144,144,0,0.33981692684726056,0.6438931220189722,1,Instructed
1145,145,0,0.8890268886097293,0.428677104718315,1,Instructed
1146,146,0,0.4325023122356113,0.40616318695586884,1,Instructed
1147,147,0,0.24719355227310058,0.4598049228100416,1,Instructed
1148,148,0,0.42657945553874477,0.4065473370847342,1,Instructed
1149,149,0,0.6965300826300059,0.3464702507429592,1,Instructed
1150,150,0,0.8323421390726908,0.5568442637819853,1,Instructed
1151,151,0,0.45588391230735537,0.5133959863193054,1,Instructed
1152,152,0,0.7478686855953331,0.5480205942552742,1,Instructed
1153,153,0,0.19860530879379698,0.36840025224885314,1,Instructed
1154,154,0,0.3785366782430822,0.5672845376838972,1,Instructed
1155,155,0,0.5452262089552626,0.4632718045278732,1,Instructed
1156,156,0,0.3615794909396823,0.4868889558993338,1,Instructed
1157,157,0,0.8780041568205696,0.3546741539881486,1,Instructed
1158,158,0,0.6499327063812484,0.34975593375793257,1,Instructed
1159,159,0,0.13873984294324554,0.5099428928028631,1,Instructed
1160,160,0,0.6711910783554337,0.3349136659069687,1,Instructed
1161,161,0,0.49306229011289615,0.36901931604152916,1,Instructed
1162,162,0,0.5009029466613104,0.4197417219081034,1,Instructed
1163,163,0,0.8704289210138413,0.43094470316934824,1,Instructed
1164,164,0,0.8281053433931256,0.5324275401219536,1,Instructed
1165,165,0,0.27451729120737545,0.567217082799861,1,Instructed
1166,166,0,0.2766823314113042,0.38946800103178475,1,Instructed
1167,167,0,0.5225250050178329,0.3716856801210354,1,Instructed
1168,168,0,0.7090618370823976,0.4818091910206843,1,Instructed
1169,169,0,0.212581600136811,0.48981890726187033,1,Instructed
1170,170,0,0.3108862384844191,0.4822705464224027,1,Instructed
1171,171,0,0.3964055669892549,0.39622128317675487,1,Instructed
1172,172,0,0.7569064128812231,0.3535866749758558,1,Instructed
1173,173,0,0.13451258052938614,0.5080238048977881,1,Instructed
1174,174,0,0.567913391295489,0.4468476608386577,1,Instructed
1175,175,0,0.6883723819025328,0.42943723600284855,1,Instructed
1176,176,0,0.09369014940990208,0.5048003597221322,1,Instructed
1177,177,0,0.2292428642777691,0.41697358139612317,1,Instructed
1178,178,0,0.43719593771744064,0.4957536132713474,1,Instructed
1179,179,0,0.9454560078312231,0.4710818041420942,1,Instructed
1180,180,0,0.40770860736381154,0.3591431236441833,1,Instructed
1181,181,0,0.45908778872265715,0.4362543039078455,1,Instructed
1182,182,0,0.8685311358133441,0.3706838524583826,1,Instructed
1183,183,0,0.17078560856714006,0.4873143856115986,1,Instructed
1184,184,0,0.6653857023959546,0.5349714946988766,1,Instructed
1185,185,0,0.40304101549276405,0.40616600974889716,1,Instructed
1186,186,0,0.446466376250961,0.4616552143396879,1,Instructed
1187,187,0,0.5319678026660888,0.5848675291065483,1,Instructed
1188,188,0,0.5861811481220672,0.6558235691639982,1,Instructed
1189,189,0,0.830830495073483,0.294977461880356,1,Instructed
1190,190,0,0.3239262455439662,0.5997551690733854,1,Instructed
1191,191,0,0.3947978228301229,0.4494879619092801,1,Instructed
1192,192,0,0.7100606001942646,0.35320710779237396,1,Instructed
1193,193,0,0.7279031728283674,0.36081403248990984,1,Instructed
1194,194,0,0.21748079550666655,0.33451569749178056,1,Instructed
1195,195,0,0.5719016654241894,0.4414064241713973,1,Instructed
1196,196,0,0.4651391834295074,0.4949666425134812,1,Instructed
1197,197,0,0.3907819056153244,0.3352680662571804,1,Instructed
1198,198,0,0.5785743014405043,0.359833208288952,1,Instructed
1199,199,0,0.7902443494197043,0.47719553073711646,1,Instructed
