,t,e_hat,Accuracy,pe,batch,Condition
0,0,0,0.499867688260955,1.0504910593278778,0,Blocked
1,1,0,0.584442190610452,0.9179966272427522,0,Blocked
2,2,0,0.545997557166594,0.691915201733475,0,Blocked
3,3,0,0.5743378519956718,0.6037239613472339,0,Blocked
4,4,0,0.47619211874535106,0.6949973913022784,0,Blocked
5,5,0,0.35607246418362015,0.5411360347715262,0,Blocked
6,6,0,0.2921069058591979,0.7093428141036271,0,Blocked
7,7,0,0.48658752923505316,0.6145085290247068,0,Blocked
8,8,0,0.4994231005756678,0.7382187064611294,0,Blocked
9,9,0,0.5026587375606892,0.5887916763250373,0,Blocked
10,10,0,0.4298859196034566,0.8895961525868593,0,Blocked
11,11,0,0.4707413346716558,0.5340240577846165,0,Blocked
12,12,0,0.34500188374081986,0.5332443740515009,0,Blocked
13,13,0,0.6296257998990687,0.6617440282996072,0,Blocked
14,14,0,0.5086198303790926,0.7047372223459057,0,Blocked
15,15,0,0.5179157731756175,0.5513136880918998,0,Blocked
16,16,0,0.30354711239679466,0.718007937227545,0,Blocked
17,17,0,0.08936441619270141,0.6574968827401124,0,Blocked
18,18,0,0.31588380690633183,0.7383555431277835,0,Blocked
19,19,0,0.12924081115459285,0.7347780832464308,0,Blocked
20,20,0,0.931937736512273,0.5319120383788749,0,Blocked
21,21,0,0.34208811401447997,0.45851787413714873,0,Blocked
22,22,0,0.4531513215738367,0.7273501923902139,0,Blocked
23,23,0,0.5780542940697018,0.5231419334704197,0,Blocked
24,24,0,0.7094774594590005,0.6087635276094394,0,Blocked
25,25,0,0.18888967211108373,0.4509228900326318,0,Blocked
26,26,0,0.11237694391603469,0.824240089774328,0,Blocked
27,27,0,0.5961448855640417,0.5600756503465422,0,Blocked
28,28,0,0.7352173663718606,0.7040553560373828,0,Blocked
29,29,0,0.16372240508418281,0.5557690251250627,0,Blocked
30,30,0,0.34802521860550006,0.587418909993102,0,Blocked
31,31,0,0.5422823211701717,0.513536417648728,0,Blocked
32,32,0,0.46008611954261097,0.7118769924842561,0,Blocked
33,33,0,0.593549060402263,0.5819539951124002,0,Blocked
34,34,0,0.5396881349235291,0.48081513794172975,0,Blocked
35,35,0,0.44759265787890573,0.5404657842932408,0,Blocked
36,36,0,0.4267982996061983,0.5581923015025109,0,Blocked
37,37,0,0.5414294876034583,0.5333664781110872,0,Blocked
38,38,0,0.5317156474112195,0.7064690228384674,0,Blocked
39,39,0,0.3493852405683522,0.7053057786610268,0,Blocked
40,40,0,0.8875549588764469,0.6549921829810101,0,Blocked
41,41,0,0.029505140227100095,0.5783641238596335,0,Blocked
42,42,0,0.9615577012025239,0.4567847683789096,0,Blocked
43,43,0,0.16237232064571078,0.4381618464995678,0,Blocked
44,44,0,0.8475384511342587,0.5414180418822686,0,Blocked
45,45,0,0.11235358706903831,0.691242495559352,0,Blocked
46,46,0,0.8568545802048249,0.6287773547549167,0,Blocked
47,47,0,0.17065484583321375,0.6663847379011396,0,Blocked
48,48,0,0.888977868247341,0.5785447881716343,0,Blocked
49,49,0,0.835722097097592,0.5655656901891147,0,Blocked
50,50,0,0.8371720387944035,0.597585517553082,0,Blocked
51,51,0,0.10592447350227972,0.8464682411312049,0,Blocked
52,52,0,0.6822730406301,0.47474442016031826,0,Blocked
53,53,0,0.6625819629551908,0.5587299891188101,0,Blocked
54,54,0,0.5647182277660645,0.5608702394968939,0,Blocked
55,55,0,0.8687356980129124,0.6034905229533408,0,Blocked
56,56,0,0.9329288856395939,0.564745381147433,0,Blocked
57,57,0,0.015019569354623093,0.6411870675812449,0,Blocked
58,58,0,0.015204082816307338,0.8816358842882384,0,Blocked
59,59,0,0.15709879365121454,0.6920393660719737,0,Blocked
60,60,0,0.2412794579802088,0.7929388972239981,0,Blocked
61,61,0,0.5477618706167922,0.5539110176020428,0,Blocked
62,62,0,0.08074836273471263,0.6065878248671744,0,Blocked
63,63,0,0.05966376640355389,0.7884559208418149,0,Blocked
64,64,0,0.7757011160660774,0.39607864896545475,0,Blocked
65,65,0,0.665094064626299,0.5812385765341926,0,Blocked
66,66,0,0.4951560755757531,0.6466579573551009,0,Blocked
67,67,0,0.9644469303741188,0.44697303956765144,0,Blocked
68,68,0,0.0025635025063538873,0.7561750842894914,0,Blocked
69,69,0,0.0063479671716249585,0.9167434754042723,0,Blocked
70,70,0,0.3653971698295141,0.7187032266838904,0,Blocked
71,71,0,0.17437921892309632,0.538702756144324,0,Blocked
72,72,0,0.7660190128565327,0.644929395061159,0,Blocked
73,73,0,0.7359788804065805,0.6899890339644437,0,Blocked
74,74,0,0.011461755751391628,0.8734997690349282,0,Blocked
75,75,0,0.9889376452680176,0.4329812425746453,0,Blocked
76,76,0,0.9224977363891811,0.6649597804899259,0,Blocked
77,77,0,0.18534810179201958,0.7225755496536512,0,Blocked
78,78,0,0.21908252602059536,0.4144147015837008,0,Blocked
79,79,0,0.881794393041855,0.7056092067928403,0,Blocked
80,80,0,0.5083124516411566,0.5501493090889228,0,Blocked
81,81,0,0.5006011724880369,0.6154863483551083,0,Blocked
82,82,0,0.48439129652459983,0.47551695663815136,0,Blocked
83,83,0,0.41983848687153286,0.7454511241075942,0,Blocked
84,84,0,0.39498860493272936,0.6189192391819947,0,Blocked
85,85,0,0.47437806435710633,0.522452906772143,0,Blocked
86,86,0,0.47351360205924375,0.6800336774259771,0,Blocked
87,87,0,0.5638425700437992,0.6135341011616464,0,Blocked
88,88,0,0.6118019999758926,0.5422166469090242,0,Blocked
89,89,0,0.3064312234241301,0.843210036354339,0,Blocked
90,90,0,0.6053787273620524,0.7221807531929578,0,Blocked
91,91,0,0.5421650779727654,0.5696869313494846,0,Blocked
92,92,0,0.45117664416591063,0.552174066654123,0,Blocked
93,93,0,0.42408810171401845,0.5849777573949837,0,Blocked
94,94,0,0.4535577958395399,0.6136678249910219,0,Blocked
95,95,0,0.44619187225089435,0.7238514386285777,0,Blocked
96,96,0,0.45980386160560704,0.5648407447403248,0,Blocked
97,97,0,0.6730458098880808,0.4146115574918855,0,Blocked
98,98,0,0.5483384268979259,0.7065307930205789,0,Blocked
99,99,0,0.4275209255073923,0.589041389415961,0,Blocked
100,100,0,0.5649290526330203,0.5180858297895661,0,Blocked
101,101,0,0.5931654751651336,0.6413039536144025,0,Blocked
102,102,0,0.3536919497863784,0.6445457389634098,0,Blocked
103,103,0,0.32603162749932596,0.5968747559990856,0,Blocked
104,104,0,0.5419878758529134,0.6316334051316017,0,Blocked
105,105,0,0.5020258491787347,0.6897461406691475,0,Blocked
106,106,0,0.5184141891476328,0.7301906897922764,0,Blocked
107,107,0,0.8328790128783966,0.6956797662908267,0,Blocked
108,108,0,0.9855928253544894,0.6396922076470452,0,Blocked
109,109,0,0.24555423225209633,0.7210980672086613,0,Blocked
110,110,0,0.8329194302752737,0.5676120839040508,0,Blocked
111,111,0,0.8755576846919124,0.525111606814003,0,Blocked
112,112,0,0.5091373475142419,0.7147557661048678,0,Blocked
113,113,0,0.5397447905658075,0.6307751353613262,0,Blocked
114,114,0,0.21041037440442936,0.7397281873044912,0,Blocked
115,115,0,0.24513824052371147,0.6612615577385101,0,Blocked
116,116,0,0.6406248134430803,0.553876191299005,0,Blocked
117,117,0,0.49475648793946553,0.4584211112559086,0,Blocked
118,118,0,0.5015706015772756,0.7999223390137855,0,Blocked
119,119,0,0.5618450091501399,0.6064005206101502,0,Blocked
120,120,0,0.46646754678764757,0.6489865578719125,0,Blocked
121,121,0,0.4472412602063538,0.6620460449458787,0,Blocked
122,122,0,0.9268400316323206,0.513335234553802,0,Blocked
123,123,0,0.02100226544746732,0.7355807738524132,0,Blocked
124,124,0,0.9191728926784746,0.46802586150471803,0,Blocked
125,125,0,0.9567186664311422,0.5449208055867174,0,Blocked
126,126,0,0.2949204323969281,0.715035988817559,0,Blocked
127,127,0,0.7038411717473332,0.46211163556804546,0,Blocked
128,128,0,0.41516248954420243,0.7385501414368283,0,Blocked
129,129,0,0.4282984747789023,0.5255774836504915,0,Blocked
130,130,0,0.5352942322183215,0.5660202823018602,0,Blocked
131,131,0,0.34111535922414965,0.4729096912789622,0,Blocked
132,132,0,0.036200934980841294,0.6701738454001835,0,Blocked
133,133,0,0.9363886530733574,0.5201451569086305,0,Blocked
134,134,0,0.8146655687629989,0.4632826951422081,0,Blocked
135,135,0,0.77834283021609,0.589601062922422,0,Blocked
136,136,0,0.1147710148314244,0.6104379881079234,0,Blocked
137,137,0,0.07335953550370836,0.7436787139707486,0,Blocked
138,138,0,0.8378371229357198,0.5964246673808692,0,Blocked
139,139,0,0.3994908976571754,0.5919298500742161,0,Blocked
140,140,0,0.597036796089511,0.9457466753280652,0,Blocked
141,141,0,0.5732909102552826,0.6955816984156831,0,Blocked
142,142,0,0.08912576216630061,0.6664565843280776,0,Blocked
143,143,0,0.9940140905215485,0.6074305817712438,0,Blocked
144,144,0,0.9925849048394302,0.5294486799124057,0,Blocked
145,145,0,0.943999463809079,0.6232813687690262,0,Blocked
146,146,0,0.15976505048657158,0.6730575043171636,0,Blocked
147,147,0,0.12137205291526124,0.7690311619205237,0,Blocked
148,148,0,0.22585671664991602,0.561077309242139,0,Blocked
149,149,0,0.6729725069710254,0.5992723696007498,0,Blocked
150,150,0,0.2838631027879399,0.44488810475217366,0,Blocked
151,151,0,0.1581772782322426,0.6694486630252366,0,Blocked
152,152,0,0.14667780800782315,0.7383022378351837,0,Blocked
153,153,0,0.786186448027026,0.40981885567766135,0,Blocked
154,154,0,0.5011977298508109,0.5803676109856065,0,Blocked
155,155,0,0.5127517510313361,0.8490653946600017,0,Blocked
156,156,0,0.8837413075087531,0.686844634186053,0,Blocked
157,157,0,0.9718613248956895,0.5279205477276303,0,Blocked
158,158,0,0.8337365474617061,0.7249895649586633,0,Blocked
159,159,0,0.163623216421894,0.6499836358884081,0,Blocked
160,160,0,0.038643229359274764,0.5500397030229774,0,Blocked
161,161,0,0.02950713325309362,0.675668409572623,0,Blocked
162,162,0,0.8957583630990236,0.5196073577410576,0,Blocked
163,163,0,0.1974280732587443,0.7118131071446876,0,Blocked
164,164,0,0.2181409903325361,0.6364449582774185,0,Blocked
165,165,0,0.6806634354068682,0.6112602384182463,0,Blocked
166,166,0,0.573220448325989,0.5914810346026288,0,Blocked
167,167,0,0.1564697599828738,0.7171399994272698,0,Blocked
168,168,0,0.6153051427797094,0.5584739687938274,0,Blocked
169,169,0,0.6260955889681173,0.513712841253578,0,Blocked
170,170,0,0.45583988852311164,0.6676983605686451,0,Blocked
171,171,0,0.4984714760049728,0.6733227061741989,0,Blocked
172,172,0,0.031676928801294336,0.7100982472827991,0,Blocked
173,173,0,0.312827927593283,0.7137709054710974,0,Blocked
174,174,0,0.2693880290206203,0.8274026536382191,0,Blocked
175,175,0,0.8785978591635575,0.3909820253987736,0,Blocked
176,176,0,0.49444653909011316,0.7270758777642805,0,Blocked
177,177,0,0.4843225570353247,0.578164981937114,0,Blocked
178,178,0,0.40795688848883327,0.5005544142317399,0,Blocked
179,179,0,0.46620116887982704,0.4795329268002134,0,Blocked
180,180,0,0.02526007182656979,0.9158194087208948,0,Blocked
181,181,0,0.9502716215681841,0.7561552390897266,0,Blocked
182,182,0,0.5802318631672094,0.5634667721043991,0,Blocked
183,183,0,0.7494410286084128,0.7610171483182603,0,Blocked
184,184,0,0.5907218261726146,0.6727043765757748,0,Blocked
185,185,0,0.9780620361628494,0.6316339977503337,0,Blocked
186,186,0,0.5264610058530013,0.6837561415900366,0,Blocked
187,187,0,0.6361504256215216,0.7150844108043244,0,Blocked
188,188,0,0.7668384813912812,0.5493528270337098,0,Blocked
189,189,0,0.5637588575864457,0.836874017324747,0,Blocked
190,190,0,0.6370577892397675,0.8111570455852748,0,Blocked
191,191,0,0.9627469247098304,0.5518519909720847,0,Blocked
192,192,0,0.008210584175942535,0.7523241254027484,0,Blocked
193,193,0,0.5085567201254784,0.7113780408959172,0,Blocked
194,194,0,0.7101965255017308,0.710499347446184,0,Blocked
195,195,0,0.7534911966382076,0.5806990804615495,0,Blocked
196,196,0,0.20290126599064634,0.5649442890683783,0,Blocked
197,197,0,0.3913870531492354,0.7581626416554923,0,Blocked
198,198,0,0.057396974889924596,0.7651178618363964,0,Blocked
199,199,0,0.09293744682553093,0.7003211242111204,0,Blocked
200,0,0,0.2004934078714922,0.8991605894024831,0,Interleaved
201,1,0,0.4994281826410134,0.9054935739916811,0,Interleaved
202,2,0,0.4901847830280128,0.5685169187578316,0,Interleaved
203,3,0,0.81146317506814,0.7495770522180099,0,Interleaved
204,4,0,0.4408827454310658,0.7806258439537797,0,Interleaved
205,5,0,0.4886367189635068,0.5497193145611154,0,Interleaved
206,6,0,0.033918651520951845,0.8793520970455099,0,Interleaved
207,7,0,0.5765304187736825,0.7332584045882149,0,Interleaved
208,8,0,0.5111511010218718,0.4577933408462834,0,Interleaved
209,9,0,0.9609788293720427,0.6064347623348733,0,Interleaved
210,10,0,0.5037582173481711,0.630932908846095,0,Interleaved
211,11,0,0.25443495896314244,0.7944157775705983,0,Interleaved
212,12,0,0.026621569164153265,0.7296066623934994,0,Interleaved
213,13,0,0.49274390192132006,0.5240883619640359,0,Interleaved
214,14,0,0.7468761656980181,0.6345062769054443,0,Interleaved
215,15,0,0.8354457922156279,0.48796792834511515,0,Interleaved
216,16,0,0.5621465556848362,0.5183470840919946,0,Interleaved
217,17,0,0.1379333418347975,0.5766145718521966,0,Interleaved
218,18,0,0.2352077064062229,0.5976629915746894,0,Interleaved
219,19,0,0.29586578756875215,0.5428641380486703,0,Interleaved
220,20,0,0.15997602597673324,0.458913894994926,0,Interleaved
221,21,0,0.7551590089660203,0.5107950907217187,0,Interleaved
222,22,0,0.5668731903244193,0.5212688938867742,0,Interleaved
223,23,0,0.7003874631364564,0.5453655631424386,0,Interleaved
224,24,0,0.9745699485266083,0.37156315646346194,0,Interleaved
225,25,0,0.3133324606554325,0.6161252258115553,0,Interleaved
226,26,0,0.27330216785186856,0.5223661717143652,0,Interleaved
227,27,0,0.3930021000108709,0.5920019871886355,0,Interleaved
228,28,0,0.3628263337646226,0.5240018438705123,0,Interleaved
229,29,0,0.29934994587803887,0.9093319713052712,0,Interleaved
230,30,0,0.07942943536971833,0.4516827693866866,0,Interleaved
231,31,0,0.5076689401662634,0.611767699544881,0,Interleaved
232,32,0,0.9429908116997456,0.3679645276915695,0,Interleaved
233,33,0,0.744958274315004,0.4804332848076238,0,Interleaved
234,34,0,0.43438116971930085,0.4855240552084469,0,Interleaved
235,35,0,0.7411415563134449,0.4597385068337648,0,Interleaved
236,36,0,0.31435943794539356,0.5415088598865403,0,Interleaved
237,37,0,0.974620888721466,0.35201340928333735,0,Interleaved
238,38,0,0.46334248083259655,0.5762920515829058,0,Interleaved
239,39,0,0.19158902881296788,0.4611562853055577,0,Interleaved
240,40,0,0.8821289822821596,0.59024013517764,0,Interleaved
241,41,0,0.6821874492768241,0.5349328213743031,0,Interleaved
242,42,0,0.5521801984497922,0.6168131339386101,0,Interleaved
243,43,0,0.991763504216324,0.6268910907237706,0,Interleaved
244,44,0,0.75946587599118,0.6343610006122767,0,Interleaved
245,45,0,0.4718911498223061,0.6593323968003426,0,Interleaved
246,46,0,0.9929534543023264,0.3713781428455749,0,Interleaved
247,47,0,0.5149923299525883,0.6228828417353955,0,Interleaved
248,48,0,0.08740688314572449,0.6927152400013998,0,Interleaved
249,49,0,0.1828425379322457,0.4591807959900783,0,Interleaved
250,50,0,0.3016607354873846,0.5594367197239039,0,Interleaved
251,51,0,0.2492717063723212,0.6474979898724107,0,Interleaved
252,52,0,0.252655918580862,0.5799939673507575,0,Interleaved
253,53,0,0.6236433230151369,0.49871094560527196,0,Interleaved
254,54,0,0.21591325593562086,0.5012943830676696,0,Interleaved
255,55,0,0.9049800927504392,0.5388750720039617,0,Interleaved
256,56,0,0.5901067409235343,0.5995513822419964,0,Interleaved
257,57,0,0.9800726803765147,0.9724950924851721,0,Interleaved
258,58,0,0.020437445072609167,0.5139657887082637,0,Interleaved
259,59,0,0.4844880929498766,0.6396257747098881,0,Interleaved
260,60,0,0.27519534601139817,0.5903827334955373,0,Interleaved
261,61,0,0.13974129258634485,0.5295908319549343,0,Interleaved
262,62,0,0.6658950365803521,0.586146384791333,0,Interleaved
263,63,0,0.5341189369563061,0.5889107883475083,0,Interleaved
264,64,0,0.9241313365067008,0.6640648801523379,0,Interleaved
265,65,0,0.31405221189491817,0.5708359136081742,0,Interleaved
266,66,0,0.828213434990799,0.6122061099866254,0,Interleaved
267,67,0,0.40469310963675004,0.5020425340983196,0,Interleaved
268,68,0,0.2393412613309073,0.6896020871940282,0,Interleaved
269,69,0,0.2915266233644337,0.43781843299183826,0,Interleaved
270,70,0,0.14223833114401283,0.7766403902030894,0,Interleaved
271,71,0,0.7779191453723846,0.5120308101603288,0,Interleaved
272,72,0,0.5771234810839153,0.6836771035340801,0,Interleaved
273,73,0,0.4959861205217898,0.5304122396866525,0,Interleaved
274,74,0,0.6155339209939186,0.5346715867590937,0,Interleaved
275,75,0,0.5104268116094447,0.6853159373506417,0,Interleaved
276,76,0,0.6913572914408971,0.6383521943798951,0,Interleaved
277,77,0,0.42797985383800363,0.7396923996677757,0,Interleaved
278,78,0,0.8878810244476387,0.4787533690347623,0,Interleaved
279,79,0,0.9271881048117879,0.6291562638527157,0,Interleaved
280,80,0,0.5385554356460758,0.6480044899812393,0,Interleaved
281,81,0,0.4372014209434165,0.4689860605666096,0,Interleaved
282,82,0,0.3070520791957287,0.5861979214143691,0,Interleaved
283,83,0,0.18299855503161372,0.6079864276381864,0,Interleaved
284,84,0,0.23837789394489162,0.6922934970638619,0,Interleaved
285,85,0,0.5059955176579725,0.7174753868059911,0,Interleaved
286,86,0,0.7470205488224528,0.5231829195270222,0,Interleaved
287,87,0,0.5040514303003913,0.4387513556425784,0,Interleaved
288,88,0,0.050531843472933755,0.8670292102265251,0,Interleaved
289,89,0,0.6375751958194492,0.7644071075266337,0,Interleaved
290,90,0,0.8324313236255677,0.49846650699463224,0,Interleaved
291,91,0,0.4786092821003479,0.7162122463007683,0,Interleaved
292,92,0,0.10963094780328715,0.42723807628904265,0,Interleaved
293,93,0,0.2526240003165484,0.3891007162982477,0,Interleaved
294,94,0,0.6411126277884169,0.5674249184979677,0,Interleaved
295,95,0,0.3082535814331409,0.5991832140995966,0,Interleaved
296,96,0,0.7599061636031688,0.5310986140035252,0,Interleaved
297,97,0,0.6406737898282668,0.523168733360953,0,Interleaved
298,98,0,0.566641954074021,0.6570933736960312,0,Interleaved
299,99,0,0.6964243676118159,0.5209166396557671,0,Interleaved
300,100,0,0.9440288236673351,0.4928431084964371,0,Interleaved
301,101,0,0.4709010247186938,0.537797343460398,0,Interleaved
302,102,0,0.9829366811943735,0.46616481544120236,0,Interleaved
303,103,0,0.5119969494547749,0.3983707718167367,0,Interleaved
304,104,0,0.895992283633316,0.4370394734585155,0,Interleaved
305,105,0,0.266520497486314,0.5943285015034403,0,Interleaved
306,106,0,0.8007617141385351,0.559411655290459,0,Interleaved
307,107,0,0.5034481285477813,0.7045548488774225,0,Interleaved
308,108,0,0.07349503057665417,0.6362633250931718,0,Interleaved
309,109,0,0.8521766590652959,0.4348195318862301,0,Interleaved
310,110,0,0.4781298912616692,0.6155528544853164,0,Interleaved
311,111,0,0.06001640638377119,0.7059020240808683,0,Interleaved
312,112,0,0.11186707390070283,0.6195468651410039,0,Interleaved
313,113,0,0.7012937916168718,0.5266018710080245,0,Interleaved
314,114,0,0.5624876605233207,0.47897233277975537,0,Interleaved
315,115,0,0.6809136325203584,0.466865676066061,0,Interleaved
316,116,0,0.8107377347258122,0.5996365409047909,0,Interleaved
317,117,0,0.6037152877565665,0.5188556109465435,0,Interleaved
318,118,0,0.1746925791651797,0.6211926444901272,0,Interleaved
319,119,0,0.22467469710594332,0.7297684405713838,0,Interleaved
320,120,0,0.7212434091150807,0.5221240602639106,0,Interleaved
321,121,0,0.8665027805058274,0.38941600720406566,0,Interleaved
322,122,0,0.4657146813861769,0.5908923590084613,0,Interleaved
323,123,0,0.7536558119319731,0.5152563139332322,0,Interleaved
324,124,0,0.7137440756296447,0.818548547630779,0,Interleaved
325,125,0,0.5268930656394286,0.5292570641220166,0,Interleaved
326,126,0,0.9704064640047028,0.6618989115915275,0,Interleaved
327,127,0,0.2022284846665578,0.5608796878052185,0,Interleaved
328,128,0,0.5619818877479129,0.6616833127028319,0,Interleaved
329,129,0,0.6933760024215956,0.5682574582497503,0,Interleaved
330,130,0,0.39602791937587245,0.6295168246168739,0,Interleaved
331,131,0,0.009744926090060727,0.5108994133218501,0,Interleaved
332,132,0,0.45150750338913226,0.8994515750187729,0,Interleaved
333,133,0,0.42741903491945654,0.4126905099342471,0,Interleaved
334,134,0,0.49421720278755105,0.705908162716131,0,Interleaved
335,135,0,0.5236668490048726,0.7147971469514983,0,Interleaved
336,136,0,0.09144610508716135,0.5127644802011602,0,Interleaved
337,137,0,0.6626806576567421,0.6987857193090606,0,Interleaved
338,138,0,0.6632347022138851,0.6669888731499416,0,Interleaved
339,139,0,0.6195681388633537,0.5224068196562643,0,Interleaved
340,140,0,0.4220897944743371,0.6312260806860845,0,Interleaved
341,141,0,0.4836930055555364,0.781294977395196,0,Interleaved
342,142,0,0.08364924745312827,0.5054583796709518,0,Interleaved
343,143,0,0.4952675388640543,0.5461964465346207,0,Interleaved
344,144,0,0.09881867554288484,0.603791070440773,0,Interleaved
345,145,0,0.884849165036184,0.6162350650903097,0,Interleaved
346,146,0,0.637036527178623,0.41808871347989573,0,Interleaved
347,147,0,0.9764883015920702,0.5317166422664871,0,Interleaved
348,148,0,0.5397565724540975,0.5822927462105046,0,Interleaved
349,149,0,0.8596914731051735,0.47030126273310724,0,Interleaved
350,150,0,0.10059586106488348,0.7097330834621518,0,Interleaved
351,151,0,0.258958017115311,0.6025717796774446,0,Interleaved
352,152,0,0.5795046630357888,0.6332722220847982,0,Interleaved
353,153,0,0.5061511607600054,0.5442716108373127,0,Interleaved
354,154,0,0.8535315191137014,0.5117094743648923,0,Interleaved
355,155,0,0.47477044343585795,0.6683127391542256,0,Interleaved
356,156,0,0.9170826705571391,0.8183954639962212,0,Interleaved
357,157,0,0.9184638392751739,0.6366755209538684,0,Interleaved
358,158,0,0.5353042313541984,0.5525900903836479,0,Interleaved
359,159,0,0.0783975097582561,0.620141232262431,0,Interleaved
360,160,0,0.7849591373662244,0.46266089965045654,0,Interleaved
361,161,0,0.0746608750808356,0.6269240421532716,0,Interleaved
362,162,0,0.36704610399300336,0.49162097678883576,0,Interleaved
363,163,0,0.21240869239389548,0.5295758032151828,0,Interleaved
364,164,0,0.36804690849413574,0.4629805211987366,0,Interleaved
365,165,0,0.6770463117148463,0.565307265257968,0,Interleaved
366,166,0,0.631040512811576,0.47613905446324545,0,Interleaved
367,167,0,0.06087580162618864,0.6406329694031757,0,Interleaved
368,168,0,0.18900810292571096,0.644331074112988,0,Interleaved
369,169,0,0.6708823144871543,0.5519611840637686,0,Interleaved
370,170,0,0.9150983154125454,0.8333725382831569,0,Interleaved
371,171,0,0.3838866352926678,0.5305391164164337,0,Interleaved
372,172,0,0.06522422556413356,0.7461615577596434,0,Interleaved
373,173,0,0.8005113222624365,0.8815371210914451,0,Interleaved
374,174,0,0.6544840221308545,0.38513540548020647,0,Interleaved
375,175,0,0.8672870178556062,0.5626211305721216,0,Interleaved
376,176,0,0.7861336851017595,0.6534903109233058,0,Interleaved
377,177,0,0.5207015487694343,0.5364673060914236,0,Interleaved
378,178,0,0.7329176924698246,0.5234626022268701,0,Interleaved
379,179,0,0.7605996444122783,0.4659042299331271,0,Interleaved
380,180,0,0.7088174299671532,0.628000802938846,0,Interleaved
381,181,0,0.5727754761369307,0.4979315759757451,0,Interleaved
382,182,0,0.47800263346679167,0.4716284254825316,0,Interleaved
383,183,0,0.9800471900086581,0.5001334631581345,0,Interleaved
384,184,0,0.9307732786463467,0.5026227856694426,0,Interleaved
385,185,0,0.6528774949843954,0.9089968597288818,0,Interleaved
386,186,0,0.45167429367415435,0.5152982090228178,0,Interleaved
387,187,0,0.36996703999208613,0.47098540703792907,0,Interleaved
388,188,0,0.12923440772001693,0.5428702848003306,0,Interleaved
389,189,0,0.16839473469619096,0.5547516259690742,0,Interleaved
390,190,0,0.4135236965054501,0.5404367942307584,0,Interleaved
391,191,0,0.13907527483703946,0.5826060473223083,0,Interleaved
392,192,0,0.3520145748439175,0.5648320006466366,0,Interleaved
393,193,0,0.6019745724945729,0.7314223338477753,0,Interleaved
394,194,0,0.12510166374434048,0.6588235695853046,0,Interleaved
395,195,0,0.3483680752651495,0.5933969652265774,0,Interleaved
396,196,0,0.5389434152639344,0.6644711999342737,0,Interleaved
397,197,0,0.03966538725368854,0.5064753850934032,0,Interleaved
398,198,0,0.5061517656517724,0.7247961497011184,0,Interleaved
399,199,0,0.49698518366828265,0.4157092925357643,0,Interleaved
400,0,0,0.6810624075477326,0.8436198146866781,0,Instructed
401,1,0,0.23689245217686805,0.7375538700116043,0,Instructed
402,2,0,0.6313433880544468,0.7911139639406177,0,Instructed
403,3,0,0.5807194316708298,0.553794634677425,0,Instructed
404,4,0,0.9280288125242081,0.6489409009786916,0,Instructed
405,5,0,0.7700785268225674,0.5367536126340678,0,Instructed
406,6,0,0.13912583833103653,0.7216151781413425,0,Instructed
407,7,0,0.5201175874857571,0.503747017803855,0,Instructed
408,8,0,0.8159384181673176,0.7416635373713875,0,Instructed
409,9,0,0.511428931206044,0.5464702845635616,0,Instructed
410,10,0,0.2709933417446122,0.7076372315015308,0,Instructed
411,11,0,0.4564559020019091,0.6180252454251924,0,Instructed
412,12,0,0.004499383026453585,0.8282758908333254,0,Instructed
413,13,0,0.3659337122686866,0.5407452782513272,0,Instructed
414,14,0,0.9007805564363669,0.5286879025980491,0,Instructed
415,15,0,0.516900867722654,0.5815397953656295,0,Instructed
416,16,0,0.016024624888992735,0.6035889908484335,0,Instructed
417,17,0,0.5075998920287317,0.5643692007460859,0,Instructed
418,18,0,0.49374214014687756,0.44809307847067137,0,Instructed
419,19,0,0.4986669891566267,0.5202412615670247,0,Instructed
420,20,0,0.16506912409624683,0.48585097822922285,0,Instructed
421,21,0,0.6104542776719073,0.518333828704993,0,Instructed
422,22,0,0.7007446309489964,0.5127946055537904,0,Instructed
423,23,0,0.5490069945112329,0.48784866808406463,0,Instructed
424,24,0,0.03684594427447855,0.9301173331814345,0,Instructed
425,25,0,0.1983424345967322,0.4243349443573457,0,Instructed
426,26,0,0.27410643822074093,0.7132522519410831,0,Instructed
427,27,0,0.5804216252167651,0.3751959702414624,0,Instructed
428,28,0,0.8165239695800707,0.5292349239597838,0,Instructed
429,29,0,0.5044421460594181,0.5091552256285727,0,Instructed
430,30,0,0.01975977277238072,0.764551047149262,0,Instructed
431,31,0,0.6291572711963607,0.45859878007818344,0,Instructed
432,32,0,0.7581428587363331,0.5368870518545357,0,Instructed
433,33,0,0.5071850207172658,0.5285490823323447,0,Instructed
434,34,0,0.7683714468058991,0.5201966667579445,0,Instructed
435,35,0,0.21773936229583932,0.5710140188898676,0,Instructed
436,36,0,0.48589053446686575,0.3705148706363822,0,Instructed
437,37,0,0.3273677449850383,0.5939976853562859,0,Instructed
438,38,0,0.460874547569546,0.4079953289279051,0,Instructed
439,39,0,0.81890899661003,0.5707340636206929,0,Instructed
440,40,0,0.48993980309012725,0.4553846678337267,0,Instructed
441,41,0,0.3825687332179327,0.48045524043130317,0,Instructed
442,42,0,0.8631091176506698,0.4645019903275268,0,Instructed
443,43,0,0.438707492001281,0.5075895968097042,0,Instructed
444,44,0,0.2672061390055169,0.9361328895446034,0,Instructed
445,45,0,0.2812762452136338,0.46550828683572043,0,Instructed
446,46,0,0.9342342142292859,0.5360914426556026,0,Instructed
447,47,0,0.2935394668249698,0.5006953986601177,0,Instructed
448,48,0,0.6232209723480227,0.6228297382540274,0,Instructed
449,49,0,0.3963863481000124,0.5197164677275733,0,Instructed
450,50,0,0.3135596476283568,0.5126587520809301,0,Instructed
451,51,0,0.18671382451862129,0.48558705410303316,0,Instructed
452,52,0,0.5497300162366439,0.4997990049515966,0,Instructed
453,53,0,0.10283950482702096,0.4514584285851269,0,Instructed
454,54,0,0.20208455567263378,0.5428517018050557,0,Instructed
455,55,0,0.5441313123149214,0.518260689475007,0,Instructed
456,56,0,0.2180408410475972,0.593200264999475,0,Instructed
457,57,0,0.70305794723655,0.46092147888979845,0,Instructed
458,58,0,0.8328281191918852,0.4269821809558698,0,Instructed
459,59,0,0.5515752410159277,0.4647267255709401,0,Instructed
460,60,0,0.5034726140242498,0.9749369787846247,0,Instructed
461,61,0,0.28009803325761257,0.40117330342381075,0,Instructed
462,62,0,0.6592918519575055,0.500722334070715,0,Instructed
463,63,0,0.5183230611330967,0.46417647184558347,0,Instructed
464,64,0,0.7233246691064745,0.5655736636569543,0,Instructed
465,65,0,0.17018148652860574,0.8630479463142583,0,Instructed
466,66,0,0.6852654822386777,0.6434890276308352,0,Instructed
467,67,0,0.39110580784772436,0.9947270517764305,0,Instructed
468,68,0,0.8063043710616833,0.5759453172928319,0,Instructed
469,69,0,0.2847649853152513,0.4925806579278156,0,Instructed
470,70,0,0.28817018998993815,0.6733157267974974,0,Instructed
471,71,0,0.41563986758494686,0.4849644110356115,0,Instructed
472,72,0,0.45757567102107105,0.6281502394467571,0,Instructed
473,73,0,0.2726682644142163,0.5682413788986105,0,Instructed
474,74,0,0.3586289518761034,0.8357595432635054,0,Instructed
475,75,0,0.40040512942230116,0.4842025699808749,0,Instructed
476,76,0,0.7694774469540263,0.38432240893232306,0,Instructed
477,77,0,0.5473176980376323,0.7007110597858487,0,Instructed
478,78,0,0.870608409712223,0.3637344988788579,0,Instructed
479,79,0,0.6627716972246682,0.5371980552110734,0,Instructed
480,80,0,0.6792873332343434,0.6470172701044428,0,Instructed
481,81,0,0.7188165258861461,0.4294244009565919,0,Instructed
482,82,0,0.859745657755827,0.5289337484581164,0,Instructed
483,83,0,0.36489975517740364,0.5590034240234246,0,Instructed
484,84,0,0.49600730914466057,0.4554600774328458,0,Instructed
485,85,0,0.6059729846285344,0.5417924998939111,0,Instructed
486,86,0,0.2149852589447609,0.7503852430358977,0,Instructed
487,87,0,0.5733470613870688,0.5145573382115921,0,Instructed
488,88,0,0.4126319617978561,0.5405982336739393,0,Instructed
489,89,0,0.22208639130679791,0.5302850829433128,0,Instructed
490,90,0,0.5826276665108965,0.42142971144436614,0,Instructed
491,91,0,0.5116874623729916,0.6152552228545615,0,Instructed
492,92,0,0.8384186660902135,0.3392589155472388,0,Instructed
493,93,0,0.4331160689755445,0.49981995293117126,0,Instructed
494,94,0,0.28913388056001554,0.705716219990009,0,Instructed
495,95,0,0.18702371547012933,0.6944046918039811,0,Instructed
496,96,0,0.12028487140705156,0.6400852758500433,0,Instructed
497,97,0,0.41113061293011227,0.41078391984609275,0,Instructed
498,98,0,0.9261079134051613,0.7266925226282699,0,Instructed
499,99,0,0.4908594099631271,0.595550236087543,0,Instructed
500,100,0,0.32821726971308585,0.37170711827342123,0,Instructed
501,101,0,0.5581368738224832,0.5476442949822435,0,Instructed
502,102,0,0.14408060366714268,0.3405212213052913,0,Instructed
503,103,0,0.28895977452809335,0.4053481263199371,0,Instructed
504,104,0,0.22997630627900026,0.361969896979626,0,Instructed
505,105,0,0.7286911419523968,0.280613057848637,0,Instructed
506,106,0,0.7101208722017854,0.3836441668156792,0,Instructed
507,107,0,0.4197168160853131,0.5368067451256346,0,Instructed
508,108,0,0.7946710488257178,0.3725758799618921,0,Instructed
509,109,0,0.7756762412181761,0.503344391580221,0,Instructed
510,110,0,0.37458342435952957,0.45174159572113287,0,Instructed
511,111,0,0.48630381700800274,0.4955390259120581,0,Instructed
512,112,0,0.3036397403126733,0.8133414468593138,0,Instructed
513,113,0,0.38057881153331863,0.4117593285655764,0,Instructed
514,114,0,0.31073423131160594,0.4704761636604504,0,Instructed
515,115,0,0.709602921766093,0.5905891006523465,0,Instructed
516,116,0,0.3762871719188798,0.4802551200900549,0,Instructed
517,117,0,0.7033346694685333,0.4625383538104315,0,Instructed
518,118,0,0.7873860163407836,0.431072274288007,0,Instructed
519,119,0,0.5688216085780868,0.5276232566097961,0,Instructed
520,120,0,0.20603144432093098,0.5875697959173716,0,Instructed
521,121,0,0.4315006095095624,0.487879539181843,0,Instructed
522,122,0,0.683327074050593,0.601528562933318,0,Instructed
523,123,0,0.32580840564163954,0.5478567204672403,0,Instructed
524,124,0,0.8741219048155926,0.5282755085530706,0,Instructed
525,125,0,0.9465162415396218,0.5785511625016875,0,Instructed
526,126,0,0.8769151366329992,0.5311814331147547,0,Instructed
527,127,0,0.3430942120767274,0.4492302780449564,0,Instructed
528,128,0,0.6964504715512041,0.583152470243639,0,Instructed
529,129,0,0.09261232766388289,0.5690585321645203,0,Instructed
530,130,0,0.9901571591439555,0.8477624135063663,0,Instructed
531,131,0,0.507617290109947,0.46503156134872625,0,Instructed
532,132,0,0.5461435386458634,0.48372185608598256,0,Instructed
533,133,0,0.5875329249778394,0.7686518793735146,0,Instructed
534,134,0,0.5802085238244783,0.4940336107617373,0,Instructed
535,135,0,0.44929378098706413,0.5850125252556106,0,Instructed
536,136,0,0.9341857439071275,0.5930103668861237,0,Instructed
537,137,0,0.43659207223153307,0.5176929821837529,0,Instructed
538,138,0,0.2725610420334033,0.49639998204354174,0,Instructed
539,139,0,0.18938711034374273,0.5917347118694439,0,Instructed
540,140,0,0.3505606423986213,0.5848384091026599,0,Instructed
541,141,0,0.7285059392143317,0.5001810577117415,0,Instructed
542,142,0,0.1945796224303236,0.5372162046412244,0,Instructed
543,143,0,0.6269804309221394,0.5383144139976086,0,Instructed
544,144,0,0.972687055280052,0.5060096838030408,0,Instructed
545,145,0,0.4800398287751898,0.49615663128446885,0,Instructed
546,146,0,0.13836891544929847,0.8288076174699068,0,Instructed
547,147,0,0.13712045987303983,0.8524661375695228,0,Instructed
548,148,0,0.236747815361554,0.7741870331288483,0,Instructed
549,149,0,0.5107070638322431,0.4594816339362904,0,Instructed
550,150,0,0.44271080770660465,0.8001301182866876,0,Instructed
551,151,0,0.4374288688865945,0.6584312838966316,0,Instructed
552,152,0,0.8901004440119421,0.682571628019893,0,Instructed
553,153,0,0.9117976582782354,0.7962315845039429,0,Instructed
554,154,0,0.41332965658913473,0.6101993112097986,0,Instructed
555,155,0,0.5156512394162343,0.5250554732014057,0,Instructed
556,156,0,0.3705015867449645,0.5956598766114939,0,Instructed
557,157,0,0.3957344542159375,0.3994575687113877,0,Instructed
558,158,0,0.6861841186481615,0.6131467666309709,0,Instructed
559,159,0,0.6876747966901607,0.5373627408648388,0,Instructed
560,160,0,0.4088834581269005,0.5595869156835132,0,Instructed
561,161,0,0.40772170390314666,0.5571371762329472,0,Instructed
562,162,0,0.2095356197004416,0.6781682752549936,0,Instructed
563,163,0,0.6722543423277426,0.6175730632333157,0,Instructed
564,164,0,0.46500087202736934,0.5328368618429482,0,Instructed
565,165,0,0.5012417099399268,0.3700490993022479,0,Instructed
566,166,0,0.2085930947300998,0.7148318525775622,0,Instructed
567,167,0,0.48762045339384563,0.5746594334850155,0,Instructed
568,168,0,0.4252076182058996,0.8073375662629902,0,Instructed
569,169,0,0.18225473773765788,0.6239584392311885,0,Instructed
570,170,0,0.795547377748191,0.5739752477966082,0,Instructed
571,171,0,0.9906776330457708,0.4872907129869281,0,Instructed
572,172,0,0.9973398485154763,0.49981995607655577,0,Instructed
573,173,0,0.02073843333145729,0.7377120287741363,0,Instructed
574,174,0,0.6180467408107799,0.5461802231659705,0,Instructed
575,175,0,0.60235328535901,0.44920969541626754,0,Instructed
576,176,0,0.3310933526102669,0.6176933861581868,0,Instructed
577,177,0,0.33623432687579125,0.5984108896690767,0,Instructed
578,178,0,0.49128177858762306,0.8097031905007694,0,Instructed
579,179,0,0.0768830431542445,0.5843025103545305,0,Instructed
580,180,0,0.6810457599390124,0.4185099196078764,0,Instructed
581,181,0,0.5074476710330449,0.6307479733988997,0,Instructed
582,182,0,0.858961874318694,0.6101754528819312,0,Instructed
583,183,0,0.10418962854108077,0.4860335588218296,0,Instructed
584,184,0,0.6601449806285684,0.3499236104226878,0,Instructed
585,185,0,0.7160194588640314,0.47332587588256975,0,Instructed
586,186,0,0.5222812226528051,0.5904691040617063,0,Instructed
587,187,0,0.195535243720483,0.5152094102022142,0,Instructed
588,188,0,0.5885677377576203,0.5536397004449811,0,Instructed
589,189,0,0.06996382276884823,0.5839599230134581,0,Instructed
590,190,0,0.3635039718438632,0.5360627751192435,0,Instructed
591,191,0,0.4908349024075239,0.7141540459313117,0,Instructed
592,192,0,0.8921418671557444,0.4427265749411573,0,Instructed
593,193,0,0.3899145406575115,0.5030580618353347,0,Instructed
594,194,0,0.4387231745459039,0.5166039197436134,0,Instructed
595,195,0,0.42024514585109773,0.48702273185166517,0,Instructed
596,196,0,0.30355456965389427,0.5449820449916978,0,Instructed
597,197,0,0.4917750606741973,0.5337928950618374,0,Instructed
598,198,0,0.7418024604178499,0.33854597863989155,0,Instructed
599,199,0,0.5570353091909453,0.559111046451452,0,Instructed
600,0,0,0.11284232633253496,0.6439060742466316,1,Blocked
601,1,0,0.07302891401639679,0.5266790741028136,1,Blocked
602,2,0,0.4094369891762658,0.4664124228811267,1,Blocked
603,3,0,0.44696070438763125,0.7818849419757463,1,Blocked
604,4,0,0.727681247525078,0.6177260578946058,1,Blocked
605,5,0,0.9664841611404277,0.5991498789036025,1,Blocked
606,6,0,0.005076630093372979,0.610035703197891,1,Blocked
607,7,0,0.46738785577466607,0.6685693850056416,1,Blocked
608,8,0,0.7281642298894706,0.6518764393469831,1,Blocked
609,9,0,0.8130672978026316,0.6274633856284757,1,Blocked
610,10,0,0.9786442680034364,0.5434214769555465,1,Blocked
611,11,0,0.8219817033735884,0.6790694711699808,1,Blocked
612,12,0,0.5448955443869649,0.6102465316177673,1,Blocked
613,13,0,0.4073148660370742,0.8230219058517844,1,Blocked
614,14,0,0.4752935485390549,0.5091531830671177,1,Blocked
615,15,0,0.12454539874003252,0.6293608049115653,1,Blocked
616,16,0,0.4682487715231883,0.42923683032515214,1,Blocked
617,17,0,0.05689481440438186,0.6174636701519733,1,Blocked
618,18,0,0.9082435721792652,0.65517430532532,1,Blocked
619,19,0,0.5652933937274559,0.6791184621073938,1,Blocked
620,20,0,0.5452673504590053,0.5945416343491022,1,Blocked
621,21,0,0.504818600280319,0.5316461615307853,1,Blocked
622,22,0,0.363340267817652,0.7469796466058312,1,Blocked
623,23,0,0.5103118256637801,0.5309910010307357,1,Blocked
624,24,0,0.2662146576445199,0.6773024017159024,1,Blocked
625,25,0,0.3788846143876985,0.6740160946689612,1,Blocked
626,26,0,0.9624881978130655,0.4720863459902069,1,Blocked
627,27,0,0.942131695535828,0.49263183703036284,1,Blocked
628,28,0,0.8827573443487635,0.49816805292957567,1,Blocked
629,29,0,0.5463693149468558,0.6474790328837634,1,Blocked
630,30,0,0.4655121057443156,0.6596858192920352,1,Blocked
631,31,0,0.8278231946755841,0.5488798576507822,1,Blocked
632,32,0,0.44031696562375483,0.7207531718936825,1,Blocked
633,33,0,0.5192560985061765,0.511413411268649,1,Blocked
634,34,0,0.44009537449660574,0.5523800090838558,1,Blocked
635,35,0,0.5584213693320266,0.68578480641494,1,Blocked
636,36,0,0.3133119417429784,0.5197598313613514,1,Blocked
637,37,0,0.9041941644013062,0.49080385394194354,1,Blocked
638,38,0,0.312289177087977,0.4888287108775151,1,Blocked
639,39,0,0.5151821074987177,0.47203665245714255,1,Blocked
640,40,0,0.13908044674611791,0.4459554019324259,1,Blocked
641,41,0,0.4864659662021422,0.5982828795647944,1,Blocked
642,42,0,0.5654260604111897,0.8159499944273509,1,Blocked
643,43,0,0.831446579004711,0.6652847904384775,1,Blocked
644,44,0,0.799507294440527,0.538100869623506,1,Blocked
645,45,0,0.09493105348064106,0.6850940477917599,1,Blocked
646,46,0,0.7039800783426137,0.46229574382224004,1,Blocked
647,47,0,0.43766276158146017,0.5443398845243941,1,Blocked
648,48,0,0.6720025623584237,0.5575151719186058,1,Blocked
649,49,0,0.04144467502551748,0.6701655922761882,1,Blocked
650,50,0,0.34933623360237964,0.7642684322132116,1,Blocked
651,51,0,0.9800692325165681,0.6207941259215971,1,Blocked
652,52,0,0.06931869219320849,0.678466402700456,1,Blocked
653,53,0,0.7233770900115386,0.931970500042699,1,Blocked
654,54,0,0.4186420913921823,0.5155891380667503,1,Blocked
655,55,0,0.31331351929172074,0.45000753611305405,1,Blocked
656,56,0,0.46816100853113873,0.6261666173657499,1,Blocked
657,57,0,0.398466749937703,0.5262283416885518,1,Blocked
658,58,0,0.7902972163916975,0.5557884521212146,1,Blocked
659,59,0,0.6312106691608951,0.5459678701291328,1,Blocked
660,60,0,0.523233580271447,0.6392784869870118,1,Blocked
661,61,0,0.4729540297120762,0.441553059418573,1,Blocked
662,62,0,0.12800231131005385,0.572250320241254,1,Blocked
663,63,0,0.21768040295407254,0.6735664788836659,1,Blocked
664,64,0,0.12841418846713915,0.6957727928474116,1,Blocked
665,65,0,0.29978199417211504,0.5654779906907501,1,Blocked
666,66,0,0.5640491658869471,0.49510623502087336,1,Blocked
667,67,0,0.34776253467872453,0.6064944544456046,1,Blocked
668,68,0,0.5638288215651255,0.5263258490793135,1,Blocked
669,69,0,0.15214403009239172,0.6742716713292836,1,Blocked
670,70,0,0.6438861565955231,0.7115075629276012,1,Blocked
671,71,0,0.487040084089014,0.6020491097932377,1,Blocked
672,72,0,0.49727689143963494,0.6743690412583568,1,Blocked
673,73,0,0.5056533457301472,0.5208863322805227,1,Blocked
674,74,0,0.6031638463029396,0.6629563956546585,1,Blocked
675,75,0,0.595789162953385,0.5895541148116212,1,Blocked
676,76,0,0.5160684157775863,0.668005552405528,1,Blocked
677,77,0,0.21903362882867689,0.5931427872793198,1,Blocked
678,78,0,0.3346415793008525,0.4700572525713784,1,Blocked
679,79,0,0.636284558978798,0.5576969003622706,1,Blocked
680,80,0,0.7042865367097221,0.5640968546911302,1,Blocked
681,81,0,0.6730165726880392,0.501300275673215,1,Blocked
682,82,0,0.7484323091568403,0.4786375147913111,1,Blocked
683,83,0,0.32471856579313646,0.5122420137254379,1,Blocked
684,84,0,0.669624804105233,0.5311550172322406,1,Blocked
685,85,0,0.3676877993758684,0.676406524199488,1,Blocked
686,86,0,0.7155368197881375,0.45795606267234534,1,Blocked
687,87,0,0.030168762695243025,0.7410980732475771,1,Blocked
688,88,0,0.8478583615975659,0.5375609432168064,1,Blocked
689,89,0,0.9124378261612351,0.43047146153385246,1,Blocked
690,90,0,0.19097566615637182,0.7698223227074104,1,Blocked
691,91,0,0.7600270355743128,0.6122477441756118,1,Blocked
692,92,0,0.8366025231601268,0.5542619894801701,1,Blocked
693,93,0,0.8101863725870684,0.6740880787942019,1,Blocked
694,94,0,0.391631015274446,0.5525685123977656,1,Blocked
695,95,0,0.6392896795268533,0.4943427821330849,1,Blocked
696,96,0,0.4454007881018994,0.5978993644554593,1,Blocked
697,97,0,0.5296620098397783,0.5625796664510698,1,Blocked
698,98,0,0.014100579021861867,0.5301890758623543,1,Blocked
699,99,0,0.9973427277971318,0.3144865315573465,1,Blocked
700,100,0,0.4396732583170481,0.6501452139172084,1,Blocked
701,101,0,0.8396636347914338,0.661048997960699,1,Blocked
702,102,0,0.9629201326898156,0.6102315343309768,1,Blocked
703,103,0,0.8234024511383946,0.4703296526844014,1,Blocked
704,104,0,0.5606411686722372,0.6997453361245578,1,Blocked
705,105,0,0.50808810548433,0.49173844394858185,1,Blocked
706,106,0,0.6379465216522936,0.7091538503562229,1,Blocked
707,107,0,0.9039172359984415,0.5567267496020236,1,Blocked
708,108,0,0.6859086327429103,0.5724013814198243,1,Blocked
709,109,0,0.44649682861161005,0.4738878963305947,1,Blocked
710,110,0,0.698122631439241,0.5492836592792659,1,Blocked
711,111,0,0.7736859877770317,0.36250934728107076,1,Blocked
712,112,0,0.6231183818242422,0.6654355286723933,1,Blocked
713,113,0,0.3874698792037645,0.6269519749242805,1,Blocked
714,114,0,0.38585003220401626,0.6219236400082928,1,Blocked
715,115,0,0.3406407048851617,0.5810274636011391,1,Blocked
716,116,0,0.33773333187049726,0.6451606945354047,1,Blocked
717,117,0,0.5072133675014149,0.5614523459680738,1,Blocked
718,118,0,0.7081920428768205,0.4863827658189145,1,Blocked
719,119,0,0.6333962950871811,0.6062893094678747,1,Blocked
720,120,0,0.3585995937093782,0.6496311995071697,1,Blocked
721,121,0,0.2920466111819497,0.504457951211808,1,Blocked
722,122,0,0.7523919085798214,0.35086589065049356,1,Blocked
723,123,0,0.5296873149221303,0.5251660128212148,1,Blocked
724,124,0,0.4104060753663111,0.6224037378905789,1,Blocked
725,125,0,0.3764256423962862,0.41209532226601303,1,Blocked
726,126,0,0.6735866459488962,0.573825726818973,1,Blocked
727,127,0,0.7317844245048626,0.41261333115286153,1,Blocked
728,128,0,0.36101588995376643,0.6725049535965415,1,Blocked
729,129,0,0.4336918642708142,0.7323462916938834,1,Blocked
730,130,0,0.5910409456505409,0.6533638306300169,1,Blocked
731,131,0,0.7607842796951347,0.800510341079447,1,Blocked
732,132,0,0.11141111725139909,0.7730018234064848,1,Blocked
733,133,0,0.4517068137158526,0.5792906192416503,1,Blocked
734,134,0,0.527506986406124,0.5865948501425199,1,Blocked
735,135,0,0.4933383652822206,0.5351524004438999,1,Blocked
736,136,0,0.39286300409992453,0.4705107743656719,1,Blocked
737,137,0,0.8852883275709776,0.4858798736034907,1,Blocked
738,138,0,0.8623752805041551,0.45931999221983044,1,Blocked
739,139,0,0.6799854116450053,0.7131803977982458,1,Blocked
740,140,0,0.5845514528401456,0.6290108233213103,1,Blocked
741,141,0,0.7048206287686967,0.4616438570682405,1,Blocked
742,142,0,0.6173926269332165,0.7916714220831575,1,Blocked
743,143,0,0.8974752040947274,0.3314822212023958,1,Blocked
744,144,0,0.451627456827626,0.7833088782562054,1,Blocked
745,145,0,0.7925844604168717,0.46608119335671216,1,Blocked
746,146,0,0.8733721437648685,0.3293432397079303,1,Blocked
747,147,0,0.6835187463566492,0.4975366487960061,1,Blocked
748,148,0,0.27545013562429155,0.9747039277738758,1,Blocked
749,149,0,0.6616043525076793,0.4512711284825068,1,Blocked
750,150,0,0.9433776157503615,0.4603113074709382,1,Blocked
751,151,0,0.5968964177983681,0.48992606513473425,1,Blocked
752,152,0,0.39938395450121905,0.3416475414402298,1,Blocked
753,153,0,0.29430507988202653,0.5520262925974627,1,Blocked
754,154,0,0.18209560457278873,0.4861780909169886,1,Blocked
755,155,0,0.17225665586997502,0.6508793024584785,1,Blocked
756,156,0,0.0977815173252173,0.5980456382596949,1,Blocked
757,157,0,0.6419210576890362,0.5430926657314565,1,Blocked
758,158,0,0.7208876501170041,0.6480413772174969,1,Blocked
759,159,0,0.6967434812755788,0.7443901064146639,1,Blocked
760,160,0,0.44080836466660545,0.5546922058994732,1,Blocked
761,161,0,0.8474999521054072,0.4590454610555965,1,Blocked
762,162,0,0.6731685309631721,0.27905503863514025,1,Blocked
763,163,0,0.7005637711360921,0.4461222062502108,1,Blocked
764,164,0,0.24341284910611033,0.44344538418070867,1,Blocked
765,165,0,0.3451384127661333,0.5416939588028983,1,Blocked
766,166,0,0.12509066724103962,0.45009435557395294,1,Blocked
767,167,0,0.5841201151758151,0.47383482032211455,1,Blocked
768,168,0,0.8122126010157298,0.5224777952211141,1,Blocked
769,169,0,0.6738625103445364,0.4870576905919839,1,Blocked
770,170,0,0.29987143052097426,0.5186317349861544,1,Blocked
771,171,0,0.6770183459810577,0.44542927007745103,1,Blocked
772,172,0,0.6438689446906541,0.5717520100041975,1,Blocked
773,173,0,0.4815819149241267,0.6390244763069646,1,Blocked
774,174,0,0.42629274684782753,0.6322779582771996,1,Blocked
775,175,0,0.46718174809809954,0.47319310488199684,1,Blocked
776,176,0,0.4195444563055533,0.42108279169895924,1,Blocked
777,177,0,0.7113039283871426,0.49727343202752566,1,Blocked
778,178,0,0.8859453434982434,0.46180521179392464,1,Blocked
779,179,0,0.19092472963406337,0.5822903033511837,1,Blocked
780,180,0,0.0016438562208858525,0.8608785906226699,1,Blocked
781,181,0,0.6167198221957467,0.6504782629251,1,Blocked
782,182,0,0.7675337646241189,1.0553252948420582,1,Blocked
783,183,0,0.7334913140974719,0.6552353098098027,1,Blocked
784,184,0,0.29571125737110976,0.6404683765765251,1,Blocked
785,185,0,0.7845274978601964,0.6585753600356128,1,Blocked
786,186,0,0.12180517650099204,0.7010153780824494,1,Blocked
787,187,0,0.11189802322051969,0.5100159291480193,1,Blocked
788,188,0,0.6409937295028062,0.5689845932129144,1,Blocked
789,189,0,0.4026393010653885,0.36439557511854426,1,Blocked
790,190,0,0.4081318457741441,0.6298658340420783,1,Blocked
791,191,0,0.713994829651392,0.6013567023611706,1,Blocked
792,192,0,0.18982658379195153,0.5953234924736199,1,Blocked
793,193,0,0.36742904893067513,0.593359301042208,1,Blocked
794,194,0,0.7106374241095268,0.5105844655709426,1,Blocked
795,195,0,0.11356211653521334,0.4809551929849103,1,Blocked
796,196,0,0.09649840638276319,0.6507902997875631,1,Blocked
797,197,0,0.47986894511905287,0.7309940679534996,1,Blocked
798,198,0,0.5812951584407041,0.4930453142096395,1,Blocked
799,199,0,0.5710217102651441,0.5047298612253464,1,Blocked
800,0,0,0.9943032316389104,0.600375859660297,1,Interleaved
801,1,0,0.5152738850947685,0.472157522418576,1,Interleaved
802,2,0,0.8711794555416923,0.6614931766735405,1,Interleaved
803,3,0,0.4884453877342277,0.6680893287706926,1,Interleaved
804,4,0,0.9928606279143042,0.6018000893046853,1,Interleaved
805,5,0,0.3206445851045898,0.5151839886485589,1,Interleaved
806,6,0,0.4946475884931414,0.6889786478120389,1,Interleaved
807,7,0,0.7417277070008728,0.4168918922916164,1,Interleaved
808,8,0,0.8654209216959182,0.5346390369510333,1,Interleaved
809,9,0,0.49519841979189383,0.6301032302671695,1,Interleaved
810,10,0,0.23939253878093328,0.5768378362198034,1,Interleaved
811,11,0,0.6386627328159816,0.7288407032690569,1,Interleaved
812,12,0,0.4552768296989689,0.6567779464093002,1,Interleaved
813,13,0,0.5132335478829344,0.6560959225880343,1,Interleaved
814,14,0,0.3517915570615448,0.5074301657422333,1,Interleaved
815,15,0,0.8662317427553209,0.49286278003619644,1,Interleaved
816,16,0,0.5823787959302545,0.6009637462694428,1,Interleaved
817,17,0,0.7140986197043219,0.42249880570987763,1,Interleaved
818,18,0,0.4167738979059725,0.5880884922771035,1,Interleaved
819,19,0,0.6344065186449024,0.5725450379896162,1,Interleaved
820,20,0,0.220518059670742,0.4892698939350555,1,Interleaved
821,21,0,0.6226573519024121,0.5311432407706125,1,Interleaved
822,22,0,0.45768514818716205,0.6883240920278606,1,Interleaved
823,23,0,0.7854026787010584,0.4994942347764172,1,Interleaved
824,24,0,0.19212068800618284,0.6751008187672585,1,Interleaved
825,25,0,0.31812490213572137,0.4697585847887097,1,Interleaved
826,26,0,0.215870503921136,0.65884298697981,1,Interleaved
827,27,0,0.46643605431753105,0.4527354151082812,1,Interleaved
828,28,0,0.2730998474058614,0.4594279479526987,1,Interleaved
829,29,0,0.44491025066035295,0.7910367515713757,1,Interleaved
830,30,0,0.25792166031264624,0.4560164618146083,1,Interleaved
831,31,0,0.8172667098368749,0.5443159706680137,1,Interleaved
832,32,0,0.3164267848339358,0.6704880494751493,1,Interleaved
833,33,0,0.7191290798080601,0.3991159468332608,1,Interleaved
834,34,0,0.6226090598023046,0.40409083834086357,1,Interleaved
835,35,0,0.6260893047898439,0.5237094264124482,1,Interleaved
836,36,0,0.3404245024863689,0.692361905317687,1,Interleaved
837,37,0,0.7897719039068667,0.5050425981584968,1,Interleaved
838,38,0,0.5455117801921159,0.6560282620179784,1,Interleaved
839,39,0,0.4304210451987522,0.6469020635638116,1,Interleaved
840,40,0,0.8021745508329725,0.5644624648980943,1,Interleaved
841,41,0,0.5142021413319284,0.4751017725513045,1,Interleaved
842,42,0,0.033859974970677,0.5203330748213201,1,Interleaved
843,43,0,0.45864721679116643,0.38016840395771295,1,Interleaved
844,44,0,0.367543472365218,0.4567244148192571,1,Interleaved
845,45,0,0.640592538019705,0.4826619884247453,1,Interleaved
846,46,0,0.8532561457508888,0.5994011238831687,1,Interleaved
847,47,0,0.250501799258502,0.7618103367135423,1,Interleaved
848,48,0,0.27516129715015547,0.4036769862713144,1,Interleaved
849,49,0,0.24951947648956155,0.6332170631373483,1,Interleaved
850,50,0,0.20809439509278593,0.45733079656648534,1,Interleaved
851,51,0,0.5325731413185978,0.579522457220621,1,Interleaved
852,52,0,0.43597168547521514,0.5008590398303248,1,Interleaved
853,53,0,0.6635206332000265,0.39404213979416985,1,Interleaved
854,54,0,0.7649804913808043,0.4015549239291325,1,Interleaved
855,55,0,0.500879668669751,0.5303723141676586,1,Interleaved
856,56,0,0.8206730511362432,0.3294536619386344,1,Interleaved
857,57,0,0.7088155939892193,0.5066330835772176,1,Interleaved
858,58,0,0.5661522012306861,0.4513444071398085,1,Interleaved
859,59,0,0.7817011281290662,0.6200671139281847,1,Interleaved
860,60,0,0.4895916039929607,0.4100779144529091,1,Interleaved
861,61,0,0.004615565325562672,0.6674043688894727,1,Interleaved
862,62,0,0.5133842583602377,0.5219017997738442,1,Interleaved
863,63,0,0.43060757078653705,0.4842045009338489,1,Interleaved
864,64,0,0.32189490015313355,0.6919743308269073,1,Interleaved
865,65,0,0.5833414929753542,0.5737418476359097,1,Interleaved
866,66,0,0.5272410706381553,0.5324097122427113,1,Interleaved
867,67,0,0.9867667267238486,0.4823854757241524,1,Interleaved
868,68,0,0.5029172964765712,0.458810122341473,1,Interleaved
869,69,0,0.0886399356000094,0.6439581085138195,1,Interleaved
870,70,0,0.8989306483151382,0.47219787443530115,1,Interleaved
871,71,0,0.5068065766807562,0.43942782639781014,1,Interleaved
872,72,0,0.07617549771512788,0.6159352429823226,1,Interleaved
873,73,0,0.9395640853012224,0.501890085559991,1,Interleaved
874,74,0,0.2966545207085339,0.67847889298087,1,Interleaved
875,75,0,0.7905183054317183,0.5594052620772401,1,Interleaved
876,76,0,0.10978683174255997,0.4939558882459758,1,Interleaved
877,77,0,0.46612945131560846,0.4558423713556952,1,Interleaved
878,78,0,0.5195567584508783,0.3275724993021124,1,Interleaved
879,79,0,0.4209527503580893,0.44111035599600934,1,Interleaved
880,80,0,0.3887068656161632,0.4124632410659258,1,Interleaved
881,81,0,0.6173737469512817,0.45613883326373805,1,Interleaved
882,82,0,0.5831038606467648,0.39216499271463945,1,Interleaved
883,83,0,0.2582793469403091,0.5584299565030653,1,Interleaved
884,84,0,0.4924390586962121,0.5767464945239518,1,Interleaved
885,85,0,0.6459101410395944,0.38374863595935604,1,Interleaved
886,86,0,0.6884694396957102,0.5460198880897724,1,Interleaved
887,87,0,0.5279424175247254,0.5057707944823644,1,Interleaved
888,88,0,0.7853061457095746,0.5024487974211831,1,Interleaved
889,89,0,0.21293377234389038,0.5958731084015755,1,Interleaved
890,90,0,0.5646816763307387,0.592622603119279,1,Interleaved
891,91,0,0.46284050960302775,0.5305780145065531,1,Interleaved
892,92,0,0.6505790732366723,0.5193675276533696,1,Interleaved
893,93,0,0.19022788687022896,0.545436328359825,1,Interleaved
894,94,0,0.6576831427323888,0.37908007149172807,1,Interleaved
895,95,0,0.09828362052245704,0.531611462863618,1,Interleaved
896,96,0,0.6517571126648195,0.44336440237963914,1,Interleaved
897,97,0,0.2418181917436215,0.5814043382525951,1,Interleaved
898,98,0,0.5166317291782125,0.5038393862349477,1,Interleaved
899,99,0,0.6804366888710441,0.5273734226151904,1,Interleaved
900,100,0,0.17644531513675912,0.4392367034623883,1,Interleaved
901,101,0,0.3343530528073257,0.46023870074265405,1,Interleaved
902,102,0,0.14941743178913963,0.65221824935278,1,Interleaved
903,103,0,0.2973794456195695,0.6572794341236746,1,Interleaved
904,104,0,0.30205740872042103,0.749489749298909,1,Interleaved
905,105,0,0.30979289477573,0.5096109247209868,1,Interleaved
906,106,0,0.5451350263813485,0.42073156654426824,1,Interleaved
907,107,0,0.6081042516569999,0.4487513064879517,1,Interleaved
908,108,0,0.4945629469430327,0.4947980922185812,1,Interleaved
909,109,0,0.3455377132168125,0.36164664757484843,1,Interleaved
910,110,0,0.47846051810467466,0.6247600524689438,1,Interleaved
911,111,0,0.9689897223015942,0.3718700448603558,1,Interleaved
912,112,0,0.3844586114432171,0.45810234383497406,1,Interleaved
913,113,0,0.7544803731137077,0.5101201567040524,1,Interleaved
914,114,0,0.8494277598984561,0.4171223649306289,1,Interleaved
915,115,0,0.37422389907966314,0.44237514573734177,1,Interleaved
916,116,0,0.734499650839157,0.6000088529002515,1,Interleaved
917,117,0,0.5270295107113774,0.4244347211445262,1,Interleaved
918,118,0,0.22643324988529068,0.5742901091903356,1,Interleaved
919,119,0,0.3989011950558088,0.4217154591726288,1,Interleaved
920,120,0,0.6321836128612071,0.6636640580654646,1,Interleaved
921,121,0,0.6412444078543555,0.4263016443113516,1,Interleaved
922,122,0,0.7696809502421066,0.5126070275208929,1,Interleaved
923,123,0,0.5251253702570376,0.5263653633347571,1,Interleaved
924,124,0,0.9928811690176309,0.536550229621797,1,Interleaved
925,125,0,0.4725116307470768,0.5926404795421694,1,Interleaved
926,126,0,0.2683481266216288,0.5818214231098727,1,Interleaved
927,127,0,0.587964363737225,0.5546162214702482,1,Interleaved
928,128,0,0.04614171926357962,0.7452878516238661,1,Interleaved
929,129,0,0.7780053047412843,0.48417271046312305,1,Interleaved
930,130,0,0.9598401699424857,0.4797914297810398,1,Interleaved
931,131,0,0.5772576023495003,0.5595597858905068,1,Interleaved
932,132,0,0.5528197462518247,0.39838721389369636,1,Interleaved
933,133,0,0.623921458296011,0.4606724230151528,1,Interleaved
934,134,0,0.8140499956821831,0.4529716298764823,1,Interleaved
935,135,0,0.4876423396804861,0.4323500379970596,1,Interleaved
936,136,0,0.5656208880726442,0.5601171697607144,1,Interleaved
937,137,0,0.4031462711931288,0.504250660588811,1,Interleaved
938,138,0,0.016561981020388705,0.429480302319819,1,Interleaved
939,139,0,0.44787774044882456,0.6358195510218942,1,Interleaved
940,140,0,0.26652913443898474,0.546926194533778,1,Interleaved
941,141,0,0.3019535511535722,0.5673138407536336,1,Interleaved
942,142,0,0.0483368918896561,0.5518807002386903,1,Interleaved
943,143,0,0.5317755571386565,0.4259716056394517,1,Interleaved
944,144,0,0.6712364961122604,0.5074780225120644,1,Interleaved
945,145,0,0.5496529485019613,0.5915746693622947,1,Interleaved
946,146,0,0.06689997887096141,0.4939262094067778,1,Interleaved
947,147,0,0.5369685390925466,0.5663504294580775,1,Interleaved
948,148,0,0.4732281235027412,0.6180539099137494,1,Interleaved
949,149,0,0.3364853086234937,0.6099877912656986,1,Interleaved
950,150,0,0.08101948208223354,0.6563240390374712,1,Interleaved
951,151,0,0.6616780961440145,0.4792922923787919,1,Interleaved
952,152,0,0.12741710706690576,0.5564746561761168,1,Interleaved
953,153,0,0.3139686373251219,0.5588219081873671,1,Interleaved
954,154,0,0.27239293167723067,0.5583332167506763,1,Interleaved
955,155,0,0.3832939172335152,0.434594406964546,1,Interleaved
956,156,0,0.5939349823147576,0.4872190393247415,1,Interleaved
957,157,0,0.5128434147989944,0.3482718666660396,1,Interleaved
958,158,0,0.2566073522416208,0.5671573756993671,1,Interleaved
959,159,0,0.14018606997639987,0.482926074443309,1,Interleaved
960,160,0,0.3805609929239658,0.5443201611614568,1,Interleaved
961,161,0,0.5201987027896309,0.4946474542420712,1,Interleaved
962,162,0,0.5344448490245761,0.6395506737680894,1,Interleaved
963,163,0,0.5239543165453096,0.46636918272515027,1,Interleaved
964,164,0,0.7986812371220973,0.6547534315360451,1,Interleaved
965,165,0,0.12228266144423085,0.5812928595539655,1,Interleaved
966,166,0,0.585094560620447,0.6633032439570123,1,Interleaved
967,167,0,0.9341730605569067,0.5364074975338203,1,Interleaved
968,168,0,0.5145249643029316,0.5649558336025892,1,Interleaved
969,169,0,0.40495388735195575,0.7027070447642791,1,Interleaved
970,170,0,0.8558799798954279,0.5988970234033288,1,Interleaved
971,171,0,0.4986992058636111,0.5398693922513478,1,Interleaved
972,172,0,0.2543320613267299,0.5920878153083278,1,Interleaved
973,173,0,0.29294374449015376,0.7568191501740456,1,Interleaved
974,174,0,0.312422095374672,0.5510632629850301,1,Interleaved
975,175,0,0.35844271880650447,0.5427289625285958,1,Interleaved
976,176,0,0.16409440297628822,0.5422641674137354,1,Interleaved
977,177,0,0.23214403444313966,0.4475076709418933,1,Interleaved
978,178,0,0.19346967737690232,0.8707569915093654,1,Interleaved
979,179,0,0.7830567155417236,0.45221165026047827,1,Interleaved
980,180,0,0.9619591266022658,0.5221869586375113,1,Interleaved
981,181,0,0.9902257310678209,0.40306621113677416,1,Interleaved
982,182,0,0.05946538653471278,0.4737213487223527,1,Interleaved
983,183,0,0.5592975897092063,0.5802454845461217,1,Interleaved
984,184,0,0.5052940043006601,0.3758390586385892,1,Interleaved
985,185,0,0.5018844045032286,0.5462674753948004,1,Interleaved
986,186,0,0.574014923542636,0.5165429431540794,1,Interleaved
987,187,0,0.5192594279656859,0.45837157563101427,1,Interleaved
988,188,0,0.3756098716250905,0.6335784847837826,1,Interleaved
989,189,0,0.659344639861518,0.3907283191299904,1,Interleaved
990,190,0,0.8693937372949024,0.36730404135269257,1,Interleaved
991,191,0,0.07011981044789309,0.6728311757607789,1,Interleaved
992,192,0,0.10038276056139588,0.6536508191976622,1,Interleaved
993,193,0,0.3488942772189353,0.5811304232513876,1,Interleaved
994,194,0,0.7418148433144589,0.6556893799939407,1,Interleaved
995,195,0,0.44392876679743337,0.41110462439581114,1,Interleaved
996,196,0,0.9918531080177684,0.634384172684784,1,Interleaved
997,197,0,0.08767362833783625,0.47411864824653843,1,Interleaved
998,198,0,0.18745691885993504,0.4999829374655402,1,Interleaved
999,199,0,0.57307749428531,0.4373569585369869,1,Interleaved
1000,0,0,0.9271754705543933,0.41388890970209735,1,Instructed
1001,1,0,0.2621534246834014,1.0905577835642006,1,Instructed
1002,2,0,0.8920189166276191,0.6044089037660756,1,Instructed
1003,3,0,0.658672288887709,0.6446758869550728,1,Instructed
1004,4,0,0.40097394838367345,0.48957900003018584,1,Instructed
1005,5,0,0.3449339677990365,0.6230927327193685,1,Instructed
1006,6,0,0.7585618217279302,0.5655863040376625,1,Instructed
1007,7,0,0.1572377292142719,0.5007276381903507,1,Instructed
1008,8,0,0.22981199474680386,0.6162527325960505,1,Instructed
1009,9,0,0.6883742282425251,0.5737901963342334,1,Instructed
1010,10,0,0.48119028241839157,0.4713933794972267,1,Instructed
1011,11,0,0.261574482204602,0.5557282255568599,1,Instructed
1012,12,0,0.17299963790842235,0.8952829038213868,1,Instructed
1013,13,0,0.01549275167175365,0.5294482807645272,1,Instructed
1014,14,0,0.9792661339427131,0.7261862019085357,1,Instructed
1015,15,0,0.22907317010866504,0.5273272747558808,1,Instructed
1016,16,0,0.4618497816229498,0.42856499443870044,1,Instructed
1017,17,0,0.501875868428105,0.332244598775265,1,Instructed
1018,18,0,0.5409081384168497,0.44407535105288304,1,Instructed
1019,19,0,0.44022814162010643,0.6111049736995838,1,Instructed
1020,20,0,0.430980147916196,0.36460865199774584,1,Instructed
1021,21,0,0.38137243629640727,0.6675289109471791,1,Instructed
1022,22,0,0.21854533466041318,0.7157981836849235,1,Instructed
1023,23,0,0.9826610853846498,0.5018520084088087,1,Instructed
1024,24,0,0.5209294013171507,0.7155390901743894,1,Instructed
1025,25,0,0.7108378262621349,0.39603745023425946,1,Instructed
1026,26,0,0.4273127282587438,0.3919590844450659,1,Instructed
1027,27,0,0.40898803857340027,0.5000323520057717,1,Instructed
1028,28,0,0.18099663872372918,0.491377927635355,1,Instructed
1029,29,0,0.5770166594380025,0.3502619762759915,1,Instructed
1030,30,0,0.7201476743098951,0.44045412316216537,1,Instructed
1031,31,0,0.7858821658651544,0.4498841267916654,1,Instructed
1032,32,0,0.6044412041554393,0.49760762000912945,1,Instructed
1033,33,0,0.7233604144866608,0.3881905257174722,1,Instructed
1034,34,0,0.9002614949223045,0.6736549845865498,1,Instructed
1035,35,0,0.4895234897556565,0.6370625405053774,1,Instructed
1036,36,0,0.49461439030652177,0.4799906313700659,1,Instructed
1037,37,0,0.7113795302273916,0.34542823993154737,1,Instructed
1038,38,0,0.30295499906804113,0.5498260023155997,1,Instructed
1039,39,0,0.40038462266076713,0.4018918747820839,1,Instructed
1040,40,0,0.5839820954403964,0.5154683520656066,1,Instructed
1041,41,0,0.5000183171037875,0.6324900366703928,1,Instructed
1042,42,0,0.23539277924284902,0.42223404782902224,1,Instructed
1043,43,0,0.8128398235506109,0.5850026073026453,1,Instructed
1044,44,0,0.6103838542499902,0.39269249685977137,1,Instructed
1045,45,0,0.2769422914495223,0.4496241030477818,1,Instructed
1046,46,0,0.4764349016159499,0.7270668760226595,1,Instructed
1047,47,0,0.5717704895702725,0.4118287383192601,1,Instructed
1048,48,0,0.8947642494564418,0.5393731842015739,1,Instructed
1049,49,0,0.8368993539751648,0.33513547658030307,1,Instructed
1050,50,0,0.13090576184247138,0.4856878831564951,1,Instructed
1051,51,0,0.8473491195524165,0.450642273977852,1,Instructed
1052,52,0,0.7669834646839668,0.595485284923214,1,Instructed
1053,53,0,0.9322185615920299,0.46972434132832186,1,Instructed
1054,54,0,0.495253573919026,0.39497292535432826,1,Instructed
1055,55,0,0.8926983972577431,0.5570433859520714,1,Instructed
1056,56,0,0.2980483775836751,0.4754594049561931,1,Instructed
1057,57,0,0.901578306470604,0.4448416088585344,1,Instructed
1058,58,0,0.858001009923169,0.33096064042470785,1,Instructed
1059,59,0,0.8615240215905853,0.5100178884023988,1,Instructed
1060,60,0,0.525875375715179,0.6121710037326045,1,Instructed
1061,61,0,0.8224021350102944,0.34945005863326195,1,Instructed
1062,62,0,0.40062085758231386,0.6202155327401024,1,Instructed
1063,63,0,0.0889457965565674,0.49994510734639586,1,Instructed
1064,64,0,0.2952633215009872,0.4805828728437772,1,Instructed
1065,65,0,0.469679798385636,0.396895643607361,1,Instructed
1066,66,0,0.537125886544764,0.4800016082612042,1,Instructed
1067,67,0,0.6360877521636716,0.4311994996984845,1,Instructed
1068,68,0,0.42504597363517993,0.6428499148677647,1,Instructed
1069,69,0,0.5825065363595648,0.32663709775605076,1,Instructed
1070,70,0,0.4948239983962313,0.5284725943483661,1,Instructed
1071,71,0,0.6732659590953902,0.5903334363699744,1,Instructed
1072,72,0,0.7513812413806582,0.43732223509217416,1,Instructed
1073,73,0,0.5775537823786828,0.40830765705975214,1,Instructed
1074,74,0,0.6051240725192728,0.45024891522628446,1,Instructed
1075,75,0,0.7113268006394795,0.3577224152832121,1,Instructed
1076,76,0,0.5852292464575479,0.40674367413951623,1,Instructed
1077,77,0,0.4873180088526744,0.41069602095484803,1,Instructed
1078,78,0,0.6304852051723202,0.7178586232899076,1,Instructed
1079,79,0,0.812837742290085,0.4318899710984445,1,Instructed
1080,80,0,0.43271512801680506,0.44407912059106913,1,Instructed
1081,81,0,0.4165025298804128,0.6354716038919708,1,Instructed
1082,82,0,0.484711886939583,0.5026859340037502,1,Instructed
1083,83,0,0.6035545625867746,0.4665172043997486,1,Instructed
1084,84,0,0.47829665786671893,0.6563793365100064,1,Instructed
1085,85,0,0.6036306491245198,0.4665800584368382,1,Instructed
1086,86,0,0.007268334882148448,0.7201802122158016,1,Instructed
1087,87,0,0.6209974418614338,0.5945043194392949,1,Instructed
1088,88,0,0.34432080064332293,0.5621717124792187,1,Instructed
1089,89,0,0.604581364602564,0.37226157349020517,1,Instructed
1090,90,0,0.5849388808292519,0.7207724318885191,1,Instructed
1091,91,0,0.585687853857521,0.517138331849431,1,Instructed
1092,92,0,0.14676272170988164,0.3381639792825426,1,Instructed
1093,93,0,0.6555023852897973,0.5153536859386335,1,Instructed
1094,94,0,0.3548660158871816,0.6367918278669261,1,Instructed
1095,95,0,0.584690747916824,0.43717243326531074,1,Instructed
1096,96,0,0.9541275608748918,0.6180501571996911,1,Instructed
1097,97,0,0.4723667469750269,0.4028792151117623,1,Instructed
1098,98,0,0.6587588334208457,0.5521719531978444,1,Instructed
1099,99,0,0.4458952710599922,0.4372863051279411,1,Instructed
1100,100,0,0.6177912334022801,0.5640039532071461,1,Instructed
1101,101,0,0.5251145437825566,0.44428396329169795,1,Instructed
1102,102,0,0.6904908423986154,0.7417427319795479,1,Instructed
1103,103,0,0.5806463023243775,0.46811620972868917,1,Instructed
1104,104,0,0.3876755527587701,0.43731875848188884,1,Instructed
1105,105,0,0.28467241620533357,0.4479272675024625,1,Instructed
1106,106,0,0.8518652982544754,0.4973483831432448,1,Instructed
1107,107,0,0.6905498079244047,0.34499388715075474,1,Instructed
1108,108,0,0.585937393033358,0.42562200906547637,1,Instructed
1109,109,0,0.642591875433254,0.5752459070000165,1,Instructed
1110,110,0,0.6833875186055869,0.4989913066666024,1,Instructed
1111,111,0,0.6862259498572293,0.4485523531767416,1,Instructed
1112,112,0,0.5425758856263754,0.5472286446002759,1,Instructed
1113,113,0,0.7531839035308061,0.43654850133334644,1,Instructed
1114,114,0,0.6863349614299987,0.42458715130210384,1,Instructed
1115,115,0,0.9447217288021943,0.5217121384087517,1,Instructed
1116,116,0,0.7545242746151739,0.5089820852650582,1,Instructed
1117,117,0,0.9793715838741888,0.30809652220284683,1,Instructed
1118,118,0,0.42807682406137654,0.6268105077325045,1,Instructed
1119,119,0,0.8265128126395858,0.40611913806216904,1,Instructed
1120,120,0,0.5227886345042082,0.39872791395330726,1,Instructed
1121,121,0,0.38072675757042945,0.6149109028801472,1,Instructed
1122,122,0,0.15387643357195646,0.4278649755713262,1,Instructed
1123,123,0,0.03890516849407181,0.4899183968704591,1,Instructed
1124,124,0,0.903983627771262,0.36020788344553756,1,Instructed
1125,125,0,0.35503281677650844,0.44845203671661826,1,Instructed
1126,126,0,0.61983767207063,0.43857328989700156,1,Instructed
1127,127,0,0.9131001771064082,0.478310409875465,1,Instructed
1128,128,0,0.6384969268652149,0.6068056839071876,1,Instructed
1129,129,0,0.4875144846575293,0.47447583806100563,1,Instructed
1130,130,0,0.481131192032108,0.4501943970561343,1,Instructed
1131,131,0,0.2138033864957597,0.5589558908692369,1,Instructed
1132,132,0,0.01088122108034781,0.6394035817777484,1,Instructed
1133,133,0,0.9892294536576693,0.4647578900846153,1,Instructed
1134,134,0,0.6086415872361657,0.5117184345467629,1,Instructed
1135,135,0,0.07812704265403703,0.5232053384414843,1,Instructed
1136,136,0,0.5639701605022599,0.692800388786032,1,Instructed
1137,137,0,0.9327312018116827,0.5021369952668837,1,Instructed
1138,138,0,0.4727163439341458,0.4245287374485319,1,Instructed
1139,139,0,0.53514172478986,0.4708239386664992,1,Instructed
1140,140,0,0.5687113992165229,0.4112266807557877,1,Instructed
1141,141,0,0.042907671266084475,0.5992307709348528,1,Instructed
1142,142,0,0.19926983185328945,0.4887151295164462,1,Instructed
1143,143,0,0.706298014339607,0.33218709590180207,1,Instructed
1144,144,0,0.37073640814295367,0.531910141832612,1,Instructed
1145,145,0,0.4325351655700982,0.496362499943797,1,Instructed
1146,146,0,0.12115738493246772,0.5550835494442778,1,Instructed
1147,147,0,0.35921574734998074,0.4829347361051437,1,Instructed
1148,148,0,0.9127573210153592,0.7383198065470824,1,Instructed
1149,149,0,0.5553483878337533,0.5211670419515789,1,Instructed
1150,150,0,0.43780687016071784,0.3874174162987698,1,Instructed
1151,151,0,0.11327683354628601,0.6309038843177737,1,Instructed
1152,152,0,0.5748549231643589,0.4389099863039143,1,Instructed
1153,153,0,0.11803396351766424,0.5317476156114888,1,Instructed
1154,154,0,0.8951133251032901,0.3739075192454352,1,Instructed
1155,155,0,0.409742397354361,0.5098310481963066,1,Instructed
1156,156,0,0.35930881951268795,0.394552422794312,1,Instructed
1157,157,0,0.968266276731045,0.5105529833699353,1,Instructed
1158,158,0,0.3168427425510112,0.6934910733873982,1,Instructed
1159,159,0,0.8289456133509218,0.41457554618038694,1,Instructed
1160,160,0,0.6852749668543193,0.40323342516766847,1,Instructed
1161,161,0,0.2898670985878756,0.6677367668630232,1,Instructed
1162,162,0,0.6076942964533962,0.5586342314658062,1,Instructed
1163,163,0,0.5133221240709127,0.47869120953654243,1,Instructed
1164,164,0,0.4275943804541633,0.20912325608262272,1,Instructed
1165,165,0,0.20713119258037418,0.625191712700883,1,Instructed
1166,166,0,0.3735494486562195,0.5660875834667287,1,Instructed
1167,167,0,0.5584784352112726,0.723063275846812,1,Instructed
1168,168,0,0.4158718879331156,0.38201276657426475,1,Instructed
1169,169,0,0.018609806216656647,0.6791942634944695,1,Instructed
1170,170,0,0.651323711740267,0.49567058706626765,1,Instructed
1171,171,0,0.3392928914246439,0.4747260704799535,1,Instructed
1172,172,0,0.683663288801255,0.3816969245685496,1,Instructed
1173,173,0,0.3453333525776085,0.5651387090995657,1,Instructed
1174,174,0,0.9978915713684102,0.6479283115123686,1,Instructed
1175,175,0,0.531344606978949,0.48902238773278384,1,Instructed
1176,176,0,0.4422475432471796,0.4995542215083577,1,Instructed
1177,177,0,0.7580161518841972,0.4162528527060344,1,Instructed
1178,178,0,0.6215000738680586,0.8241700320906262,1,Instructed
1179,179,0,0.7223558961628732,0.6694801736381715,1,Instructed
1180,180,0,0.019120340966884142,0.46292019101326026,1,Instructed
1181,181,0,0.6206982808571708,0.33943519325576393,1,Instructed
1182,182,0,0.8203721777097996,0.4166058421456832,1,Instructed
1183,183,0,0.18748531622895914,0.4676856975537396,1,Instructed
1184,184,0,0.6020994620276048,0.7479125584872824,1,Instructed
1185,185,0,0.34665521338060656,0.5533416329494197,1,Instructed
1186,186,0,0.29822040005345146,0.6080524356295443,1,Instructed
1187,187,0,0.1278510946126457,0.914500633606588,1,Instructed
1188,188,0,0.3614805773231239,0.5908673170807734,1,Instructed
1189,189,0,0.45389517177243094,0.8252875344874442,1,Instructed
1190,190,0,0.5870383515998572,0.46686329012709793,1,Instructed
1191,191,0,0.35075212990242666,0.3782237426816881,1,Instructed
1192,192,0,0.10005485989058092,0.935164699398896,1,Instructed
1193,193,0,0.9504301330241023,0.3667633283839886,1,Instructed
1194,194,0,0.5180307004105928,0.49769553057545735,1,Instructed
1195,195,0,0.2469409079617233,0.5462802636021595,1,Instructed
1196,196,0,0.5555990501026645,0.4643607159665264,1,Instructed
1197,197,0,0.83022598575122,0.44601536324614344,1,Instructed
1198,198,0,0.9701272499804103,0.46574050170165393,1,Instructed
1199,199,0,0.6732793335526404,0.523534726015041,1,Instructed
