,t,e_hat,Accuracy,pe,batch,Condition
0,0,0,0.6201046696043562,0.8054461419141382,0,Blocked
1,1,0,0.4925312209355497,0.6449694347529029,0,Blocked
2,2,0,0.9895184500722899,0.5203017458110756,0,Blocked
3,3,0,0.28515106059662054,0.5689736248951572,0,Blocked
4,4,0,0.42188628932442046,0.7733025693694837,0,Blocked
5,5,0,0.45520442106711584,0.7077143820650538,0,Blocked
6,6,0,0.9717550799542995,0.5563002580623788,0,Blocked
7,7,0,0.6600652385548307,0.5452938031808174,0,Blocked
8,8,0,0.4855706538996519,0.6032295833544536,0,Blocked
9,9,0,0.9498697854666238,0.5777688154430188,0,Blocked
10,10,0,0.622047049956355,0.5253770275582841,0,Blocked
11,11,0,0.26734301309820346,0.7300945548238765,0,Blocked
12,12,0,0.5334589312958451,0.755838901993052,0,Blocked
13,13,0,0.8701131116984645,0.45367672653112034,0,Blocked
14,14,0,0.6788020514284718,0.7163705817519538,0,Blocked
15,15,0,0.544158131787734,0.7465220562994526,0,Blocked
16,16,0,0.49420758065827997,0.3696693587049804,0,Blocked
17,17,0,0.6749485810157525,0.4766546440131537,0,Blocked
18,18,0,0.36433977724998207,0.7401426996978507,0,Blocked
19,19,0,0.4098301872630614,0.6091691597533998,0,Blocked
20,20,0,0.9221812011047641,0.5721078008107469,0,Blocked
21,21,0,0.005337321133401343,0.5682466410880525,0,Blocked
22,22,0,0.5583261066004273,0.6457036415226096,0,Blocked
23,23,0,0.4927508964220193,1.0170787309347156,0,Blocked
24,24,0,0.5545676323475662,0.7223079171091498,0,Blocked
25,25,0,0.9178034361249323,0.6593926680234505,0,Blocked
26,26,0,0.8226331731114855,0.6511075097872219,0,Blocked
27,27,0,0.11062879232459069,0.6275097416713473,0,Blocked
28,28,0,0.3970581536427536,0.5615108982085172,0,Blocked
29,29,0,0.19341667802619042,0.8562102472275839,0,Blocked
30,30,0,0.10556378638845393,0.9096511116226332,0,Blocked
31,31,0,0.4097560802356817,0.6343625517398279,0,Blocked
32,32,0,0.3896750483611806,0.5666819620622908,0,Blocked
33,33,0,0.23998714107316377,0.6252134895132617,0,Blocked
34,34,0,0.4841117340392536,0.716777966036956,0,Blocked
35,35,0,0.18841890681938833,0.7601933354205006,0,Blocked
36,36,0,0.5103358410744994,0.5113236421137018,0,Blocked
37,37,0,0.549298393421527,0.5366238531897749,0,Blocked
38,38,0,0.8093316784090223,0.5841685504419893,0,Blocked
39,39,0,0.5236575277064219,0.5971463637384782,0,Blocked
40,40,0,0.44877013959116324,0.7704026409276936,0,Blocked
41,41,0,0.00043287561527575037,0.9185059439817961,0,Blocked
42,42,0,0.6654268909991516,0.6854822890433243,0,Blocked
43,43,0,0.0345051970798644,0.8261004901755953,0,Blocked
44,44,0,0.47203539228410113,0.5744825617116656,0,Blocked
45,45,0,0.03725473497038761,0.796522315990899,0,Blocked
46,46,0,0.18671351851095605,0.8856450886068844,0,Blocked
47,47,0,0.08756738225240153,1.1200725876027617,0,Blocked
48,48,0,0.2846778204587536,0.6328461818628947,0,Blocked
49,49,0,0.06814157751327983,0.600179638290476,0,Blocked
50,50,0,0.8198781266239392,0.4802498505645048,0,Blocked
51,51,0,0.49414099601498795,0.7296384997507954,0,Blocked
52,52,0,0.9515690752698502,0.7046811552872554,0,Blocked
53,53,0,0.6179096529786932,0.8162907047589469,0,Blocked
54,54,0,0.8253921351658551,0.6958153620810633,0,Blocked
55,55,0,0.5343908691534558,0.806466987434461,0,Blocked
56,56,0,0.5326401796868037,0.5249087802585677,0,Blocked
57,57,0,0.02826943303049684,0.5339467887514553,0,Blocked
58,58,0,0.24749021479362926,0.7550562361104785,0,Blocked
59,59,0,0.41548693871324593,0.906811130519037,0,Blocked
60,60,0,0.6018290736802437,0.5719655181982108,0,Blocked
61,61,0,0.14835766839100356,0.8970417912037567,0,Blocked
62,62,0,0.023185238831046576,0.8055962439068964,0,Blocked
63,63,0,0.04116934799846798,0.6157098570043172,0,Blocked
64,64,0,0.9926582491002724,0.7694500055817793,0,Blocked
65,65,0,0.5517142676035699,0.534566998644017,0,Blocked
66,66,0,0.6117435178136599,0.4161215153408982,0,Blocked
67,67,0,0.2586671211781524,0.5816515859893922,0,Blocked
68,68,0,0.5149059736099616,0.5173124527012516,0,Blocked
69,69,0,0.575046818184998,0.485700317131477,0,Blocked
70,70,0,0.2861304239471891,0.5094305076255027,0,Blocked
71,71,0,0.49749587833886316,0.7744085619855241,0,Blocked
72,72,0,0.6823114057770157,0.7582193621009492,0,Blocked
73,73,0,0.9561076975232073,0.3258119435301202,0,Blocked
74,74,0,0.167966709849643,0.7152060784376275,0,Blocked
75,75,0,0.5771475772810013,0.6139297042082112,0,Blocked
76,76,0,0.16147773591945505,0.5717143369109935,0,Blocked
77,77,0,0.9022092958654009,0.4678919675868516,0,Blocked
78,78,0,0.9584943245308961,0.5557260612675352,0,Blocked
79,79,0,0.44250641444990735,0.7639868206129611,0,Blocked
80,80,0,0.5751164495675074,0.6904754219035552,0,Blocked
81,81,0,0.35347059502949923,0.6933744916955024,0,Blocked
82,82,0,0.5094595176637811,0.6900725946667964,0,Blocked
83,83,0,0.9749197084761044,0.6719633804200109,0,Blocked
84,84,0,0.05307510725875685,0.9072326005745088,0,Blocked
85,85,0,0.20817300473827996,0.5054843807261264,0,Blocked
86,86,0,0.9168407526150577,0.4974544774109143,0,Blocked
87,87,0,0.5002147811524681,0.7500319887326614,0,Blocked
88,88,0,0.871057505338652,0.6466400371812937,0,Blocked
89,89,0,0.993613538886333,0.6765778343229348,0,Blocked
90,90,0,0.6297449071526009,0.5960037040014339,0,Blocked
91,91,0,0.49857494149372333,0.6936522463384891,0,Blocked
92,92,0,0.890176750078138,0.30958436999220407,0,Blocked
93,93,0,0.5801763374267495,0.7496610282537459,0,Blocked
94,94,0,0.49057026051512015,0.8663454904243808,0,Blocked
95,95,0,0.4956282925636447,0.5935390649317842,0,Blocked
96,96,0,0.39049775387303265,0.8301802099761662,0,Blocked
97,97,0,0.48494586781392407,0.5330336260977877,0,Blocked
98,98,0,0.4580940054076001,0.6731546237454418,0,Blocked
99,99,0,0.25824782797644447,0.5047858760435541,0,Blocked
100,100,0,0.49225811492822374,0.8528623104793107,0,Blocked
101,101,0,0.16784138556867667,0.7840428098690067,0,Blocked
102,102,0,0.3511645031509813,0.623480611505828,0,Blocked
103,103,0,0.9456204345801074,0.6218072043473502,0,Blocked
104,104,0,0.7351250997562438,0.6455607703335062,0,Blocked
105,105,0,0.2917569833495564,0.7256280850411951,0,Blocked
106,106,0,0.21564560317891873,0.8325144387827155,0,Blocked
107,107,0,0.5139431592629353,0.7355170747985047,0,Blocked
108,108,0,0.4663868054029457,0.8617549009299101,0,Blocked
109,109,0,0.9240367815696091,0.5608573466830848,0,Blocked
110,110,0,0.054921653771336704,1.0356098856313734,0,Blocked
111,111,0,0.49992352401198104,0.6729872657899041,0,Blocked
112,112,0,0.5066599060637841,0.6093071540840522,0,Blocked
113,113,0,0.3524335924387604,0.9433922498949031,0,Blocked
114,114,0,0.4533279947653714,0.588687489318779,0,Blocked
115,115,0,0.10830554973156448,0.5823231047593158,0,Blocked
116,116,0,0.5057869100043262,0.717086184486462,0,Blocked
117,117,0,0.5264581876278556,0.88221225118302,0,Blocked
118,118,0,0.9059573804647085,0.6285346127629512,0,Blocked
119,119,0,0.3853599893354877,0.731847359547271,0,Blocked
120,120,0,0.032820847044587695,0.7389037496378333,0,Blocked
121,121,0,0.5984470776428429,0.6599645122266553,0,Blocked
122,122,0,0.49288820540911626,0.7154481217732455,0,Blocked
123,123,0,0.31668761439407334,0.4498315660431925,0,Blocked
124,124,0,0.7166178289424796,0.5500795139373673,0,Blocked
125,125,0,0.5082223664122122,0.6423330323484209,0,Blocked
126,126,0,0.33287000637953035,0.41768138963931495,0,Blocked
127,127,0,0.7174000838212611,0.7087220186551345,0,Blocked
128,128,0,0.02189206146931849,0.7170087029571517,0,Blocked
129,129,0,0.3367034586662054,0.5385357314947943,0,Blocked
130,130,0,0.05528346953994516,0.60670706849273,0,Blocked
131,131,0,0.2234089243810481,0.6505902683089724,0,Blocked
132,132,0,0.072448364166609,0.6036982178920789,0,Blocked
133,133,0,0.48682875283589283,0.46920544688788046,0,Blocked
134,134,0,0.6644991767323892,0.624858271222096,0,Blocked
135,135,0,0.40433596228230206,0.5635806023377019,0,Blocked
136,136,0,0.5200174620599545,0.9844871366655541,0,Blocked
137,137,0,0.988350392051526,0.6586614684741747,0,Blocked
138,138,0,0.18474641388060994,0.6524011892010106,0,Blocked
139,139,0,0.3920358603093816,0.5060409395167624,0,Blocked
140,140,0,0.4186030504738606,0.699338159017028,0,Blocked
141,141,0,0.08297685790005546,0.5923296726341294,0,Blocked
142,142,0,0.21958791903932673,0.7505847959245711,0,Blocked
143,143,0,0.03353729229242554,0.8200875798271774,0,Blocked
144,144,0,0.36868036746058475,0.5653637298244271,0,Blocked
145,145,0,0.932871589901605,0.6450371745225582,0,Blocked
146,146,0,0.07064945297700505,0.697772197881488,0,Blocked
147,147,0,0.9071665497177455,0.628762243430033,0,Blocked
148,148,0,0.6427487860894203,0.5872364514911479,0,Blocked
149,149,0,0.39399270010298326,0.7464875865696514,0,Blocked
150,150,0,0.5748646520808454,0.7252026998815719,0,Blocked
151,151,0,0.7202754324206502,0.4069587262220422,0,Blocked
152,152,0,0.8843357534798029,0.6383332213535993,0,Blocked
153,153,0,0.48960978011036044,0.7280423767039903,0,Blocked
154,154,0,0.6232988764256032,0.476674740603337,0,Blocked
155,155,0,0.5088904090157153,0.5699149569674837,0,Blocked
156,156,0,0.6694171112460288,0.5758492325798572,0,Blocked
157,157,0,0.49944984985170726,0.695498000908656,0,Blocked
158,158,0,0.4588051117888952,0.8691996410665883,0,Blocked
159,159,0,0.4476143208933397,0.6054122756056015,0,Blocked
160,160,0,0.518551756984649,0.7233867434607084,0,Blocked
161,161,0,0.3092289845245642,0.6718999881032507,0,Blocked
162,162,0,0.9091986392313187,0.7397857211178333,0,Blocked
163,163,0,0.1485050157861975,0.7870982213571567,0,Blocked
164,164,0,0.2710933867209473,0.6280520071087964,0,Blocked
165,165,0,0.5920405175655906,0.7726617235052443,0,Blocked
166,166,0,0.5056697986601454,0.45777188680458664,0,Blocked
167,167,0,0.5010544864888744,0.8003356588098385,0,Blocked
168,168,0,0.4515373785905756,0.5979618802752968,0,Blocked
169,169,0,0.9434046406675232,0.5386981869663485,0,Blocked
170,170,0,0.4647673291385449,0.5250533993356676,0,Blocked
171,171,0,0.012562583216782624,0.7683255639473849,0,Blocked
172,172,0,0.39178576718877645,0.6686085532801795,0,Blocked
173,173,0,0.7116828424031908,0.672159016379677,0,Blocked
174,174,0,0.2931286362038903,0.6707258245662405,0,Blocked
175,175,0,0.2736121352894013,0.5558443529623713,0,Blocked
176,176,0,0.5109283408445707,0.7118988438724652,0,Blocked
177,177,0,0.9728449266551162,0.6060202795424892,0,Blocked
178,178,0,0.561820235168141,0.6138763242206449,0,Blocked
179,179,0,0.5039080462421655,0.9390206308651634,0,Blocked
180,180,0,0.4209907289338624,1.129022078224551,0,Blocked
181,181,0,0.07016742489920558,0.478379858963932,0,Blocked
182,182,0,0.05135733963274711,0.6392412894693622,0,Blocked
183,183,0,0.7980132193330147,0.5044857078932521,0,Blocked
184,184,0,0.9913370865173196,0.4696914848965268,0,Blocked
185,185,0,0.2579545377593186,0.5784154471038228,0,Blocked
186,186,0,0.5507040313088183,0.6629073276996189,0,Blocked
187,187,0,0.48166208554353696,0.7265380980012911,0,Blocked
188,188,0,0.6260001553386038,0.5302609522700398,0,Blocked
189,189,0,0.5322655767793869,0.5531377429686198,0,Blocked
190,190,0,0.07023768350804857,0.8464645262529613,0,Blocked
191,191,0,0.4290366245908173,0.6082421446915097,0,Blocked
192,192,0,0.8661654518516075,0.2962881482613339,0,Blocked
193,193,0,0.5335962552983123,0.4967759004806472,0,Blocked
194,194,0,0.623697460310673,0.34793800205753445,0,Blocked
195,195,0,0.4878389503270598,0.5210859426253108,0,Blocked
196,196,0,0.6630789636116923,0.5936620718357399,0,Blocked
197,197,0,0.5631874786061775,0.5565049997025904,0,Blocked
198,198,0,0.7517351446865109,0.5293459447579255,0,Blocked
199,199,0,0.8256345924645795,0.7667872870468755,0,Blocked
200,0,0,0.52562527262368,0.907469809454899,0,Interleaved
201,1,0,0.4997768731562336,0.787682574007735,0,Interleaved
202,2,0,0.009502967797717563,0.8333395020415448,0,Interleaved
203,3,0,0.1137256698825538,0.7604718856247452,0,Interleaved
204,4,0,0.6745191343272773,0.7380227032388388,0,Interleaved
205,5,0,0.8714771702998283,0.5006338386249083,0,Interleaved
206,6,0,0.6590313159853531,0.5116213823328655,0,Interleaved
207,7,0,0.33205539282610325,0.6650912506861816,0,Interleaved
208,8,0,0.5076201372562847,0.5939414878552443,0,Interleaved
209,9,0,0.46795107017339654,0.5544847164836563,0,Interleaved
210,10,0,0.2002322533083715,0.9424523544888155,0,Interleaved
211,11,0,0.49093290211432367,0.8754064416622429,0,Interleaved
212,12,0,0.6019086919388841,0.7610901915870671,0,Interleaved
213,13,0,0.14049425756237427,0.5193500227586901,0,Interleaved
214,14,0,0.9063877542897696,0.37104651799950233,0,Interleaved
215,15,0,0.40154568775895294,0.7107881083216778,0,Interleaved
216,16,0,0.050690925307768364,0.7134515336978116,0,Interleaved
217,17,0,0.7428520923017596,0.5262350225357633,0,Interleaved
218,18,0,0.4397462717539261,0.6711587442029847,0,Interleaved
219,19,0,0.9127374211487665,0.6333254523545577,0,Interleaved
220,20,0,0.5550568164100078,0.6461132104098029,0,Interleaved
221,21,0,0.46922115458003943,0.7738293990234801,0,Interleaved
222,22,0,0.4092274143789055,0.8810220138115827,0,Interleaved
223,23,0,0.9257846451137361,0.48300706630475654,0,Interleaved
224,24,0,0.5567784401837066,0.36001019024950864,0,Interleaved
225,25,0,0.1867494735290373,0.49799030012678214,0,Interleaved
226,26,0,0.05687995229273032,0.7485611332557172,0,Interleaved
227,27,0,0.6552779720291193,0.6885426678249964,0,Interleaved
228,28,0,0.46029780164997613,0.42429245994755527,0,Interleaved
229,29,0,0.8522562662428048,0.6130962812458827,0,Interleaved
230,30,0,0.8839585016888227,0.4998720982200027,0,Interleaved
231,31,0,0.9626112258111945,0.517009394262559,0,Interleaved
232,32,0,0.6236784004989956,0.5018468901846557,0,Interleaved
233,33,0,0.5911232880467818,0.5868900992571022,0,Interleaved
234,34,0,0.8462012825938008,0.5154799118174547,0,Interleaved
235,35,0,0.5514218068534459,0.47659264017044733,0,Interleaved
236,36,0,0.559848958779942,0.6817171944056897,0,Interleaved
237,37,0,0.5695585389420139,0.8312370940856522,0,Interleaved
238,38,0,0.9957825731670357,0.38734493193643665,0,Interleaved
239,39,0,0.6843981858278043,0.7348780212305551,0,Interleaved
240,40,0,0.3460415351909455,0.7359189381657136,0,Interleaved
241,41,0,0.9983920592521731,0.5738848685638274,0,Interleaved
242,42,0,0.5167207860605694,0.7886281029642919,0,Interleaved
243,43,0,0.6359549356650366,0.8467866464165984,0,Interleaved
244,44,0,0.5055062371598681,0.6382466531935562,0,Interleaved
245,45,0,0.5924856606218756,0.5813890726437558,0,Interleaved
246,46,0,0.4632657786847223,0.7764504042426746,0,Interleaved
247,47,0,0.9528313058267965,0.5100975224077922,0,Interleaved
248,48,0,0.594316066821626,0.7455536154318776,0,Interleaved
249,49,0,0.10825349205202608,0.6758790689603507,0,Interleaved
250,50,0,0.4483770536263466,0.5137680284935437,0,Interleaved
251,51,0,0.5178132870615393,0.6897113687018752,0,Interleaved
252,52,0,0.13436109968555515,0.6636132746401651,0,Interleaved
253,53,0,0.5159667792284965,0.5298672235820157,0,Interleaved
254,54,0,0.6243718521135319,0.5395838079103663,0,Interleaved
255,55,0,0.9697162473962292,0.5370290776407227,0,Interleaved
256,56,0,0.8487086166435944,0.4664644160500169,0,Interleaved
257,57,0,0.8083943069430155,0.51906665355585,0,Interleaved
258,58,0,0.4375184130258044,0.4196920994927511,0,Interleaved
259,59,0,0.4965374692877267,0.6670516459085789,0,Interleaved
260,60,0,0.42190401388024196,0.6456401989422976,0,Interleaved
261,61,0,0.6152517012106823,0.43664896882765103,0,Interleaved
262,62,0,0.017437503793405855,0.8559517139003907,0,Interleaved
263,63,0,0.41427643996169167,0.7244575897404516,0,Interleaved
264,64,0,0.9657845518751238,0.6965853793430528,0,Interleaved
265,65,0,0.5144234964952988,0.6965904615195995,0,Interleaved
266,66,0,0.8248053132600781,0.6119096515662167,0,Interleaved
267,67,0,0.05903709925822648,0.6850132905745726,0,Interleaved
268,68,0,0.9968250043909619,0.6822710756504751,0,Interleaved
269,69,0,0.22912652828580188,0.7632543321745318,0,Interleaved
270,70,0,0.18632931665595379,0.7146080500919121,0,Interleaved
271,71,0,0.13441825819917283,0.5534099476636491,0,Interleaved
272,72,0,0.5294424449898817,0.6378423598111098,0,Interleaved
273,73,0,0.9265100770992523,0.743784636259868,0,Interleaved
274,74,0,0.9975079776830518,0.6610229342292211,0,Interleaved
275,75,0,0.13529630408949778,0.5646643852145098,0,Interleaved
276,76,0,0.8582356830668597,0.44375794717682504,0,Interleaved
277,77,0,0.32767026470174504,0.59105288120727,0,Interleaved
278,78,0,0.8262146449571283,0.7250287922657704,0,Interleaved
279,79,0,0.5208832844274806,0.7642589972720777,0,Interleaved
280,80,0,0.9101265980626454,0.7053940625936075,0,Interleaved
281,81,0,0.7114477055468553,0.6465324929672214,0,Interleaved
282,82,0,0.5021510659859517,0.6588104352821582,0,Interleaved
283,83,0,0.5294928715394139,0.6874735713478657,0,Interleaved
284,84,0,0.1747351461219393,0.6442780306031561,0,Interleaved
285,85,0,0.4928813550392773,0.748611727519357,0,Interleaved
286,86,0,0.49730434244789784,0.8219220593458012,0,Interleaved
287,87,0,0.4875473405794374,0.7503229593108448,0,Interleaved
288,88,0,0.86887124991515,0.5106430257093524,0,Interleaved
289,89,0,0.49739462130038836,0.7477416708832427,0,Interleaved
290,90,0,0.6565289709769015,0.5025992372539768,0,Interleaved
291,91,0,0.4782901934588373,0.7411931062649759,0,Interleaved
292,92,0,0.04247829544329873,0.8212450619417494,0,Interleaved
293,93,0,0.8553146042423939,0.7295006723347838,0,Interleaved
294,94,0,0.09361611901134398,0.7287693640732993,0,Interleaved
295,95,0,0.9056891943760055,0.5367487731205492,0,Interleaved
296,96,0,0.00697372409732738,0.9110314081252942,0,Interleaved
297,97,0,0.06331637011982746,0.8119515976416445,0,Interleaved
298,98,0,0.17995624479562788,0.871595350451916,0,Interleaved
299,99,0,0.4858007445929965,0.4942866858341758,0,Interleaved
300,100,0,0.5291787302390667,0.5437326317333588,0,Interleaved
301,101,0,0.527583417690954,0.7892097846441918,0,Interleaved
302,102,0,0.505321421155881,0.8569598282620867,0,Interleaved
303,103,0,0.49236785117008647,0.5984977788142661,0,Interleaved
304,104,0,0.17012255977220644,0.878059403959706,0,Interleaved
305,105,0,0.9171299666855752,0.44739864431222265,0,Interleaved
306,106,0,0.3380595378900484,0.8271850226704031,0,Interleaved
307,107,0,0.5059357669723661,0.656029200979819,0,Interleaved
308,108,0,0.1984356694362222,0.7451741140944386,0,Interleaved
309,109,0,0.425005379296853,0.6469034017076823,0,Interleaved
310,110,0,0.4156286677902721,0.4707078141435357,0,Interleaved
311,111,0,0.4818988778053586,0.5969772812438927,0,Interleaved
312,112,0,0.009778795880454319,0.6672668731103546,0,Interleaved
313,113,0,0.8582110312086089,0.6303822507539787,0,Interleaved
314,114,0,0.9323415496454139,0.4907409489608192,0,Interleaved
315,115,0,0.36259978845336194,0.5633003120851663,0,Interleaved
316,116,0,0.9926904384435093,0.6342820760679091,0,Interleaved
317,117,0,0.15450830062222126,0.7637494716635642,0,Interleaved
318,118,0,0.8289411943786014,0.5638436597247274,0,Interleaved
319,119,0,0.49833104792853283,0.6953359454248709,0,Interleaved
320,120,0,0.9446071019819554,0.6897338293158327,0,Interleaved
321,121,0,0.5010654927125089,0.6516012754516644,0,Interleaved
322,122,0,0.331902375982038,0.6605532903235458,0,Interleaved
323,123,0,0.5094760014595557,0.5436190580757746,0,Interleaved
324,124,0,0.8852739248097868,0.5441891151719831,0,Interleaved
325,125,0,0.6113863615285093,0.6786261000495601,0,Interleaved
326,126,0,0.8015288234817999,0.5710995473331009,0,Interleaved
327,127,0,0.1875486186011806,0.4231110760989202,0,Interleaved
328,128,0,0.6391549037146643,0.7505856497674974,0,Interleaved
329,129,0,0.9110511266441452,0.8489706564533974,0,Interleaved
330,130,0,0.4548883557657793,0.5774172963314609,0,Interleaved
331,131,0,0.337852570141872,0.5594462897670083,0,Interleaved
332,132,0,0.09028142280923324,0.6358652205437192,0,Interleaved
333,133,0,0.5681106810275784,0.5439452529940327,0,Interleaved
334,134,0,0.6089295643911354,0.6354207499428992,0,Interleaved
335,135,0,0.5019418414082685,0.7567149241599673,0,Interleaved
336,136,0,0.016759378939610603,0.9266614054987394,0,Interleaved
337,137,0,0.5079152414191153,0.8976845265010478,0,Interleaved
338,138,0,0.9613299719006065,0.5878920964969505,0,Interleaved
339,139,0,0.5132885029553201,0.5440242252348856,0,Interleaved
340,140,0,0.74265877239525,0.6553341357757456,0,Interleaved
341,141,0,0.7405989016298488,0.5803726067733701,0,Interleaved
342,142,0,0.028686162971480075,0.7058625919709061,0,Interleaved
343,143,0,0.4218981887031555,0.673607467192789,0,Interleaved
344,144,0,0.6089702691127841,0.5878045220792903,0,Interleaved
345,145,0,0.49832296887717586,0.6866001359686179,0,Interleaved
346,146,0,0.049368301084725716,0.6319490047097549,0,Interleaved
347,147,0,0.46266819635482126,0.4477697605146158,0,Interleaved
348,148,0,0.9420088099584887,0.4393868902181244,0,Interleaved
349,149,0,0.8135309572909659,0.5644679726023003,0,Interleaved
350,150,0,0.3263159704056049,0.5664462565992345,0,Interleaved
351,151,0,0.5124207811847222,0.5934340171043655,0,Interleaved
352,152,0,0.04258510600518703,0.7481991232131555,0,Interleaved
353,153,0,0.06210793830073344,0.5305498554633246,0,Interleaved
354,154,0,0.8027330673152736,0.5732974368835936,0,Interleaved
355,155,0,0.4833181405857329,0.5018732017641996,0,Interleaved
356,156,0,0.5055810627553551,0.6009512693586534,0,Interleaved
357,157,0,0.2262492756001348,0.5576950411609234,0,Interleaved
358,158,0,0.18259680194787128,0.5133982427401339,0,Interleaved
359,159,0,0.4265630787233359,0.6463283384823393,0,Interleaved
360,160,0,0.6874099614628902,0.608398552894579,0,Interleaved
361,161,0,0.8789292318773119,0.6557180638658697,0,Interleaved
362,162,0,0.602510326531281,0.6651293106746325,0,Interleaved
363,163,0,0.35750757907932146,0.6942065360915926,0,Interleaved
364,164,0,0.053447391078656495,0.7446900177877249,0,Interleaved
365,165,0,0.3007999861210992,0.7002976270638719,0,Interleaved
366,166,0,0.7456335846988507,0.4492380076877589,0,Interleaved
367,167,0,0.489165973310161,0.6432940397230638,0,Interleaved
368,168,0,0.5465836473510518,0.8135981710364231,0,Interleaved
369,169,0,0.4172416971946736,0.6967497194141369,0,Interleaved
370,170,0,0.29166751478088615,0.6521532494770615,0,Interleaved
371,171,0,0.021045329839570956,0.956218293989544,0,Interleaved
372,172,0,0.47328760726202657,0.7045996588220311,0,Interleaved
373,173,0,0.3040825795612759,0.5093606072174236,0,Interleaved
374,174,0,0.010868461597050846,0.6972490747615285,0,Interleaved
375,175,0,0.1122286310233225,0.875417343985202,0,Interleaved
376,176,0,0.6944666074876233,0.47451179176274383,0,Interleaved
377,177,0,0.37926858065388114,0.7328654976271323,0,Interleaved
378,178,0,0.041087390943389326,0.6559570558527794,0,Interleaved
379,179,0,0.4655830140125065,0.6774958622727024,0,Interleaved
380,180,0,0.48015616514029813,0.6260104870747774,0,Interleaved
381,181,0,0.5000673322830659,0.6215193786778734,0,Interleaved
382,182,0,0.1760748023227182,0.6478350698909221,0,Interleaved
383,183,0,0.004836700421479695,0.9115452080036437,0,Interleaved
384,184,0,0.5858814449626933,0.5623193407553853,0,Interleaved
385,185,0,0.5928743166852436,0.5924350722253016,0,Interleaved
386,186,0,0.098117486584705,0.6488512514732957,0,Interleaved
387,187,0,0.49162173418269095,0.7119040559356071,0,Interleaved
388,188,0,0.9961065348085144,0.5018899943559276,0,Interleaved
389,189,0,0.5712709547170028,0.6241610093974258,0,Interleaved
390,190,0,0.8271962238632093,0.5301885175097811,0,Interleaved
391,191,0,0.3886907922989676,0.7329704611014238,0,Interleaved
392,192,0,0.41767211923260406,0.7548248836824394,0,Interleaved
393,193,0,0.5331969116391545,0.6432178050723725,0,Interleaved
394,194,0,0.3130273531445651,0.6310863982454653,0,Interleaved
395,195,0,0.5495018679039199,0.635763865734031,0,Interleaved
396,196,0,0.4403735130507961,0.7859688357366268,0,Interleaved
397,197,0,0.28373726357192885,0.673269726198271,0,Interleaved
398,198,0,0.18254833609001087,0.6808601123876257,0,Interleaved
399,199,0,0.500274050091063,0.779109120674903,0,Interleaved
400,0,0,0.4220282976871593,0.558949657594658,0,Instructed
401,1,0,0.49133489229776217,0.6281229741197298,0,Instructed
402,2,0,0.17361151741948572,0.8349478684933531,0,Instructed
403,3,0,0.813670330635327,0.7133753003577787,0,Instructed
404,4,0,0.4472128398423384,0.717794668016595,0,Instructed
405,5,0,0.500462942025448,0.537283170101142,0,Instructed
406,6,0,0.48634637479923687,0.5174624244727992,0,Instructed
407,7,0,0.5740059949119254,0.7217961443188885,0,Instructed
408,8,0,0.9991711811988041,0.5975380718467797,0,Instructed
409,9,0,0.5067920392451142,0.55512649929102,0,Instructed
410,10,0,0.11526122626292959,0.43038164502589366,0,Instructed
411,11,0,0.5340861081196919,0.6602956625933616,0,Instructed
412,12,0,0.9986941487231811,0.5811576112382628,0,Instructed
413,13,0,0.23721148832882596,0.3983968638649297,0,Instructed
414,14,0,0.9975210382859707,0.5338746703497063,0,Instructed
415,15,0,0.5594626447330373,0.7613171996333394,0,Instructed
416,16,0,0.0575164358694766,0.7721000208276507,0,Instructed
417,17,0,0.6156128443615645,0.9682863268686555,0,Instructed
418,18,0,0.04024517651186712,1.1267936612801703,0,Instructed
419,19,0,0.4789723665308134,0.9379758127548277,0,Instructed
420,20,0,0.999898130104977,2.0422923008395633,0,Instructed
421,21,0,0.5743225288050706,0.6678133701778304,0,Instructed
422,22,0,0.7691015043680978,0.7359292149469763,0,Instructed
423,23,0,0.4982425616900429,0.473767118847543,0,Instructed
424,24,0,0.01518719415347231,0.6884654915814934,0,Instructed
425,25,0,0.4977281783861028,0.5434090178967889,0,Instructed
426,26,0,0.4157368521411868,0.4740638521842914,0,Instructed
427,27,0,0.36429644929468735,0.7052150526989189,0,Instructed
428,28,0,0.8943057499633827,0.5030625893289186,0,Instructed
429,29,0,0.5055778728710292,0.5937395887703325,0,Instructed
430,30,0,0.36992833779815526,0.587946743769199,0,Instructed
431,31,0,0.412999661157651,0.6047180545058797,0,Instructed
432,32,0,0.07947676646966181,0.5336455667433433,0,Instructed
433,33,0,0.07744444905032234,0.7499765240770523,0,Instructed
434,34,0,0.8537620045034832,0.7053627618864755,0,Instructed
435,35,0,0.2883802433608314,0.6275822270523033,0,Instructed
436,36,0,0.5270063423502259,0.6514884771919391,0,Instructed
437,37,0,0.5589262871163894,0.8223401482097683,0,Instructed
438,38,0,0.9990105147942983,0.53402264101276,0,Instructed
439,39,0,0.5122636927084129,0.5493224036853656,0,Instructed
440,40,0,0.6176758343858219,0.5941208933736426,0,Instructed
441,41,0,0.8698301020037953,0.6049281516505767,0,Instructed
442,42,0,0.9865797621647683,0.585771449268548,0,Instructed
443,43,0,0.3302189535884103,0.703032722771857,0,Instructed
444,44,0,0.08088829977807825,0.75962145997629,0,Instructed
445,45,0,0.2954187485179379,0.561126935393972,0,Instructed
446,46,0,0.00894586530269035,0.7002689073863582,0,Instructed
447,47,0,0.14076093264896727,0.7622247937726755,0,Instructed
448,48,0,0.516547053212126,0.9431944330905577,0,Instructed
449,49,0,0.6571088756623725,0.6995464681511283,0,Instructed
450,50,0,0.16264648008497154,0.7229939714239223,0,Instructed
451,51,0,0.49079224316994197,0.8948819389966856,0,Instructed
452,52,0,0.4150408642973482,0.672336102782188,0,Instructed
453,53,0,0.33025134745821205,0.4417541504454434,0,Instructed
454,54,0,0.7702961280518978,0.5753685183876389,0,Instructed
455,55,0,0.5216858537106516,0.5758121287978087,0,Instructed
456,56,0,0.224632480024638,0.5674374503809184,0,Instructed
457,57,0,0.6016837082508131,0.6779653939003009,0,Instructed
458,58,0,0.9781550498618333,1.1899252656715085,0,Instructed
459,59,0,0.5054612537585362,0.4885384802367394,0,Instructed
460,60,0,0.13203498559387822,0.6616146504779916,0,Instructed
461,61,0,0.4827390637896428,0.43878854725633093,0,Instructed
462,62,0,0.5176127123316359,0.6769696438462919,0,Instructed
463,63,0,0.3550478192368664,0.6653449156000384,0,Instructed
464,64,0,0.04750847446497076,0.5546010880270125,0,Instructed
465,65,0,0.7880747969873934,0.7021578584131198,0,Instructed
466,66,0,0.10947675028419082,0.7003140061453246,0,Instructed
467,67,0,0.32015576911058824,0.5128113637445311,0,Instructed
468,68,0,0.03072204436376989,0.6536658256172765,0,Instructed
469,69,0,0.49648071294977736,0.6112902053924254,0,Instructed
470,70,0,0.8484524708818142,0.5453574219381221,0,Instructed
471,71,0,0.03229700577521316,0.44077015039786593,0,Instructed
472,72,0,0.9664873841551247,0.7160410427833024,0,Instructed
473,73,0,0.10126294836775697,0.6389371955022594,0,Instructed
474,74,0,0.8847411885536605,0.4194901530439626,0,Instructed
475,75,0,0.8867562794105397,0.5059495110692336,0,Instructed
476,76,0,0.7303766648511333,0.7254878759650432,0,Instructed
477,77,0,0.5476219170690892,0.6509005608630767,0,Instructed
478,78,0,0.6786406522514151,0.6531451596770443,0,Instructed
479,79,0,0.5002278757439589,0.6434634289379644,0,Instructed
480,80,0,0.8644355748761912,0.5724243237569144,0,Instructed
481,81,0,0.032070529356022316,0.8649841296526546,0,Instructed
482,82,0,0.06386282789946104,0.6164098959683398,0,Instructed
483,83,0,0.9180357062535058,0.7829054776328681,0,Instructed
484,84,0,0.6125632181212004,0.6392887062089795,0,Instructed
485,85,0,0.4823739335504979,0.5849064443723676,0,Instructed
486,86,0,0.06680790889017876,0.6559346990147553,0,Instructed
487,87,0,0.5939065776960357,0.7044757197512354,0,Instructed
488,88,0,0.7901252671451275,0.7025930212802398,0,Instructed
489,89,0,0.5046551064886352,0.459791612079078,0,Instructed
490,90,0,0.026855713244570943,0.5155141806140292,0,Instructed
491,91,0,0.43869546511914354,0.6989709751367335,0,Instructed
492,92,0,0.033568047063896274,0.8781037144494696,0,Instructed
493,93,0,0.4989001601472714,0.4640349868274525,0,Instructed
494,94,0,0.9715758017768962,0.5157612773577457,0,Instructed
495,95,0,0.4535303720698566,0.6413215279650706,0,Instructed
496,96,0,0.9351764986780309,0.6496373471241266,0,Instructed
497,97,0,0.4973615143072174,0.7611491263064414,0,Instructed
498,98,0,0.99355524426247,0.7760428812972497,0,Instructed
499,99,0,0.48571875729954833,0.6693658038416191,0,Instructed
500,100,0,0.5823102948601053,0.5162863634162579,0,Instructed
501,101,0,0.9609228337577498,0.4421397873394002,0,Instructed
502,102,0,0.9236153703826813,0.7075451770290752,0,Instructed
503,103,0,0.4905096884584119,0.6522402929785361,0,Instructed
504,104,0,0.12457455997837366,0.6268286896043662,0,Instructed
505,105,0,0.235786969924268,0.44623156278072773,0,Instructed
506,106,0,0.9713769848967253,0.533624197758079,0,Instructed
507,107,0,0.604166726743494,0.789722363416502,0,Instructed
508,108,0,0.16601080956637682,0.7473435567105571,0,Instructed
509,109,0,0.3564529702811332,0.4155645724619958,0,Instructed
510,110,0,0.7520242561994037,0.3737826138645597,0,Instructed
511,111,0,0.5422244316188158,0.6998453411755233,0,Instructed
512,112,0,0.5006459604375063,0.6451436980962271,0,Instructed
513,113,0,0.42251276471071253,0.6520994163457017,0,Instructed
514,114,0,0.010716937086091012,0.5979029943585404,0,Instructed
515,115,0,0.4197730898739096,0.5812048306970341,0,Instructed
516,116,0,0.5627763328908871,0.6615926896420614,0,Instructed
517,117,0,0.5013545962632824,0.6173764728350073,0,Instructed
518,118,0,0.47420079903709794,0.5417513715639655,0,Instructed
519,119,0,0.44131685667597575,0.45070359208210137,0,Instructed
520,120,0,0.05533883332501717,0.8338088572344278,0,Instructed
521,121,0,0.8171933184826708,0.8524125535320302,0,Instructed
522,122,0,0.9595938530188575,0.6896455057481938,0,Instructed
523,123,0,0.47721060550938954,0.6167069455614309,0,Instructed
524,124,0,0.21908698875361438,0.6469220314299148,0,Instructed
525,125,0,0.9404787448363239,0.5670621533608491,0,Instructed
526,126,0,0.9994890646460284,0.5826925474739184,0,Instructed
527,127,0,0.5071760996541788,0.510526123674225,0,Instructed
528,128,0,0.944215450584653,0.8870183649419768,0,Instructed
529,129,0,0.5224708857733387,0.7459926877062348,0,Instructed
530,130,0,0.822856067693618,0.45595702061501836,0,Instructed
531,131,0,0.6049802975696813,0.5856987828217219,0,Instructed
532,132,0,0.9347760030476464,0.429617239830392,0,Instructed
533,133,0,0.5169786393306149,0.5050135493429341,0,Instructed
534,134,0,0.02425347116460321,0.7994666903262951,0,Instructed
535,135,0,0.9192285269943772,0.7784953694027963,0,Instructed
536,136,0,0.9819947576345216,0.8161132838622696,0,Instructed
537,137,0,0.5009164743473974,0.6760320113069572,0,Instructed
538,138,0,0.011993475519570338,0.6112083928162728,0,Instructed
539,139,0,0.3681703682684426,0.5847751604482003,0,Instructed
540,140,0,0.9601354075277897,0.6364396837190277,0,Instructed
541,141,0,0.4889169602513166,0.6615828247688766,0,Instructed
542,142,0,0.006839074683003847,0.5514640233399548,0,Instructed
543,143,0,0.5260584444379793,0.7359187749573666,0,Instructed
544,144,0,0.07483525482013775,0.824474610493433,0,Instructed
545,145,0,0.3766315700990584,0.6182799017526335,0,Instructed
546,146,0,0.5098892280979161,0.8516404502227036,0,Instructed
547,147,0,0.5285796061827988,0.6772515184037853,0,Instructed
548,148,0,0.5981775998169868,0.5915006953076174,0,Instructed
549,149,0,0.6823377114398752,0.45614565588214573,0,Instructed
550,150,0,0.5606999072812088,0.5008986892778551,0,Instructed
551,151,0,0.5001376562711548,0.793251494697938,0,Instructed
552,152,0,0.26517473053287965,0.7682753018385216,0,Instructed
553,153,0,0.41486230967919124,0.6721335255203746,0,Instructed
554,154,0,0.7698505685963875,0.6897161228339312,0,Instructed
555,155,0,0.5006124444745896,0.7581345421556469,0,Instructed
556,156,0,0.5891048256447688,0.7348350598997535,0,Instructed
557,157,0,0.4221392755113451,0.6195639364691545,0,Instructed
558,158,0,0.12620210203234103,0.7660975422370797,0,Instructed
559,159,0,0.25678742183191383,0.6252710658782032,0,Instructed
560,160,0,0.5613887933774867,0.7722610923522397,0,Instructed
561,161,0,0.7309965742947448,0.5591632826621717,0,Instructed
562,162,0,0.004439410160578417,0.6962351709835637,0,Instructed
563,163,0,0.25931491483319613,0.7279040052081818,0,Instructed
564,164,0,0.2784549871663106,0.7095213187634202,0,Instructed
565,165,0,0.49141234416341295,0.5772726238578109,0,Instructed
566,166,0,0.26367056884065193,0.3397104759491238,0,Instructed
567,167,0,0.3918066440631915,0.7288815394274245,0,Instructed
568,168,0,0.5198611030839102,0.5187919106155792,0,Instructed
569,169,0,0.9993962092988116,0.5950366256504638,0,Instructed
570,170,0,0.02626730146000202,0.7926538047867352,0,Instructed
571,171,0,0.37944667800872595,0.71600582253752,0,Instructed
572,172,0,0.5512156069504976,0.6778401660337592,0,Instructed
573,173,0,0.6891012616744907,0.6985692647044759,0,Instructed
574,174,0,0.8822000211992735,0.5491138533479751,0,Instructed
575,175,0,0.05983932065523,0.5944390646799207,0,Instructed
576,176,0,0.8229131206739737,0.3719484967223353,0,Instructed
577,177,0,0.987771689556594,0.32124843087729127,0,Instructed
578,178,0,0.3742004494789416,0.7700442926896673,0,Instructed
579,179,0,0.5203800553677046,0.6070277462789802,0,Instructed
580,180,0,0.5625931222699251,0.5061601155155209,0,Instructed
581,181,0,0.9441293449179227,0.43825203542129904,0,Instructed
582,182,0,0.011786190927891786,0.5282299760890001,0,Instructed
583,183,0,0.8107190503721958,0.7620806244472211,0,Instructed
584,184,0,0.7261420064946471,0.9712133770840289,0,Instructed
585,185,0,0.5002480306821223,0.5458218859013466,0,Instructed
586,186,0,0.13862256888278005,0.5534133866631203,0,Instructed
587,187,0,0.13125806578616303,0.6372099807301825,0,Instructed
588,188,0,0.5233611333617436,0.7174232626496319,0,Instructed
589,189,0,0.07146432159927858,0.9316737406856828,0,Instructed
590,190,0,0.3039752980642255,0.5080331673310938,0,Instructed
591,191,0,0.7658867266290706,0.6612182584131945,0,Instructed
592,192,0,0.5071614748895574,0.8257385838434559,0,Instructed
593,193,0,0.5220170172803456,0.5213479418128979,0,Instructed
594,194,0,0.011529369918129645,1.0330460672969903,0,Instructed
595,195,0,0.49924241251552537,0.7510374016108775,0,Instructed
596,196,0,0.999014708030052,0.6203963871147193,0,Instructed
597,197,0,0.17697886627150056,0.6258669863424721,0,Instructed
598,198,0,0.3580468496935571,0.37674417332870785,0,Instructed
599,199,0,0.49484488190687054,0.5752180505908372,0,Instructed
600,0,0,0.36964618697864604,0.666000256217717,1,Blocked
601,1,0,0.98937991133467,0.7050354252653827,1,Blocked
602,2,0,0.5065804075107648,0.6181399865264954,1,Blocked
603,3,0,0.32549352704668216,0.8207933693677634,1,Blocked
604,4,0,0.07796333421348235,0.7124936334670315,1,Blocked
605,5,0,0.3222795988370601,0.5979566712943042,1,Blocked
606,6,0,0.12116430332010852,0.5957889819687232,1,Blocked
607,7,0,0.4983776480217611,0.6247279190638816,1,Blocked
608,8,0,0.9018858831375041,0.6246772640056681,1,Blocked
609,9,0,0.6497513523006881,0.523336961773295,1,Blocked
610,10,0,0.5922477836824562,0.6123968096152812,1,Blocked
611,11,0,0.4425083855690679,0.7581960222261914,1,Blocked
612,12,0,0.5074087264669775,0.3788613678689212,1,Blocked
613,13,0,0.5580728852323454,0.523724596812215,1,Blocked
614,14,0,0.8100486416214498,0.409708378384469,1,Blocked
615,15,0,0.4867490667819203,0.70555628641923,1,Blocked
616,16,0,0.49960721378167927,0.5810794092420372,1,Blocked
617,17,0,0.9107157496678397,0.6589287581542269,1,Blocked
618,18,0,0.5145243904558638,0.4407445906213915,1,Blocked
619,19,0,0.3617639954289382,0.6913833266256398,1,Blocked
620,20,0,0.6631026564171729,0.5984469738438917,1,Blocked
621,21,0,0.5079063116180175,0.62042893403757,1,Blocked
622,22,0,0.2570856665442983,0.7434429516854177,1,Blocked
623,23,0,0.4999115286123045,0.4655358976529741,1,Blocked
624,24,0,0.5830522406910288,0.6220254948709499,1,Blocked
625,25,0,0.0936568656433398,0.6363116308236263,1,Blocked
626,26,0,0.2786760209922848,0.8192908152086439,1,Blocked
627,27,0,0.5187717859481106,0.8011846583054079,1,Blocked
628,28,0,0.11059962479778837,0.487455725171676,1,Blocked
629,29,0,0.4849151886099094,0.9563143796828946,1,Blocked
630,30,0,0.47492649121694835,0.6171599939787736,1,Blocked
631,31,0,0.3787322657275364,0.7349673854055621,1,Blocked
632,32,0,0.7121113231152079,0.6851820938498058,1,Blocked
633,33,0,0.5104511962323327,0.5490123041955906,1,Blocked
634,34,0,0.4906794954551343,0.7468514419741761,1,Blocked
635,35,0,0.49674164272960086,0.857415507598267,1,Blocked
636,36,0,0.4636468825176652,0.5860546527027028,1,Blocked
637,37,0,0.500719761443835,0.6557902467051953,1,Blocked
638,38,0,0.6302992228963697,0.45426119019996947,1,Blocked
639,39,0,0.7388883513945695,0.6524877477047452,1,Blocked
640,40,0,0.1171391447716088,0.743432122896323,1,Blocked
641,41,0,0.3507059777998442,0.6046571011731107,1,Blocked
642,42,0,0.8821624863227716,0.6261704185569683,1,Blocked
643,43,0,0.5014449141998075,0.49684568839499754,1,Blocked
644,44,0,0.46657382844655226,0.642388703393557,1,Blocked
645,45,0,0.09490549665845903,0.7117705268849378,1,Blocked
646,46,0,0.5501493073398369,0.5344137128857254,1,Blocked
647,47,0,0.0018658004358669384,1.085320297106728,1,Blocked
648,48,0,0.00035382604788040896,0.8057783530162543,1,Blocked
649,49,0,0.4712365544383865,0.5770318465943975,1,Blocked
650,50,0,0.3187633606634348,0.694537528265471,1,Blocked
651,51,0,0.4606322165921087,0.6975802676492617,1,Blocked
652,52,0,0.989604898381383,0.8157110517358654,1,Blocked
653,53,0,0.008072744019001484,0.9822119262242031,1,Blocked
654,54,0,0.9533432005585558,0.5303300602590799,1,Blocked
655,55,0,0.8711162778233644,0.44680524679258704,1,Blocked
656,56,0,0.8204341731136535,0.5462309240187111,1,Blocked
657,57,0,0.03196480894825796,0.8972654995962356,1,Blocked
658,58,0,0.8824723969403501,0.6351573299655932,1,Blocked
659,59,0,0.9841588061694301,0.6435488528510254,1,Blocked
660,60,0,0.15927271031503343,0.7131166089045184,1,Blocked
661,61,0,0.24778685520650004,0.6298588353588451,1,Blocked
662,62,0,0.25834133410183235,0.5375963466461493,1,Blocked
663,63,0,0.036437704998590933,0.901892087206621,1,Blocked
664,64,0,0.003967101360455921,0.648606345841968,1,Blocked
665,65,0,0.024945606909131213,0.6818063283390909,1,Blocked
666,66,0,0.01668874495715467,0.6838874510576373,1,Blocked
667,67,0,0.96092063568388,0.5813806317975059,1,Blocked
668,68,0,0.28086082384308564,0.7425551965446411,1,Blocked
669,69,0,0.015612952886144406,0.5924262471062428,1,Blocked
670,70,0,0.7211327171070486,0.727259881696928,1,Blocked
671,71,0,0.7560805245487354,0.7774998065353302,1,Blocked
672,72,0,0.545601544499156,0.6049189949382674,1,Blocked
673,73,0,0.9478498047561508,0.5571706673285945,1,Blocked
674,74,0,0.011089596255632711,0.549751470706582,1,Blocked
675,75,0,0.4403891089095001,0.7276337360004997,1,Blocked
676,76,0,0.9657473503846505,0.661826257105341,1,Blocked
677,77,0,0.9724258148617133,0.4953403570864847,1,Blocked
678,78,0,0.027427502608321483,0.6669767011330362,1,Blocked
679,79,0,0.43468714589677704,0.6327171007093899,1,Blocked
680,80,0,0.03501711415066462,0.8668483661615445,1,Blocked
681,81,0,0.8232231920865332,0.4219761716390685,1,Blocked
682,82,0,0.9321950066185943,0.5546919600367292,1,Blocked
683,83,0,0.5089658186214946,0.5334731703588266,1,Blocked
684,84,0,0.11291313818889205,0.571101881110091,1,Blocked
685,85,0,0.48296528932714855,0.5223763791854181,1,Blocked
686,86,0,0.40559748466851214,0.697322993644938,1,Blocked
687,87,0,0.23077937915029784,0.5317671971672244,1,Blocked
688,88,0,0.6849896830944155,0.417143533520949,1,Blocked
689,89,0,0.3446420129265108,0.5386899158009217,1,Blocked
690,90,0,0.23646201252316396,0.4364863972302303,1,Blocked
691,91,0,0.6443389165617248,0.5043832951936468,1,Blocked
692,92,0,0.961386488232127,0.5418145374448455,1,Blocked
693,93,0,0.5198585036402177,0.6125273602813677,1,Blocked
694,94,0,0.9419020986047641,0.4757702903123927,1,Blocked
695,95,0,0.533829294444773,0.5905482443767839,1,Blocked
696,96,0,0.6142951861063438,0.4474324428959216,1,Blocked
697,97,0,0.45600156484757165,0.7315154439216884,1,Blocked
698,98,0,0.7181367138921151,0.8039447242437059,1,Blocked
699,99,0,0.3313751823046566,0.8534406252981183,1,Blocked
700,100,0,0.04174121888800281,0.7791910312330732,1,Blocked
701,101,0,0.03580985281539185,0.7316058154841636,1,Blocked
702,102,0,0.7424552613583363,0.6477038136064603,1,Blocked
703,103,0,0.7761969020515005,0.7105093882099068,1,Blocked
704,104,0,0.5121866551109535,0.6929754367376955,1,Blocked
705,105,0,0.4991011976626598,0.4114749091337665,1,Blocked
706,106,0,0.8442448800949223,0.6379814702932376,1,Blocked
707,107,0,0.4934814029930489,0.6547079639635243,1,Blocked
708,108,0,0.7267441596494394,0.5492614756500462,1,Blocked
709,109,0,0.6312804704122016,0.6054311760731224,1,Blocked
710,110,0,0.37902646326379513,0.7423572128447327,1,Blocked
711,111,0,0.16757051981223506,0.8819172912288282,1,Blocked
712,112,0,0.18857336162130744,0.7073825123745913,1,Blocked
713,113,0,0.8055937875946535,0.7368010597917732,1,Blocked
714,114,0,0.4960771349020588,0.6489693986850918,1,Blocked
715,115,0,0.1475334229389072,0.6433942767731049,1,Blocked
716,116,0,0.4038235240600385,0.7748110082533286,1,Blocked
717,117,0,0.9245974854750667,0.5911233425615621,1,Blocked
718,118,0,0.6646494210127537,0.7686878119578389,1,Blocked
719,119,0,0.4946129623304971,0.6394341104434662,1,Blocked
720,120,0,0.5962977912683131,0.3999631703839085,1,Blocked
721,121,0,0.34394506339211267,0.5225906590608921,1,Blocked
722,122,0,0.9432090330483622,0.6473585014903958,1,Blocked
723,123,0,0.7639279302770146,0.6626253491515911,1,Blocked
724,124,0,0.019039659138768955,0.8295547246392712,1,Blocked
725,125,0,0.7384866469169202,0.6708492511690364,1,Blocked
726,126,0,0.02165624042755877,0.8079286173492397,1,Blocked
727,127,0,0.7460276575038929,0.6047916302764937,1,Blocked
728,128,0,0.9837941955997516,0.780978210773978,1,Blocked
729,129,0,0.42099302718738263,0.7257869264995693,1,Blocked
730,130,0,0.8406328807988814,0.5193524518442263,1,Blocked
731,131,0,0.042646487365115754,0.8560832760218211,1,Blocked
732,132,0,0.11269325832673943,0.7476438592669497,1,Blocked
733,133,0,0.33968464075558696,0.5850764641531174,1,Blocked
734,134,0,0.050821035704858554,0.5993099462236755,1,Blocked
735,135,0,0.1723301639153508,0.7033682156953303,1,Blocked
736,136,0,0.5595914037174486,0.59591383709426,1,Blocked
737,137,0,0.9727332626724801,0.6041613565126454,1,Blocked
738,138,0,0.6489842156571329,0.8484217540872621,1,Blocked
739,139,0,0.01182135876358204,0.6649840147811208,1,Blocked
740,140,0,0.9200352597899233,0.38604095709451663,1,Blocked
741,141,0,0.8646561458229751,0.6819486370276595,1,Blocked
742,142,0,0.9739018907836385,0.48512248971235317,1,Blocked
743,143,0,0.5049419364714439,0.44684575593014814,1,Blocked
744,144,0,0.31849957471012724,0.5625716120454818,1,Blocked
745,145,0,0.7319861153427172,0.6640256069708362,1,Blocked
746,146,0,0.02884450364832037,0.7222120036755115,1,Blocked
747,147,0,0.10451575915334177,0.853691507660698,1,Blocked
748,148,0,0.45228348904359217,0.6257735534866474,1,Blocked
749,149,0,0.062297619426913274,0.5159815921698033,1,Blocked
750,150,0,0.8005077674932133,0.5118619301964262,1,Blocked
751,151,0,0.9482964310332305,0.38732982664893867,1,Blocked
752,152,0,0.47215696573417465,0.6237962853804122,1,Blocked
753,153,0,0.8855103865588337,0.2957357482901594,1,Blocked
754,154,0,0.3267238615053942,0.714948613391529,1,Blocked
755,155,0,0.45393711799590164,0.7713104684251995,1,Blocked
756,156,0,0.04595506413778252,0.5563760449196663,1,Blocked
757,157,0,0.10806124858905246,0.7094820637175332,1,Blocked
758,158,0,0.006211481958407282,0.8005146503371834,1,Blocked
759,159,0,0.5979292015428503,0.3994225484856878,1,Blocked
760,160,0,0.48111071728736393,0.7263367773185503,1,Blocked
761,161,0,0.9775447027433195,0.5513199094632293,1,Blocked
762,162,0,0.9936662903013787,0.7064087913287493,1,Blocked
763,163,0,0.44244810698189424,0.8489022218530589,1,Blocked
764,164,0,0.509077976552902,0.6752652457360488,1,Blocked
765,165,0,0.6407134793887068,0.6275948900121606,1,Blocked
766,166,0,0.5219514523370121,0.6452591300097028,1,Blocked
767,167,0,0.007452721691198125,0.7110658127666347,1,Blocked
768,168,0,0.4571107599640105,0.4850755476401741,1,Blocked
769,169,0,0.5281287313323006,0.7373095672467724,1,Blocked
770,170,0,0.4718517542068505,0.7442869248661148,1,Blocked
771,171,0,0.634037155830875,0.755596663049803,1,Blocked
772,172,0,0.3286292942322845,0.5876663347814615,1,Blocked
773,173,0,0.2224383330364699,0.5644489519475533,1,Blocked
774,174,0,0.09647737224251174,0.5457942442322945,1,Blocked
775,175,0,0.352047244847532,0.6111709393297183,1,Blocked
776,176,0,0.9161013720198653,0.5399027004099797,1,Blocked
777,177,0,0.6133453478755386,0.6396324780330047,1,Blocked
778,178,0,0.24881375822214696,0.6259916348688492,1,Blocked
779,179,0,0.22266811999245786,0.8036256093878857,1,Blocked
780,180,0,0.43874060275990534,0.7634578419796926,1,Blocked
781,181,0,0.12638016886058084,0.6864465528225476,1,Blocked
782,182,0,0.5070943530917483,0.6828367796737989,1,Blocked
783,183,0,0.5722110539471115,0.6739821546350919,1,Blocked
784,184,0,0.34030199809944145,0.5263059418684926,1,Blocked
785,185,0,0.4548581406794767,0.7272248710657583,1,Blocked
786,186,0,0.4281304306666812,0.5454543478631857,1,Blocked
787,187,0,0.3836597081771807,0.9029691700750357,1,Blocked
788,188,0,0.45941276649692736,0.4955597792700175,1,Blocked
789,189,0,0.14326138392353516,0.651867613235173,1,Blocked
790,190,0,0.040079041189272385,0.6353307782044131,1,Blocked
791,191,0,0.11216328205736575,0.6289506201979292,1,Blocked
792,192,0,0.646752087507455,0.533735189408975,1,Blocked
793,193,0,0.09175014304685207,0.34414710078356875,1,Blocked
794,194,0,0.5889643481794498,0.564429678617663,1,Blocked
795,195,0,0.5656472380118824,0.7421790563453802,1,Blocked
796,196,0,0.6049660903319178,0.5065208178015762,1,Blocked
797,197,0,0.5573724347612286,0.5115901964393713,1,Blocked
798,198,0,0.4900944394684171,0.8554054821974518,1,Blocked
799,199,0,0.5083133950061783,0.7046824275570391,1,Blocked
800,0,0,0.9221435470069302,0.67191743750557,1,Interleaved
801,1,0,0.20393807331463668,0.8547364705397222,1,Interleaved
802,2,0,0.9051502372231328,0.6530995641303132,1,Interleaved
803,3,0,0.8618522301584692,0.5693661286123215,1,Interleaved
804,4,0,0.4798872649772873,0.7878261964051079,1,Interleaved
805,5,0,0.4953958946776419,0.6772728523197993,1,Interleaved
806,6,0,0.36477271936932204,0.9340021879176972,1,Interleaved
807,7,0,0.3566422271539744,0.8252758813879708,1,Interleaved
808,8,0,0.011537607931332008,0.6698209462491957,1,Interleaved
809,9,0,0.6303175275343558,0.6044411063794006,1,Interleaved
810,10,0,0.5915055081936182,0.529213389013788,1,Interleaved
811,11,0,0.2453518898605236,0.6916269161859934,1,Interleaved
812,12,0,0.7358965895656586,0.6187441089924786,1,Interleaved
813,13,0,0.4028493716930945,1.0139472292169338,1,Interleaved
814,14,0,0.47623749690258016,0.7606140685790854,1,Interleaved
815,15,0,0.14319336242970798,0.7997235369669398,1,Interleaved
816,16,0,0.27079250739076,0.7085957240812537,1,Interleaved
817,17,0,0.6918904027180937,0.5363115373979224,1,Interleaved
818,18,0,0.28716879360219216,0.7609617367226368,1,Interleaved
819,19,0,0.737256511972249,0.5353519770548923,1,Interleaved
820,20,0,0.02736125482269384,0.7696976629837995,1,Interleaved
821,21,0,0.49892890545799534,0.706031709485242,1,Interleaved
822,22,0,0.7149572039492925,0.6505522195610016,1,Interleaved
823,23,0,0.0881091103267648,0.699705670367263,1,Interleaved
824,24,0,0.9718767559331984,0.5039821973456402,1,Interleaved
825,25,0,0.49914558006717236,0.8011170154732034,1,Interleaved
826,26,0,0.562049819205549,0.4343772330520421,1,Interleaved
827,27,0,0.4373401146128858,0.6656588280062674,1,Interleaved
828,28,0,0.05066359714343161,0.7441325305879471,1,Interleaved
829,29,0,0.6826805459982965,0.6758753069894292,1,Interleaved
830,30,0,0.36869356521698116,0.6388521287735182,1,Interleaved
831,31,0,0.5768290269468835,0.5505511624418611,1,Interleaved
832,32,0,0.1440882561699595,0.7012059536576656,1,Interleaved
833,33,0,0.49281156000652343,0.7356731142212055,1,Interleaved
834,34,0,0.7666700918402378,0.7315857989859014,1,Interleaved
835,35,0,0.8955799375040288,0.5596735337210921,1,Interleaved
836,36,0,0.8132163119860729,0.743993693584799,1,Interleaved
837,37,0,0.0764448975807042,0.8731195285751907,1,Interleaved
838,38,0,0.28860808079545786,0.8145137825115936,1,Interleaved
839,39,0,0.7649737352601383,0.5431708900267573,1,Interleaved
840,40,0,0.042285493521333054,0.8268398361676712,1,Interleaved
841,41,0,0.42589949111563263,0.7868153964555731,1,Interleaved
842,42,0,0.8307081472138956,0.7430743865276648,1,Interleaved
843,43,0,0.158977691998603,0.8668623211914968,1,Interleaved
844,44,0,0.5317246144324345,0.5774247492322746,1,Interleaved
845,45,0,0.14498866444343153,0.5700160892279335,1,Interleaved
846,46,0,0.9636233419597832,0.607445593473438,1,Interleaved
847,47,0,0.22861072117736841,0.6728825816088587,1,Interleaved
848,48,0,0.03264282729673695,0.7314902126833496,1,Interleaved
849,49,0,0.23035541391804956,0.7750614585958062,1,Interleaved
850,50,0,0.35886941221242624,0.5976688450744075,1,Interleaved
851,51,0,0.25935027828929036,0.925822016774852,1,Interleaved
852,52,0,0.3142290116131971,0.6385150710954925,1,Interleaved
853,53,0,0.7336095102895794,0.5321714655908307,1,Interleaved
854,54,0,0.2862899381523621,0.7599029537425563,1,Interleaved
855,55,0,0.4077723994247427,0.4733560775721555,1,Interleaved
856,56,0,0.4867599983106413,0.5691582806130462,1,Interleaved
857,57,0,0.21959006842579024,0.8507511103226681,1,Interleaved
858,58,0,0.9719768140583025,0.7774660470793624,1,Interleaved
859,59,0,0.49644003831467914,0.66702552187654,1,Interleaved
860,60,0,0.23312638909070194,0.8529482463511726,1,Interleaved
861,61,0,0.5075169337587098,0.5809011570766063,1,Interleaved
862,62,0,0.5589960259256567,0.59782947810927,1,Interleaved
863,63,0,0.1534532919886593,0.667945512697812,1,Interleaved
864,64,0,0.6111974805345279,0.8597318168969439,1,Interleaved
865,65,0,0.7090042244709229,0.811705845755434,1,Interleaved
866,66,0,0.0005856339724820983,1.1674110758016891,1,Interleaved
867,67,0,0.5040769855700955,0.7386734730528798,1,Interleaved
868,68,0,0.9597615323299186,0.4700979203740983,1,Interleaved
869,69,0,0.5295550340550981,0.8236339837144997,1,Interleaved
870,70,0,0.5424531813402986,0.6079624719489669,1,Interleaved
871,71,0,0.5124976036796025,0.6016622552831569,1,Interleaved
872,72,0,0.10702171435437223,0.9356774783156596,1,Interleaved
873,73,0,0.5131680808704828,0.5583705929530826,1,Interleaved
874,74,0,0.32100159844641474,0.794753680403546,1,Interleaved
875,75,0,0.5013650077115317,0.6842799227622267,1,Interleaved
876,76,0,0.9820708873949275,0.4532864534994112,1,Interleaved
877,77,0,0.96159106567853,0.5126048791137577,1,Interleaved
878,78,0,0.2729400805939235,0.7717817750947567,1,Interleaved
879,79,0,0.5088777297049548,0.5388599589014493,1,Interleaved
880,80,0,0.3172233600472993,0.4592966158929883,1,Interleaved
881,81,0,0.6422182685689706,0.4597085195610342,1,Interleaved
882,82,0,0.16790306715962056,0.5488295238916439,1,Interleaved
883,83,0,0.5247023791655409,0.5905491056837233,1,Interleaved
884,84,0,0.4012818173768012,0.564937332455259,1,Interleaved
885,85,0,0.7940963864997048,0.5300070534515156,1,Interleaved
886,86,0,0.1217787602187057,0.8443347656681401,1,Interleaved
887,87,0,0.5704043828483317,0.7189923662951933,1,Interleaved
888,88,0,0.8343171063056293,0.3512195772198855,1,Interleaved
889,89,0,0.5216391340720322,0.5429834172042913,1,Interleaved
890,90,0,0.17288389730636694,0.6801041397826609,1,Interleaved
891,91,0,0.5011121407389733,0.5604675767397365,1,Interleaved
892,92,0,0.11014825936181642,0.7812399307149761,1,Interleaved
893,93,0,0.6072115556930948,0.542296328643067,1,Interleaved
894,94,0,0.8608214021912347,0.6441552969817452,1,Interleaved
895,95,0,0.8616055198001991,0.8790750809296848,1,Interleaved
896,96,0,0.0013488897127814673,0.9799373092523884,1,Interleaved
897,97,0,0.8792706244110498,0.7409476558077441,1,Interleaved
898,98,0,0.9182765359875793,0.9541249698887946,1,Interleaved
899,99,0,0.0802077593948875,0.9846054248456628,1,Interleaved
900,100,0,0.7586267481843113,0.832465024064457,1,Interleaved
901,101,0,0.6446288697104182,0.7260279494109202,1,Interleaved
902,102,0,0.42011485799883336,0.7727346480205389,1,Interleaved
903,103,0,0.47029860001573,0.6427674481736452,1,Interleaved
904,104,0,0.6260685713106925,0.6284281565590721,1,Interleaved
905,105,0,0.4345517128634822,0.8012139753227074,1,Interleaved
906,106,0,0.19053495820482874,0.5961237946952497,1,Interleaved
907,107,0,0.44218168938473934,0.7206612772249359,1,Interleaved
908,108,0,0.458330314805112,0.56500678095036,1,Interleaved
909,109,0,0.5008707882575941,0.5442877984582657,1,Interleaved
910,110,0,0.011406818773707443,0.8262101073612276,1,Interleaved
911,111,0,0.5263597290763754,0.5989015618203164,1,Interleaved
912,112,0,0.6780726083638574,0.7216898090619364,1,Interleaved
913,113,0,0.6397016402177566,0.7369873916955465,1,Interleaved
914,114,0,0.3160498859350152,0.8447770523263602,1,Interleaved
915,115,0,0.509214701077477,0.789073295679987,1,Interleaved
916,116,0,0.24985651613556764,0.6853955320063443,1,Interleaved
917,117,0,0.1975630059718934,0.6442247262122196,1,Interleaved
918,118,0,0.8210900131948635,0.5160026026951412,1,Interleaved
919,119,0,0.4163768613477051,0.6140862415019868,1,Interleaved
920,120,0,0.6780440327809623,0.5694746643453534,1,Interleaved
921,121,0,0.5821314270355182,0.5419862318270865,1,Interleaved
922,122,0,0.27685139110065354,0.670058252461077,1,Interleaved
923,123,0,0.2957976434394547,0.5654150475421983,1,Interleaved
924,124,0,0.6020127010044451,0.7255143684728023,1,Interleaved
925,125,0,0.7755352281159877,0.5196104440893388,1,Interleaved
926,126,0,0.17463268914657784,0.5497005834254114,1,Interleaved
927,127,0,0.33576066844010166,0.7680242384667908,1,Interleaved
928,128,0,0.02730082715351522,0.8253046811575766,1,Interleaved
929,129,0,0.4295375680884899,0.715292560254286,1,Interleaved
930,130,0,0.9844894638894306,0.7800347360304497,1,Interleaved
931,131,0,0.13714227148934763,0.8731715006097887,1,Interleaved
932,132,0,0.9400447293321041,0.5213697891349393,1,Interleaved
933,133,0,0.7267111600868976,0.698503600727022,1,Interleaved
934,134,0,0.04490529146000763,0.5295482942359431,1,Interleaved
935,135,0,0.4797572372089943,0.6719554473634642,1,Interleaved
936,136,0,0.31323499698178014,0.7164886365033718,1,Interleaved
937,137,0,0.37177974457674623,0.5379928932816118,1,Interleaved
938,138,0,0.3604178156269093,0.706893595870065,1,Interleaved
939,139,0,0.43201623901062886,0.8289253881530321,1,Interleaved
940,140,0,0.36598558133760245,0.8942698090864798,1,Interleaved
941,141,0,0.4578342631493022,0.7400567960185989,1,Interleaved
942,142,0,0.0008364869535547352,1.0777578442687625,1,Interleaved
943,143,0,0.3888812653458381,0.7882096069197626,1,Interleaved
944,144,0,0.8032415369382883,0.715414995998496,1,Interleaved
945,145,0,0.16395603666551412,0.7090625762158631,1,Interleaved
946,146,0,0.9454770694930043,0.5830373286001679,1,Interleaved
947,147,0,0.510964701672087,0.44980333507775383,1,Interleaved
948,148,0,0.9416711658593231,0.49002456107243353,1,Interleaved
949,149,0,0.3565710893855204,0.6819456178042671,1,Interleaved
950,150,0,0.9117258656284741,0.5498382710504641,1,Interleaved
951,151,0,0.8699610202585832,0.6300955053121533,1,Interleaved
952,152,0,0.9083889295352376,0.6815701813759043,1,Interleaved
953,153,0,0.48238954378515086,0.5918371083897832,1,Interleaved
954,154,0,0.14201816251628435,0.859356221820736,1,Interleaved
955,155,0,0.48162769182380794,0.5795979108952574,1,Interleaved
956,156,0,0.23000953870548566,0.4895545059220926,1,Interleaved
957,157,0,0.5345362579977981,0.5616943313673572,1,Interleaved
958,158,0,0.8548192434378161,0.7012957260546822,1,Interleaved
959,159,0,0.1370849006286934,0.5517735855210096,1,Interleaved
960,160,0,0.7598853636618665,0.6616079666866201,1,Interleaved
961,161,0,0.7783686499137519,0.67567007426503,1,Interleaved
962,162,0,0.5331845853404977,0.604326149196804,1,Interleaved
963,163,0,0.418942104368616,0.4374551676899833,1,Interleaved
964,164,0,0.5020596772614272,0.6714899202560141,1,Interleaved
965,165,0,0.4027994526499572,0.5790820517808769,1,Interleaved
966,166,0,0.9672442015626828,0.5612388757135174,1,Interleaved
967,167,0,0.998286175999819,0.5505913177237027,1,Interleaved
968,168,0,0.46494542213521667,0.6467236596581416,1,Interleaved
969,169,0,0.318480677084548,0.6544449823734824,1,Interleaved
970,170,0,0.509396632133087,0.73869689911306,1,Interleaved
971,171,0,0.8085121875938803,0.4712959930853764,1,Interleaved
972,172,0,0.36054713753295,0.7369948110798561,1,Interleaved
973,173,0,0.5373395693681349,0.6250100736158974,1,Interleaved
974,174,0,0.06172306393583409,0.665056272490999,1,Interleaved
975,175,0,0.3060946319382337,0.7549654155353638,1,Interleaved
976,176,0,0.5966751438242224,0.5608118034129164,1,Interleaved
977,177,0,0.5696009995562407,0.5371238900515315,1,Interleaved
978,178,0,0.4631314493972807,0.6608671436935474,1,Interleaved
979,179,0,0.47134958633191887,0.7477004393576028,1,Interleaved
980,180,0,0.7818897518365553,0.4557565141754165,1,Interleaved
981,181,0,0.022565830603186725,0.736266463884321,1,Interleaved
982,182,0,0.6298672098624045,0.5546741551635304,1,Interleaved
983,183,0,0.3729114964748322,0.7965506377363522,1,Interleaved
984,184,0,0.5936668536551031,0.48321954659130595,1,Interleaved
985,185,0,0.49899870657554013,0.7746385770628379,1,Interleaved
986,186,0,0.812080286059435,0.5115475954862785,1,Interleaved
987,187,0,0.1182922720518997,0.7853205332392803,1,Interleaved
988,188,0,0.29208883047126627,0.6165385685058387,1,Interleaved
989,189,0,0.5777391618170792,0.7460671480789707,1,Interleaved
990,190,0,0.5676112312889117,0.539502792603147,1,Interleaved
991,191,0,0.9308376339721214,0.648103363718091,1,Interleaved
992,192,0,0.012328523074019535,0.6117256745086089,1,Interleaved
993,193,0,0.9877600944383889,0.6419870926064737,1,Interleaved
994,194,0,0.09826165513301288,0.7299358368190065,1,Interleaved
995,195,0,0.8195959603113736,0.5613846054213962,1,Interleaved
996,196,0,0.48904244654118906,0.5171720962695586,1,Interleaved
997,197,0,0.9717358276610528,0.6406667565242907,1,Interleaved
998,198,0,0.5152499645690622,0.5805851245614574,1,Interleaved
999,199,0,0.38616539879421846,0.6442398338799991,1,Interleaved
1000,0,0,0.6784365400663034,0.7361666604145825,1,Instructed
1001,1,0,0.030071281977161662,1.5287632431128504,1,Instructed
1002,2,0,0.2087634653877368,1.3360232846339781,1,Instructed
1003,3,0,0.10126971978453293,1.0772361804458974,1,Instructed
1004,4,0,0.9295334126405359,0.737091091413701,1,Instructed
1005,5,0,0.5890087115453605,0.5514984065788096,1,Instructed
1006,6,0,0.5333451788406387,0.6671913048437742,1,Instructed
1007,7,0,0.035585650491114194,0.7701335630888511,1,Instructed
1008,8,0,0.4637284651620677,0.5534575917373055,1,Instructed
1009,9,0,0.4470936219990433,0.6334034842241266,1,Instructed
1010,10,0,0.4860597442656802,0.5537937975675948,1,Instructed
1011,11,0,0.14013683805279037,0.8232533904500847,1,Instructed
1012,12,0,0.5850760542565452,0.5247031597754002,1,Instructed
1013,13,0,0.6283359599586156,0.811101577680444,1,Instructed
1014,14,0,0.5043405864763374,1.0514347815380072,1,Instructed
1015,15,0,0.014258363692036643,0.627280817848385,1,Instructed
1016,16,0,0.4675016649915823,0.7344639843467728,1,Instructed
1017,17,0,0.8934800847594915,0.6271177894012528,1,Instructed
1018,18,0,0.49174466017768054,0.5588604859429089,1,Instructed
1019,19,0,0.3063928006266998,0.6733226300324742,1,Instructed
1020,20,0,0.702515492960581,0.6403903032906705,1,Instructed
1021,21,0,0.8920572506932564,0.8087245066364599,1,Instructed
1022,22,0,0.4999195043518195,0.6202933430537575,1,Instructed
1023,23,0,0.2607552829842961,0.6748217059371333,1,Instructed
1024,24,0,0.4135894978341139,0.7680866399460462,1,Instructed
1025,25,0,0.8343592691072828,0.7050156649580873,1,Instructed
1026,26,0,0.45746427770856507,0.594420789483214,1,Instructed
1027,27,0,0.12217967890133988,0.743084698163327,1,Instructed
1028,28,0,0.4593943519852145,0.663482987238301,1,Instructed
1029,29,0,0.11801053981760862,0.870967862246898,1,Instructed
1030,30,0,0.45981380806085365,0.7981023017956086,1,Instructed
1031,31,0,0.030647730285152105,0.7563333919608461,1,Instructed
1032,32,0,0.4873178268169924,0.7537206687911087,1,Instructed
1033,33,0,0.797634219762227,0.6084205360997017,1,Instructed
1034,34,0,0.9065282533996151,0.6219390491678418,1,Instructed
1035,35,0,0.5340679724166872,0.7795231712326358,1,Instructed
1036,36,0,0.26699416746920074,0.8815037985450369,1,Instructed
1037,37,0,0.9914884519775593,0.6802391362042254,1,Instructed
1038,38,0,0.5027460382091234,0.7336183919934288,1,Instructed
1039,39,0,0.1597344375459836,0.5015927265523019,1,Instructed
1040,40,0,0.5038646737297129,0.6851892625538474,1,Instructed
1041,41,0,0.6157860995541666,0.6773940789545874,1,Instructed
1042,42,0,0.4911765903330839,0.5986168255013009,1,Instructed
1043,43,0,0.47986391336004774,0.5716203901085322,1,Instructed
1044,44,0,0.49976701363226483,0.7836937532821738,1,Instructed
1045,45,0,0.6607296268470149,0.7767050782213585,1,Instructed
1046,46,0,0.5045049991568312,0.5590473100937197,1,Instructed
1047,47,0,0.539375487581912,0.41718213518329034,1,Instructed
1048,48,0,0.5009207578791549,0.705751386921815,1,Instructed
1049,49,0,0.275212653021758,0.7495606700632206,1,Instructed
1050,50,0,0.60025448519952,0.8210212201124555,1,Instructed
1051,51,0,0.18733495097692596,0.7812136247798741,1,Instructed
1052,52,0,0.3281709592101371,0.49848009314762587,1,Instructed
1053,53,0,0.0030548012073309265,0.9995148718947515,1,Instructed
1054,54,0,0.6484326116427428,0.6394444662649899,1,Instructed
1055,55,0,0.017141302787772407,0.9243427356143878,1,Instructed
1056,56,0,0.7972561044312767,0.7917008952911035,1,Instructed
1057,57,0,0.4749010647995407,0.5143676954877667,1,Instructed
1058,58,0,0.28256546493297596,1.4618658792680663,1,Instructed
1059,59,0,0.38957089898568686,0.9872187494256506,1,Instructed
1060,60,0,0.49909606966386344,0.7975695480333789,1,Instructed
1061,61,0,0.7876883416172034,0.5990912304806595,1,Instructed
1062,62,0,0.5998811359125991,0.37119138089215553,1,Instructed
1063,63,0,0.12232075410664203,0.490290683725745,1,Instructed
1064,64,0,0.5821812239802066,0.7303332612658011,1,Instructed
1065,65,0,0.9311002741573673,0.7578005010750746,1,Instructed
1066,66,0,0.06512954274421402,0.5138382359183994,1,Instructed
1067,67,0,0.8291749177532941,0.6720715583177503,1,Instructed
1068,68,0,0.5013462845987375,0.7654448979875693,1,Instructed
1069,69,0,0.991660297769885,0.5021868240170316,1,Instructed
1070,70,0,0.2516144716095206,0.5737485023616469,1,Instructed
1071,71,0,0.8781495957032264,0.5194230988719885,1,Instructed
1072,72,0,0.49865884950295775,0.7068210716693066,1,Instructed
1073,73,0,0.2971484048821916,0.7138538186617889,1,Instructed
1074,74,0,0.5401515076654112,0.5891893849625867,1,Instructed
1075,75,0,0.10853479448117098,0.5218204447280368,1,Instructed
1076,76,0,0.16699158112596013,0.8079654091097732,1,Instructed
1077,77,0,0.9202328727256379,0.5605581863464443,1,Instructed
1078,78,0,0.19746727362035468,0.5989004042002883,1,Instructed
1079,79,0,0.7403511315131444,0.7401789578494815,1,Instructed
1080,80,0,0.5488721417259085,0.41540208861899885,1,Instructed
1081,81,0,0.41759558634057803,0.646401240301766,1,Instructed
1082,82,0,0.895323593282082,0.4908355578233333,1,Instructed
1083,83,0,0.67821719841818,0.5860866031289669,1,Instructed
1084,84,0,0.7637116074810042,0.770269262884294,1,Instructed
1085,85,0,0.8076686342293725,0.5831862200614647,1,Instructed
1086,86,0,0.12229035945751118,0.6146024411115513,1,Instructed
1087,87,0,0.18030293171909223,0.986593466588576,1,Instructed
1088,88,0,0.509464599194904,1.1960908239671433,1,Instructed
1089,89,0,0.58597248695674,0.7650276094061884,1,Instructed
1090,90,0,0.2923704219783111,0.4708686799273566,1,Instructed
1091,91,0,0.7803587632883471,0.4750254292314299,1,Instructed
1092,92,0,0.5759908581095635,0.5887870765568388,1,Instructed
1093,93,0,0.016245446503550295,0.828024135636017,1,Instructed
1094,94,0,0.41238636548084906,0.5874912203773699,1,Instructed
1095,95,0,0.9768070909955378,0.48470585054084053,1,Instructed
1096,96,0,0.4990408942650539,0.5595776873700125,1,Instructed
1097,97,0,0.10386315994058688,0.7804345834408675,1,Instructed
1098,98,0,0.5001934865322117,0.6600745323551694,1,Instructed
1099,99,0,0.9164626150728696,0.7347375772851584,1,Instructed
1100,100,0,0.5835336210028474,0.7824073305441819,1,Instructed
1101,101,0,0.21704314219126164,0.7716026963111002,1,Instructed
1102,102,0,0.49832901596481943,0.5578576147132177,1,Instructed
1103,103,0,0.1918906506228152,0.787872835427101,1,Instructed
1104,104,0,0.15102202788580354,0.5807186523185867,1,Instructed
1105,105,0,0.5972285948008194,0.6677071547132001,1,Instructed
1106,106,0,0.5070362192708617,1.3277281083672134,1,Instructed
1107,107,0,0.6175886730541402,0.5268742459745823,1,Instructed
1108,108,0,0.8763805459137656,0.9118542835213534,1,Instructed
1109,109,0,0.87266402182012,0.7110416073845331,1,Instructed
1110,110,0,0.4698728032020208,0.3879300956786359,1,Instructed
1111,111,0,0.9371101273880504,0.6320309515947311,1,Instructed
1112,112,0,0.7644669482088735,0.6626953154931072,1,Instructed
1113,113,0,0.4262173458305883,0.6588526621659274,1,Instructed
1114,114,0,0.5612863682806479,1.0447757132916038,1,Instructed
1115,115,0,0.5644824764457923,0.5361596041913026,1,Instructed
1116,116,0,0.5530801285899766,0.7239578622320033,1,Instructed
1117,117,0,0.34762951590131513,0.9281781557010613,1,Instructed
1118,118,0,0.7853488867969298,0.8406647340198952,1,Instructed
1119,119,0,0.4754104318649697,1.214399632590933,1,Instructed
1120,120,0,0.4996945712792417,0.4827621148379884,1,Instructed
1121,121,0,0.9824309931027262,0.6216988575498162,1,Instructed
1122,122,0,0.35832712569288405,0.7564082408792797,1,Instructed
1123,123,0,0.9295371889540223,0.6752144626259189,1,Instructed
1124,124,0,0.2373120615272982,0.6599306582662607,1,Instructed
1125,125,0,0.6405500741626173,0.5979458684448318,1,Instructed
1126,126,0,0.124455970921285,0.5158025678716767,1,Instructed
1127,127,0,0.9783763599692994,0.4715306959441257,1,Instructed
1128,128,0,0.49278197580336824,0.5635822975849265,1,Instructed
1129,129,0,0.3665064085115632,0.6949185643098993,1,Instructed
1130,130,0,0.40841694671911,0.550488363960741,1,Instructed
1131,131,0,0.2617294014029661,0.6010397392095441,1,Instructed
1132,132,0,0.5812465773805233,0.4441231916515881,1,Instructed
1133,133,0,0.026751697874766736,0.6500151218434758,1,Instructed
1134,134,0,0.4447970734805746,0.4666609121834544,1,Instructed
1135,135,0,0.9982918796755602,0.6218087893405022,1,Instructed
1136,136,0,0.5251189592456627,0.7480416776866692,1,Instructed
1137,137,0,0.011179342174190438,0.5776742391282239,1,Instructed
1138,138,0,0.9168246622004624,0.5454903837901703,1,Instructed
1139,139,0,0.9680058755963898,0.5327903558385354,1,Instructed
1140,140,0,0.44744743397261305,0.663910478466257,1,Instructed
1141,141,0,0.05036986797991383,0.7069470385428999,1,Instructed
1142,142,0,0.0027635046658581043,0.628845954032587,1,Instructed
1143,143,0,0.018932305502686354,0.7501412724898714,1,Instructed
1144,144,0,0.8858552853722383,0.4237420264530782,1,Instructed
1145,145,0,0.7207409692682392,0.6034065752070799,1,Instructed
1146,146,0,0.4808630030468505,0.6451084815429722,1,Instructed
1147,147,0,0.9512614114336988,0.7810013399180157,1,Instructed
1148,148,0,0.44337032669863835,0.7459091156997673,1,Instructed
1149,149,0,0.7554384019447733,0.46529232235665596,1,Instructed
1150,150,0,0.5058833601553685,0.48038619296268636,1,Instructed
1151,151,0,0.42281041803076846,0.5435832421279105,1,Instructed
1152,152,0,0.55514308015585,0.46565610061365015,1,Instructed
1153,153,0,0.027447544493221974,0.5475358427425518,1,Instructed
1154,154,0,0.49982691095060533,0.5405843084645734,1,Instructed
1155,155,0,0.4345633058186403,0.7019119695187472,1,Instructed
1156,156,0,0.4364061718597489,0.5217487244700221,1,Instructed
1157,157,0,0.9235548119428687,0.8101327000358189,1,Instructed
1158,158,0,0.47331305767870807,0.49518250038044637,1,Instructed
1159,159,0,0.34671992296399073,0.3855949016903596,1,Instructed
1160,160,0,0.4522666844728252,0.5262219189636306,1,Instructed
1161,161,0,0.5899339384077833,0.7440716196501679,1,Instructed
1162,162,0,0.47777332367997316,0.4299700300126672,1,Instructed
1163,163,0,0.8599618321345767,0.5587216568980611,1,Instructed
1164,164,0,0.6886119475271176,0.5137967908649718,1,Instructed
1165,165,0,0.024130126885772644,1.144497787492374,1,Instructed
1166,166,0,0.49959505037949237,0.5686568074620446,1,Instructed
1167,167,0,0.9945104856442939,0.42130418821792903,1,Instructed
1168,168,0,0.4100395929071732,0.6219023528569619,1,Instructed
1169,169,0,0.5043684812872162,0.3550822599491584,1,Instructed
1170,170,0,0.9262465858350162,0.8387831044433709,1,Instructed
1171,171,0,0.49630011808702024,0.9538065356154057,1,Instructed
1172,172,0,0.5513353411189537,0.38263807971836394,1,Instructed
1173,173,0,0.5301995278495366,0.6721843948107853,1,Instructed
1174,174,0,0.3741566404546228,0.7791933433391101,1,Instructed
1175,175,0,0.4421874140829501,0.4849064433700818,1,Instructed
1176,176,0,0.396156248030838,0.82354105933535,1,Instructed
1177,177,0,0.8342410498473878,0.944224076824506,1,Instructed
1178,178,0,0.022327360384332237,0.7241106054659081,1,Instructed
1179,179,0,0.8762305561354642,0.58869947778688,1,Instructed
1180,180,0,0.40094395681363754,0.7472026793228657,1,Instructed
1181,181,0,0.9739795829888145,1.4888922944983265,1,Instructed
1182,182,0,0.14270058919966977,0.7466453735364456,1,Instructed
1183,183,0,0.5623829016123306,0.8343546493465379,1,Instructed
1184,184,0,0.6798337607515436,0.6439255743284241,1,Instructed
1185,185,0,0.3398332426031521,0.5507806927918003,1,Instructed
1186,186,0,0.47777954824061597,1.1848769864241535,1,Instructed
1187,187,0,0.1758790380928404,0.830678217605397,1,Instructed
1188,188,0,0.01600897187130853,0.7949803234794275,1,Instructed
1189,189,0,0.07222526334515739,0.7420160059083775,1,Instructed
1190,190,0,0.49915587922130705,0.9945223939892192,1,Instructed
1191,191,0,0.5016827376455133,2.1323681792677727,1,Instructed
1192,192,0,0.4997578713307883,0.7833566263928078,1,Instructed
1193,193,0,0.6944430523212961,0.3755835530869889,1,Instructed
1194,194,0,0.4001539169471608,0.3834288820457957,1,Instructed
1195,195,0,0.14911847016710608,0.9935918429475465,1,Instructed
1196,196,0,0.35093205353299584,0.7586912224645388,1,Instructed
1197,197,0,0.6856687442410125,0.48171964387421906,1,Instructed
1198,198,0,0.7765061200415113,0.603626443453597,1,Instructed
1199,199,0,0.39106343525797216,0.6757702424595684,1,Instructed
