,t,e_hat,Accuracy,pe,batch,Condition
0,0,0,0.6367500264941043,0.9453613910583665,0,Blocked
1,1,0,0.28464537274946883,0.888878488210157,0,Blocked
2,2,0,0.19339983690331172,0.7442946903385856,0,Blocked
3,3,0,0.1540541250250146,0.6525556349566981,0,Blocked
4,4,0,0.7041071108542842,0.4318801178504121,0,Blocked
5,5,0,0.8475142786006269,0.45502598205621186,0,Blocked
6,6,0,0.6662222729480738,0.45542163866211305,0,Blocked
7,7,0,0.4123879562870848,0.6351829729530598,0,Blocked
8,8,0,0.6237410005969474,0.5488450129627154,0,Blocked
9,9,0,0.47336600503301085,0.609858807764963,0,Blocked
10,10,0,0.4594775042818971,0.41835159529293675,0,Blocked
11,11,0,0.4199707182602599,0.415489464468623,0,Blocked
12,12,0,0.488765609197604,0.5252349568999868,0,Blocked
13,13,0,0.507323176327665,0.4019777188644989,0,Blocked
14,14,0,0.5191918229572313,0.572297412283748,0,Blocked
15,15,0,0.3487439219866002,0.5911298180547488,0,Blocked
16,16,0,0.8104053535425131,0.6205311071003363,0,Blocked
17,17,0,0.8075440785177488,0.6165671415755616,0,Blocked
18,18,0,0.36558827794268234,0.7027598822981959,0,Blocked
19,19,0,0.6313291605325883,0.43370858262659007,0,Blocked
20,20,0,0.549792493459249,0.29395492473926704,0,Blocked
21,21,0,0.35212030469968486,0.5096116185304471,0,Blocked
22,22,0,0.5219536460363937,0.5098162104990897,0,Blocked
23,23,0,0.5070461923470431,0.41883156994163373,0,Blocked
24,24,0,0.7472853886581554,0.3394068093088415,0,Blocked
25,25,0,0.537638763685889,0.4072286290414472,0,Blocked
26,26,0,0.6588087014231832,0.48311241845842046,0,Blocked
27,27,0,0.1235772427233599,0.5848057530645021,0,Blocked
28,28,0,0.2833948860191976,0.5852818150221708,0,Blocked
29,29,0,0.6329789769989455,0.4179983130133297,0,Blocked
30,30,0,0.8482222103791217,0.6398388308668005,0,Blocked
31,31,0,0.7350791614408249,0.3661148195314914,0,Blocked
32,32,0,0.7801944894214993,0.38617255134971995,0,Blocked
33,33,0,0.7755990573969409,0.5603791944503752,0,Blocked
34,34,0,0.858861314380146,0.4300190293878493,0,Blocked
35,35,0,0.9055599927134577,0.5313078513715679,0,Blocked
36,36,0,0.14957677732872093,0.6461750806068723,0,Blocked
37,37,0,0.45622679823178014,0.5773579972579103,0,Blocked
38,38,0,0.3120822987819824,0.519392422211503,0,Blocked
39,39,0,0.15069945641569274,0.5431839686440485,0,Blocked
40,40,0,0.6568365060919061,0.4783365524767399,0,Blocked
41,41,0,0.13263052381201576,0.5137353666695557,0,Blocked
42,42,0,0.07615771832096505,0.7341469365381456,0,Blocked
43,43,0,0.8074553556409784,0.5199798129562025,0,Blocked
44,44,0,0.1378983883087444,0.7870325545649484,0,Blocked
45,45,0,0.857769562960089,0.6005128834904709,0,Blocked
46,46,0,0.08389589192414797,0.7336512442234269,0,Blocked
47,47,0,0.7860249356362221,0.4472179728231172,0,Blocked
48,48,0,0.5107313666929185,0.6174444586374972,0,Blocked
49,49,0,0.3669796259504138,0.5542065141615876,0,Blocked
50,50,0,0.31670486165992695,0.6904770871956167,0,Blocked
51,51,0,0.587260725796213,0.5604966923166043,0,Blocked
52,52,0,0.5627778040133349,0.5518758838933405,0,Blocked
53,53,0,0.4978419489587825,0.46187298007592964,0,Blocked
54,54,0,0.5296230056634322,0.4338734391475658,0,Blocked
55,55,0,0.4405985523783809,0.4039847215591844,0,Blocked
56,56,0,0.4113097930027557,0.5146678049201338,0,Blocked
57,57,0,0.4120027318889269,0.5229151531405056,0,Blocked
58,58,0,0.8302481379809112,0.4999158060215244,0,Blocked
59,59,0,0.9119332510222691,0.38107003913526616,0,Blocked
60,60,0,0.10419556046829645,0.4323934919437462,0,Blocked
61,61,0,0.8398060856225262,0.4247274695973111,0,Blocked
62,62,0,0.7556922756953575,0.4529186613824213,0,Blocked
63,63,0,0.2663093621806769,0.5698084820300452,0,Blocked
64,64,0,0.2944030647105357,0.507940273161028,0,Blocked
65,65,0,0.48411766284575664,0.5051061521198,0,Blocked
66,66,0,0.5253071939693336,0.5610004940633493,0,Blocked
67,67,0,0.4922949636815399,0.5291284444929651,0,Blocked
68,68,0,0.4747351338173463,0.43352587363318057,0,Blocked
69,69,0,0.649206768577375,0.5057522854885514,0,Blocked
70,70,0,0.6429890090440747,0.7327603454191984,0,Blocked
71,71,0,0.3538900868967643,0.5157506129105807,0,Blocked
72,72,0,0.27703693749134783,0.5572543193667578,0,Blocked
73,73,0,0.13947169084621835,0.5572807356475764,0,Blocked
74,74,0,0.5878771216055143,0.4276469969037068,0,Blocked
75,75,0,0.6179313042983532,0.6492960575218025,0,Blocked
76,76,0,0.7891667668781173,0.45439796516854547,0,Blocked
77,77,0,0.7913160532945666,0.6483541901554718,0,Blocked
78,78,0,0.0835395063047793,0.7517095750031826,0,Blocked
79,79,0,0.29807536727385064,0.6219130016703267,0,Blocked
80,80,0,0.38198627467601887,0.5929702363569597,0,Blocked
81,81,0,0.6384115973004039,0.4189454219367822,0,Blocked
82,82,0,0.37127903621894226,0.40850884211971944,0,Blocked
83,83,0,0.6330273675685147,0.5991385657161907,0,Blocked
84,84,0,0.4197504654695592,0.431192644074665,0,Blocked
85,85,0,0.4459449141233319,0.6359594760313103,0,Blocked
86,86,0,0.4677175895939546,0.5088228750371775,0,Blocked
87,87,0,0.47982255864028167,0.5067374282788926,0,Blocked
88,88,0,0.44655238528384084,0.5882679380000937,0,Blocked
89,89,0,0.3541858855553672,0.46209932878463944,0,Blocked
90,90,0,0.7263906685109291,0.6285813954375251,0,Blocked
91,91,0,0.4569100401389171,0.6250751688216328,0,Blocked
92,92,0,0.6604393794156103,0.4663193365078654,0,Blocked
93,93,0,0.37260223266290665,0.5324549265746514,0,Blocked
94,94,0,0.8428944778695604,0.6439163392756021,0,Blocked
95,95,0,0.7367294771604741,0.527164527945194,0,Blocked
96,96,0,0.20224783926631967,0.5296101893254023,0,Blocked
97,97,0,0.44844660312629636,0.694810527954427,0,Blocked
98,98,0,0.39130563776788124,0.46919774362812544,0,Blocked
99,99,0,0.6122933196807516,0.491810049279792,0,Blocked
100,100,0,0.4881015670723465,0.5327309019081667,0,Blocked
101,101,0,0.5478434331733237,0.6176816701013347,0,Blocked
102,102,0,0.48220627848689657,0.49917196671060793,0,Blocked
103,103,0,0.5047980934486563,0.4737117841949493,0,Blocked
104,104,0,0.46077485867668333,0.45502985470747714,0,Blocked
105,105,0,0.6730527989529074,0.46186386319148165,0,Blocked
106,106,0,0.730541059177855,0.5248759581998538,0,Blocked
107,107,0,0.049910392830657596,0.6073670562994324,0,Blocked
108,108,0,0.9816195864093115,0.4322443706726908,0,Blocked
109,109,0,0.1485996708834418,0.6648135967692945,0,Blocked
110,110,0,0.3455666603308529,0.39253845654106867,0,Blocked
111,111,0,0.7064289059329125,0.3719091698020711,0,Blocked
112,112,0,0.20381681858274792,0.665582538266287,0,Blocked
113,113,0,0.8193556160285916,0.5930245633918729,0,Blocked
114,114,0,0.46990945019819613,0.5457088524024652,0,Blocked
115,115,0,0.7222578797489339,0.41555224312188077,0,Blocked
116,116,0,0.8480154385339721,0.6681025316275935,0,Blocked
117,117,0,0.737092299154368,0.5791163198000896,0,Blocked
118,118,0,0.47467264520443014,0.46626777614943643,0,Blocked
119,119,0,0.49738321093869586,0.4635859470741596,0,Blocked
120,120,0,0.46975835179150416,0.5947594010284862,0,Blocked
121,121,0,0.49619229367487305,0.7743668674991314,0,Blocked
122,122,0,0.40017187051306435,0.7440839713825638,0,Blocked
123,123,0,0.4446733207313236,0.40279662875869615,0,Blocked
124,124,0,0.4874420661028577,0.39635913109078647,0,Blocked
125,125,0,0.5634339855073351,0.4854592902522091,0,Blocked
126,126,0,0.7349990745315842,0.5201951648601837,0,Blocked
127,127,0,0.6278636032685481,0.47248026401459053,0,Blocked
128,128,0,0.45615001436886077,0.5286422450767044,0,Blocked
129,129,0,0.6765265285267622,0.49291957341239967,0,Blocked
130,130,0,0.5529805815512437,0.5037513024249062,0,Blocked
131,131,0,0.5494439401261927,0.518713963949446,0,Blocked
132,132,0,0.4922627412985244,0.48826820224036055,0,Blocked
133,133,0,0.7703388249257201,0.4542008863573196,0,Blocked
134,134,0,0.6712014672477367,0.4148364175359566,0,Blocked
135,135,0,0.5257581637695581,0.3659664894986445,0,Blocked
136,136,0,0.8083287113779105,0.48138076400305396,0,Blocked
137,137,0,0.8829668892060316,0.6702835580192248,0,Blocked
138,138,0,0.8810848232531774,0.4906663353113119,0,Blocked
139,139,0,0.4692210689843116,0.722746258417799,0,Blocked
140,140,0,0.5344331364404689,0.6066862916916256,0,Blocked
141,141,0,0.4358800313015907,0.5592319567711144,0,Blocked
142,142,0,0.3700756287500351,0.6054091715843646,0,Blocked
143,143,0,0.515920609379068,0.36527239380288673,0,Blocked
144,144,0,0.5329450837865353,0.4863942266832346,0,Blocked
145,145,0,0.5376910340275933,0.6438693073516876,0,Blocked
146,146,0,0.45445696325302753,0.4372277742426639,0,Blocked
147,147,0,0.7723148668459973,0.47429484939188965,0,Blocked
148,148,0,0.3518902610606599,0.6841666728472418,0,Blocked
149,149,0,0.6169782876997185,0.4387156561760135,0,Blocked
150,150,0,0.6729047507253901,0.6142298431844728,0,Blocked
151,151,0,0.5627885239964004,0.6915155092291105,0,Blocked
152,152,0,0.5535857966847375,0.4253965985647228,0,Blocked
153,153,0,0.15827356172883558,0.460233767869793,0,Blocked
154,154,0,0.8949956524531455,0.3360741052596688,0,Blocked
155,155,0,0.7463168752367233,0.5568027504526477,0,Blocked
156,156,0,0.8957803792635685,0.5694512829443,0,Blocked
157,157,0,0.10246332330504265,0.4713137952386337,0,Blocked
158,158,0,0.8803002947606136,0.36449131186463596,0,Blocked
159,159,0,0.785668447010118,0.5700051463332607,0,Blocked
160,160,0,0.596866932763513,0.8186158725794814,0,Blocked
161,161,0,0.34378787954635026,0.5572544368994672,0,Blocked
162,162,0,0.7431707485442574,0.44050915473937413,0,Blocked
163,163,0,0.11385607153555721,0.5233754390034444,0,Blocked
164,164,0,0.8743957914553824,0.5162855187171467,0,Blocked
165,165,0,0.6590557232444726,0.605423778002232,0,Blocked
166,166,0,0.15243577750286197,0.5918926071212737,0,Blocked
167,167,0,0.21535742934562452,0.5521693485758203,0,Blocked
168,168,0,0.13439954487717717,0.7610887116522325,0,Blocked
169,169,0,0.09947504550199524,0.629109126879783,0,Blocked
170,170,0,0.7358570000751993,0.4403649058255761,0,Blocked
171,171,0,0.7460656927367328,0.49818190997716094,0,Blocked
172,172,0,0.28764651383812634,0.5196910945077644,0,Blocked
173,173,0,0.6840501043793733,0.4765358369744568,0,Blocked
174,174,0,0.8125856202839639,0.38854514414358277,0,Blocked
175,175,0,0.7998525603438071,0.4213437178411795,0,Blocked
176,176,0,0.6570057757759279,0.4795882951767292,0,Blocked
177,177,0,0.563222067122452,0.44344810425094006,0,Blocked
178,178,0,0.7113942879794755,0.6750452165320833,0,Blocked
179,179,0,0.49475931509391075,0.603855973298872,0,Blocked
180,180,0,0.5457411651352154,0.5912248269521672,0,Blocked
181,181,0,0.5420673866613808,0.475128178191647,0,Blocked
182,182,0,0.5887161522646183,0.39490569509701845,0,Blocked
183,183,0,0.8352151874467011,0.4766026641316883,0,Blocked
184,184,0,0.18174870535380414,0.5743325292751491,0,Blocked
185,185,0,0.6830610207298861,0.5263872043662864,0,Blocked
186,186,0,0.36210422879916154,0.52949445568673,0,Blocked
187,187,0,0.11324406275026241,0.532347019166078,0,Blocked
188,188,0,0.6967511640412627,0.5425890515658747,0,Blocked
189,189,0,0.4158145221500598,0.5178918273352019,0,Blocked
190,190,0,0.5009411483866568,0.5608713482254348,0,Blocked
191,191,0,0.6186623814437553,0.4638845456569054,0,Blocked
192,192,0,0.7150078993329613,0.6188073430404982,0,Blocked
193,193,0,0.7258248988225933,0.5204623092698172,0,Blocked
194,194,0,0.5207117071017788,0.4441449277488869,0,Blocked
195,195,0,0.33418366497937496,0.5943164962326495,0,Blocked
196,196,0,0.11662303780459572,0.4916697136313587,0,Blocked
197,197,0,0.6257926368502998,0.44433240282590925,0,Blocked
198,198,0,0.3038275263077614,0.6695923066956274,0,Blocked
199,199,0,0.5895445170110147,0.4897771370085552,0,Blocked
200,0,0,0.050719899770247115,0.9585906964037363,0,Interleaved
201,1,0,0.496198550615573,0.7852173012669202,0,Interleaved
202,2,0,0.7997345483889537,0.3867651333182071,0,Interleaved
203,3,0,0.7305176513102429,0.5582978592716281,0,Interleaved
204,4,0,0.9495970475632602,0.6414786493651867,0,Interleaved
205,5,0,0.373724586375963,0.699090001722795,0,Interleaved
206,6,0,0.1797042928124759,0.4100652367269244,0,Interleaved
207,7,0,0.5917869999398452,0.7444364870124162,0,Interleaved
208,8,0,0.4462792587365271,0.6842773659035785,0,Interleaved
209,9,0,0.2217973246092425,0.423750262484716,0,Interleaved
210,10,0,0.35042935991452034,0.547665269242551,0,Interleaved
211,11,0,0.48581380889464554,0.5559066498364726,0,Interleaved
212,12,0,0.3290040276233079,0.4093356065538627,0,Interleaved
213,13,0,0.7932048070246791,0.3827343131325188,0,Interleaved
214,14,0,0.533023838503905,0.5043975874751984,0,Interleaved
215,15,0,0.926695234647665,0.36205836169349376,0,Interleaved
216,16,0,0.5038030947465678,0.599399103918739,0,Interleaved
217,17,0,0.11363748038641132,0.6338553397559386,0,Interleaved
218,18,0,0.5741976253368642,0.37921220509674003,0,Interleaved
219,19,0,0.592159053536203,0.4776951434272499,0,Interleaved
220,20,0,0.14706911601625666,0.5390033618471379,0,Interleaved
221,21,0,0.49186255278756236,0.44079256871246764,0,Interleaved
222,22,0,0.27224087910577177,0.5299574973273701,0,Interleaved
223,23,0,0.7492587390457909,0.3762610516343672,0,Interleaved
224,24,0,0.27359536517821953,0.37638685812258044,0,Interleaved
225,25,0,0.6734593377824276,0.402931997436739,0,Interleaved
226,26,0,0.26462813861268913,0.4991176884223308,0,Interleaved
227,27,0,0.6645735404895304,0.5006924744148552,0,Interleaved
228,28,0,0.7113903592686723,0.4076797309594813,0,Interleaved
229,29,0,0.6643989875651586,0.4952878590752433,0,Interleaved
230,30,0,0.7209231884249669,0.38280343178756987,0,Interleaved
231,31,0,0.3122586948694559,0.37637285187104685,0,Interleaved
232,32,0,0.7905838492999019,0.33733918091852755,0,Interleaved
233,33,0,0.36720011868383456,0.356144469098465,0,Interleaved
234,34,0,0.31330628067161526,0.46318467389597395,0,Interleaved
235,35,0,0.322865296918694,0.51143000866897,0,Interleaved
236,36,0,0.8654271900194821,0.4397593584674543,0,Interleaved
237,37,0,0.6219280144834559,0.3569192130884192,0,Interleaved
238,38,0,0.816309022403975,0.32235930040809946,0,Interleaved
239,39,0,0.7219462537787029,0.5460042742951947,0,Interleaved
240,40,0,0.9414462972710367,0.5964463994667915,0,Interleaved
241,41,0,0.38648063599176063,0.6091293073544619,0,Interleaved
242,42,0,0.2669857152878695,0.570669583171715,0,Interleaved
243,43,0,0.2034690105693571,0.40073971255116714,0,Interleaved
244,44,0,0.6267487359947608,0.4292854489375649,0,Interleaved
245,45,0,0.45025060608270806,0.4593019492599303,0,Interleaved
246,46,0,0.41144976346182655,0.3014364076352379,0,Interleaved
247,47,0,0.4844958020074096,0.3997478433081073,0,Interleaved
248,48,0,0.7468976849603552,0.4805832689042978,0,Interleaved
249,49,0,0.47771000346838455,0.3639401769938072,0,Interleaved
250,50,0,0.6614777042489826,0.41570411978993643,0,Interleaved
251,51,0,0.5833236568759699,0.4600266211928681,0,Interleaved
252,52,0,0.34756849748446045,0.41925640159777167,0,Interleaved
253,53,0,0.19486720472343388,0.38756157903301713,0,Interleaved
254,54,0,0.2529574557128001,0.5073760617995914,0,Interleaved
255,55,0,0.3451349282678746,0.5485544540161935,0,Interleaved
256,56,0,0.21144725933699177,0.3927549501818735,0,Interleaved
257,57,0,0.32413968317527936,0.4026590122305417,0,Interleaved
258,58,0,0.2749038648137501,0.38147174236268433,0,Interleaved
259,59,0,0.4108497366603813,0.3326620862690315,0,Interleaved
260,60,0,0.48187365278276273,0.2981468566241856,0,Interleaved
261,61,0,0.5530605835173881,0.3737145018430976,0,Interleaved
262,62,0,0.7994224053749843,0.40500708923450685,0,Interleaved
263,63,0,0.31793340154736993,0.47289326890091943,0,Interleaved
264,64,0,0.28047115975384496,0.6553647670807731,0,Interleaved
265,65,0,0.5425761993858534,0.33886808897893206,0,Interleaved
266,66,0,0.5967143334955664,0.3859454442289698,0,Interleaved
267,67,0,0.8396703533245039,0.23506172891063926,0,Interleaved
268,68,0,0.648447269623891,0.3759537481331029,0,Interleaved
269,69,0,0.10134083908086149,0.5632408488265539,0,Interleaved
270,70,0,0.5255578809145708,0.4607081556697423,0,Interleaved
271,71,0,0.5320205315503221,0.4193255687115768,0,Interleaved
272,72,0,0.21722830781824637,0.4834117332533787,0,Interleaved
273,73,0,0.6349264868103399,0.4343392662947652,0,Interleaved
274,74,0,0.3463646999906698,0.4459021301294565,0,Interleaved
275,75,0,0.4541359872118748,0.548887639435582,0,Interleaved
276,76,0,0.6341952931754274,0.43592438493643837,0,Interleaved
277,77,0,0.5048640239104965,0.4698160115742227,0,Interleaved
278,78,0,0.06320142455094054,0.535203475047021,0,Interleaved
279,79,0,0.5620777150219666,0.4733040754612467,0,Interleaved
280,80,0,0.8298463526571416,0.44135452185611346,0,Interleaved
281,81,0,0.536101562027971,0.44601444213911184,0,Interleaved
282,82,0,0.7365117627527145,0.3102198940171209,0,Interleaved
283,83,0,0.7480073677767095,0.3331548029311261,0,Interleaved
284,84,0,0.31950780265820994,0.6630729483774145,0,Interleaved
285,85,0,0.20669313277115617,0.4582631504883631,0,Interleaved
286,86,0,0.491379250285181,0.5355731239005088,0,Interleaved
287,87,0,0.2349633643192779,0.5035539774846838,0,Interleaved
288,88,0,0.8574284551555207,0.48982413140368686,0,Interleaved
289,89,0,0.39899997833108536,0.4172763148091493,0,Interleaved
290,90,0,0.5105611113031293,0.484451912905016,0,Interleaved
291,91,0,0.47387540401490674,0.5977717491064916,0,Interleaved
292,92,0,0.5473505542204915,0.4706821952833748,0,Interleaved
293,93,0,0.6494909701992597,0.48327274199922327,0,Interleaved
294,94,0,0.710725396266169,0.49567124571508847,0,Interleaved
295,95,0,0.2142403352057685,0.48082753309307436,0,Interleaved
296,96,0,0.3143223736923876,0.6410203472735518,0,Interleaved
297,97,0,0.5423007574464049,0.41460141620693036,0,Interleaved
298,98,0,0.6130752447519772,0.45426479339769477,0,Interleaved
299,99,0,0.43383671499178367,0.4971925696759115,0,Interleaved
300,100,0,0.7181325897394566,0.3406606058813676,0,Interleaved
301,101,0,0.7196036806313975,0.5106487533766442,0,Interleaved
302,102,0,0.29512788568359655,0.47815237147512735,0,Interleaved
303,103,0,0.18821134556706817,0.5945647539593515,0,Interleaved
304,104,0,0.6209888193834705,0.637739488344776,0,Interleaved
305,105,0,0.4461982474987826,0.5342913639040081,0,Interleaved
306,106,0,0.9712355032413176,0.5555753912673411,0,Interleaved
307,107,0,0.5198744714846867,0.45021206288785887,0,Interleaved
308,108,0,0.950845322779307,0.5449027626620961,0,Interleaved
309,109,0,0.58814484443976,0.4027773190462859,0,Interleaved
310,110,0,0.849771288908269,0.5938600134216657,0,Interleaved
311,111,0,0.7002129363037818,0.543141667798618,0,Interleaved
312,112,0,0.6521027524173351,0.48866926785765186,0,Interleaved
313,113,0,0.4154123495862258,0.3838678933934543,0,Interleaved
314,114,0,0.4439757371298468,0.48752526569110377,0,Interleaved
315,115,0,0.6330018183145073,0.4545360480010342,0,Interleaved
316,116,0,0.18938457663597053,0.45924395037869276,0,Interleaved
317,117,0,0.5552325482810477,0.4720934359461597,0,Interleaved
318,118,0,0.30752209100087524,0.5199670098705929,0,Interleaved
319,119,0,0.5133878365580825,0.35010376122421727,0,Interleaved
320,120,0,0.37828930538170547,0.4189292920899511,0,Interleaved
321,121,0,0.0653152205040439,0.408176072646267,0,Interleaved
322,122,0,0.17039863981872902,0.5781704512975201,0,Interleaved
323,123,0,0.5535846696630546,0.31285378797610874,0,Interleaved
324,124,0,0.4769918153781887,0.3651451324917627,0,Interleaved
325,125,0,0.7541382023241376,0.39435697586634655,0,Interleaved
326,126,0,0.2781825544166676,0.5539534912055735,0,Interleaved
327,127,0,0.49110420183781345,0.4664482313346875,0,Interleaved
328,128,0,0.5405942839266578,0.4054368303314725,0,Interleaved
329,129,0,0.5803364214200558,0.3688072798030668,0,Interleaved
330,130,0,0.7848885488482982,0.4537763786519828,0,Interleaved
331,131,0,0.6479837128898362,0.6318286423445114,0,Interleaved
332,132,0,0.5391734278683666,0.5093827599558278,0,Interleaved
333,133,0,0.5396414878334326,0.47681926803628505,0,Interleaved
334,134,0,0.8880404713806773,0.43584038145910353,0,Interleaved
335,135,0,0.0833570615459673,0.6240678982786056,0,Interleaved
336,136,0,0.5939233611928973,0.5513998377329117,0,Interleaved
337,137,0,0.26015724965595455,0.5546360036438857,0,Interleaved
338,138,0,0.45541061870738453,0.502181701601722,0,Interleaved
339,139,0,0.24838387705541493,0.5901482595782157,0,Interleaved
340,140,0,0.04285704608561994,0.6058728383048975,0,Interleaved
341,141,0,0.38949788867670615,0.5228442673533942,0,Interleaved
342,142,0,0.5947408205358753,0.5203729657101983,0,Interleaved
343,143,0,0.6814505959554664,0.4494883415990926,0,Interleaved
344,144,0,0.8317157894132563,0.3871724242440495,0,Interleaved
345,145,0,0.6793536594425513,0.5080023854330566,0,Interleaved
346,146,0,0.24771016541752694,0.5219151787469073,0,Interleaved
347,147,0,0.637972541216133,0.34961306010443394,0,Interleaved
348,148,0,0.869322045401097,0.41424798857233375,0,Interleaved
349,149,0,0.4918158602360855,0.26643181512531894,0,Interleaved
350,150,0,0.17069297832687433,0.34318496116250596,0,Interleaved
351,151,0,0.5356730948224621,0.37265134930932237,0,Interleaved
352,152,0,0.5130684704766143,0.5011257399280241,0,Interleaved
353,153,0,0.6036800011177037,0.4374841603966588,0,Interleaved
354,154,0,0.7523366134231332,0.4566310151583687,0,Interleaved
355,155,0,0.6603915334704373,0.4672592462290075,0,Interleaved
356,156,0,0.26672594747100076,0.5329687034563078,0,Interleaved
357,157,0,0.769029912955274,0.45668329398194724,0,Interleaved
358,158,0,0.25283931509971747,0.4390595540310816,0,Interleaved
359,159,0,0.5010385080353765,0.4570783837246749,0,Interleaved
360,160,0,0.9524461246280274,0.44822254120201843,0,Interleaved
361,161,0,0.026936975446710632,0.7828149410394236,0,Interleaved
362,162,0,0.3508857585357025,0.3223260208701191,0,Interleaved
363,163,0,0.4773751602717943,0.3561144739687468,0,Interleaved
364,164,0,0.4434419276244869,0.5221967990704168,0,Interleaved
365,165,0,0.5511980927952345,0.37957739921072364,0,Interleaved
366,166,0,0.17697633410416655,0.583710148536586,0,Interleaved
367,167,0,0.5368914502576099,0.5477097346186222,0,Interleaved
368,168,0,0.4707144054767324,0.4333646292287571,0,Interleaved
369,169,0,0.02226091024892491,0.6198014116671036,0,Interleaved
370,170,0,0.12334057020601066,0.4341239278429865,0,Interleaved
371,171,0,0.5747317055227066,0.38074519492811704,0,Interleaved
372,172,0,0.37480173420581936,0.5426177455218104,0,Interleaved
373,173,0,0.7810670380637252,0.4337747854072105,0,Interleaved
374,174,0,0.5041624641221107,0.4487966622252314,0,Interleaved
375,175,0,0.7495348337695621,0.42355999526390714,0,Interleaved
376,176,0,0.1251222078506016,0.44237534165117454,0,Interleaved
377,177,0,0.21722716530439176,0.42472767256350985,0,Interleaved
378,178,0,0.41183487319766476,0.4051367076821152,0,Interleaved
379,179,0,0.6300677642793161,0.5547047998672835,0,Interleaved
380,180,0,0.3821814448701246,0.537758275669713,0,Interleaved
381,181,0,0.5254809984684551,0.3716666841202817,0,Interleaved
382,182,0,0.5686331164514871,0.46413923266389784,0,Interleaved
383,183,0,0.8039878335452464,0.46168659248505917,0,Interleaved
384,184,0,0.5365209685457303,0.34700308147038056,0,Interleaved
385,185,0,0.467901712676376,0.4152316133360504,0,Interleaved
386,186,0,0.47927856833846544,0.577730850566763,0,Interleaved
387,187,0,0.17844161128151637,0.5240237807611104,0,Interleaved
388,188,0,0.09852835838696594,0.3760897471655113,0,Interleaved
389,189,0,0.911801839347486,0.5870599530628815,0,Interleaved
390,190,0,0.11489309863637034,0.593134028296973,0,Interleaved
391,191,0,0.3632312201920438,0.3960324568361385,0,Interleaved
392,192,0,0.4891123678909715,0.5125626063102232,0,Interleaved
393,193,0,0.4755024700107596,0.42375645056383415,0,Interleaved
394,194,0,0.37778630710616923,0.3528215349701296,0,Interleaved
395,195,0,0.48029717901709756,0.4858277429372849,0,Interleaved
396,196,0,0.8122205734519801,0.2837851933764845,0,Interleaved
397,197,0,0.8139206559383803,0.38550402557509883,0,Interleaved
398,198,0,0.4176377367612106,0.520872283326239,0,Interleaved
399,199,0,0.3465153151147988,0.4433701660812762,0,Interleaved
400,0,0,0.27901769181517605,0.6231905660628433,0,Instructed
401,1,0,0.20578004912273978,0.80473016054903,0,Instructed
402,2,0,0.9775415074641465,0.6382257314302486,0,Instructed
403,3,0,0.5468859217322701,0.606921242805454,0,Instructed
404,4,0,0.5418927242173026,0.5068746911436625,0,Instructed
405,5,0,0.20208122318373134,0.7699245465355956,0,Instructed
406,6,0,0.3811600955684944,0.5056971402207475,0,Instructed
407,7,0,0.3989701308543895,0.4635188623742377,0,Instructed
408,8,0,0.3691289785843436,0.5256962183075968,0,Instructed
409,9,0,0.5416058326550874,0.4331945699121006,0,Instructed
410,10,0,0.8865318493252397,0.4002069299939755,0,Instructed
411,11,0,0.32209227737263285,0.5415451872678472,0,Instructed
412,12,0,0.3040435112390324,0.5661365058778005,0,Instructed
413,13,0,0.37027725269735795,0.5359928497223799,0,Instructed
414,14,0,0.3017964606283884,0.43183557957840446,0,Instructed
415,15,0,0.49743401327367137,0.5031464796177162,0,Instructed
416,16,0,0.7616290646130903,0.4196809855557546,0,Instructed
417,17,0,0.13176311630270937,0.4860802162578764,0,Instructed
418,18,0,0.5759911061729872,0.4380434238015668,0,Instructed
419,19,0,0.2902385790163295,0.46057171892802373,0,Instructed
420,20,0,0.6543957590131466,0.42530923992082004,0,Instructed
421,21,0,0.45448892197671475,0.4001082346903345,0,Instructed
422,22,0,0.7643094796997549,0.4193809946987089,0,Instructed
423,23,0,0.14632083772551055,0.4932514678909111,0,Instructed
424,24,0,0.9475716520894882,0.7008983742815761,0,Instructed
425,25,0,0.44032742814113424,0.6079594049083222,0,Instructed
426,26,0,0.46854278840826724,0.49781935587844894,0,Instructed
427,27,0,0.6184976186377715,0.43325192243240446,0,Instructed
428,28,0,0.1323013173158568,0.46947303822327247,0,Instructed
429,29,0,0.41136581169807285,0.48375165031474554,0,Instructed
430,30,0,0.7287577022497196,0.33825582649825137,0,Instructed
431,31,0,0.5636089124585454,0.3316002319597017,0,Instructed
432,32,0,0.5728053822468546,0.37518584226767354,0,Instructed
433,33,0,0.692952087879012,0.32114852174196395,0,Instructed
434,34,0,0.304457406153281,0.390047753103133,0,Instructed
435,35,0,0.17466998651920604,0.4386498886467083,0,Instructed
436,36,0,0.5751200453215278,0.35845708361172857,0,Instructed
437,37,0,0.680575601472464,0.448271613374319,0,Instructed
438,38,0,0.43445089099069734,0.41039196332695216,0,Instructed
439,39,0,0.42185489761335915,0.45951860212545736,0,Instructed
440,40,0,0.24021388230095228,0.3088563791902542,0,Instructed
441,41,0,0.6237098833469692,0.4644390653617064,0,Instructed
442,42,0,0.7415812612042116,0.24489517137276612,0,Instructed
443,43,0,0.6339495707320483,0.35810999789342834,0,Instructed
444,44,0,0.8641414293072363,0.3239349011654924,0,Instructed
445,45,0,0.4022806132659127,0.4172518783114674,0,Instructed
446,46,0,0.13488175108152203,0.4531053631067624,0,Instructed
447,47,0,0.3801995450378407,0.403546521918831,0,Instructed
448,48,0,0.6719374436629034,0.3402362288048405,0,Instructed
449,49,0,0.566377825804109,0.3291602973212009,0,Instructed
450,50,0,0.5962754079969002,0.30277399338254385,0,Instructed
451,51,0,0.3317176717565411,0.4771916423589684,0,Instructed
452,52,0,0.16319970582097132,0.5496303797400938,0,Instructed
453,53,0,0.9793182919025116,0.46085122720596905,0,Instructed
454,54,0,0.5034959770851686,0.33301726174633706,0,Instructed
455,55,0,0.18646256800652564,0.43911954511034057,0,Instructed
456,56,0,0.641857683709784,0.568325188261281,0,Instructed
457,57,0,0.36533516675319205,0.4273823132035548,0,Instructed
458,58,0,0.6868523514644866,0.6357608816821263,0,Instructed
459,59,0,0.3801826375021982,0.58237165739629,0,Instructed
460,60,0,0.8968882437597332,0.6187567735093142,0,Instructed
461,61,0,0.5954744092393529,0.5117784200370973,0,Instructed
462,62,0,0.32924527603877113,0.46990910187139934,0,Instructed
463,63,0,0.5271364866213851,0.3233132741403967,0,Instructed
464,64,0,0.742493224688439,0.5236025515199582,0,Instructed
465,65,0,0.521855889554195,0.4128878231450586,0,Instructed
466,66,0,0.08552773668090599,0.48927706928669834,0,Instructed
467,67,0,0.48544126924774306,0.45896188571452634,0,Instructed
468,68,0,0.7944224220694049,0.3706612725240038,0,Instructed
469,69,0,0.5356384557546663,0.46194806178159653,0,Instructed
470,70,0,0.2844614737686397,0.3054529167243001,0,Instructed
471,71,0,0.6482531825246036,0.34214215483961175,0,Instructed
472,72,0,0.33120456444983964,0.6357423519032697,0,Instructed
473,73,0,0.44859205232554694,0.492727656348669,0,Instructed
474,74,0,0.7897544339392077,0.42622601218772804,0,Instructed
475,75,0,0.5480034977751341,0.40469680477254966,0,Instructed
476,76,0,0.4174331099502965,0.40157137789663394,0,Instructed
477,77,0,0.29926109194440115,0.40295365824052465,0,Instructed
478,78,0,0.1869684177836925,0.37035993102019243,0,Instructed
479,79,0,0.2812144470302656,0.5946692245709172,0,Instructed
480,80,0,0.20793044705350877,0.3559895160585908,0,Instructed
481,81,0,0.34881870045897717,0.555179569355467,0,Instructed
482,82,0,0.11537437205891939,0.45625596242143646,0,Instructed
483,83,0,0.6078012264010378,0.5686282229633748,0,Instructed
484,84,0,0.4243354964370957,0.4243747384146205,0,Instructed
485,85,0,0.1988432085179978,0.491841000082816,0,Instructed
486,86,0,0.45031920662026825,0.39762845686982695,0,Instructed
487,87,0,0.6419084260574095,0.4315616761340314,0,Instructed
488,88,0,0.3888818155351365,0.44841625970371024,0,Instructed
489,89,0,0.18779708303152465,0.5168943827599333,0,Instructed
490,90,0,0.2572761202893327,0.5134391963802528,0,Instructed
491,91,0,0.5616508317533209,0.475635000045,0,Instructed
492,92,0,0.6081650498519819,0.4469582421387479,0,Instructed
493,93,0,0.858611291722406,0.3067897706127154,0,Instructed
494,94,0,0.8737473335588786,0.28761898825983023,0,Instructed
495,95,0,0.6659797601220043,0.25035615134426575,0,Instructed
496,96,0,0.16136936779076416,0.3378401485044875,0,Instructed
497,97,0,0.389630201062334,0.3668181659983917,0,Instructed
498,98,0,0.8234455577116904,0.433278517888105,0,Instructed
499,99,0,0.6074185520356292,0.31402303928390096,0,Instructed
500,100,0,0.3158189802224831,0.4680359317049531,0,Instructed
501,101,0,0.5172957296369922,0.47285710166386863,0,Instructed
502,102,0,0.2727373276177933,0.46527049269846865,0,Instructed
503,103,0,0.06815604467135254,0.45955647975893604,0,Instructed
504,104,0,0.5346068969351045,0.4028766136162192,0,Instructed
505,105,0,0.1053974621367347,0.378658353122788,0,Instructed
506,106,0,0.8116469476661635,0.2734064564430405,0,Instructed
507,107,0,0.3452900118093884,0.4583639277063518,0,Instructed
508,108,0,0.11025293160718014,0.39226045340219423,0,Instructed
509,109,0,0.6662995896065189,0.25248022361105343,0,Instructed
510,110,0,0.6543436739700673,0.3643893146774454,0,Instructed
511,111,0,0.4647122036555301,0.2957924591563802,0,Instructed
512,112,0,0.10122198229909743,0.4909667221665365,0,Instructed
513,113,0,0.26347049488506735,0.42117331480683173,0,Instructed
514,114,0,0.33765048036001055,0.4744909180257768,0,Instructed
515,115,0,0.15190111937449988,0.5695095774770387,0,Instructed
516,116,0,0.4168168004720231,0.36161724390529176,0,Instructed
517,117,0,0.6742891249568601,0.36681121863089805,0,Instructed
518,118,0,0.8557717061553952,0.3693699387734479,0,Instructed
519,119,0,0.6193786267614746,0.406894710219358,0,Instructed
520,120,0,0.4658995673385024,0.3094991586420087,0,Instructed
521,121,0,0.8980623259764147,0.6820443083085022,0,Instructed
522,122,0,0.48674980835030374,0.4570526017403479,0,Instructed
523,123,0,0.5187765834622491,0.4352769524063518,0,Instructed
524,124,0,0.1239880557300885,0.4353460788115893,0,Instructed
525,125,0,0.42781615028515757,0.44485208251408287,0,Instructed
526,126,0,0.4204564655546605,0.4100511901276521,0,Instructed
527,127,0,0.38064166630757734,0.2749091108670518,0,Instructed
528,128,0,0.4543979732714107,0.39438647771856616,0,Instructed
529,129,0,0.6743259512017193,0.36277223686359095,0,Instructed
530,130,0,0.5112709807180522,0.2976379625254299,0,Instructed
531,131,0,0.557806142782903,0.28778838918685246,0,Instructed
532,132,0,0.20906337012174137,0.5630669910164463,0,Instructed
533,133,0,0.7937848753286618,0.36106382611754007,0,Instructed
534,134,0,0.16876597091086665,0.29079202313520036,0,Instructed
535,135,0,0.37024511690484174,0.44048103009468514,0,Instructed
536,136,0,0.2179758733154529,0.32295513260075626,0,Instructed
537,137,0,0.8210765251559298,0.4788481048970264,0,Instructed
538,138,0,0.393107272508065,0.2864221607827776,0,Instructed
539,139,0,0.5731610720592905,0.49229215037532387,0,Instructed
540,140,0,0.16535124224291076,0.3011398676422527,0,Instructed
541,141,0,0.466117784143513,0.2909379897764013,0,Instructed
542,142,0,0.7127464994419381,0.3937353794768046,0,Instructed
543,143,0,0.5548999593374023,0.6020833827571124,0,Instructed
544,144,0,0.21676617342683308,0.4597364121014471,0,Instructed
545,145,0,0.6995401271960565,0.38766431313150373,0,Instructed
546,146,0,0.338545171049859,0.6327343047696161,0,Instructed
547,147,0,0.07700878476939797,0.49402455035328247,0,Instructed
548,148,0,0.7959532367896012,0.45348269242803285,0,Instructed
549,149,0,0.45800098043812054,0.39778266123945244,0,Instructed
550,150,0,0.15357151274003972,0.5075126094576748,0,Instructed
551,151,0,0.8015994195015683,0.441190578627204,0,Instructed
552,152,0,0.5007550973828878,0.3638126943676636,0,Instructed
553,153,0,0.2603818341796194,0.4759630827344465,0,Instructed
554,154,0,0.25389303573828603,0.4795224759088237,0,Instructed
555,155,0,0.541120104738037,0.538433820226387,0,Instructed
556,156,0,0.608953330178526,0.37136054341714275,0,Instructed
557,157,0,0.7241539462541866,0.4450589536616286,0,Instructed
558,158,0,0.8447599353433122,0.3635505498254966,0,Instructed
559,159,0,0.5348626000301065,0.5445386521070795,0,Instructed
560,160,0,0.5138213871239148,0.38660601261787503,0,Instructed
561,161,0,0.11088299649783462,0.37151291840536615,0,Instructed
562,162,0,0.4892815173499566,0.5109727321043859,0,Instructed
563,163,0,0.5575891538686726,0.3659055252691028,0,Instructed
564,164,0,0.5102242252683684,0.3618524130148437,0,Instructed
565,165,0,0.6864068940980661,0.4456806730364129,0,Instructed
566,166,0,0.5342575257551821,0.42498148458918095,0,Instructed
567,167,0,0.34860668740799894,0.432135723369798,0,Instructed
568,168,0,0.6755701840824042,0.4838934245096045,0,Instructed
569,169,0,0.8308009269181129,0.5231760596029233,0,Instructed
570,170,0,0.6186773854309366,0.3997209319278372,0,Instructed
571,171,0,0.35546901716900964,0.46393733052204533,0,Instructed
572,172,0,0.429264897049844,0.3308475506854428,0,Instructed
573,173,0,0.28776821385206375,0.3532495631158129,0,Instructed
574,174,0,0.27650890063720646,0.3952492793230563,0,Instructed
575,175,0,0.1561827652516108,0.48514327593568757,0,Instructed
576,176,0,0.26619548740992394,0.23597257590080098,0,Instructed
577,177,0,0.29168755965598003,0.46020279101293426,0,Instructed
578,178,0,0.4859992830439026,0.324231663425263,0,Instructed
579,179,0,0.6323704558772356,0.3558155850226751,0,Instructed
580,180,0,0.39499229743696873,0.5450314693630702,0,Instructed
581,181,0,0.5233981469775038,0.3820946553261193,0,Instructed
582,182,0,0.44712898864551376,0.4891975659082827,0,Instructed
583,183,0,0.4661922177236975,0.3880029571639301,0,Instructed
584,184,0,0.1178289478848979,0.5080784387624832,0,Instructed
585,185,0,0.5763644749233456,0.3793124392815762,0,Instructed
586,186,0,0.40904473240019,0.4609016783969555,0,Instructed
587,187,0,0.44543563614474946,0.42358046041883723,0,Instructed
588,188,0,0.4907349024865734,0.4940040015895234,0,Instructed
589,189,0,0.6068702132788327,0.36279103849688965,0,Instructed
590,190,0,0.37853881068552186,0.6558996311661682,0,Instructed
591,191,0,0.09403656155046665,0.4175102939145985,0,Instructed
592,192,0,0.8291698220881927,0.46937110899689305,0,Instructed
593,193,0,0.2310148896988302,0.34614270713456674,0,Instructed
594,194,0,0.5444123753912185,0.3226041515552305,0,Instructed
595,195,0,0.9088499758954047,0.38367600310448197,0,Instructed
596,196,0,0.21968413519599533,0.4257903218634099,0,Instructed
597,197,0,0.6949185949502352,0.4253606891054027,0,Instructed
598,198,0,0.6123113878610167,0.3311808516984829,0,Instructed
599,199,0,0.367941614919667,0.312805071097089,0,Instructed
600,0,0,0.49107781240734694,0.9480975771873968,1,Blocked
601,1,0,0.3687393754910062,0.637820006839741,1,Blocked
602,2,0,0.5507250207565223,0.3904001014159385,1,Blocked
603,3,0,0.7261736188691028,0.610911228138727,1,Blocked
604,4,0,0.5856842843139273,0.6377041292602358,1,Blocked
605,5,0,0.5288188543217048,0.48455823643989354,1,Blocked
606,6,0,0.5797031537464021,0.4916441637165874,1,Blocked
607,7,0,0.726400235354826,0.4876735768872117,1,Blocked
608,8,0,0.49803477538506935,0.4747260800904134,1,Blocked
609,9,0,0.6786121953876748,0.600325990617157,1,Blocked
610,10,0,0.656863367435857,0.5311751646990753,1,Blocked
611,11,0,0.15861273157905353,0.40071961031738246,1,Blocked
612,12,0,0.9573289872005186,0.3712996906283643,1,Blocked
613,13,0,0.3475192925548133,0.5070759916006684,1,Blocked
614,14,0,0.2806442147769449,0.6310899690062051,1,Blocked
615,15,0,0.5323559178865619,0.7394205450680031,1,Blocked
616,16,0,0.5578426368042348,0.5853866449321737,1,Blocked
617,17,0,0.8290667524882164,0.4832845749205714,1,Blocked
618,18,0,0.5663372294611008,0.33626350278451606,1,Blocked
619,19,0,0.6998827851629309,0.47477367046256874,1,Blocked
620,20,0,0.6876092285709081,0.5018947491066879,1,Blocked
621,21,0,0.8263967452114636,0.5701222086064843,1,Blocked
622,22,0,0.20515669274672255,0.5165356864154067,1,Blocked
623,23,0,0.8864933280298462,0.440707355395349,1,Blocked
624,24,0,0.49187721899611603,0.4281413336526711,1,Blocked
625,25,0,0.8945600610490783,0.38050554972027434,1,Blocked
626,26,0,0.3275113183685932,0.6765000874160247,1,Blocked
627,27,0,0.23578860850748604,0.4195051411705991,1,Blocked
628,28,0,0.41892877819578517,0.6006050602173776,1,Blocked
629,29,0,0.6607844823633537,0.5814358512149842,1,Blocked
630,30,0,0.8975304059263192,0.4353214725696858,1,Blocked
631,31,0,0.9386552760840434,0.49973541967767976,1,Blocked
632,32,0,0.09186295809630068,0.5061625917231795,1,Blocked
633,33,0,0.9090176937524865,0.4278783450785294,1,Blocked
634,34,0,0.7015836557543749,0.4722469533564793,1,Blocked
635,35,0,0.5752487741547658,0.6533561194132304,1,Blocked
636,36,0,0.6043847077603519,0.4394463677090176,1,Blocked
637,37,0,0.4944586892040963,0.5244457313609879,1,Blocked
638,38,0,0.47096054935748943,0.6209946821281818,1,Blocked
639,39,0,0.5414510494270597,0.4373379272955177,1,Blocked
640,40,0,0.11781861759837955,0.7712058049205768,1,Blocked
641,41,0,0.4603192011520092,0.502211713751636,1,Blocked
642,42,0,0.07099264462402163,0.5957425455708956,1,Blocked
643,43,0,0.08890843240014659,0.7843183997526044,1,Blocked
644,44,0,0.2335885794206694,0.7870916317288896,1,Blocked
645,45,0,0.06923522511249403,0.5967401726504238,1,Blocked
646,46,0,0.06472975662168158,0.6300663612813792,1,Blocked
647,47,0,0.10503096365338727,0.7014146369364045,1,Blocked
648,48,0,0.13501458192665522,0.6452077556468843,1,Blocked
649,49,0,0.4778862706174837,0.6029029210766906,1,Blocked
650,50,0,0.2058448966392243,0.6846268624410135,1,Blocked
651,51,0,0.47333879040502014,0.499757168960215,1,Blocked
652,52,0,0.6197330299161248,0.3984749355214126,1,Blocked
653,53,0,0.2811090062644346,0.450699874894962,1,Blocked
654,54,0,0.4395019830404517,0.3758721149972831,1,Blocked
655,55,0,0.48576704272582805,0.6899661598875659,1,Blocked
656,56,0,0.39900815688455915,0.3787005442931245,1,Blocked
657,57,0,0.36913945316451136,0.5706530801665946,1,Blocked
658,58,0,0.5190949991683156,0.6291865217477115,1,Blocked
659,59,0,0.4562141649630336,0.556513041257005,1,Blocked
660,60,0,0.5065148446450222,0.40081090818184995,1,Blocked
661,61,0,0.39130059905788295,0.40750358394400554,1,Blocked
662,62,0,0.17990240284710085,0.5571010782592203,1,Blocked
663,63,0,0.5479048691456772,0.36884123161540494,1,Blocked
664,64,0,0.693442271055283,0.4167302349560901,1,Blocked
665,65,0,0.4825485179571527,0.5709974591630537,1,Blocked
666,66,0,0.52578037331245,0.5349536679128171,1,Blocked
667,67,0,0.44938904118939527,0.9064169253930298,1,Blocked
668,68,0,0.5790579639241221,0.3310274096032209,1,Blocked
669,69,0,0.5664129191364364,0.45282979186727235,1,Blocked
670,70,0,0.4053103968963724,0.445212305699787,1,Blocked
671,71,0,0.32599885491709857,0.45314127856363495,1,Blocked
672,72,0,0.9674048458303294,0.3092913054556587,1,Blocked
673,73,0,0.5522287711638869,0.28908569718889804,1,Blocked
674,74,0,0.38402365805188243,0.4411469386255773,1,Blocked
675,75,0,0.9717969197571292,0.3969017612541017,1,Blocked
676,76,0,0.5696634404513256,0.6720777394215192,1,Blocked
677,77,0,0.3366955232651736,0.4325838750038753,1,Blocked
678,78,0,0.5145060877940203,0.6138452631445144,1,Blocked
679,79,0,0.4633447377828296,0.5826872417462516,1,Blocked
680,80,0,0.302147086086871,0.4908689373200016,1,Blocked
681,81,0,0.4002270198925528,0.5415388931830647,1,Blocked
682,82,0,0.5322388889986878,0.3034143910588749,1,Blocked
683,83,0,0.8663876680852441,0.4385460219430014,1,Blocked
684,84,0,0.9264220122322101,0.5090238038033751,1,Blocked
685,85,0,0.8972950336971808,0.42359006971360535,1,Blocked
686,86,0,0.33603449338738645,0.5225099440585302,1,Blocked
687,87,0,0.15564153894911062,0.4436606025698733,1,Blocked
688,88,0,0.5917983952838372,0.29685079023383626,1,Blocked
689,89,0,0.48685181208660866,0.5303196582652034,1,Blocked
690,90,0,0.6204147832639548,0.4144671666670341,1,Blocked
691,91,0,0.16948165570440715,0.4277569802473584,1,Blocked
692,92,0,0.7925169899327844,0.3710653067026756,1,Blocked
693,93,0,0.5586510292725432,0.4008621140796332,1,Blocked
694,94,0,0.5492402314662534,0.49026730166259547,1,Blocked
695,95,0,0.5429931292150877,0.5240763268917886,1,Blocked
696,96,0,0.4973007783741494,0.3671848270665269,1,Blocked
697,97,0,0.6220054090278848,0.39680650499549974,1,Blocked
698,98,0,0.48864910771750425,0.4856479818380731,1,Blocked
699,99,0,0.6465123735001038,0.6308374232807674,1,Blocked
700,100,0,0.6345162787059707,0.4468924209743034,1,Blocked
701,101,0,0.6894358985566416,0.5227383276545188,1,Blocked
702,102,0,0.8166852151676609,0.497108574698094,1,Blocked
703,103,0,0.9187536669750724,0.5609017202057623,1,Blocked
704,104,0,0.98971754722249,0.4199427524375011,1,Blocked
705,105,0,0.8957550222280778,0.4542028610163459,1,Blocked
706,106,0,0.3518008855141814,0.6009875609652018,1,Blocked
707,107,0,0.6659185889478326,0.3915248493757768,1,Blocked
708,108,0,0.3822920289880759,0.44661803521753896,1,Blocked
709,109,0,0.6264250892559682,0.4446558037990051,1,Blocked
710,110,0,0.5118553080554672,0.41741205348312427,1,Blocked
711,111,0,0.4945801085265575,0.4272312335089922,1,Blocked
712,112,0,0.7426368106390971,0.35565786989142456,1,Blocked
713,113,0,0.7724400284841444,0.5117092474330663,1,Blocked
714,114,0,0.5659036979246198,0.5059926474102661,1,Blocked
715,115,0,0.759355284268092,0.4157650754407277,1,Blocked
716,116,0,0.6893392149933,0.5967777711701054,1,Blocked
717,117,0,0.896771787693522,0.5142162987077072,1,Blocked
718,118,0,0.5632093140003434,0.5906968366576446,1,Blocked
719,119,0,0.5598975171207646,0.5832920631889946,1,Blocked
720,120,0,0.4306787478096085,0.47349340830353687,1,Blocked
721,121,0,0.27111715380170637,0.5677967862088826,1,Blocked
722,122,0,0.5046461914510914,0.47026299443873143,1,Blocked
723,123,0,0.5681072710090402,0.42309038838774604,1,Blocked
724,124,0,0.6012554622901168,0.5088967771324068,1,Blocked
725,125,0,0.46674046705451977,0.5513596818520412,1,Blocked
726,126,0,0.3227510252654219,0.5226480658470845,1,Blocked
727,127,0,0.30430346124324925,0.6581129125644911,1,Blocked
728,128,0,0.33041565217723856,0.44921852940072726,1,Blocked
729,129,0,0.18675149222810922,0.4672474437966533,1,Blocked
730,130,0,0.4974137109844994,0.5016343215862089,1,Blocked
731,131,0,0.7591857800523869,0.43965435399678016,1,Blocked
732,132,0,0.8516944577930055,0.4281533507941258,1,Blocked
733,133,0,0.3629503073329987,0.46163820977284187,1,Blocked
734,134,0,0.5277244078059455,0.39436570657140035,1,Blocked
735,135,0,0.6070000803669992,0.4474827781813845,1,Blocked
736,136,0,0.6365885904486877,0.4335378361177083,1,Blocked
737,137,0,0.6122818238256105,0.4649759219745041,1,Blocked
738,138,0,0.3540930784146117,0.3523952801208218,1,Blocked
739,139,0,0.13126609628890548,0.5217559772388507,1,Blocked
740,140,0,0.8843566800626277,0.3736268615107447,1,Blocked
741,141,0,0.4934503078855538,0.5427329603551365,1,Blocked
742,142,0,0.6367747587212063,0.3911265943291405,1,Blocked
743,143,0,0.2953833522006686,0.7140722470342549,1,Blocked
744,144,0,0.780627039716957,0.40514143451491175,1,Blocked
745,145,0,0.540709268450711,0.48756324529858486,1,Blocked
746,146,0,0.4733253099617283,0.5612856359247574,1,Blocked
747,147,0,0.4632013290856351,0.588923985634863,1,Blocked
748,148,0,0.5610506150457668,0.5562015633611497,1,Blocked
749,149,0,0.9999436428283184,0.7107436557883924,1,Blocked
750,150,0,0.9918764007948251,0.486907234062013,1,Blocked
751,151,0,0.5487563388796934,0.4596942347258434,1,Blocked
752,152,0,0.2288908715896645,0.5085077322335253,1,Blocked
753,153,0,0.2240903507023983,0.5292336474505536,1,Blocked
754,154,0,0.3375443404523722,0.5344420215407382,1,Blocked
755,155,0,0.5360076225622973,0.6227758596387039,1,Blocked
756,156,0,0.6553940783339565,0.5394988377898853,1,Blocked
757,157,0,0.6657002085753723,0.5184137216563549,1,Blocked
758,158,0,0.09825154129748628,0.5947496807042408,1,Blocked
759,159,0,0.9482867296861528,0.4906364678883124,1,Blocked
760,160,0,0.5776331857938858,0.5164769553269506,1,Blocked
761,161,0,0.5176920267732836,0.4476120671290644,1,Blocked
762,162,0,0.9021319606012903,0.40136409019732555,1,Blocked
763,163,0,0.46094438493064416,0.47989491359023245,1,Blocked
764,164,0,0.2961135586172784,0.5938287772950736,1,Blocked
765,165,0,0.7009358613516423,0.4906467528070148,1,Blocked
766,166,0,0.3531895753774499,0.49042130623099434,1,Blocked
767,167,0,0.6743086480971489,0.4647881840904634,1,Blocked
768,168,0,0.6543811724704753,0.334642733460403,1,Blocked
769,169,0,0.3169911379147237,0.38760675488716734,1,Blocked
770,170,0,0.6634333955124685,0.42073138099653234,1,Blocked
771,171,0,0.24871654141287586,0.5836658813873035,1,Blocked
772,172,0,0.2301591891125066,0.5636919646084321,1,Blocked
773,173,0,0.7683860940159635,0.5079875329173461,1,Blocked
774,174,0,0.3691364877034715,0.5470242150333683,1,Blocked
775,175,0,0.37277168795368293,0.44298062877748345,1,Blocked
776,176,0,0.5894759695729532,0.5233401060883878,1,Blocked
777,177,0,0.4181113835373834,0.7109454445480126,1,Blocked
778,178,0,0.17613446125253743,0.4414607548121856,1,Blocked
779,179,0,0.11640691077424353,0.41785531237974116,1,Blocked
780,180,0,0.5291370336921811,0.5388230223828305,1,Blocked
781,181,0,0.6066504082881284,0.4650911355346321,1,Blocked
782,182,0,0.4670182857606996,0.301682297618861,1,Blocked
783,183,0,0.3924096383759318,0.5977828538811467,1,Blocked
784,184,0,0.5186585304331143,0.4232931765955963,1,Blocked
785,185,0,0.5780191350295525,0.6257287467679604,1,Blocked
786,186,0,0.7722083091826826,0.33464277950415233,1,Blocked
787,187,0,0.3178628020480477,0.5081330808340707,1,Blocked
788,188,0,0.8411009389016535,0.5651372129577257,1,Blocked
789,189,0,0.25985559267830743,0.45057892488496076,1,Blocked
790,190,0,0.5218850467669607,0.4208898272788918,1,Blocked
791,191,0,0.45955728169947085,0.48987852539075716,1,Blocked
792,192,0,0.42743087431492843,0.29267710776081013,1,Blocked
793,193,0,0.4956969132465052,0.49374287659560145,1,Blocked
794,194,0,0.7690364703924503,0.4057521810923917,1,Blocked
795,195,0,0.5383438916781781,0.5446531974102269,1,Blocked
796,196,0,0.2612700529274712,0.7217320676285341,1,Blocked
797,197,0,0.40079317202737813,0.4754180667399449,1,Blocked
798,198,0,0.3857151101772287,0.6175396591484608,1,Blocked
799,199,0,0.3470457852005173,0.622565750046906,1,Blocked
800,0,0,0.30145553515137835,0.6373611926083811,1,Interleaved
801,1,0,0.2476508864990542,0.627882954777891,1,Interleaved
802,2,0,0.9098337327436554,0.5773245206598983,1,Interleaved
803,3,0,0.5615435034315793,0.41215670169553903,1,Interleaved
804,4,0,0.34804375132258275,0.6921261380365054,1,Interleaved
805,5,0,0.33535371924934504,0.544492528882196,1,Interleaved
806,6,0,0.10377186497017678,0.5325156308517915,1,Interleaved
807,7,0,0.5219393305956469,0.6483431573861873,1,Interleaved
808,8,0,0.5371922425863962,0.6084322897243009,1,Interleaved
809,9,0,0.6355258966332222,0.5206497164650992,1,Interleaved
810,10,0,0.8505534663839911,0.5001201072766732,1,Interleaved
811,11,0,0.47856212379475627,0.6351289792542214,1,Interleaved
812,12,0,0.0037921035795239443,0.5991943950595198,1,Interleaved
813,13,0,0.4806303786807556,0.5244081622004688,1,Interleaved
814,14,0,0.17958470447113586,0.4362465145240837,1,Interleaved
815,15,0,0.42251214556219596,0.5280167484803314,1,Interleaved
816,16,0,0.393548791937929,0.4479247642112626,1,Interleaved
817,17,0,0.4540945149373096,0.5379692116662558,1,Interleaved
818,18,0,0.7120515303943917,0.5790931935583546,1,Interleaved
819,19,0,0.8211965358724442,0.4111945977162611,1,Interleaved
820,20,0,0.303256166920271,0.6744885687839336,1,Interleaved
821,21,0,0.2529131043602507,0.5827348906849221,1,Interleaved
822,22,0,0.43262681541434134,0.4922080450970554,1,Interleaved
823,23,0,0.7365387840614575,0.4724517551561338,1,Interleaved
824,24,0,0.5656936977825795,0.6160691497264333,1,Interleaved
825,25,0,0.6028361822845856,0.5561706963263673,1,Interleaved
826,26,0,0.5565167616213557,0.511112472106916,1,Interleaved
827,27,0,0.8861802537509966,0.5229169630468606,1,Interleaved
828,28,0,0.35868080245879214,0.5433547605601441,1,Interleaved
829,29,0,0.05446414639827012,0.6897398612357037,1,Interleaved
830,30,0,0.4119338789046,0.5691220771011707,1,Interleaved
831,31,0,0.5932186738507313,0.6442387645241345,1,Interleaved
832,32,0,0.6178444176604598,0.561535722394989,1,Interleaved
833,33,0,0.6971032117856379,0.4364976132880225,1,Interleaved
834,34,0,0.798767194168356,0.4866814833362262,1,Interleaved
835,35,0,0.7096722092407234,0.5624517746245113,1,Interleaved
836,36,0,0.22618375587174705,0.5511163653665727,1,Interleaved
837,37,0,0.7753590250089163,0.43344522252625445,1,Interleaved
838,38,0,0.42493753369955534,0.5628461278694536,1,Interleaved
839,39,0,0.1299871769077727,0.5381331805998127,1,Interleaved
840,40,0,0.45688747049249456,0.4722756601946935,1,Interleaved
841,41,0,0.8683070975028191,0.5224393127227671,1,Interleaved
842,42,0,0.8613127528578044,0.32419626183589323,1,Interleaved
843,43,0,0.5481515577022864,0.46662701250095273,1,Interleaved
844,44,0,0.6975222685144092,0.5537294921975124,1,Interleaved
845,45,0,0.3377640623349119,0.46574537923873627,1,Interleaved
846,46,0,0.2788974482013501,0.4525198406156403,1,Interleaved
847,47,0,0.7040910858109981,0.4067773257308268,1,Interleaved
848,48,0,0.3002191030826084,0.5079139177253369,1,Interleaved
849,49,0,0.7465081122033006,0.4824582473024772,1,Interleaved
850,50,0,0.5101842779302509,0.4594331916749599,1,Interleaved
851,51,0,0.07295571693207924,0.567285292493913,1,Interleaved
852,52,0,0.49803718184014606,0.5001617585320713,1,Interleaved
853,53,0,0.35627767232033536,0.46185870675296725,1,Interleaved
854,54,0,0.8638779316932761,0.5825044649103112,1,Interleaved
855,55,0,0.5631189365777286,0.38886840458118666,1,Interleaved
856,56,0,0.13422883203880623,0.4719559660486286,1,Interleaved
857,57,0,0.8373868725876381,0.5713878010487808,1,Interleaved
858,58,0,0.4682244575953564,0.6476128496858393,1,Interleaved
859,59,0,0.6525170728476858,0.5555040864814329,1,Interleaved
860,60,0,0.8207016383767847,0.45209602236423785,1,Interleaved
861,61,0,0.3039308305869879,0.5182228344140463,1,Interleaved
862,62,0,0.7403303858237792,0.5813116602922186,1,Interleaved
863,63,0,0.5240397098177322,0.4612279000924803,1,Interleaved
864,64,0,0.039540639038388996,0.6051369723529118,1,Interleaved
865,65,0,0.5476797555106565,0.3525193263142702,1,Interleaved
866,66,0,0.8193250702383714,0.5374415475827828,1,Interleaved
867,67,0,0.09534619847084502,0.5782299506516204,1,Interleaved
868,68,0,0.5385745455479269,0.3360173169964868,1,Interleaved
869,69,0,0.7015222358647921,0.4173128192082156,1,Interleaved
870,70,0,0.9750071670227832,0.3657446230234568,1,Interleaved
871,71,0,0.5086951909326766,0.5657824150514772,1,Interleaved
872,72,0,0.9920704469727529,0.5520118174689032,1,Interleaved
873,73,0,0.46055953603804617,0.5288277474652204,1,Interleaved
874,74,0,0.9301678071368118,0.47892708037355514,1,Interleaved
875,75,0,0.6423773537471804,0.481877828997214,1,Interleaved
876,76,0,0.6881429514172628,0.5039101560283051,1,Interleaved
877,77,0,0.6744571144561087,0.4563322278698196,1,Interleaved
878,78,0,0.3968329694777674,0.4961071177134075,1,Interleaved
879,79,0,0.8921806707514008,0.560524356262201,1,Interleaved
880,80,0,0.5689875173275197,0.42405780813009447,1,Interleaved
881,81,0,0.9588844500213752,0.4386162189040484,1,Interleaved
882,82,0,0.09739915645679646,0.578198156021818,1,Interleaved
883,83,0,0.6027268774386546,0.4078272919471967,1,Interleaved
884,84,0,0.8806085872753795,0.47366942310152815,1,Interleaved
885,85,0,0.6716307483090874,0.37103641860056774,1,Interleaved
886,86,0,0.24405666632217288,0.5694373359055863,1,Interleaved
887,87,0,0.8938344758705516,0.4875582940856935,1,Interleaved
888,88,0,0.3767450775744431,0.7618574537884304,1,Interleaved
889,89,0,0.1282389949863854,0.6790624509995585,1,Interleaved
890,90,0,0.8667650506909246,0.42601326372309817,1,Interleaved
891,91,0,0.7216490653118364,0.4918471090548,1,Interleaved
892,92,0,0.17350141408946107,0.6485163064819341,1,Interleaved
893,93,0,0.26656142093309876,0.5617872098014918,1,Interleaved
894,94,0,0.5063623177290568,0.4510949883711045,1,Interleaved
895,95,0,0.8077096478190078,0.3628249968675712,1,Interleaved
896,96,0,0.8283622812102159,0.5574858870814081,1,Interleaved
897,97,0,0.603719640351257,0.3220993783362063,1,Interleaved
898,98,0,0.6258931756785087,0.3895310636339861,1,Interleaved
899,99,0,0.2614945923941633,0.6347118478010503,1,Interleaved
900,100,0,0.9451416144514355,0.45736329211997273,1,Interleaved
901,101,0,0.30303272875316745,0.49282390145773336,1,Interleaved
902,102,0,0.3133991614573059,0.4677349238538968,1,Interleaved
903,103,0,0.48013271198329244,0.5526293513663918,1,Interleaved
904,104,0,0.8774176831368057,0.3819425852020164,1,Interleaved
905,105,0,0.6903494983940051,0.4061028127484662,1,Interleaved
906,106,0,0.9837183959909674,0.356916523991034,1,Interleaved
907,107,0,0.4863079517168917,0.6160276701867686,1,Interleaved
908,108,0,0.9817996711593852,0.4112338734772375,1,Interleaved
909,109,0,0.82935073050536,0.524229372125926,1,Interleaved
910,110,0,0.41791257606648374,0.3822685305617365,1,Interleaved
911,111,0,0.9231925132016314,0.48581910387887217,1,Interleaved
912,112,0,0.260690691516752,0.5976377407885092,1,Interleaved
913,113,0,0.37003767575372426,0.558881698440149,1,Interleaved
914,114,0,0.716572946792486,0.5463950210156834,1,Interleaved
915,115,0,0.8551588652610271,0.5866021939339984,1,Interleaved
916,116,0,0.7849507319011666,0.495796878848822,1,Interleaved
917,117,0,0.014071048890947792,0.5833157588674037,1,Interleaved
918,118,0,0.8993799768649392,0.518551527016097,1,Interleaved
919,119,0,0.5179667608497667,0.4991658880235007,1,Interleaved
920,120,0,0.03118762250839227,0.601331558224611,1,Interleaved
921,121,0,0.44862419950466104,0.5079092805666079,1,Interleaved
922,122,0,0.27057095313273255,0.6995772479181139,1,Interleaved
923,123,0,0.9355984587307176,0.7526972563899585,1,Interleaved
924,124,0,0.42050813822441946,0.5974863773791375,1,Interleaved
925,125,0,0.3751215356584165,0.43885815439965337,1,Interleaved
926,126,0,0.9142170877985845,0.6230369168938632,1,Interleaved
927,127,0,0.5735930516595266,0.46051202099176736,1,Interleaved
928,128,0,0.004276877097645329,0.7868287172607927,1,Interleaved
929,129,0,0.7181431871986456,0.4932489698816137,1,Interleaved
930,130,0,0.3883653180420297,0.4043435099556456,1,Interleaved
931,131,0,0.8296112397737936,0.35904427825176766,1,Interleaved
932,132,0,0.7836081415850793,0.640993905154015,1,Interleaved
933,133,0,0.6752508420904346,0.3694591024449713,1,Interleaved
934,134,0,0.4559075849691748,0.5131692656522114,1,Interleaved
935,135,0,0.7688113325917945,0.48787898613060726,1,Interleaved
936,136,0,0.5021441889132081,0.6147561508741217,1,Interleaved
937,137,0,0.9493954035668779,0.41709977398549797,1,Interleaved
938,138,0,0.9440083296275112,0.4874668880369557,1,Interleaved
939,139,0,0.20262899266548517,0.6097863690318936,1,Interleaved
940,140,0,0.0716112495983095,0.5328727887131189,1,Interleaved
941,141,0,0.5679143302090062,0.3960809480623268,1,Interleaved
942,142,0,0.778070302312077,0.5224723471779489,1,Interleaved
943,143,0,0.5052210303732049,0.4155336654803528,1,Interleaved
944,144,0,0.2220907700258652,0.6061043561983042,1,Interleaved
945,145,0,0.3117114521493394,0.4197457919711612,1,Interleaved
946,146,0,0.47327120069813333,0.4425846936011995,1,Interleaved
947,147,0,0.9026369031996282,0.44377450375692984,1,Interleaved
948,148,0,0.6648662808619793,0.5314543438327765,1,Interleaved
949,149,0,0.1016034710933707,0.4368065897278513,1,Interleaved
950,150,0,0.676588515851788,0.5965325132308268,1,Interleaved
951,151,0,0.4957968551671651,0.6123920820000518,1,Interleaved
952,152,0,0.07314944702824493,0.45855889626660473,1,Interleaved
953,153,0,0.45138530025348916,0.5337530959313792,1,Interleaved
954,154,0,0.9815056051554729,0.3851705148910567,1,Interleaved
955,155,0,0.48331597794883563,0.39164361004906695,1,Interleaved
956,156,0,0.3897455502757247,0.5910116504153499,1,Interleaved
957,157,0,0.2585250267655963,0.3511651555247286,1,Interleaved
958,158,0,0.6381063422339747,0.4772092375266216,1,Interleaved
959,159,0,0.21285725707329745,0.4335322517112248,1,Interleaved
960,160,0,0.3974431509988363,0.610332582686701,1,Interleaved
961,161,0,0.5625309775775844,0.5263069381888791,1,Interleaved
962,162,0,0.7437514023459713,0.43386870467987104,1,Interleaved
963,163,0,0.38700115760367615,0.5911110693156543,1,Interleaved
964,164,0,0.7980556393913596,0.46276233120852195,1,Interleaved
965,165,0,0.4827324636147793,0.4209293576154206,1,Interleaved
966,166,0,0.5239956165968098,0.5954738865864846,1,Interleaved
967,167,0,0.37224713798757486,0.5619211646009007,1,Interleaved
968,168,0,0.3404764444515439,0.548449064019596,1,Interleaved
969,169,0,0.578220349234498,0.4078379212475976,1,Interleaved
970,170,0,0.7290028023712939,0.5420351061004399,1,Interleaved
971,171,0,0.7606515690846958,0.5663415317276888,1,Interleaved
972,172,0,0.9706966652438473,0.5709565044337515,1,Interleaved
973,173,0,0.5060823471009,0.4269485428822931,1,Interleaved
974,174,0,0.478742163209053,0.7165985154936234,1,Interleaved
975,175,0,0.20243055728908016,0.5399223841605388,1,Interleaved
976,176,0,0.9562640926412989,0.4742250811697957,1,Interleaved
977,177,0,0.7206320180262434,0.39412374525639715,1,Interleaved
978,178,0,0.7580746347759734,0.48855811748858124,1,Interleaved
979,179,0,0.44374280143753064,0.5068444963786607,1,Interleaved
980,180,0,0.5860785518628278,0.6413572769440656,1,Interleaved
981,181,0,0.6688403947019538,0.368465251035039,1,Interleaved
982,182,0,0.5246384871749409,0.420124372346091,1,Interleaved
983,183,0,0.5503077507994927,0.48587383747421653,1,Interleaved
984,184,0,0.6776760076715278,0.34087217075809256,1,Interleaved
985,185,0,0.7158732380424212,0.45077129922219306,1,Interleaved
986,186,0,0.6224033162637062,0.44483689936271686,1,Interleaved
987,187,0,0.4716995343347898,0.4129014779273159,1,Interleaved
988,188,0,0.6192944099570387,0.3583914278733309,1,Interleaved
989,189,0,0.7936271742823302,0.2872464539943556,1,Interleaved
990,190,0,0.6116154372934258,0.4697345992236515,1,Interleaved
991,191,0,0.8338087224464489,0.6402078622795904,1,Interleaved
992,192,0,0.5924713482630162,0.39675536939874123,1,Interleaved
993,193,0,0.46631955120485324,0.5129112933728694,1,Interleaved
994,194,0,0.7772190681953155,0.42025668870473376,1,Interleaved
995,195,0,0.7934155541795442,0.39343221789162364,1,Interleaved
996,196,0,0.7983300298727889,0.46017852640339096,1,Interleaved
997,197,0,0.7719977950199167,0.6700703765775848,1,Interleaved
998,198,0,0.6509829770595253,0.4582386866934067,1,Interleaved
999,199,0,0.4694876646327738,0.5398132459129867,1,Interleaved
1000,0,0,0.5007262589968563,1.0437051737561536,1,Instructed
1001,1,0,0.13522639930393823,0.9679100030202078,1,Instructed
1002,2,0,0.5894579856783189,0.8410452109041033,1,Instructed
1003,3,0,0.4613153793836182,0.4807393557068459,1,Instructed
1004,4,0,0.8374033703434831,0.40323513452837856,1,Instructed
1005,5,0,0.3281275598384823,0.513365126564941,1,Instructed
1006,6,0,0.5531754550647268,0.5461887148326438,1,Instructed
1007,7,0,0.7519170593625433,0.49555588696315034,1,Instructed
1008,8,0,0.4974769126634753,0.6257114125483034,1,Instructed
1009,9,0,0.5979878968822776,0.5552602740699322,1,Instructed
1010,10,0,0.5052735255775704,0.54848819666572,1,Instructed
1011,11,0,0.12443973071127017,0.4494859347807897,1,Instructed
1012,12,0,0.3660041845297752,0.42019176309388473,1,Instructed
1013,13,0,0.2693056203706645,0.3484511204138892,1,Instructed
1014,14,0,0.27331963075813476,0.4064070584075272,1,Instructed
1015,15,0,0.4088819086407672,0.5232494372886423,1,Instructed
1016,16,0,0.2051442638178878,0.40693706308533495,1,Instructed
1017,17,0,0.4778540376621352,0.4747697299946113,1,Instructed
1018,18,0,0.38686575989070343,0.4026981577490515,1,Instructed
1019,19,0,0.19367135367706287,0.4161639678126087,1,Instructed
1020,20,0,0.4122286685257076,0.33726309108028935,1,Instructed
1021,21,0,0.263136212077321,0.5105028462720365,1,Instructed
1022,22,0,0.6673573399561429,0.35257335631717895,1,Instructed
1023,23,0,0.4022437291185754,0.383808593380978,1,Instructed
1024,24,0,0.677531855444074,0.36037865110991496,1,Instructed
1025,25,0,0.535587290795195,0.3742862367879738,1,Instructed
1026,26,0,0.9024280452271431,0.33252998821504604,1,Instructed
1027,27,0,0.2097450914866191,0.35482258346633877,1,Instructed
1028,28,0,0.41457475984183667,0.3521941176490063,1,Instructed
1029,29,0,0.14198736536854842,0.5633875687248675,1,Instructed
1030,30,0,0.5215691870875216,0.4524733198650832,1,Instructed
1031,31,0,0.8744356514455296,0.5164373541407983,1,Instructed
1032,32,0,0.26261973144870293,0.5436691948783132,1,Instructed
1033,33,0,0.8180826767344425,0.3556100200200778,1,Instructed
1034,34,0,0.6200885676728567,0.49726691415862534,1,Instructed
1035,35,0,0.5170810728823947,0.3681420290240033,1,Instructed
1036,36,0,0.9223184651372818,0.3279469170432061,1,Instructed
1037,37,0,0.48051682965808995,0.37202924788025643,1,Instructed
1038,38,0,0.9322491573051812,0.4892186214043712,1,Instructed
1039,39,0,0.4837224190686785,0.3494640454389738,1,Instructed
1040,40,0,0.37261676421901346,0.34733756074767963,1,Instructed
1041,41,0,0.4400857484576619,0.3975962501944496,1,Instructed
1042,42,0,0.5286688977254982,0.5714607687173452,1,Instructed
1043,43,0,0.17050636179957737,0.3756624052093024,1,Instructed
1044,44,0,0.36772462550751706,0.598214613265809,1,Instructed
1045,45,0,0.5837401715444668,0.5800285015879297,1,Instructed
1046,46,0,0.9461020140497076,0.5448862398972709,1,Instructed
1047,47,0,0.4048422090294371,0.533551440519227,1,Instructed
1048,48,0,0.5927446582507067,0.5804208950561807,1,Instructed
1049,49,0,0.6913313900289471,0.4284526921567455,1,Instructed
1050,50,0,0.10192899652713294,0.5623029789538604,1,Instructed
1051,51,0,0.66695970771425,0.4197815747764193,1,Instructed
1052,52,0,0.2591775622295737,0.4679449356160014,1,Instructed
1053,53,0,0.9061564479141684,0.37604661240670195,1,Instructed
1054,54,0,0.563776948035476,0.4925545778691007,1,Instructed
1055,55,0,0.9307530146100502,0.37721509464587305,1,Instructed
1056,56,0,0.5494167822565188,0.42711711339182035,1,Instructed
1057,57,0,0.971396406411727,0.576591951870252,1,Instructed
1058,58,0,0.6663409197734453,0.42101730904562307,1,Instructed
1059,59,0,0.5309379866222865,0.3883909117704202,1,Instructed
1060,60,0,0.241260047901425,0.43769648542343553,1,Instructed
1061,61,0,0.3699745413033589,0.39734000476401754,1,Instructed
1062,62,0,0.3447220604150223,0.6631900271385953,1,Instructed
1063,63,0,0.40166791562803283,0.4403424753478901,1,Instructed
1064,64,0,0.8447930803378739,0.44654018074244917,1,Instructed
1065,65,0,0.547526075385342,0.3452179107819063,1,Instructed
1066,66,0,0.41004558281034004,0.7896627718515679,1,Instructed
1067,67,0,0.4059800584876539,0.4245199402717609,1,Instructed
1068,68,0,0.9640224014616341,0.49055572145990345,1,Instructed
1069,69,0,0.4605830357303689,0.43008392843117005,1,Instructed
1070,70,0,0.04540874677606383,0.48093243118773493,1,Instructed
1071,71,0,0.3407748795964699,0.49100149269946475,1,Instructed
1072,72,0,0.4691077335837045,0.4985946507500141,1,Instructed
1073,73,0,0.5466818402280403,0.5010155070365776,1,Instructed
1074,74,0,0.3863163680640035,0.4438550499107803,1,Instructed
1075,75,0,0.45980224306258766,0.37841258944319855,1,Instructed
1076,76,0,0.5468553947812042,0.405370509210331,1,Instructed
1077,77,0,0.5408173784036616,0.552652501119135,1,Instructed
1078,78,0,0.412715026267701,0.3887062361669468,1,Instructed
1079,79,0,0.5941416542111211,0.4371287127294603,1,Instructed
1080,80,0,0.6530202282756744,0.609672859845678,1,Instructed
1081,81,0,0.8002061021297382,0.5395236730745612,1,Instructed
1082,82,0,0.3149750166556602,0.4107235408524176,1,Instructed
1083,83,0,0.9142890050212132,0.40467380256006635,1,Instructed
1084,84,0,0.5937464362541334,0.4216971075998151,1,Instructed
1085,85,0,0.7506911806349199,0.4830534586439001,1,Instructed
1086,86,0,0.4935633860371049,0.5476643549100201,1,Instructed
1087,87,0,0.3403760419042339,0.45960113026811145,1,Instructed
1088,88,0,0.33874133209769297,0.40009740068093214,1,Instructed
1089,89,0,0.8701044870390915,0.36886437981293824,1,Instructed
1090,90,0,0.4907984384169031,0.4653370881744466,1,Instructed
1091,91,0,0.1330924581682727,0.3717298026127651,1,Instructed
1092,92,0,0.47624892413700803,0.42661981160416723,1,Instructed
1093,93,0,0.6377385234146898,0.3259790508191186,1,Instructed
1094,94,0,0.8192153924984609,0.3401054969462793,1,Instructed
1095,95,0,0.46986877247147957,0.42942664082983584,1,Instructed
1096,96,0,0.7136917209057427,0.39724809131733074,1,Instructed
1097,97,0,0.6139866850868331,0.5133141137757248,1,Instructed
1098,98,0,0.264717266227256,0.4934813488090476,1,Instructed
1099,99,0,0.2460900239672449,0.5285655238669009,1,Instructed
1100,100,0,0.27135174361038417,0.38465617192995055,1,Instructed
1101,101,0,0.8255138232323013,0.39247875922536835,1,Instructed
1102,102,0,0.6494344277843805,0.39547537139061084,1,Instructed
1103,103,0,0.15822171943992394,0.6627633957360737,1,Instructed
1104,104,0,0.629394483864137,0.6299197090564332,1,Instructed
1105,105,0,0.9363860636949837,0.37480538156575893,1,Instructed
1106,106,0,0.4539180432582776,0.4222658859285109,1,Instructed
1107,107,0,0.9239178718947951,0.3708733069384238,1,Instructed
1108,108,0,0.5511508131079348,0.5280036398226361,1,Instructed
1109,109,0,0.8079747272569685,0.4970496614291593,1,Instructed
1110,110,0,0.6988256079024688,0.6204574475211355,1,Instructed
1111,111,0,0.2702954409624694,0.37338068845012284,1,Instructed
1112,112,0,0.38276336227473856,0.41122985954158814,1,Instructed
1113,113,0,0.29219734695207056,0.48225743073080307,1,Instructed
1114,114,0,0.6894798382065938,0.3118820384771843,1,Instructed
1115,115,0,0.40642831625237763,0.31311183311306534,1,Instructed
1116,116,0,0.4897978697201242,0.3799782478684326,1,Instructed
1117,117,0,0.4471647367982949,0.5696219015750082,1,Instructed
1118,118,0,0.21868096466070788,0.3957320586984818,1,Instructed
1119,119,0,0.8219422506840541,0.4798928355318105,1,Instructed
1120,120,0,0.355539123553169,0.2926779550404273,1,Instructed
1121,121,0,0.3622623999358935,0.42248987046433334,1,Instructed
1122,122,0,0.39239524643275137,0.3402950958880454,1,Instructed
1123,123,0,0.47803270561620836,0.44012044831407793,1,Instructed
1124,124,0,0.9163691628048433,0.28351053270976184,1,Instructed
1125,125,0,0.49698824445025913,0.42525104383424084,1,Instructed
1126,126,0,0.12666435396711048,0.4416692740357192,1,Instructed
1127,127,0,0.8080178637318378,0.3346571307425814,1,Instructed
1128,128,0,0.8033184437810135,0.36550741868679243,1,Instructed
1129,129,0,0.28995738953075584,0.4101473418875161,1,Instructed
1130,130,0,0.5809430859267409,0.49360888606783165,1,Instructed
1131,131,0,0.24722971692821424,0.5613065301620326,1,Instructed
1132,132,0,0.34154052015116326,0.32128855794801536,1,Instructed
1133,133,0,0.47810209279778043,0.5613091712331955,1,Instructed
1134,134,0,0.1566991592208873,0.4911967132096777,1,Instructed
1135,135,0,0.14365727543452966,0.5563409168124439,1,Instructed
1136,136,0,0.7466172353243076,0.3336298376177268,1,Instructed
1137,137,0,0.3353373970327245,0.4339471657678572,1,Instructed
1138,138,0,0.7825342658840364,0.45348557884087004,1,Instructed
1139,139,0,0.5436972309346604,0.3310045543440687,1,Instructed
1140,140,0,0.6717109496453938,0.431281741924609,1,Instructed
1141,141,0,0.3925176125413324,0.4770039105527121,1,Instructed
1142,142,0,0.25990267795033245,0.39366207887769433,1,Instructed
1143,143,0,0.8206047908658367,0.3273312395192969,1,Instructed
1144,144,0,0.4820266595736972,0.5042430374657628,1,Instructed
1145,145,0,0.9154869082437911,0.3798461895357269,1,Instructed
1146,146,0,0.9401503575422508,0.38563435581263594,1,Instructed
1147,147,0,0.3564615334517891,0.5217512378308027,1,Instructed
1148,148,0,0.85608530036909,0.33399392652136684,1,Instructed
1149,149,0,0.4360919864563072,0.4004908975296254,1,Instructed
1150,150,0,0.3342744776153842,0.3761740962613143,1,Instructed
1151,151,0,0.3760659355925994,0.4362022790135729,1,Instructed
1152,152,0,0.4284169701307705,0.37538560700123724,1,Instructed
1153,153,0,0.3920796655603605,0.4231367218843969,1,Instructed
1154,154,0,0.6487886761369244,0.4036993192891104,1,Instructed
1155,155,0,0.6580588699462493,0.4065563458545919,1,Instructed
1156,156,0,0.15351236700275625,0.606186937658846,1,Instructed
1157,157,0,0.25629798897169753,0.50679830147187,1,Instructed
1158,158,0,0.7145963297667967,0.435451574836229,1,Instructed
1159,159,0,0.4938686082578269,0.3924515910139992,1,Instructed
1160,160,0,0.47033493973247875,0.3593648378813532,1,Instructed
1161,161,0,0.3485871361484314,0.38648046801915176,1,Instructed
1162,162,0,0.39471940855654253,0.3350716566592971,1,Instructed
1163,163,0,0.9042620990646032,0.4750525219534033,1,Instructed
1164,164,0,0.18512315089136105,0.4592775628387278,1,Instructed
1165,165,0,0.7584323558737038,0.4009731632399399,1,Instructed
1166,166,0,0.18138216843023164,0.5916391460631283,1,Instructed
1167,167,0,0.5215474096891778,0.5014611472214394,1,Instructed
1168,168,0,0.30693092413357265,0.44403501546258867,1,Instructed
1169,169,0,0.2918615751035546,0.6772272962301242,1,Instructed
1170,170,0,0.5913283235110331,0.5586177008264639,1,Instructed
1171,171,0,0.45222758944697233,0.5921484869785669,1,Instructed
1172,172,0,0.44011021391686034,0.6051131822571635,1,Instructed
1173,173,0,0.959626068343716,0.4732595584427706,1,Instructed
1174,174,0,0.24800296203893324,0.8037245211464141,1,Instructed
1175,175,0,0.13759216324169446,0.4773681419543603,1,Instructed
1176,176,0,0.6530545124560285,0.6993886947618231,1,Instructed
1177,177,0,0.3926943172588885,0.3929710240266608,1,Instructed
1178,178,0,0.16439436838706847,0.46569984753614246,1,Instructed
1179,179,0,0.9838047353250601,0.431746068663751,1,Instructed
1180,180,0,0.2422770767583372,0.7518578682533148,1,Instructed
1181,181,0,0.3085501499240446,0.2999590450571672,1,Instructed
1182,182,0,0.7826508211741772,0.49354321883829916,1,Instructed
1183,183,0,0.3137148929741629,0.589239870556627,1,Instructed
1184,184,0,0.4579076830057549,0.41372630818536155,1,Instructed
1185,185,0,0.10469426042147768,0.3815697547274021,1,Instructed
1186,186,0,0.09470930227891018,0.41547715940782587,1,Instructed
1187,187,0,0.8238772558861194,0.4358179134868254,1,Instructed
1188,188,0,0.4290586097870102,0.3548438185255646,1,Instructed
1189,189,0,0.34439514019489065,0.4551470842864397,1,Instructed
1190,190,0,0.4870890054363016,0.46839268967603176,1,Instructed
1191,191,0,0.7147192021372144,0.389072616305693,1,Instructed
1192,192,0,0.12441691954401676,0.48912663228233655,1,Instructed
1193,193,0,0.4260018408016626,0.4247393840372694,1,Instructed
1194,194,0,0.5952622894329112,0.3271579473204127,1,Instructed
1195,195,0,0.6757564891699112,0.4054366479280682,1,Instructed
1196,196,0,0.47032390297965754,0.4855813030084161,1,Instructed
1197,197,0,0.6180013118070469,0.3576792227603576,1,Instructed
1198,198,0,0.3116502183861161,0.571854684887321,1,Instructed
1199,199,0,0.5030791814698403,0.33079604915491834,1,Instructed
