,t,e_hat,Accuracy,pe,batch,Condition
0,0,0,0.45721958385854583,0.714154337029452,0,Blocked
1,1,0,0.4285342099827008,0.6036010104871612,0,Blocked
2,2,0,0.6481173949550598,0.7089998794225392,0,Blocked
3,3,0,0.32110418049506617,0.5202215469062993,0,Blocked
4,4,0,0.19051414039519987,0.39349612207521434,0,Blocked
5,5,0,0.19777726425591594,0.5205890668834228,0,Blocked
6,6,0,0.2366850166052273,0.5824964998786477,0,Blocked
7,7,0,0.7475122029254444,0.3128586507167286,0,Blocked
8,8,0,0.36822063731593063,0.4134040120356407,0,Blocked
9,9,0,0.3622603831541388,0.5485187380358695,0,Blocked
10,10,0,0.6820350267348325,0.5174214872085694,0,Blocked
11,11,0,0.36249567159988216,0.4424597934701886,0,Blocked
12,12,0,0.5441090114809373,0.509803768763954,0,Blocked
13,13,0,0.46588363057807813,0.46042437859140994,0,Blocked
14,14,0,0.5312046388821758,0.5216215029290083,0,Blocked
15,15,0,0.5283244555526944,0.46623871397593336,0,Blocked
16,16,0,0.6065959274578954,0.39040597534708693,0,Blocked
17,17,0,0.5448914525683611,0.6032800115755468,0,Blocked
18,18,0,0.2729822460128192,0.46155316518712863,0,Blocked
19,19,0,0.8333814777167193,0.32508631874152477,0,Blocked
20,20,0,0.8034017861848297,0.49388511778869576,0,Blocked
21,21,0,0.8185236425179089,0.4368824729668168,0,Blocked
22,22,0,0.8241169603986337,0.5577301476613028,0,Blocked
23,23,0,0.8527789768975834,0.49358220367368233,0,Blocked
24,24,0,0.8608956598547872,0.40929815515079404,0,Blocked
25,25,0,0.8905935142459492,0.4739214507142744,0,Blocked
26,26,0,0.9272023484306458,0.3350188587971724,0,Blocked
27,27,0,0.20596397103051528,0.5468390633280036,0,Blocked
28,28,0,0.37071070569141035,0.572837630094712,0,Blocked
29,29,0,0.5497456063839138,0.4945592025257368,0,Blocked
30,30,0,0.6443028532437305,0.378454525413692,0,Blocked
31,31,0,0.3716574995240469,0.6250351413963541,0,Blocked
32,32,0,0.40717683273529387,0.5658205496943783,0,Blocked
33,33,0,0.5361444443494757,0.6088898853990989,0,Blocked
34,34,0,0.4793102470751772,0.5567120328684136,0,Blocked
35,35,0,0.6286094820075794,0.38347246470362395,0,Blocked
36,36,0,0.6138805652008653,0.300543073532029,0,Blocked
37,37,0,0.5608998575215113,0.46237407381512113,0,Blocked
38,38,0,0.5144288606084131,0.28814933642951807,0,Blocked
39,39,0,0.5167660718427174,0.30054053734452774,0,Blocked
40,40,0,0.8613606612536068,0.4619801876790238,0,Blocked
41,41,0,0.8533422957570986,0.383751744050991,0,Blocked
42,42,0,0.12155426080022311,0.5456594446975398,0,Blocked
43,43,0,0.18470070218952991,0.4597570933971923,0,Blocked
44,44,0,0.20812708322219228,0.41262417830519815,0,Blocked
45,45,0,0.6419430990637042,0.44780168023406786,0,Blocked
46,46,0,0.2945241685837313,0.408538442218617,0,Blocked
47,47,0,0.5259208305882228,0.46881510533038806,0,Blocked
48,48,0,0.3143827909431919,0.4662366848183839,0,Blocked
49,49,0,0.6047834271496049,0.5046026250842455,0,Blocked
50,50,0,0.5633024108654701,0.4332078373747133,0,Blocked
51,51,0,0.40367934621580237,0.33935695023497847,0,Blocked
52,52,0,0.40019910501253253,0.390957835005925,0,Blocked
53,53,0,0.4358539465742999,0.3990495250975638,0,Blocked
54,54,0,0.5111292204368917,0.3831082855913108,0,Blocked
55,55,0,0.352658064312327,0.36577262969685503,0,Blocked
56,56,0,0.6332378105969987,0.5414349721256944,0,Blocked
57,57,0,0.5145900888125338,0.42500038349882424,0,Blocked
58,58,0,0.39931781473624417,0.43997641156938505,0,Blocked
59,59,0,0.44107203777870485,0.5356874613985481,0,Blocked
60,60,0,0.6386446993340983,0.3914141900105612,0,Blocked
61,61,0,0.23623281514096792,0.38803539058004966,0,Blocked
62,62,0,0.28740594923535945,0.47482394071667805,0,Blocked
63,63,0,0.3205938134168973,0.3970392877423764,0,Blocked
64,64,0,0.4783545997442711,0.4181194945113445,0,Blocked
65,65,0,0.49917492338818176,0.3890980070981317,0,Blocked
66,66,0,0.41616676161753147,0.5369077573523969,0,Blocked
67,67,0,0.49511565450622896,0.38654088055353264,0,Blocked
68,68,0,0.6423572711340615,0.594579527892168,0,Blocked
69,69,0,0.7648267124741699,0.4975979071393577,0,Blocked
70,70,0,0.8500583309313168,0.33907035061127566,0,Blocked
71,71,0,0.14386812142225985,0.40369193384626895,0,Blocked
72,72,0,0.8775088815765827,0.41465912419760054,0,Blocked
73,73,0,0.7568237019938585,0.4126008700886308,0,Blocked
74,74,0,0.7948499544859937,0.3547916523086303,0,Blocked
75,75,0,0.1680349096268851,0.5450737509390957,0,Blocked
76,76,0,0.8860724584907367,0.40467183146725205,0,Blocked
77,77,0,0.8071210021555912,0.4748717779940092,0,Blocked
78,78,0,0.8339425496285009,0.3868591404036407,0,Blocked
79,79,0,0.7716870247256737,0.4439270207578382,0,Blocked
80,80,0,0.45781568105343795,0.3884628147511955,0,Blocked
81,81,0,0.4979461800652748,0.2857517648725284,0,Blocked
82,82,0,0.4113278377662799,0.5184347256962517,0,Blocked
83,83,0,0.48914658602079975,0.4200273797522297,0,Blocked
84,84,0,0.506840312705432,0.3723888428869174,0,Blocked
85,85,0,0.4134019714133068,0.3150721225667753,0,Blocked
86,86,0,0.3258280771310813,0.34012162251931266,0,Blocked
87,87,0,0.5780508174349885,0.42617167449374455,0,Blocked
88,88,0,0.42243065601794666,0.5508663800062614,0,Blocked
89,89,0,0.5862289653210775,0.42275250134900355,0,Blocked
90,90,0,0.39694923034731705,0.3230121602577457,0,Blocked
91,91,0,0.6285970044509774,0.3804396147679523,0,Blocked
92,92,0,0.8063730898053839,0.38244101190770796,0,Blocked
93,93,0,0.6974188471828477,0.32615686544330325,0,Blocked
94,94,0,0.30972428481509756,0.5140429825346288,0,Blocked
95,95,0,0.8307756495743583,0.3583075525977391,0,Blocked
96,96,0,0.2580049221983935,0.46412083996628023,0,Blocked
97,97,0,0.3862926332488087,0.3406533912537876,0,Blocked
98,98,0,0.45220188381367776,0.35905845318459495,0,Blocked
99,99,0,0.5162934701057467,0.3654317729968509,0,Blocked
100,100,0,0.4962713615884278,0.4457304272717484,0,Blocked
101,101,0,0.49024255149136337,0.4110292974585159,0,Blocked
102,102,0,0.5649689897236745,0.49463093193639196,0,Blocked
103,103,0,0.6042467241964917,0.34116529543458074,0,Blocked
104,104,0,0.3616630968884993,0.3880646230192899,0,Blocked
105,105,0,0.5667433425172329,0.2642245425815684,0,Blocked
106,106,0,0.5927132154272581,0.2725728261337872,0,Blocked
107,107,0,0.4299381214881751,0.3007793449624121,0,Blocked
108,108,0,0.7688857240176195,0.23955296691012112,0,Blocked
109,109,0,0.20351896672328584,0.523058046043314,0,Blocked
110,110,0,0.38761377410732184,0.5403407790765161,0,Blocked
111,111,0,0.3874400071877324,0.3020733713719449,0,Blocked
112,112,0,0.5278631930646055,0.3228900041233314,0,Blocked
113,113,0,0.3661981326138014,0.425236346277564,0,Blocked
114,114,0,0.700578776226015,0.3931824138323984,0,Blocked
115,115,0,0.3865078230156327,0.2921077976958679,0,Blocked
116,116,0,0.6217173390214397,0.2811714143363709,0,Blocked
117,117,0,0.5133922609746794,0.25789787149241583,0,Blocked
118,118,0,0.4603597347682147,0.5642136977224332,0,Blocked
119,119,0,0.6968475411806901,0.36210691567011355,0,Blocked
120,120,0,0.3604008973790027,0.5058835685421175,0,Blocked
121,121,0,0.45747182404094,0.35836058657039327,0,Blocked
122,122,0,0.1084030768535555,0.346728593486342,0,Blocked
123,123,0,0.17558364822350186,0.370080611433552,0,Blocked
124,124,0,0.8803031540889977,0.27741791426354934,0,Blocked
125,125,0,0.5832161185453824,0.5152746902269818,0,Blocked
126,126,0,0.23439370956754227,0.36968806475651717,0,Blocked
127,127,0,0.11067078456840254,0.4523706193822197,0,Blocked
128,128,0,0.33221538264078754,0.40781988599090513,0,Blocked
129,129,0,0.475867635294118,0.3720722759799854,0,Blocked
130,130,0,0.3089515288765568,0.42657701790747937,0,Blocked
131,131,0,0.6979734966715796,0.3736111193010365,0,Blocked
132,132,0,0.4749951977778251,0.4961116468979061,0,Blocked
133,133,0,0.5347357707669174,0.4090855739485636,0,Blocked
134,134,0,0.37558574674263434,0.3663004858965824,0,Blocked
135,135,0,0.35452576397244484,0.5256662583485919,0,Blocked
136,136,0,0.5485516087418507,0.35686962238837583,0,Blocked
137,137,0,0.6628556657971345,0.3971086841068151,0,Blocked
138,138,0,0.7011252642821845,0.38800286196183686,0,Blocked
139,139,0,0.19820782364695555,0.5174560620151853,0,Blocked
140,140,0,0.24224228515880306,0.5137237658534122,0,Blocked
141,141,0,0.20581291469520774,0.35682632273267595,0,Blocked
142,142,0,0.6001808052782804,0.22878406887642436,0,Blocked
143,143,0,0.5408889426740244,0.4588004020518295,0,Blocked
144,144,0,0.4867897631372041,0.31138863448129694,0,Blocked
145,145,0,0.46114406699878085,0.42845631181274796,0,Blocked
146,146,0,0.34980406595243646,0.5137746320074386,0,Blocked
147,147,0,0.7787633618668142,0.26064604635364164,0,Blocked
148,148,0,0.33558840246400934,0.4813327765634551,0,Blocked
149,149,0,0.800195903170308,0.39355315533069407,0,Blocked
150,150,0,0.8420962043621758,0.3465538679076525,0,Blocked
151,151,0,0.5724107192165734,0.41402381503850316,0,Blocked
152,152,0,0.4681683564648612,0.42919450090183653,0,Blocked
153,153,0,0.2751392040040096,0.370439830865564,0,Blocked
154,154,0,0.7670211547701391,0.3459217686691739,0,Blocked
155,155,0,0.7685069308598889,0.41907669917586066,0,Blocked
156,156,0,0.6949343428606515,0.4168317385890974,0,Blocked
157,157,0,0.10384488368554652,0.5009052895559605,0,Blocked
158,158,0,0.03531779805460966,0.342572360324799,0,Blocked
159,159,0,0.8257087174387192,0.4043608820288198,0,Blocked
160,160,0,0.6548199986472153,0.3416325060604012,0,Blocked
161,161,0,0.7068053209756795,0.30337378925893776,0,Blocked
162,162,0,0.3121596154826928,0.4637290659642348,0,Blocked
163,163,0,0.8214448039469171,0.3856623178676393,0,Blocked
164,164,0,0.09878270750166471,0.41876267047732885,0,Blocked
165,165,0,0.97511022267985,0.3749515201378802,0,Blocked
166,166,0,0.36092153324275145,0.40962168109915736,0,Blocked
167,167,0,0.16868847241745652,0.4615072744624045,0,Blocked
168,168,0,0.48847483633319155,0.48071156335155774,0,Blocked
169,169,0,0.3008170557281128,0.38035062613859694,0,Blocked
170,170,0,0.7779021197640907,0.4025183697714699,0,Blocked
171,171,0,0.8374502022752279,0.40188600575499095,0,Blocked
172,172,0,0.31777693803261164,0.3997550085305025,0,Blocked
173,173,0,0.43806551983491104,0.4134171732751108,0,Blocked
174,174,0,0.8748972905662241,0.3833230688909706,0,Blocked
175,175,0,0.06820646778330408,0.3853292631888526,0,Blocked
176,176,0,0.1791976254485228,0.3035577179087331,0,Blocked
177,177,0,0.35193632268711783,0.2815128328281883,0,Blocked
178,178,0,0.1431021794116373,0.36829226355067646,0,Blocked
179,179,0,0.46523973568830856,0.34152140514712526,0,Blocked
180,180,0,0.5738212300860166,0.44230610842563356,0,Blocked
181,181,0,0.6585406287634614,0.32782778273029023,0,Blocked
182,182,0,0.8402750925238323,0.3634770385001258,0,Blocked
183,183,0,0.4127103360965785,0.33855470172534297,0,Blocked
184,184,0,0.3165771022831795,0.33465695570412485,0,Blocked
185,185,0,0.3275481031740832,0.3318086755718762,0,Blocked
186,186,0,0.6452794576883479,0.3691154973082473,0,Blocked
187,187,0,0.4588464222235388,0.42999421918029196,0,Blocked
188,188,0,0.7890296342085961,0.28593151858282284,0,Blocked
189,189,0,0.6605844745035965,0.26969702980401294,0,Blocked
190,190,0,0.9385036667362813,0.2833009649065421,0,Blocked
191,191,0,0.5109149564505404,0.36115845746921227,0,Blocked
192,192,0,0.6606537102504562,0.37327378778423553,0,Blocked
193,193,0,0.6315133951411737,0.3130436464022359,0,Blocked
194,194,0,0.7901838937322072,0.1970874039065597,0,Blocked
195,195,0,0.8953976970145708,0.2888207304778705,0,Blocked
196,196,0,0.9361468792364908,0.2947297908708021,0,Blocked
197,197,0,0.4222549895483039,0.31476489533954644,0,Blocked
198,198,0,0.04667350431267643,0.32596179522482616,0,Blocked
199,199,0,0.7158527878881449,0.40712651713397036,0,Blocked
200,0,0,0.6918385574953065,0.9516699847359549,0,Interleaved
201,1,0,0.854616004309827,0.7398367700843255,0,Interleaved
202,2,0,0.5645225337788912,0.42219934228307,0,Interleaved
203,3,0,0.108829486719152,0.6222947210283654,0,Interleaved
204,4,0,0.3945452189687052,0.6765510877074867,0,Interleaved
205,5,0,0.6216160395646558,0.40134869016006647,0,Interleaved
206,6,0,0.1597063888645752,0.5367588030546631,0,Interleaved
207,7,0,0.3528835009862638,0.4191646966715626,0,Interleaved
208,8,0,0.7016677394506732,0.5620562436335391,0,Interleaved
209,9,0,0.28491530184979375,0.6119811525195296,0,Interleaved
210,10,0,0.7566836343057568,0.4039937976839335,0,Interleaved
211,11,0,0.2689240060469716,0.5253462915959338,0,Interleaved
212,12,0,0.4070526127016949,0.396305214364021,0,Interleaved
213,13,0,0.8816140949233415,0.36432362305833593,0,Interleaved
214,14,0,0.4125754875497786,0.39979563397434026,0,Interleaved
215,15,0,0.31875976575566106,0.4008685392503928,0,Interleaved
216,16,0,0.5294919523150281,0.5413006363329285,0,Interleaved
217,17,0,0.6406830793241407,0.574516273072374,0,Interleaved
218,18,0,0.8344294509127579,0.2901566298842101,0,Interleaved
219,19,0,0.28543743219416373,0.5125049485715556,0,Interleaved
220,20,0,0.3525974880539596,0.4761864915323878,0,Interleaved
221,21,0,0.12244429130172482,0.5524282924357623,0,Interleaved
222,22,0,0.5639020769727618,0.4184826807711953,0,Interleaved
223,23,0,0.35613439224771604,0.46595510171945886,0,Interleaved
224,24,0,0.8693114904536621,0.49241783197005873,0,Interleaved
225,25,0,0.564012592548905,0.5658766513992903,0,Interleaved
226,26,0,0.8325843653876339,0.36828125145837176,0,Interleaved
227,27,0,0.8119880829660788,0.5366484592475538,0,Interleaved
228,28,0,0.6917266267210841,0.2767318532439676,0,Interleaved
229,29,0,0.3287317117948239,0.4180583200077928,0,Interleaved
230,30,0,0.10990520598342982,0.5592852669860321,0,Interleaved
231,31,0,0.6149742812952117,0.26252687881169867,0,Interleaved
232,32,0,0.7831766895558256,0.41967259099475324,0,Interleaved
233,33,0,0.8207551151533921,0.34089715908630774,0,Interleaved
234,34,0,0.6026018133887057,0.46677987052613135,0,Interleaved
235,35,0,0.13597573173706862,0.3922468117976583,0,Interleaved
236,36,0,0.5158525538651804,0.4381844469620937,0,Interleaved
237,37,0,0.22370809971158573,0.48085920176760577,0,Interleaved
238,38,0,0.5083397289213648,0.4244771471653148,0,Interleaved
239,39,0,0.7804522656497225,0.2723172139771851,0,Interleaved
240,40,0,0.31208908327565543,0.3959459136968554,0,Interleaved
241,41,0,0.7618180576891336,0.3459497388082162,0,Interleaved
242,42,0,0.6637382782022518,0.3478580368222235,0,Interleaved
243,43,0,0.1654790575482279,0.38977719167866975,0,Interleaved
244,44,0,0.46092821305076664,0.4083020916713631,0,Interleaved
245,45,0,0.12884403466673552,0.5658356928626604,0,Interleaved
246,46,0,0.6056634335510694,0.5077058113001737,0,Interleaved
247,47,0,0.8096064564891844,0.37073076980834174,0,Interleaved
248,48,0,0.5246751074527132,0.4896437026248171,0,Interleaved
249,49,0,0.20975755347578795,0.527628500934162,0,Interleaved
250,50,0,0.49530880857278337,0.5231191415739589,0,Interleaved
251,51,0,0.7495272253652245,0.28079966510101095,0,Interleaved
252,52,0,0.3964645104400028,0.5132636077951023,0,Interleaved
253,53,0,0.6552363178738602,0.2473199519267285,0,Interleaved
254,54,0,0.6039906397410497,0.4502788029230539,0,Interleaved
255,55,0,0.3240027309212493,0.38861097678407064,0,Interleaved
256,56,0,0.5263320778511478,0.4346794568314557,0,Interleaved
257,57,0,0.8522330665229775,0.3780550469288073,0,Interleaved
258,58,0,0.5073959881236582,0.41201470049518696,0,Interleaved
259,59,0,0.7996654406285355,0.4150053325967764,0,Interleaved
260,60,0,0.49207999881731745,0.4128209009621062,0,Interleaved
261,61,0,0.13210172734006884,0.5149150268496128,0,Interleaved
262,62,0,0.4239073821181378,0.4310169840057738,0,Interleaved
263,63,0,0.14739296965535964,0.42161501540208884,0,Interleaved
264,64,0,0.4666781816231256,0.40024735968780634,0,Interleaved
265,65,0,0.22736099294844322,0.40876091043348334,0,Interleaved
266,66,0,0.4865515189615047,0.2532969054746522,0,Interleaved
267,67,0,0.6067751146330562,0.4727626631118834,0,Interleaved
268,68,0,0.43129619401920094,0.4017783226480505,0,Interleaved
269,69,0,0.8799972237867759,0.36772451282414687,0,Interleaved
270,70,0,0.5460010564265448,0.4820237103147283,0,Interleaved
271,71,0,0.15152661015494984,0.4424623616223379,0,Interleaved
272,72,0,0.3763584037717157,0.48193940494216103,0,Interleaved
273,73,0,0.16959940882634428,0.47436587303802413,0,Interleaved
274,74,0,0.3575992194541906,0.40709428004125847,0,Interleaved
275,75,0,0.5862104071420773,0.3181712201236163,0,Interleaved
276,76,0,0.8886648283812353,0.45066784103870283,0,Interleaved
277,77,0,0.4060614792874581,0.3723458830821305,0,Interleaved
278,78,0,0.8352632513095699,0.40769428126106944,0,Interleaved
279,79,0,0.44326853090789964,0.43918820777098644,0,Interleaved
280,80,0,0.8666891708562608,0.32466576571646655,0,Interleaved
281,81,0,0.5929756022322402,0.3732407635356141,0,Interleaved
282,82,0,0.6447532952734512,0.30155902652557165,0,Interleaved
283,83,0,0.2084876878529512,0.44512369741675895,0,Interleaved
284,84,0,0.3794624432222777,0.49711643533259464,0,Interleaved
285,85,0,0.16388574403357858,0.475562496424144,0,Interleaved
286,86,0,0.8305539091374363,0.3948695705882568,0,Interleaved
287,87,0,0.8557395406276236,0.3588855150757905,0,Interleaved
288,88,0,0.6213909098056555,0.44271389580945064,0,Interleaved
289,89,0,0.7661900326118768,0.3941815781844194,0,Interleaved
290,90,0,0.29523611275692996,0.4251886785170401,0,Interleaved
291,91,0,0.2621576307107605,0.4263282424338358,0,Interleaved
292,92,0,0.5120135317149552,0.3960284468052294,0,Interleaved
293,93,0,0.8368774438532971,0.3023540965858186,0,Interleaved
294,94,0,0.7361518957706088,0.4233998703486712,0,Interleaved
295,95,0,0.6075560533926704,0.362064314304534,0,Interleaved
296,96,0,0.8068726115429301,0.4399082475829811,0,Interleaved
297,97,0,0.7939784220641812,0.3867350141116201,0,Interleaved
298,98,0,0.7791514654887302,0.4555834269471227,0,Interleaved
299,99,0,0.24474540695159452,0.34774450718996425,0,Interleaved
300,100,0,0.7628835698681727,0.41479618260460815,0,Interleaved
301,101,0,0.8859865456143488,0.3649811628759445,0,Interleaved
302,102,0,0.8737162456423666,0.3435761317549698,0,Interleaved
303,103,0,0.9568655190269367,0.4370124150998643,0,Interleaved
304,104,0,0.845961716344503,0.3819468789988885,0,Interleaved
305,105,0,0.0790362052614935,0.5182785774142111,0,Interleaved
306,106,0,0.45950050510411194,0.36796216398703974,0,Interleaved
307,107,0,0.1733712964574116,0.3374088467588133,0,Interleaved
308,108,0,0.06948617168592375,0.5993113834547703,0,Interleaved
309,109,0,0.6851638546114678,0.35732207464270016,0,Interleaved
310,110,0,0.9925990752243503,0.3387394097637427,0,Interleaved
311,111,0,0.37701015117938796,0.4892818977594764,0,Interleaved
312,112,0,0.9508453221051747,0.4165481518309793,0,Interleaved
313,113,0,0.5124444339577646,0.3026916571884506,0,Interleaved
314,114,0,0.7206058532094659,0.3945517576886326,0,Interleaved
315,115,0,0.6349313303079889,0.33329440190676163,0,Interleaved
316,116,0,0.38143698714303453,0.2496381694596306,0,Interleaved
317,117,0,0.2169181585424676,0.3455036448855382,0,Interleaved
318,118,0,0.41812511417212117,0.31389571466736305,0,Interleaved
319,119,0,0.7801811298794183,0.39556029282615374,0,Interleaved
320,120,0,0.5712128753376584,0.2812266718134955,0,Interleaved
321,121,0,0.8930625364673848,0.4493088791033084,0,Interleaved
322,122,0,0.6807995199986315,0.4089026966210667,0,Interleaved
323,123,0,0.2568906313285919,0.47409548881254016,0,Interleaved
324,124,0,0.683922352546366,0.3421811173178213,0,Interleaved
325,125,0,0.5322361971550955,0.32012110703632857,0,Interleaved
326,126,0,0.14214080256383405,0.43238119250187773,0,Interleaved
327,127,0,0.7104905494844501,0.38130463192835107,0,Interleaved
328,128,0,0.8436978041932051,0.2854301028693941,0,Interleaved
329,129,0,0.6413721184703183,0.5159286931274302,0,Interleaved
330,130,0,0.508309165798673,0.5321574869489003,0,Interleaved
331,131,0,0.17283323839554554,0.5911497286695544,0,Interleaved
332,132,0,0.9193838579375602,0.288681114133466,0,Interleaved
333,133,0,0.35879833738387384,0.4557058492133583,0,Interleaved
334,134,0,0.09989883804599875,0.4428952973694271,0,Interleaved
335,135,0,0.5413103077771028,0.25682382368471013,0,Interleaved
336,136,0,0.6813587499505211,0.40198852876904834,0,Interleaved
337,137,0,0.3856649374390363,0.27946386676627544,0,Interleaved
338,138,0,0.28222141389453054,0.4769305452240038,0,Interleaved
339,139,0,0.6368071286489342,0.3098997990171494,0,Interleaved
340,140,0,0.656928869311876,0.2931879753157295,0,Interleaved
341,141,0,0.6037013073215113,0.3004579786762824,0,Interleaved
342,142,0,0.3932421712603945,0.2504479059621781,0,Interleaved
343,143,0,0.7819395476958156,0.3397530745568039,0,Interleaved
344,144,0,0.6604287877188221,0.367776072000244,0,Interleaved
345,145,0,0.6976972768002335,0.4622162336890576,0,Interleaved
346,146,0,0.584556828094339,0.3176085380390433,0,Interleaved
347,147,0,0.6290307521140701,0.2905656549817159,0,Interleaved
348,148,0,0.9488464746411793,0.3292827838525342,0,Interleaved
349,149,0,0.8268864857239643,0.3245155807524162,0,Interleaved
350,150,0,0.6507576967296546,0.3514188684738951,0,Interleaved
351,151,0,0.0610571874166879,0.4238471111028904,0,Interleaved
352,152,0,0.8951500992428013,0.27959816357692896,0,Interleaved
353,153,0,0.15345696572036963,0.3828437019192834,0,Interleaved
354,154,0,0.5355150357224584,0.28384865405629844,0,Interleaved
355,155,0,0.7301849241310954,0.30023630597856943,0,Interleaved
356,156,0,0.5550192080949011,0.2398465085237231,0,Interleaved
357,157,0,0.15624515877366402,0.3653655183515686,0,Interleaved
358,158,0,0.22530204950501062,0.2909087657616818,0,Interleaved
359,159,0,0.6373791277229331,0.3931010617809063,0,Interleaved
360,160,0,0.6351289072076038,0.3110285984218881,0,Interleaved
361,161,0,0.8816120759373414,0.2669883989315213,0,Interleaved
362,162,0,0.4436719798370067,0.3960435319352018,0,Interleaved
363,163,0,0.654379604140064,0.4121914557758376,0,Interleaved
364,164,0,0.8518728171455907,0.47785620159672315,0,Interleaved
365,165,0,0.827398506650014,0.3836931258705336,0,Interleaved
366,166,0,0.9350479586376448,0.25597009120152114,0,Interleaved
367,167,0,0.3992490790727198,0.3751891519113396,0,Interleaved
368,168,0,0.14518134241639485,0.5164889261882121,0,Interleaved
369,169,0,0.6897397418771863,0.4153759852292762,0,Interleaved
370,170,0,0.19242155431655683,0.3861272002695867,0,Interleaved
371,171,0,0.3909127374414054,0.33076989365556375,0,Interleaved
372,172,0,0.5652279586921354,0.350593871008002,0,Interleaved
373,173,0,0.8155019971637794,0.381558827280823,0,Interleaved
374,174,0,0.9045614833672302,0.3172110016962957,0,Interleaved
375,175,0,0.6065314335253451,0.3562000253288104,0,Interleaved
376,176,0,0.828607562372059,0.3364064464562263,0,Interleaved
377,177,0,0.7250442291446735,0.34223154639782877,0,Interleaved
378,178,0,0.3314138287459543,0.362343205620686,0,Interleaved
379,179,0,0.8687361839291678,0.204336885680055,0,Interleaved
380,180,0,0.1757187918184338,0.3582975714586232,0,Interleaved
381,181,0,0.8289987255278053,0.31799254018026535,0,Interleaved
382,182,0,0.9250190910973611,0.3645620173852564,0,Interleaved
383,183,0,0.21648894570000438,0.3030080322443164,0,Interleaved
384,184,0,0.35132613374824867,0.2931328251949506,0,Interleaved
385,185,0,0.7162801845646023,0.3465186889090778,0,Interleaved
386,186,0,0.7344628461473903,0.29969428506553764,0,Interleaved
387,187,0,0.5449014585650457,0.42405892568274106,0,Interleaved
388,188,0,0.10444800378250016,0.4559886027437504,0,Interleaved
389,189,0,0.864986908208922,0.40383649362821905,0,Interleaved
390,190,0,0.12936650826533824,0.41141179452182447,0,Interleaved
391,191,0,0.4449293653587638,0.37071238577403426,0,Interleaved
392,192,0,0.8928052415005966,0.28734267944617925,0,Interleaved
393,193,0,0.42168856352422135,0.30691060804627135,0,Interleaved
394,194,0,0.3950637597848169,0.3098148381056821,0,Interleaved
395,195,0,0.9326572464674212,0.36915591144709947,0,Interleaved
396,196,0,0.5461330897965038,0.4167687042321303,0,Interleaved
397,197,0,0.9124033124186808,0.5112820216928762,0,Interleaved
398,198,0,0.8949329935739712,0.32232404681094706,0,Interleaved
399,199,0,0.3225286161190908,0.31119302192741366,0,Interleaved
400,0,0,0.6290871263118082,0.764516211462615,0,Instructed
401,1,0,0.18305367284180138,0.8078321805686004,0,Instructed
402,2,0,0.44086827372514675,0.63981431881906,0,Instructed
403,3,0,0.6868076569275512,0.47388366155257544,0,Instructed
404,4,0,0.692080800431904,0.5072997712282412,0,Instructed
405,5,0,0.49160592768177214,0.6144064710687238,0,Instructed
406,6,0,0.6789162450047158,0.37424168830203053,0,Instructed
407,7,0,0.8671273349949354,0.6369610727410809,0,Instructed
408,8,0,0.4538250540945315,0.33876876757683316,0,Instructed
409,9,0,0.24038053813646332,0.5387635356282516,0,Instructed
410,10,0,0.5335605118889949,0.38863123524351784,0,Instructed
411,11,0,0.46928467922701533,0.4239707895467325,0,Instructed
412,12,0,0.7606007234017734,0.4793347039727805,0,Instructed
413,13,0,0.40000383843878495,0.3198655324499255,0,Instructed
414,14,0,0.36556051799797884,0.4254445808274385,0,Instructed
415,15,0,0.9045277286153472,0.30691529613496216,0,Instructed
416,16,0,0.4849664333559341,0.34487827200239995,0,Instructed
417,17,0,0.09722161266187407,0.3863792575541212,0,Instructed
418,18,0,0.5212930797759343,0.3537079503821123,0,Instructed
419,19,0,0.26983146173274336,0.4117473575562379,0,Instructed
420,20,0,0.15992395146753147,0.39725146608087664,0,Instructed
421,21,0,0.6048192441161608,0.5288762092200792,0,Instructed
422,22,0,0.24062833023090266,0.47409215849646164,0,Instructed
423,23,0,0.4947493936935585,0.42802539484896407,0,Instructed
424,24,0,0.3313750343678003,0.4479470071608289,0,Instructed
425,25,0,0.2304391901730918,0.43137483690485,0,Instructed
426,26,0,0.4655529763024093,0.5548810262907004,0,Instructed
427,27,0,0.23647958443761874,0.5009731231532228,0,Instructed
428,28,0,0.4400318650996281,0.40246717467428955,0,Instructed
429,29,0,0.35433431167865026,0.4623350081541107,0,Instructed
430,30,0,0.5142022766316401,0.25730488096492954,0,Instructed
431,31,0,0.20370369724262058,0.4328038024497316,0,Instructed
432,32,0,0.5518452308934765,0.352605518720263,0,Instructed
433,33,0,0.5011845830519503,0.5112969724738634,0,Instructed
434,34,0,0.46264819130095225,0.42581661326830084,0,Instructed
435,35,0,0.41716201862412766,0.36265804352811093,0,Instructed
436,36,0,0.14203882869367218,0.45343758457573924,0,Instructed
437,37,0,0.3726449510047392,0.32599794654166303,0,Instructed
438,38,0,0.26513494746783817,0.3862041457974691,0,Instructed
439,39,0,0.5684124488523555,0.43085880715436486,0,Instructed
440,40,0,0.6748850656199898,0.40587409467140884,0,Instructed
441,41,0,0.35479910009051696,0.528637760564729,0,Instructed
442,42,0,0.7406222436024162,0.26479526491078115,0,Instructed
443,43,0,0.5109004325649362,0.6306847631460499,0,Instructed
444,44,0,0.5824435439086153,0.3853559807501916,0,Instructed
445,45,0,0.8304483228539687,0.3942482998331586,0,Instructed
446,46,0,0.6542420150086479,0.35209556179436075,0,Instructed
447,47,0,0.7684876620495489,0.3090127633120981,0,Instructed
448,48,0,0.5653012075374688,0.32411528745721474,0,Instructed
449,49,0,0.6445233499543084,0.44929920581654603,0,Instructed
450,50,0,0.434327076347383,0.37012370331100064,0,Instructed
451,51,0,0.7100656254860236,0.3167455990454269,0,Instructed
452,52,0,0.6621301601635692,0.33179905178449454,0,Instructed
453,53,0,0.19365338692847522,0.3610547864260207,0,Instructed
454,54,0,0.6737328384319894,0.2587221557645614,0,Instructed
455,55,0,0.2669822797801201,0.46348235499306334,0,Instructed
456,56,0,0.6024069724069478,0.37131574392267663,0,Instructed
457,57,0,0.46743428825468225,0.40971445285843944,0,Instructed
458,58,0,0.5066175036013175,0.3092177385438767,0,Instructed
459,59,0,0.5384784538025813,0.3456284114260003,0,Instructed
460,60,0,0.6185983903703798,0.31756265835880404,0,Instructed
461,61,0,0.7042456697987127,0.35259293922049484,0,Instructed
462,62,0,0.5127115626424349,0.3176790107569307,0,Instructed
463,63,0,0.80193763358939,0.2519047152030589,0,Instructed
464,64,0,0.43603082512510466,0.2531922209793478,0,Instructed
465,65,0,0.3900437217793249,0.3898141912063674,0,Instructed
466,66,0,0.378750814445488,0.3978614938664136,0,Instructed
467,67,0,0.36495956965680026,0.34292208786326983,0,Instructed
468,68,0,0.6231931603488077,0.383249309209724,0,Instructed
469,69,0,0.6201331044757358,0.32688568248080296,0,Instructed
470,70,0,0.21805598340004334,0.34457826838269834,0,Instructed
471,71,0,0.5511849749294123,0.3423872083413285,0,Instructed
472,72,0,0.3765676717189048,0.36383586126491574,0,Instructed
473,73,0,0.32723490742906874,0.32311647286593237,0,Instructed
474,74,0,0.5223897153773878,0.3286725238146681,0,Instructed
475,75,0,0.4017887878210341,0.3352168668630767,0,Instructed
476,76,0,0.48080983566417623,0.306189692452133,0,Instructed
477,77,0,0.3347402863839596,0.37780326941105635,0,Instructed
478,78,0,0.4371321225189518,0.458083074431735,0,Instructed
479,79,0,0.6653279072106864,0.29444046800286916,0,Instructed
480,80,0,0.4636135916382591,0.32794444775267384,0,Instructed
481,81,0,0.361363354801332,0.43593668726492607,0,Instructed
482,82,0,0.2795776704379965,0.47915753283425344,0,Instructed
483,83,0,0.402762825304078,0.4312230361116667,0,Instructed
484,84,0,0.33264509754540234,0.3034131489239378,0,Instructed
485,85,0,0.5485787445214568,0.34637754404504395,0,Instructed
486,86,0,0.4455099809062212,0.3880657722601666,0,Instructed
487,87,0,0.6052947594582117,0.33772170684061187,0,Instructed
488,88,0,0.506613195733405,0.3506756551579394,0,Instructed
489,89,0,0.5693287392025423,0.4594435289885275,0,Instructed
490,90,0,0.39429157759234224,0.4081838953400749,0,Instructed
491,91,0,0.4492997689361039,0.41541757566438553,0,Instructed
492,92,0,0.8055835175388945,0.34165519626675944,0,Instructed
493,93,0,0.4657840398351776,0.3387360681907429,0,Instructed
494,94,0,0.7785710471867189,0.32652544432315245,0,Instructed
495,95,0,0.483839948559174,0.3999889920809635,0,Instructed
496,96,0,0.7593309987408899,0.4100074486281391,0,Instructed
497,97,0,0.5159093037277734,0.5685137672688848,0,Instructed
498,98,0,0.6726260633607835,0.30079459539715414,0,Instructed
499,99,0,0.28817919042434303,0.43960415248085233,0,Instructed
500,100,0,0.6632668743604314,0.3359514747929172,0,Instructed
501,101,0,0.5057066631624945,0.41082907796016677,0,Instructed
502,102,0,0.20340955749852171,0.42602596142888394,0,Instructed
503,103,0,0.5494765109618132,0.5382497915192305,0,Instructed
504,104,0,0.45957965925637734,0.28718053684174344,0,Instructed
505,105,0,0.47124081019415,0.3286250957133815,0,Instructed
506,106,0,0.7622989935750168,0.31110845156927025,0,Instructed
507,107,0,0.42645390963005236,0.3958851237204357,0,Instructed
508,108,0,0.5030049190274207,0.4023605783168887,0,Instructed
509,109,0,0.3970680400460763,0.3458536028240446,0,Instructed
510,110,0,0.43713929242092703,0.33935924586687083,0,Instructed
511,111,0,0.35648280265700105,0.32110097679123784,0,Instructed
512,112,0,0.16732070789136158,0.4229989172357185,0,Instructed
513,113,0,0.5191526196592524,0.43495548418921426,0,Instructed
514,114,0,0.1433696553973895,0.4402637081827686,0,Instructed
515,115,0,0.2353363341968221,0.3646383680804962,0,Instructed
516,116,0,0.6241652590877661,0.3876733640796309,0,Instructed
517,117,0,0.5430693139360759,0.41752354361851135,0,Instructed
518,118,0,0.393764234804136,0.36483979872323163,0,Instructed
519,119,0,0.575199820658128,0.4286756850872502,0,Instructed
520,120,0,0.47973513461326933,0.42258701560925016,0,Instructed
521,121,0,0.4093646535530893,0.40632071122361313,0,Instructed
522,122,0,0.6725717621035425,0.4274623072289401,0,Instructed
523,123,0,0.6433690657731375,0.36049708727200275,0,Instructed
524,124,0,0.5964565876341064,0.42366228418059865,0,Instructed
525,125,0,0.4171198432626736,0.30503717337478137,0,Instructed
526,126,0,0.1816807150265631,0.33685470460029876,0,Instructed
527,127,0,0.4647336668335837,0.5777363509936706,0,Instructed
528,128,0,0.11922104704479118,0.46083812595098306,0,Instructed
529,129,0,0.49855987973093174,0.3856891518626928,0,Instructed
530,130,0,0.6743855325378438,0.2868505228944627,0,Instructed
531,131,0,0.8030792422821402,0.341020475387952,0,Instructed
532,132,0,0.31403623231505834,0.4197072236826377,0,Instructed
533,133,0,0.8946362684150057,0.3256714427965748,0,Instructed
534,134,0,0.5768828567782861,0.42656099928579805,0,Instructed
535,135,0,0.8967663132361556,0.4502998227611109,0,Instructed
536,136,0,0.613369359754785,0.32724884505374097,0,Instructed
537,137,0,0.2822026797623893,0.4896714519510243,0,Instructed
538,138,0,0.12272021272516401,0.47096532308954775,0,Instructed
539,139,0,0.579474614640857,0.3567096526431552,0,Instructed
540,140,0,0.6303184216931113,0.47010817779745984,0,Instructed
541,141,0,0.4513084921767418,0.3208337725561289,0,Instructed
542,142,0,0.6062801078605664,0.2827555824237278,0,Instructed
543,143,0,0.5049160185900066,0.3245761345006777,0,Instructed
544,144,0,0.3645665184076065,0.4482639943385528,0,Instructed
545,145,0,0.6060564167693493,0.26093122218312037,0,Instructed
546,146,0,0.796815363729126,0.2319543070871189,0,Instructed
547,147,0,0.46103275713964675,0.38685612835925687,0,Instructed
548,148,0,0.5431808705781109,0.29833402977684276,0,Instructed
549,149,0,0.5109273477503817,0.27785344370562054,0,Instructed
550,150,0,0.3443798150835322,0.2997161100978168,0,Instructed
551,151,0,0.40265271987545076,0.3806496851709693,0,Instructed
552,152,0,0.42496070471072744,0.3002664800556773,0,Instructed
553,153,0,0.262417114780604,0.34045440267663285,0,Instructed
554,154,0,0.6189936709231636,0.29427411471629356,0,Instructed
555,155,0,0.5381168333992385,0.3630083404883432,0,Instructed
556,156,0,0.7218567120159238,0.3485193793911526,0,Instructed
557,157,0,0.5144029585183,0.3016210351765105,0,Instructed
558,158,0,0.34972790380500696,0.3654550149472089,0,Instructed
559,159,0,0.4434083154477835,0.24643203224372756,0,Instructed
560,160,0,0.4669919214272899,0.362561544753112,0,Instructed
561,161,0,0.6299508798336115,0.32506659774551283,0,Instructed
562,162,0,0.8600532415794999,0.3065033713129879,0,Instructed
563,163,0,0.4614971940137447,0.4283943927239701,0,Instructed
564,164,0,0.4366914883510872,0.366826156551449,0,Instructed
565,165,0,0.6023333489430978,0.34668713214933,0,Instructed
566,166,0,0.5681697344667318,0.3779587577025263,0,Instructed
567,167,0,0.44035594820861423,0.3840225249866843,0,Instructed
568,168,0,0.34371758980243683,0.2997684381985583,0,Instructed
569,169,0,0.5406383583395149,0.41532424296192383,0,Instructed
570,170,0,0.3020303136419537,0.3588212596870069,0,Instructed
571,171,0,0.3133864873110261,0.41578667512776724,0,Instructed
572,172,0,0.4152673522296852,0.32669203989987755,0,Instructed
573,173,0,0.49179890169147417,0.3956593498624647,0,Instructed
574,174,0,0.5051688921653756,0.27523801944463766,0,Instructed
575,175,0,0.9143755068020809,0.38778650022127353,0,Instructed
576,176,0,0.27376378022178854,0.2866825808854481,0,Instructed
577,177,0,0.6892971206542372,0.3866136355840287,0,Instructed
578,178,0,0.3005317405234626,0.2651417799491478,0,Instructed
579,179,0,0.5226916106897941,0.376351239476133,0,Instructed
580,180,0,0.5310040438887115,0.2772389877656939,0,Instructed
581,181,0,0.5654745541370356,0.2985885074237938,0,Instructed
582,182,0,0.4507211214600956,0.36258054956860575,0,Instructed
583,183,0,0.6823229563198554,0.32248057957693754,0,Instructed
584,184,0,0.43941837724267363,0.35207293001366136,0,Instructed
585,185,0,0.6629992099423299,0.3991207281227088,0,Instructed
586,186,0,0.5820183070070715,0.42585754337682663,0,Instructed
587,187,0,0.7235780303722925,0.3913039889133889,0,Instructed
588,188,0,0.40778710074561697,0.30735492046501706,0,Instructed
589,189,0,0.38698750867208875,0.5260089687932235,0,Instructed
590,190,0,0.5729863842465066,0.33768693664237276,0,Instructed
591,191,0,0.7763351146222639,0.30307910848185554,0,Instructed
592,192,0,0.5593736532966127,0.4559940855393708,0,Instructed
593,193,0,0.43542028853616915,0.5556077609515675,0,Instructed
594,194,0,0.7905118060228409,0.20983447700788138,0,Instructed
595,195,0,0.49710402193409425,0.36481335082598787,0,Instructed
596,196,0,0.8328467875198322,0.3217611371710526,0,Instructed
597,197,0,0.697832766020767,0.31511108868527676,0,Instructed
598,198,0,0.6229127286018723,0.4068131015856755,0,Instructed
599,199,0,0.38057882205806903,0.30337984219157044,0,Instructed
600,0,0,0.4728871439263072,0.6338706042936322,1,Blocked
601,1,0,0.31653876522109115,0.5514409744215053,1,Blocked
602,2,0,0.46328545728704784,0.4429782302924289,1,Blocked
603,3,0,0.5262145744561739,0.48952972223201907,1,Blocked
604,4,0,0.42381018546287885,0.40363018517139415,1,Blocked
605,5,0,0.44063468788183685,0.46699466751192564,1,Blocked
606,6,0,0.5129075055783584,0.38653382760596916,1,Blocked
607,7,0,0.3759040477142988,0.5452360115256478,1,Blocked
608,8,0,0.42642540397036377,0.4845258153457048,1,Blocked
609,9,0,0.5104026919926894,0.49680338585396,1,Blocked
610,10,0,0.5594612638547155,0.5326815036537622,1,Blocked
611,11,0,0.590274206190014,0.718497901385921,1,Blocked
612,12,0,0.5963511025063322,0.3738083365200883,1,Blocked
613,13,0,0.8165686926458178,0.4177485966604329,1,Blocked
614,14,0,0.29829013444629904,0.43057446108727426,1,Blocked
615,15,0,0.30451827391958913,0.49421555109300824,1,Blocked
616,16,0,0.42214137526190826,0.40011031912219,1,Blocked
617,17,0,0.516931685814421,0.4675003031756687,1,Blocked
618,18,0,0.4775314505125756,0.4087977380052744,1,Blocked
619,19,0,0.5626914041263673,0.4757788048125884,1,Blocked
620,20,0,0.6217061363327872,0.4634444126683631,1,Blocked
621,21,0,0.6044896723336527,0.3792954714033284,1,Blocked
622,22,0,0.5325268534748155,0.5914329887823633,1,Blocked
623,23,0,0.5846924168053057,0.4597997610166648,1,Blocked
624,24,0,0.835631033312636,0.5937623098478835,1,Blocked
625,25,0,0.17515106035172823,0.44451977457654024,1,Blocked
626,26,0,0.18526221350828595,0.5364066642476906,1,Blocked
627,27,0,0.3478422186046418,0.456134553006741,1,Blocked
628,28,0,0.12764633369755563,0.44051457442859177,1,Blocked
629,29,0,0.35702617237455947,0.4085229118570096,1,Blocked
630,30,0,0.26305883384131257,0.3710593329223666,1,Blocked
631,31,0,0.34453787286836285,0.5237015669866164,1,Blocked
632,32,0,0.6326462753310831,0.35339703269753686,1,Blocked
633,33,0,0.7462560504913494,0.4570148050192121,1,Blocked
634,34,0,0.6409095143508228,0.4118557176823728,1,Blocked
635,35,0,0.6788033553265347,0.5297066440897835,1,Blocked
636,36,0,0.45942293555414526,0.4253372944031616,1,Blocked
637,37,0,0.4370282478300869,0.5243645760370357,1,Blocked
638,38,0,0.75605409883384,0.44624820437110235,1,Blocked
639,39,0,0.3627143403262712,0.40874019301081854,1,Blocked
640,40,0,0.33512809562456186,0.38674761840059446,1,Blocked
641,41,0,0.6675029853341647,0.3331425251839703,1,Blocked
642,42,0,0.3137540286873681,0.5072815400225928,1,Blocked
643,43,0,0.700887645926664,0.2904637295596797,1,Blocked
644,44,0,0.3390283105698647,0.7494710505783347,1,Blocked
645,45,0,0.33246065038700373,0.4225100658606177,1,Blocked
646,46,0,0.4772909767483091,0.541315645695885,1,Blocked
647,47,0,0.537721639450741,0.32353360494298855,1,Blocked
648,48,0,0.7793702502023743,0.5123024332791961,1,Blocked
649,49,0,0.2727587111049838,0.37653204903043114,1,Blocked
650,50,0,0.17483451150579105,0.3844228917425412,1,Blocked
651,51,0,0.15011290172084868,0.5812173979046957,1,Blocked
652,52,0,0.7714484449185603,0.2816174028427928,1,Blocked
653,53,0,0.4880030556932132,0.5776828171841738,1,Blocked
654,54,0,0.37262681823226096,0.3808669441801803,1,Blocked
655,55,0,0.9322148267802444,0.30354663858803954,1,Blocked
656,56,0,0.32814439359136927,0.33717285797875973,1,Blocked
657,57,0,0.8821254113485947,0.44315014930255253,1,Blocked
658,58,0,0.49095404834825895,0.4456071606142993,1,Blocked
659,59,0,0.9232742300787531,0.45262481560645,1,Blocked
660,60,0,0.29607341316161107,0.42999856675394044,1,Blocked
661,61,0,0.8125169441824823,0.40540724255969685,1,Blocked
662,62,0,0.47303421956720737,0.4233794164471,1,Blocked
663,63,0,0.8919426758155552,0.36777194321500994,1,Blocked
664,64,0,0.7725757435622174,0.3042678999113124,1,Blocked
665,65,0,0.5219273283602852,0.5601777545521016,1,Blocked
666,66,0,0.4303733999177307,0.4161488537308068,1,Blocked
667,67,0,0.8941525774537706,0.2684545815422649,1,Blocked
668,68,0,0.7221914955578159,0.29499225529874484,1,Blocked
669,69,0,0.3128022484268716,0.37465793075973386,1,Blocked
670,70,0,0.9955378320910468,0.23467512896298476,1,Blocked
671,71,0,0.665414429770636,0.6737666987097034,1,Blocked
672,72,0,0.7159141366008289,0.4096044569782105,1,Blocked
673,73,0,0.7644037717647374,0.5153757498810771,1,Blocked
674,74,0,0.6634269610680611,0.42455919872810544,1,Blocked
675,75,0,0.987363485619335,0.46653665532552413,1,Blocked
676,76,0,0.6102439619456127,0.3177238412403431,1,Blocked
677,77,0,0.03437718280490154,0.5210216949347789,1,Blocked
678,78,0,0.9627463905053112,0.23740761801717347,1,Blocked
679,79,0,0.16517468690033021,0.4776749184621737,1,Blocked
680,80,0,0.479559418693315,0.47056303721885306,1,Blocked
681,81,0,0.4884026640079263,0.39099028254752255,1,Blocked
682,82,0,0.073313678157507,0.48456126963496127,1,Blocked
683,83,0,0.10957264795997676,0.5411203817237253,1,Blocked
684,84,0,0.26079817028360924,0.5050845593132932,1,Blocked
685,85,0,0.4929626260216482,0.5506938298949038,1,Blocked
686,86,0,0.5780711917700426,0.3324158981995847,1,Blocked
687,87,0,0.29046271113608496,0.5283218956621677,1,Blocked
688,88,0,0.24283590676588793,0.32075137283074673,1,Blocked
689,89,0,0.31214088678801216,0.43731654641429596,1,Blocked
690,90,0,0.6205194987471385,0.36986494168487183,1,Blocked
691,91,0,0.6833271497413917,0.34363854197075766,1,Blocked
692,92,0,0.7215896438330041,0.34082553961244494,1,Blocked
693,93,0,0.23454246895693048,0.40830825660801223,1,Blocked
694,94,0,0.6159044755239663,0.40672236540785117,1,Blocked
695,95,0,0.2247743851238756,0.41249538255132695,1,Blocked
696,96,0,0.7373278528276359,0.4610976834865071,1,Blocked
697,97,0,0.22290619996840288,0.3596619690105368,1,Blocked
698,98,0,0.6821704336796565,0.3042271001954704,1,Blocked
699,99,0,0.7578504180051617,0.3228462406957152,1,Blocked
700,100,0,0.5925814543277691,0.39243682395474205,1,Blocked
701,101,0,0.6368045381413401,0.3395492479321773,1,Blocked
702,102,0,0.32329138267186963,0.4891162266159791,1,Blocked
703,103,0,0.45513834674542203,0.48532464790923613,1,Blocked
704,104,0,0.36496089389775194,0.31950038161372996,1,Blocked
705,105,0,0.431654250106653,0.42895098505422435,1,Blocked
706,106,0,0.3862265771862271,0.4007966094202132,1,Blocked
707,107,0,0.5474091126511371,0.3194109334764382,1,Blocked
708,108,0,0.37431974060819384,0.44570235278849535,1,Blocked
709,109,0,0.6917639829226623,0.3057743817010224,1,Blocked
710,110,0,0.7411004970348283,0.27559561324408993,1,Blocked
711,111,0,0.38219111471993017,0.3684071076820721,1,Blocked
712,112,0,0.768130458906763,0.34487786261191067,1,Blocked
713,113,0,0.7245838034349239,0.2956400066431692,1,Blocked
714,114,0,0.3135994414177109,0.4233461507792684,1,Blocked
715,115,0,0.22273321762122436,0.48633466026584793,1,Blocked
716,116,0,0.16409632615099237,0.5758838996100213,1,Blocked
717,117,0,0.6011737649627752,0.3254666721058027,1,Blocked
718,118,0,0.2864602178373748,0.45615824797797067,1,Blocked
719,119,0,0.48196534843358946,0.39582834550720675,1,Blocked
720,120,0,0.1800599839878763,0.4582155067204463,1,Blocked
721,121,0,0.40096840356029667,0.49159462345027494,1,Blocked
722,122,0,0.5005180913597906,0.3140187012450161,1,Blocked
723,123,0,0.6460974283153709,0.3304630800129879,1,Blocked
724,124,0,0.6033586781746554,0.3030900950009675,1,Blocked
725,125,0,0.5884862125059951,0.33645855446383754,1,Blocked
726,126,0,0.5332281025690943,0.34661470595436056,1,Blocked
727,127,0,0.6238873334541687,0.3175255069154367,1,Blocked
728,128,0,0.6313144563630297,0.3285369537159809,1,Blocked
729,129,0,0.485286345634064,0.3787782528474465,1,Blocked
730,130,0,0.6426231949987021,0.4277784925497127,1,Blocked
731,131,0,0.7093415775071669,0.40069084277888933,1,Blocked
732,132,0,0.2899535546240356,0.39618517872550707,1,Blocked
733,133,0,0.851179218439801,0.3091710819262538,1,Blocked
734,134,0,0.3774434382733288,0.40182402631545244,1,Blocked
735,135,0,0.6662879366711804,0.3295111103578461,1,Blocked
736,136,0,0.6728658302416131,0.4073940556707516,1,Blocked
737,137,0,0.5398909884909147,0.32868136528561054,1,Blocked
738,138,0,0.8818190604112264,0.41254991022588916,1,Blocked
739,139,0,0.8037432167744147,0.38056289537550947,1,Blocked
740,140,0,0.44806062851703,0.5118557922042526,1,Blocked
741,141,0,0.8825830028704453,0.31475145760588796,1,Blocked
742,142,0,0.42120306917682127,0.34751222800297576,1,Blocked
743,143,0,0.7915500278176034,0.4478470399320644,1,Blocked
744,144,0,0.43199140324239005,0.43749636629420463,1,Blocked
745,145,0,0.7409320816187346,0.2929982697318927,1,Blocked
746,146,0,0.30400384849352086,0.5869769790092558,1,Blocked
747,147,0,0.2509472058067334,0.41576789534307634,1,Blocked
748,148,0,0.17344487475943274,0.4416972565879924,1,Blocked
749,149,0,0.5834589514696079,0.27957992136793075,1,Blocked
750,150,0,0.5300881239606763,0.4113103940536322,1,Blocked
751,151,0,0.8305724637465086,0.4120624612534277,1,Blocked
752,152,0,0.790704119707329,0.4622044256189083,1,Blocked
753,153,0,0.8364419694754989,0.34437055565532126,1,Blocked
754,154,0,0.3002319307356864,0.3073194996955655,1,Blocked
755,155,0,0.69487389043057,0.36916672761267205,1,Blocked
756,156,0,0.6634535436407096,0.43680246223616237,1,Blocked
757,157,0,0.5410672296528611,0.26756127357288784,1,Blocked
758,158,0,0.6606555183886823,0.2537224659391677,1,Blocked
759,159,0,0.9450482414935837,0.23470165006085073,1,Blocked
760,160,0,0.19790512245426906,0.33957126719807007,1,Blocked
761,161,0,0.37535034100869313,0.3579293740645551,1,Blocked
762,162,0,0.6315694659739655,0.4489181890103091,1,Blocked
763,163,0,0.7232269304821644,0.20952243831256107,1,Blocked
764,164,0,0.46112930064619995,0.3617202685053656,1,Blocked
765,165,0,0.2739663297638523,0.393855497976934,1,Blocked
766,166,0,0.8858754743501696,0.2814814988177494,1,Blocked
767,167,0,0.46275176565829246,0.37144807498571847,1,Blocked
768,168,0,0.43189551040402685,0.4521790790415184,1,Blocked
769,169,0,0.9724709954056121,0.4077584795320902,1,Blocked
770,170,0,0.6392380531015915,0.5000351561091293,1,Blocked
771,171,0,0.7804697833694776,0.34653860659207464,1,Blocked
772,172,0,0.13077068223942567,0.44319953852979344,1,Blocked
773,173,0,0.5465254259700312,0.33906807239705417,1,Blocked
774,174,0,0.8308176858480357,0.32984180268550956,1,Blocked
775,175,0,0.39926779441987775,0.4221307203168434,1,Blocked
776,176,0,0.42706808046568967,0.3418541245369249,1,Blocked
777,177,0,0.7772072494383337,0.3479267071788319,1,Blocked
778,178,0,0.4864149359423844,0.4217976517326965,1,Blocked
779,179,0,0.8569528038841139,0.2543734739795501,1,Blocked
780,180,0,0.6092900659868795,0.4084342130493977,1,Blocked
781,181,0,0.17924477269501865,0.4045579329776817,1,Blocked
782,182,0,0.6025544562632962,0.37486806283477714,1,Blocked
783,183,0,0.5041696098583304,0.3490360626355531,1,Blocked
784,184,0,0.7240255850608993,0.2744442603897125,1,Blocked
785,185,0,0.49769317557339654,0.40853819864150764,1,Blocked
786,186,0,0.7773600904452098,0.2791504514080463,1,Blocked
787,187,0,0.7671416661578501,0.2723793073626418,1,Blocked
788,188,0,0.5222688345173014,0.3220442363574386,1,Blocked
789,189,0,0.4420200904103901,0.4018576046829362,1,Blocked
790,190,0,0.2582149295872476,0.4535479026987605,1,Blocked
791,191,0,0.38871218656058126,0.2864344254425022,1,Blocked
792,192,0,0.34332563801225646,0.3965443011003843,1,Blocked
793,193,0,0.35681642235001443,0.3956348321592424,1,Blocked
794,194,0,0.5746748889504891,0.41333370766483096,1,Blocked
795,195,0,0.4650529678522512,0.41976431293224353,1,Blocked
796,196,0,0.6768285934778273,0.39609597937955043,1,Blocked
797,197,0,0.5036060621125947,0.3318807689106188,1,Blocked
798,198,0,0.3777306410091705,0.49254880659900846,1,Blocked
799,199,0,0.7540607416171334,0.26176975982776557,1,Blocked
800,0,0,0.5671834500657104,0.6666070070210248,1,Interleaved
801,1,0,0.7485995063601111,0.6321368081753589,1,Interleaved
802,2,0,0.6882420798063251,0.6794169133988146,1,Interleaved
803,3,0,0.6949191055636763,0.3880121827948253,1,Interleaved
804,4,0,0.3643738066627241,0.45666906456727296,1,Interleaved
805,5,0,0.48054244201272844,0.5671364221217066,1,Interleaved
806,6,0,0.5409639936670594,0.5327096908851023,1,Interleaved
807,7,0,0.4610726060370094,0.5038524571591473,1,Interleaved
808,8,0,0.5513899033672518,0.5438554523518413,1,Interleaved
809,9,0,0.21286665924753584,0.48601076061214943,1,Interleaved
810,10,0,0.6760825567551363,0.553484058786009,1,Interleaved
811,11,0,0.636560698915536,0.5263664620439079,1,Interleaved
812,12,0,0.8443480443479521,0.5005102497284415,1,Interleaved
813,13,0,0.531912906910675,0.4051896486609536,1,Interleaved
814,14,0,0.2374175463763955,0.5350219588609793,1,Interleaved
815,15,0,0.5439399574299454,0.4495866757300215,1,Interleaved
816,16,0,0.15354669851630517,0.4405960047606715,1,Interleaved
817,17,0,0.5642230716704894,0.44064899147668307,1,Interleaved
818,18,0,0.7148143529352248,0.5808648910843999,1,Interleaved
819,19,0,0.29903612227835125,0.46632014035236674,1,Interleaved
820,20,0,0.3608838242606687,0.3444533408526208,1,Interleaved
821,21,0,0.5408515821883023,0.5805190405544498,1,Interleaved
822,22,0,0.4863044892930229,0.48488763400190693,1,Interleaved
823,23,0,0.8734456493170231,0.48622237024721937,1,Interleaved
824,24,0,0.5139583077363618,0.5416265715202108,1,Interleaved
825,25,0,0.11657421525853222,0.5383225415721513,1,Interleaved
826,26,0,0.7364138029055611,0.41986044394137384,1,Interleaved
827,27,0,0.33461133862384324,0.49503606980098636,1,Interleaved
828,28,0,0.6094608785608259,0.39872696878700764,1,Interleaved
829,29,0,0.4914708615111688,0.42370379565650335,1,Interleaved
830,30,0,0.819006224140227,0.36731879464390554,1,Interleaved
831,31,0,0.538675203070293,0.48370784903245345,1,Interleaved
832,32,0,0.8648439643033543,0.5596433641341072,1,Interleaved
833,33,0,0.4601953184567026,0.5458442341467225,1,Interleaved
834,34,0,0.807984369695373,0.5062464479868269,1,Interleaved
835,35,0,0.4699069477569008,0.4277385472226008,1,Interleaved
836,36,0,0.276651033041945,0.46271851380425166,1,Interleaved
837,37,0,0.38507249703646573,0.43256189638801457,1,Interleaved
838,38,0,0.7394489581253118,0.33619100561102544,1,Interleaved
839,39,0,0.350992157380585,0.4781269489502346,1,Interleaved
840,40,0,0.5253768001824457,0.6951420629957579,1,Interleaved
841,41,0,0.4104435086160648,0.40476517269683143,1,Interleaved
842,42,0,0.6877459210613972,0.45272279051847,1,Interleaved
843,43,0,0.5928876830196624,0.3842360832445173,1,Interleaved
844,44,0,0.7744596351139829,0.4486273234117942,1,Interleaved
845,45,0,0.30618723442529755,0.3907936642284435,1,Interleaved
846,46,0,0.6148659981142583,0.4195480822174157,1,Interleaved
847,47,0,0.5929694780986049,0.3967331846843918,1,Interleaved
848,48,0,0.5557788556178825,0.4648044701881895,1,Interleaved
849,49,0,0.5589142537783196,0.3436108131223279,1,Interleaved
850,50,0,0.8955544975946672,0.4203024088572571,1,Interleaved
851,51,0,0.5500946481988939,0.5029768216942674,1,Interleaved
852,52,0,0.8467982920349018,0.5327271046697567,1,Interleaved
853,53,0,0.5724306451139911,0.42514722931536275,1,Interleaved
854,54,0,0.7250065248635498,0.3502290203514881,1,Interleaved
855,55,0,0.3190165596058647,0.6908610710798206,1,Interleaved
856,56,0,0.3514631534076388,0.5801965056531251,1,Interleaved
857,57,0,0.5494019372248167,0.3842219371079513,1,Interleaved
858,58,0,0.5329414817088882,0.42648350798171974,1,Interleaved
859,59,0,0.688368322811729,0.4363564072522798,1,Interleaved
860,60,0,0.5653026194726622,0.5953080266632902,1,Interleaved
861,61,0,0.38032448754591885,0.4908407381740566,1,Interleaved
862,62,0,0.7302307220249751,0.4853050602276809,1,Interleaved
863,63,0,0.3895248613772013,0.49956232623315733,1,Interleaved
864,64,0,0.3210162542267195,0.37788614579302426,1,Interleaved
865,65,0,0.36172343415312275,0.4383026218247296,1,Interleaved
866,66,0,0.7718646577186,0.4096634309788434,1,Interleaved
867,67,0,0.5958840961629748,0.4348234024331069,1,Interleaved
868,68,0,0.33639197924150016,0.38657498544779134,1,Interleaved
869,69,0,0.48584725392357925,0.35047284178555294,1,Interleaved
870,70,0,0.2791580624114896,0.3685663955483317,1,Interleaved
871,71,0,0.6124794920907368,0.398855734673758,1,Interleaved
872,72,0,0.3188988199283832,0.37713295922648205,1,Interleaved
873,73,0,0.5977762300242903,0.4001280562820589,1,Interleaved
874,74,0,0.18475907273582448,0.341193468243994,1,Interleaved
875,75,0,0.612681331144171,0.47417693452720944,1,Interleaved
876,76,0,0.6572415500956487,0.3169946322580227,1,Interleaved
877,77,0,0.7018495854663498,0.4266780199068172,1,Interleaved
878,78,0,0.7410982583860084,0.35313471199530494,1,Interleaved
879,79,0,0.3100142922898059,0.5377064028210495,1,Interleaved
880,80,0,0.8433755325927423,0.44337542071345654,1,Interleaved
881,81,0,0.5581584773054415,0.37596768175861256,1,Interleaved
882,82,0,0.15505687121557926,0.4835651505230325,1,Interleaved
883,83,0,0.5439800786801939,0.31935437305870323,1,Interleaved
884,84,0,0.1762011151841257,0.4776486133470002,1,Interleaved
885,85,0,0.5358158672725419,0.37229925360143534,1,Interleaved
886,86,0,0.5793586867082281,0.42048474581698003,1,Interleaved
887,87,0,0.7639791179467337,0.471861623705908,1,Interleaved
888,88,0,0.2529555439348532,0.6161904754659703,1,Interleaved
889,89,0,0.3580365384879243,0.4453518556412383,1,Interleaved
890,90,0,0.2610688745423138,0.5148622011461151,1,Interleaved
891,91,0,0.2772392630381627,0.37542945159923957,1,Interleaved
892,92,0,0.27404727350679475,0.4881492937668891,1,Interleaved
893,93,0,0.6873890616522564,0.2908950059199754,1,Interleaved
894,94,0,0.4033301129181375,0.43462445887256806,1,Interleaved
895,95,0,0.2822042141285034,0.3730503316512441,1,Interleaved
896,96,0,0.8453106248616282,0.5066253045720917,1,Interleaved
897,97,0,0.7415876792739525,0.3473821779086165,1,Interleaved
898,98,0,0.32209505533204563,0.436946596242458,1,Interleaved
899,99,0,0.5454817389097224,0.3701230845441984,1,Interleaved
900,100,0,0.16751824361515594,0.4485122730098446,1,Interleaved
901,101,0,0.5808159964042785,0.43065104813587085,1,Interleaved
902,102,0,0.7677455655231153,0.43343054518321966,1,Interleaved
903,103,0,0.575676822500514,0.4953792436148804,1,Interleaved
904,104,0,0.2046159273674935,0.39831725440398924,1,Interleaved
905,105,0,0.7662997388648874,0.41070748647252636,1,Interleaved
906,106,0,0.7374642765968595,0.3807983908734996,1,Interleaved
907,107,0,0.9667400110268682,0.4067394054661313,1,Interleaved
908,108,0,0.5146040380946134,0.36684739913003916,1,Interleaved
909,109,0,0.2604493096513891,0.52450768221071,1,Interleaved
910,110,0,0.4789012321234922,0.278816419859185,1,Interleaved
911,111,0,0.8276155611634737,0.40236127477530015,1,Interleaved
912,112,0,0.407249525394886,0.4251841778680334,1,Interleaved
913,113,0,0.45795237998535887,0.37896765033970436,1,Interleaved
914,114,0,0.7937633526542707,0.3557518219060112,1,Interleaved
915,115,0,0.7243595757371695,0.4752551583963597,1,Interleaved
916,116,0,0.23008839971331935,0.3509689398422112,1,Interleaved
917,117,0,0.5056964208911081,0.407031058622775,1,Interleaved
918,118,0,0.5897129117779654,0.39105282991256596,1,Interleaved
919,119,0,0.6562152065641658,0.37551507530984163,1,Interleaved
920,120,0,0.3743210890270494,0.5351343862205835,1,Interleaved
921,121,0,0.6153048471257281,0.44400965327518943,1,Interleaved
922,122,0,0.8017561246890489,0.3138319873509788,1,Interleaved
923,123,0,0.6497714386383027,0.39281583816780413,1,Interleaved
924,124,0,0.4674850666723363,0.33518565611591467,1,Interleaved
925,125,0,0.18907839178453878,0.47490400433684965,1,Interleaved
926,126,0,0.24832714730629857,0.3520928225504829,1,Interleaved
927,127,0,0.6760709700706785,0.4055637492062967,1,Interleaved
928,128,0,0.3433563494489572,0.46679258709380145,1,Interleaved
929,129,0,0.43187890155266734,0.43946079234429086,1,Interleaved
930,130,0,0.46567590469434916,0.44658844598342906,1,Interleaved
931,131,0,0.5558921963821146,0.32266319877132976,1,Interleaved
932,132,0,0.35393179858610546,0.3464958123844104,1,Interleaved
933,133,0,0.7066585840458646,0.4733698190550258,1,Interleaved
934,134,0,0.8027375151234509,0.34401636570428146,1,Interleaved
935,135,0,0.8831394310308764,0.37244125744303314,1,Interleaved
936,136,0,0.7182965036532005,0.3435562192158172,1,Interleaved
937,137,0,0.7941285211175246,0.29430575556031635,1,Interleaved
938,138,0,0.3331376288447954,0.3781943178661463,1,Interleaved
939,139,0,0.0519603450649561,0.5793855854580707,1,Interleaved
940,140,0,0.5878624585789309,0.4434670301802649,1,Interleaved
941,141,0,0.4867036406724331,0.4917903615125405,1,Interleaved
942,142,0,0.7102826473792878,0.3284830604579463,1,Interleaved
943,143,0,0.4748984681664072,0.3836880018547917,1,Interleaved
944,144,0,0.44332885938819566,0.36364581973802385,1,Interleaved
945,145,0,0.508875973814079,0.5472638413623403,1,Interleaved
946,146,0,0.7527435274200229,0.34214816188023844,1,Interleaved
947,147,0,0.6694238154278385,0.4739332646616514,1,Interleaved
948,148,0,0.842275439423737,0.3005414224859742,1,Interleaved
949,149,0,0.6837662437260298,0.44889412152701597,1,Interleaved
950,150,0,0.49797806517032017,0.34947349761724367,1,Interleaved
951,151,0,0.765177232128478,0.3083110329902302,1,Interleaved
952,152,0,0.5359528173275996,0.33853696903963426,1,Interleaved
953,153,0,0.6397640883732327,0.44132061414060675,1,Interleaved
954,154,0,0.713642464351955,0.38707459286915935,1,Interleaved
955,155,0,0.7823221356819509,0.4715717421697495,1,Interleaved
956,156,0,0.3857231082433249,0.4157757031637862,1,Interleaved
957,157,0,0.8150848643354099,0.3949622132506225,1,Interleaved
958,158,0,0.6388495985525153,0.3776938218881076,1,Interleaved
959,159,0,0.5143046429915042,0.3604221772074966,1,Interleaved
960,160,0,0.7262156876109405,0.3355455298197342,1,Interleaved
961,161,0,0.5854538257477924,0.3746268240003507,1,Interleaved
962,162,0,0.6013097205777928,0.30085968563178056,1,Interleaved
963,163,0,0.8202327252202549,0.35349863240642343,1,Interleaved
964,164,0,0.7180697497753618,0.4005798455962877,1,Interleaved
965,165,0,0.7203133597259382,0.28350334341928696,1,Interleaved
966,166,0,0.7574445889009561,0.5246800515749803,1,Interleaved
967,167,0,0.5241403700221261,0.4079004661352161,1,Interleaved
968,168,0,0.5489663584868294,0.4426757631073836,1,Interleaved
969,169,0,0.8849221417643456,0.4407402552916007,1,Interleaved
970,170,0,0.6092851958035221,0.3434115517384474,1,Interleaved
971,171,0,0.8099462319909534,0.39013280016282814,1,Interleaved
972,172,0,0.9354107580285105,0.3717513786925263,1,Interleaved
973,173,0,0.6514771641448616,0.3672889821400642,1,Interleaved
974,174,0,0.46260927135902075,0.47232689461674987,1,Interleaved
975,175,0,0.6828981377975853,0.4351640764092546,1,Interleaved
976,176,0,0.9075628919540099,0.48912343544055314,1,Interleaved
977,177,0,0.5213525428657698,0.3965223060575479,1,Interleaved
978,178,0,0.41330549458911187,0.4620435832144147,1,Interleaved
979,179,0,0.9239503903099544,0.2620712883353258,1,Interleaved
980,180,0,0.4392418411866728,0.40288341037252773,1,Interleaved
981,181,0,0.8195932059944475,0.43621034589542085,1,Interleaved
982,182,0,0.47683917029511125,0.3794738208745893,1,Interleaved
983,183,0,0.944122639575889,0.4484410893644899,1,Interleaved
984,184,0,0.9678324526588138,0.24199812515104252,1,Interleaved
985,185,0,0.4547425211372845,0.3001442580053443,1,Interleaved
986,186,0,0.7674127135111053,0.24213478985157932,1,Interleaved
987,187,0,0.975910276513434,0.2145549632036361,1,Interleaved
988,188,0,0.9785452354530484,0.28813765448103834,1,Interleaved
989,189,0,0.9551485585826188,0.2509459982190728,1,Interleaved
990,190,0,0.9194670029430512,0.3097632879092167,1,Interleaved
991,191,0,0.8067735459697899,0.27011119553925916,1,Interleaved
992,192,0,0.45026256651616525,0.43847184506290715,1,Interleaved
993,193,0,0.661721228307819,0.32242103632944974,1,Interleaved
994,194,0,0.7275162167336184,0.45653090440367516,1,Interleaved
995,195,0,0.6290742344583646,0.28920518866219236,1,Interleaved
996,196,0,0.48303509371398246,0.2976352195377126,1,Interleaved
997,197,0,0.9726629710545428,0.33310731445318154,1,Interleaved
998,198,0,0.5611529464901485,0.3082539243380593,1,Interleaved
999,199,0,0.609688967448362,0.32518726080025295,1,Interleaved
1000,0,0,0.1333707707226824,0.8452977879164134,1,Instructed
1001,1,0,0.6032372293684405,0.7232348615509395,1,Instructed
1002,2,0,0.40310830334297254,0.6091348934461607,1,Instructed
1003,3,0,0.7165034993719915,0.6892899276466096,1,Instructed
1004,4,0,0.46896116208876587,0.5560393905360083,1,Instructed
1005,5,0,0.9251869630572551,0.5671359201316635,1,Instructed
1006,6,0,0.5151463682172107,0.5633559929349565,1,Instructed
1007,7,0,0.19190669342688135,0.5668023309615551,1,Instructed
1008,8,0,0.44889922065518445,0.5656372155119321,1,Instructed
1009,9,0,0.7347157715199994,0.36035567886655384,1,Instructed
1010,10,0,0.571050525715912,0.5013113514785625,1,Instructed
1011,11,0,0.30604151339337826,0.4879927314675573,1,Instructed
1012,12,0,0.7565255184278233,0.36041324054053814,1,Instructed
1013,13,0,0.49869886788358353,0.4214176369067093,1,Instructed
1014,14,0,0.3644675033062884,0.43514294922784597,1,Instructed
1015,15,0,0.17146580347229398,0.5368880968055791,1,Instructed
1016,16,0,0.5723166055137688,0.3652800079196785,1,Instructed
1017,17,0,0.380960165425558,0.4947197941493858,1,Instructed
1018,18,0,0.46171635794970894,0.37677285255075554,1,Instructed
1019,19,0,0.6193629629667092,0.5176017420396926,1,Instructed
1020,20,0,0.44956442119309525,0.49854080649250243,1,Instructed
1021,21,0,0.7494667188434488,0.43480188090342026,1,Instructed
1022,22,0,0.5378116588821691,0.3950022993959402,1,Instructed
1023,23,0,0.6986711412304283,0.43681463320490277,1,Instructed
1024,24,0,0.5473181386812926,0.34196734256010775,1,Instructed
1025,25,0,0.2716961286123505,0.4661566568188392,1,Instructed
1026,26,0,0.38928171000850115,0.4725657630099185,1,Instructed
1027,27,0,0.4884930020605817,0.49715644384189994,1,Instructed
1028,28,0,0.5702478854489638,0.29497306027221454,1,Instructed
1029,29,0,0.5211575229344965,0.3800141552405496,1,Instructed
1030,30,0,0.33982720682595124,0.42955449494207065,1,Instructed
1031,31,0,0.4899105965683873,0.32621902803259484,1,Instructed
1032,32,0,0.41778168598073134,0.3751490281753904,1,Instructed
1033,33,0,0.290462278497857,0.503005876289972,1,Instructed
1034,34,0,0.4461026977380148,0.4438476005797124,1,Instructed
1035,35,0,0.5181232920986938,0.4367128192524112,1,Instructed
1036,36,0,0.5079164746735892,0.34496094359894014,1,Instructed
1037,37,0,0.6086959448017909,0.24746230837223215,1,Instructed
1038,38,0,0.5869387763993968,0.4139054266588893,1,Instructed
1039,39,0,0.675746189456677,0.3097773305987845,1,Instructed
1040,40,0,0.49692597059147037,0.341177722884763,1,Instructed
1041,41,0,0.6200134476905139,0.22893742727201416,1,Instructed
1042,42,0,0.6051366496580648,0.45592438355104026,1,Instructed
1043,43,0,0.7873563022124241,0.37492975186713257,1,Instructed
1044,44,0,0.8265435860588686,0.4735214787220408,1,Instructed
1045,45,0,0.5390599893364282,0.2915432440506076,1,Instructed
1046,46,0,0.19104341696099839,0.4010244745861252,1,Instructed
1047,47,0,0.11197720542594614,0.36996580767383314,1,Instructed
1048,48,0,0.4584199031187325,0.3873543081054075,1,Instructed
1049,49,0,0.18388130562830596,0.5366634365193701,1,Instructed
1050,50,0,0.6851597266207132,0.2751716038944049,1,Instructed
1051,51,0,0.4101904111600388,0.38464998553476915,1,Instructed
1052,52,0,0.5674384640049888,0.4733476531833528,1,Instructed
1053,53,0,0.46547752443362217,0.3677098306694919,1,Instructed
1054,54,0,0.6020515276977558,0.3187797277346045,1,Instructed
1055,55,0,0.3888702657881494,0.44261518573630354,1,Instructed
1056,56,0,0.8427582365628143,0.3443470516502235,1,Instructed
1057,57,0,0.44411852647297734,0.45042458238433936,1,Instructed
1058,58,0,0.9230906219645343,0.30050516446800896,1,Instructed
1059,59,0,0.488629064406369,0.3587045036844069,1,Instructed
1060,60,0,0.7882568273413613,0.32341891219209984,1,Instructed
1061,61,0,0.4297602321768387,0.5008487839171218,1,Instructed
1062,62,0,0.12840648456957052,0.37565607402752044,1,Instructed
1063,63,0,0.303641689995209,0.35048265771630366,1,Instructed
1064,64,0,0.8716664870187945,0.2859087642883176,1,Instructed
1065,65,0,0.5447752152770624,0.34990238773713156,1,Instructed
1066,66,0,0.07566916516756098,0.29813778104865807,1,Instructed
1067,67,0,0.5233150591755126,0.3243182301983427,1,Instructed
1068,68,0,0.13113830752215178,0.3064292701670116,1,Instructed
1069,69,0,0.4116757448560825,0.37083274328131766,1,Instructed
1070,70,0,0.9188267760712792,0.3696826494185429,1,Instructed
1071,71,0,0.31576655213060933,0.43355156198988204,1,Instructed
1072,72,0,0.5694245703045385,0.29271729095909094,1,Instructed
1073,73,0,0.5268260777237643,0.4153223089279012,1,Instructed
1074,74,0,0.8047332101286424,0.4403365252115435,1,Instructed
1075,75,0,0.5080107164433219,0.35971554860291677,1,Instructed
1076,76,0,0.7517840026064505,0.3719113885204829,1,Instructed
1077,77,0,0.6281422927880056,0.3886764030068086,1,Instructed
1078,78,0,0.45950933349107265,0.32282358914371034,1,Instructed
1079,79,0,0.2666014741701402,0.2920180212447572,1,Instructed
1080,80,0,0.7494570367301788,0.3182536019721408,1,Instructed
1081,81,0,0.24834620305807464,0.37134661336535535,1,Instructed
1082,82,0,0.8276948833419087,0.3983119068065619,1,Instructed
1083,83,0,0.6870446376168302,0.3240689455516998,1,Instructed
1084,84,0,0.09635566184428317,0.5179351257439442,1,Instructed
1085,85,0,0.7172145645839995,0.2985678230118793,1,Instructed
1086,86,0,0.4450537198392881,0.32556614139707724,1,Instructed
1087,87,0,0.159230582374467,0.299411665309936,1,Instructed
1088,88,0,0.47350360910297207,0.3357541010584153,1,Instructed
1089,89,0,0.8261737266668778,0.29803721106254777,1,Instructed
1090,90,0,0.5026091214731904,0.39740611447391083,1,Instructed
1091,91,0,0.16736185807778906,0.32103068180716987,1,Instructed
1092,92,0,0.49911492051575534,0.24986958340754,1,Instructed
1093,93,0,0.22681285571897344,0.32400060131883635,1,Instructed
1094,94,0,0.7376060757818437,0.30528555038795635,1,Instructed
1095,95,0,0.6088380210891251,0.30772235424124317,1,Instructed
1096,96,0,0.6323712682637711,0.3679372574659782,1,Instructed
1097,97,0,0.7612870524622917,0.3269389895311629,1,Instructed
1098,98,0,0.5722496934572123,0.46136573825019667,1,Instructed
1099,99,0,0.13551740567964554,0.4536175658964429,1,Instructed
1100,100,0,0.4472853225005252,0.46749413978742105,1,Instructed
1101,101,0,0.09832910499172616,0.3974309750930187,1,Instructed
1102,102,0,0.42281002594960626,0.40472846877913715,1,Instructed
1103,103,0,0.23523347093296393,0.3621732781430894,1,Instructed
1104,104,0,0.5990390614554253,0.42279959038606385,1,Instructed
1105,105,0,0.4430346385942902,0.38467965735879933,1,Instructed
1106,106,0,0.6975636452719288,0.3683848311416367,1,Instructed
1107,107,0,0.5431574936857797,0.3189584647112979,1,Instructed
1108,108,0,0.5361885964855599,0.3986648295048436,1,Instructed
1109,109,0,0.4948900184428309,0.31432262740671013,1,Instructed
1110,110,0,0.4100097723516852,0.41289481612018386,1,Instructed
1111,111,0,0.2874070128959566,0.36172074961228395,1,Instructed
1112,112,0,0.5580122045201172,0.3521895787761863,1,Instructed
1113,113,0,0.6854435449047407,0.3677313695341555,1,Instructed
1114,114,0,0.54473536301564,0.2541359245168724,1,Instructed
1115,115,0,0.7035606989416616,0.44041888137662855,1,Instructed
1116,116,0,0.35337437468436117,0.4547836665558061,1,Instructed
1117,117,0,0.7630544343262666,0.2893146295618758,1,Instructed
1118,118,0,0.44847541159677945,0.37927418386911005,1,Instructed
1119,119,0,0.8423618529124011,0.28081587285508813,1,Instructed
1120,120,0,0.5431036806606866,0.3441238784122564,1,Instructed
1121,121,0,0.30994987291617887,0.3647847703971734,1,Instructed
1122,122,0,0.8016939568869037,0.3231376576898623,1,Instructed
1123,123,0,0.5681744581023878,0.3015380858608835,1,Instructed
1124,124,0,0.15650159365908967,0.3567727233191573,1,Instructed
1125,125,0,0.346364164017127,0.3644199117041675,1,Instructed
1126,126,0,0.6984524881473746,0.31699709796389125,1,Instructed
1127,127,0,0.60171269388573,0.39596969989433006,1,Instructed
1128,128,0,0.7045479353860943,0.41377471882422523,1,Instructed
1129,129,0,0.2394386685507341,0.36727768280293727,1,Instructed
1130,130,0,0.7026092312764531,0.29497780643778604,1,Instructed
1131,131,0,0.43668587523677693,0.3981916824930629,1,Instructed
1132,132,0,0.8599075714766258,0.29497102044068857,1,Instructed
1133,133,0,0.4670406048125102,0.2600700509570102,1,Instructed
1134,134,0,0.20107107886248554,0.34588153420526696,1,Instructed
1135,135,0,0.4759780138098467,0.2983477791707776,1,Instructed
1136,136,0,0.22482546315372515,0.4528309797120546,1,Instructed
1137,137,0,0.3968960439334921,0.21633532852021028,1,Instructed
1138,138,0,0.5708607614786372,0.2843888941080007,1,Instructed
1139,139,0,0.5836493843914191,0.29328080921826716,1,Instructed
1140,140,0,0.22885829026353352,0.29927638492712727,1,Instructed
1141,141,0,0.4933864358396566,0.3564100878163815,1,Instructed
1142,142,0,0.3952520280660953,0.3303865386783482,1,Instructed
1143,143,0,0.386547948097282,0.263306467230454,1,Instructed
1144,144,0,0.44459798495399516,0.30315528603622754,1,Instructed
1145,145,0,0.3283689929500332,0.30946559774010596,1,Instructed
1146,146,0,0.5913997831374689,0.3110259738236809,1,Instructed
1147,147,0,0.48234097594280484,0.34795262729017695,1,Instructed
1148,148,0,0.28903240611861203,0.27999600455482015,1,Instructed
1149,149,0,0.568218604929193,0.35347255743828554,1,Instructed
1150,150,0,0.5463769726071732,0.251845551771838,1,Instructed
1151,151,0,0.5134872298671646,0.3375583748479114,1,Instructed
1152,152,0,0.665603519262137,0.46633752126455164,1,Instructed
1153,153,0,0.8532969688538683,0.30908472494093275,1,Instructed
1154,154,0,0.7536635004739117,0.2637667394919718,1,Instructed
1155,155,0,0.2246884315842929,0.41530366288960985,1,Instructed
1156,156,0,0.8839392389492018,0.35923073392561267,1,Instructed
1157,157,0,0.21914207480352568,0.37681787753914975,1,Instructed
1158,158,0,0.11407798022138559,0.45594013247825327,1,Instructed
1159,159,0,0.7949052877513709,0.2660974192278712,1,Instructed
1160,160,0,0.16106408431121896,0.3955886911890476,1,Instructed
1161,161,0,0.13407808064505436,0.4368392949220552,1,Instructed
1162,162,0,0.839570423447142,0.2725004705196984,1,Instructed
1163,163,0,0.5988032438253678,0.31364109533081486,1,Instructed
1164,164,0,0.5647184567719962,0.3989680811366947,1,Instructed
1165,165,0,0.7647753187106544,0.4088298885131606,1,Instructed
1166,166,0,0.6288613676413943,0.37880799521873754,1,Instructed
1167,167,0,0.6779156967692406,0.4145002913513499,1,Instructed
1168,168,0,0.5252063941614987,0.44988530112770375,1,Instructed
1169,169,0,0.45180429664441224,0.2910779791533166,1,Instructed
1170,170,0,0.811319427042193,0.3613407105478963,1,Instructed
1171,171,0,0.6925505292026204,0.33329236226001085,1,Instructed
1172,172,0,0.7338403097853109,0.26076361019192984,1,Instructed
1173,173,0,0.6995441185725149,0.3034297721147054,1,Instructed
1174,174,0,0.31462497398348244,0.455435132953935,1,Instructed
1175,175,0,0.4498378859610526,0.25393917042962855,1,Instructed
1176,176,0,0.5099314877588095,0.3047270621900756,1,Instructed
1177,177,0,0.5028050992969647,0.48194392581073847,1,Instructed
1178,178,0,0.4103969471737648,0.2660413423619496,1,Instructed
1179,179,0,0.5378282013568884,0.24809353240390009,1,Instructed
1180,180,0,0.6759020118504613,0.3249257168248899,1,Instructed
1181,181,0,0.5581722708612189,0.30802273161017746,1,Instructed
1182,182,0,0.7673056546207061,0.44268339055846206,1,Instructed
1183,183,0,0.48395872790861183,0.2699914890553356,1,Instructed
1184,184,0,0.12485872693458434,0.3797718324596378,1,Instructed
1185,185,0,0.8693040113706743,0.25754160930421127,1,Instructed
1186,186,0,0.6032425806413783,0.43229376021307386,1,Instructed
1187,187,0,0.7757304710314592,0.2582381857957954,1,Instructed
1188,188,0,0.25373238968031026,0.378725204083519,1,Instructed
1189,189,0,0.2471281311602069,0.2774357334335702,1,Instructed
1190,190,0,0.6261996616880583,0.29391526266103857,1,Instructed
1191,191,0,0.3692706835501133,0.3006380422873704,1,Instructed
1192,192,0,0.4979992086591374,0.4070854578665919,1,Instructed
1193,193,0,0.7280517394650671,0.2363558281670542,1,Instructed
1194,194,0,0.8398630625972592,0.34930281048767586,1,Instructed
1195,195,0,0.7345692833533313,0.2408765988421218,1,Instructed
1196,196,0,0.5425925633804676,0.3771409046077228,1,Instructed
1197,197,0,0.6589146865195016,0.3040133660705341,1,Instructed
1198,198,0,0.40179704752364387,0.3877116299717176,1,Instructed
1199,199,0,0.5265047148142517,0.4145341231126153,1,Instructed
