,t,e_hat,Accuracy,pe,batch,Condition
0,0,0,0.9029760362586559,0.532068692324331,0,Blocked
1,1,0,0.9143914490224774,0.567400794660144,0,Blocked
2,2,0,0.037145173215649654,0.8265572411364914,0,Blocked
3,3,0,0.8826166939267599,0.45291082097471647,0,Blocked
4,4,0,0.12304440094113459,0.5930243739668254,0,Blocked
5,5,0,0.14381376024044168,0.6068747217542303,0,Blocked
6,6,0,0.7010213585165708,0.639312553938503,0,Blocked
7,7,0,0.75288508810163,0.36694736850058496,0,Blocked
8,8,0,0.8494586738901901,0.4873552967611432,0,Blocked
9,9,0,0.14175801794409398,0.6232959838155259,0,Blocked
10,10,0,0.0892326300625339,0.5788342645846163,0,Blocked
11,11,0,0.09800091120989858,0.47605051139929977,0,Blocked
12,12,0,0.7465154463873787,0.47066733197457267,0,Blocked
13,13,0,0.7563626081882409,0.4792116142865984,0,Blocked
14,14,0,0.6469437915576177,0.5522218726991674,0,Blocked
15,15,0,0.19982308601170978,0.5716078630128554,0,Blocked
16,16,0,0.8760207246487788,0.39515111457913277,0,Blocked
17,17,0,0.8600117870001751,0.42638745250567656,0,Blocked
18,18,0,0.16882540686115804,0.581110040789129,0,Blocked
19,19,0,0.8850006857160704,0.4171254466045209,0,Blocked
20,20,0,0.33759536423147,0.7474613024242492,0,Blocked
21,21,0,0.7396967439877802,0.4174723087008371,0,Blocked
22,22,0,0.5991564747193681,0.4247513147159778,0,Blocked
23,23,0,0.49493028388327215,0.5160533155691387,0,Blocked
24,24,0,0.6652547286072062,0.5638402180991644,0,Blocked
25,25,0,0.7503606653271941,0.38403483991427145,0,Blocked
26,26,0,0.2409180112714796,0.5023614600056163,0,Blocked
27,27,0,0.28137399564420207,0.601849487946724,0,Blocked
28,28,0,0.8693486079256886,0.4043585757676117,0,Blocked
29,29,0,0.40907921908695893,0.642313571348103,0,Blocked
30,30,0,0.8341817403587877,0.5897465037883394,0,Blocked
31,31,0,0.7814610081262967,0.5206204415460587,0,Blocked
32,32,0,0.4464253396314817,0.5256751604908559,0,Blocked
33,33,0,0.2879065625845783,0.43682642479757994,0,Blocked
34,34,0,0.42976278139271773,0.6111299932022183,0,Blocked
35,35,0,0.44324381161478144,0.6239792951443786,0,Blocked
36,36,0,0.5589725077880842,0.5368279040944314,0,Blocked
37,37,0,0.6177973046736123,0.4487977925713454,0,Blocked
38,38,0,0.6221660973105028,0.6023796698734258,0,Blocked
39,39,0,0.6790183868309978,0.4518634376870053,0,Blocked
40,40,0,0.17175434074202217,0.5815807906085375,0,Blocked
41,41,0,0.6697609596559561,0.4638669277042775,0,Blocked
42,42,0,0.2671389395626954,0.3847029888291653,0,Blocked
43,43,0,0.5047559130291837,0.5797031681546436,0,Blocked
44,44,0,0.4117014341031949,0.3596173805333412,0,Blocked
45,45,0,0.43462070238201345,0.5864979182726735,0,Blocked
46,46,0,0.4921041024972136,0.4778638318579552,0,Blocked
47,47,0,0.6514678038683757,0.43299126567299306,0,Blocked
48,48,0,0.5962694009137549,0.44003465531716357,0,Blocked
49,49,0,0.7337991600057407,0.4480357280784556,0,Blocked
50,50,0,0.7486524100801639,0.5068108903556588,0,Blocked
51,51,0,0.19119164875124245,0.6303443373757932,0,Blocked
52,52,0,0.8688281841082177,0.47173948665754717,0,Blocked
53,53,0,0.82959395932133,0.3881265291471002,0,Blocked
54,54,0,0.2631521550041698,0.6224228026363438,0,Blocked
55,55,0,0.3416591904696277,0.6121983669865058,0,Blocked
56,56,0,0.7853985717170181,0.5015054187433119,0,Blocked
57,57,0,0.7058955569720449,0.6095855730640949,0,Blocked
58,58,0,0.35738405260512285,0.4442639573217989,0,Blocked
59,59,0,0.580278193209411,0.37767757572551497,0,Blocked
60,60,0,0.6171152459651552,0.3645112167087911,0,Blocked
61,61,0,0.5242753885763812,0.39923798031372376,0,Blocked
62,62,0,0.6658216313085642,0.5281776363605182,0,Blocked
63,63,0,0.7334938148152561,0.4503875608122478,0,Blocked
64,64,0,0.7133983351591053,0.415229413392204,0,Blocked
65,65,0,0.877693387170916,0.5620210708287627,0,Blocked
66,66,0,0.8522738639694626,0.5007788127167967,0,Blocked
67,67,0,0.6612528102335467,0.5133858763747885,0,Blocked
68,68,0,0.7772477108860533,0.5089970349945352,0,Blocked
69,69,0,0.9492539985277142,0.42908283044011086,0,Blocked
70,70,0,0.8812172770727495,0.3787177016125894,0,Blocked
71,71,0,0.1087937080611302,0.5792418301754088,0,Blocked
72,72,0,0.8004913652821489,0.38287413099467027,0,Blocked
73,73,0,0.7475926631642336,0.31908169261902336,0,Blocked
74,74,0,0.49510369368080787,0.5474693792024394,0,Blocked
75,75,0,0.40402335723509164,0.5143583316594048,0,Blocked
76,76,0,0.6399216877622382,0.35898960839018196,0,Blocked
77,77,0,0.986881115263575,0.3605092085226665,0,Blocked
78,78,0,0.7551940916475306,0.5771413465248254,0,Blocked
79,79,0,0.44550241193612644,0.41973999200696777,0,Blocked
80,80,0,0.7285574754822661,0.44230314419103267,0,Blocked
81,81,0,0.06990924864960553,0.5399167755449652,0,Blocked
82,82,0,0.6238427362675576,0.5789854196868653,0,Blocked
83,83,0,0.10161006660558107,0.5442745832497968,0,Blocked
84,84,0,0.3114187837347362,0.5178484358729307,0,Blocked
85,85,0,0.3439804032173518,0.5647632478725104,0,Blocked
86,86,0,0.29739131168223554,0.6124283794021972,0,Blocked
87,87,0,0.4251140867559617,0.5491025186655372,0,Blocked
88,88,0,0.5860022691145133,0.5796906073776313,0,Blocked
89,89,0,0.5815313191497116,0.6008977199057031,0,Blocked
90,90,0,0.6890446170580812,0.35043597186201203,0,Blocked
91,91,0,0.41703418272445925,0.4697672516984229,0,Blocked
92,92,0,0.7423102633988159,0.3580834170303895,0,Blocked
93,93,0,0.22312624418538285,0.5214265734983154,0,Blocked
94,94,0,0.5468301428391837,0.48195369428081625,0,Blocked
95,95,0,0.765313145758596,0.38600087106759084,0,Blocked
96,96,0,0.7264946099725775,0.47598968765367766,0,Blocked
97,97,0,0.5754749681873849,0.4645696774148213,0,Blocked
98,98,0,0.5024373354317222,0.5553229979868237,0,Blocked
99,99,0,0.4490896882682268,0.39631497688218537,0,Blocked
100,100,0,0.8230472055914324,0.5475586347836711,0,Blocked
101,101,0,0.6190015301652627,0.42794681801298073,0,Blocked
102,102,0,0.5591562562142836,0.38408018137551225,0,Blocked
103,103,0,0.9096940372812754,0.4197566360906555,0,Blocked
104,104,0,0.5979263844128321,0.379974776469856,0,Blocked
105,105,0,0.5539236459316486,0.42188991394487585,0,Blocked
106,106,0,0.48688807285233704,0.46721814259070543,0,Blocked
107,107,0,0.5125702640231569,0.3616334705852672,0,Blocked
108,108,0,0.562616237144122,0.37691998076455435,0,Blocked
109,109,0,0.5671152133273112,0.5308942832226449,0,Blocked
110,110,0,0.637026535003083,0.4285935505664352,0,Blocked
111,111,0,0.4845366793522934,0.5906889321296853,0,Blocked
112,112,0,0.7210772330429317,0.37177996901630317,0,Blocked
113,113,0,0.6484011982155407,0.6324921878697558,0,Blocked
114,114,0,0.5107978457259773,0.39774622624308076,0,Blocked
115,115,0,0.8256153892340382,0.38501258377279135,0,Blocked
116,116,0,0.663985977932078,0.3997782632385182,0,Blocked
117,117,0,0.9305762624738407,0.4553775768722116,0,Blocked
118,118,0,0.5578626090471215,0.4419053394052993,0,Blocked
119,119,0,0.9825876213369218,0.4378931438659085,0,Blocked
120,120,0,0.3196415824434007,0.40646551754117977,0,Blocked
121,121,0,0.2637812926150065,0.4408878986395378,0,Blocked
122,122,0,0.594060181029187,0.5689470476539111,0,Blocked
123,123,0,0.46199945369719586,0.5158572124221699,0,Blocked
124,124,0,0.06716065631864458,0.6787350920588762,0,Blocked
125,125,0,0.8202325347490309,0.4364925535673052,0,Blocked
126,126,0,0.4961290237808558,0.463709962240499,0,Blocked
127,127,0,0.8570333548968861,0.5053522055036769,0,Blocked
128,128,0,0.15320696382785243,0.4864183293827282,0,Blocked
129,129,0,0.028480218009550484,0.4306030210016699,0,Blocked
130,130,0,0.9141426621641708,0.3339631389293364,0,Blocked
131,131,0,0.3421921402329017,0.3884995724596527,0,Blocked
132,132,0,0.9231140691178066,0.49267854787528786,0,Blocked
133,133,0,0.36041131682254723,0.41046966275053076,0,Blocked
134,134,0,0.9400849041140125,0.3536662003724349,0,Blocked
135,135,0,0.7611723526599369,0.42941702942926363,0,Blocked
136,136,0,0.5274570874361268,0.3629118248039488,0,Blocked
137,137,0,0.3953070676416326,0.4743585475803964,0,Blocked
138,138,0,0.833193804936281,0.33324804182807666,0,Blocked
139,139,0,0.9212996011702621,0.31919813396680774,0,Blocked
140,140,0,0.5797878793370564,0.532281642504932,0,Blocked
141,141,0,0.9542496474081251,0.3564841894397459,0,Blocked
142,142,0,0.9735397589449863,0.37772775407953496,0,Blocked
143,143,0,0.1811001904291935,0.440979308417678,0,Blocked
144,144,0,0.9904443952788103,0.39768123127241084,0,Blocked
145,145,0,0.9312181353160558,0.2659589412006727,0,Blocked
146,146,0,0.021500272117486945,0.5282156089939449,0,Blocked
147,147,0,0.23559421637779002,0.5069578053485775,0,Blocked
148,148,0,0.9718139184576251,0.3807838415187334,0,Blocked
149,149,0,0.954477721013272,0.40083605921181514,0,Blocked
150,150,0,0.7159052374810371,0.4022066682079944,0,Blocked
151,151,0,0.7370814043978693,0.28264442071346246,0,Blocked
152,152,0,0.5692111158725894,0.3473301298120163,0,Blocked
153,153,0,0.9361897643273371,0.44832100393266977,0,Blocked
154,154,0,0.5835622632514209,0.4219074262142144,0,Blocked
155,155,0,0.6522093708112149,0.4426718620172077,0,Blocked
156,156,0,0.9448855428272493,0.26036551779130546,0,Blocked
157,157,0,0.7617545358723101,0.455982011959833,0,Blocked
158,158,0,0.7843033482531421,0.3017363934172105,0,Blocked
159,159,0,0.779066852637021,0.3616394695511873,0,Blocked
160,160,0,0.477321934484018,0.4135249955694704,0,Blocked
161,161,0,0.7163527090112092,0.4090994368969656,0,Blocked
162,162,0,0.614754804987812,0.45819324572658626,0,Blocked
163,163,0,0.2512837142988901,0.38336094956651273,0,Blocked
164,164,0,0.519132946532494,0.3784051251576632,0,Blocked
165,165,0,0.5011107761709732,0.5410704894626368,0,Blocked
166,166,0,0.9853553205018206,0.3259848640846369,0,Blocked
167,167,0,0.9354244276526765,0.2987706160850143,0,Blocked
168,168,0,0.6757396399981617,0.6003318958269244,0,Blocked
169,169,0,0.2790860206917093,0.42500157699438434,0,Blocked
170,170,0,0.7917810039056763,0.4083757635686109,0,Blocked
171,171,0,0.3881247793297136,0.31540358907577637,0,Blocked
172,172,0,0.1276623642024696,0.4400534932382688,0,Blocked
173,173,0,0.8254126276254563,0.4356081799373488,0,Blocked
174,174,0,0.9641220286175449,0.2634216030212192,0,Blocked
175,175,0,0.9658055021039078,0.3726314958359584,0,Blocked
176,176,0,0.9649062854604236,0.39473712219529805,0,Blocked
177,177,0,0.9717705176798681,0.5215864311309307,0,Blocked
178,178,0,0.9797227073158805,0.33070978963661946,0,Blocked
179,179,0,0.9719559366405366,0.42380021025025283,0,Blocked
180,180,0,0.9094724720755196,0.2988953854283062,0,Blocked
181,181,0,0.36372990393583143,0.5204505163228265,0,Blocked
182,182,0,0.6513155780904696,0.43205693576334203,0,Blocked
183,183,0,0.49941132137348077,0.3560735861068049,0,Blocked
184,184,0,0.9795507440119491,0.3443713122139671,0,Blocked
185,185,0,0.5674332204233836,0.46973713640701664,0,Blocked
186,186,0,0.6796446632211359,0.33745836738107304,0,Blocked
187,187,0,0.5463826242273765,0.36484330451574276,0,Blocked
188,188,0,0.19223922349052744,0.48694655070458476,0,Blocked
189,189,0,0.3561857893032709,0.44955402655494725,0,Blocked
190,190,0,0.8369808094572002,0.3260063203188238,0,Blocked
191,191,0,0.5759438754282736,0.3715909569787158,0,Blocked
192,192,0,0.9566094254091714,0.3682793389157035,0,Blocked
193,193,0,0.5434332133258877,0.42176816053057475,0,Blocked
194,194,0,0.9823875639286999,0.36090897925562315,0,Blocked
195,195,0,0.23889291462144913,0.4488520988989493,0,Blocked
196,196,0,0.9423688772914238,0.28515138936877926,0,Blocked
197,197,0,0.5050583904847179,0.5605348912021454,0,Blocked
198,198,0,0.9061417069519483,0.31467437368759565,0,Blocked
199,199,0,0.7983903627659183,0.3091761543897058,0,Blocked
200,0,0,0.5114826925909922,0.7809562389528142,0,Interleaved
201,1,0,0.8902950889124508,0.7984977607311192,0,Interleaved
202,2,0,0.5976707803590781,0.4755932594184117,0,Interleaved
203,3,0,0.8153555144242668,0.4309296734797876,0,Interleaved
204,4,0,0.4756446623454667,0.5166643188329073,0,Interleaved
205,5,0,0.7604066822509032,0.5195777608618807,0,Interleaved
206,6,0,0.7779190639100144,0.5009605072860486,0,Interleaved
207,7,0,0.2615576007211502,0.5141006444696192,0,Interleaved
208,8,0,0.7661723115281784,0.5917541638032919,0,Interleaved
209,9,0,0.14669099429396681,0.5763737837786165,0,Interleaved
210,10,0,0.615594819018014,0.37719515338614673,0,Interleaved
211,11,0,0.13024893238732085,0.5383586679685275,0,Interleaved
212,12,0,0.45765809503128874,0.4084376489089822,0,Interleaved
213,13,0,0.38786448717300487,0.5683853641382886,0,Interleaved
214,14,0,0.40507261068267153,0.5291593048966923,0,Interleaved
215,15,0,0.6403544473871374,0.47194238379212816,0,Interleaved
216,16,0,0.5269435326419879,0.3341829666675815,0,Interleaved
217,17,0,0.7053463612044043,0.48613395853231406,0,Interleaved
218,18,0,0.27203984069020504,0.533890986761946,0,Interleaved
219,19,0,0.6855972440910207,0.4383084911415046,0,Interleaved
220,20,0,0.7535307951897028,0.4001443482519488,0,Interleaved
221,21,0,0.3102089724413425,0.3475818227022572,0,Interleaved
222,22,0,0.6738521178303633,0.41247497264394095,0,Interleaved
223,23,0,0.19914459877343746,0.5431209574781777,0,Interleaved
224,24,0,0.53342416105157,0.375698377910393,0,Interleaved
225,25,0,0.30671213614345505,0.4333208457776299,0,Interleaved
226,26,0,0.8744199830386953,0.5847099573293989,0,Interleaved
227,27,0,0.5154133638295808,0.5623292538337814,0,Interleaved
228,28,0,0.05872817185567197,0.45563032364758876,0,Interleaved
229,29,0,0.5266742799261087,0.3611440965179614,0,Interleaved
230,30,0,0.38569506017220234,0.497853276892175,0,Interleaved
231,31,0,0.1395492319486053,0.4652196616482296,0,Interleaved
232,32,0,0.6351742706877703,0.4692916561147463,0,Interleaved
233,33,0,0.3542953759921207,0.46239393515377003,0,Interleaved
234,34,0,0.5558823014304386,0.4528785316843569,0,Interleaved
235,35,0,0.36063634771388775,0.4359066723391087,0,Interleaved
236,36,0,0.4226832323850991,0.3998747293408664,0,Interleaved
237,37,0,0.20009910624121724,0.5010761427726717,0,Interleaved
238,38,0,0.42208997139435334,0.5212534036867731,0,Interleaved
239,39,0,0.42472266826328986,0.4456073153916661,0,Interleaved
240,40,0,0.5608157749002378,0.2892118056718771,0,Interleaved
241,41,0,0.42835244001732947,0.4307283905178649,0,Interleaved
242,42,0,0.3955801853393516,0.38746776286427986,0,Interleaved
243,43,0,0.493762945483057,0.4826794340717907,0,Interleaved
244,44,0,0.2811824203618012,0.47014673020438186,0,Interleaved
245,45,0,0.32449553463020586,0.5374999124207247,0,Interleaved
246,46,0,0.6837478720396446,0.475579023547849,0,Interleaved
247,47,0,0.4650237143985374,0.3841236203578785,0,Interleaved
248,48,0,0.3768909999038679,0.39066707782762133,0,Interleaved
249,49,0,0.5700023378524315,0.4939440934515036,0,Interleaved
250,50,0,0.5172790809383688,0.3340030015149545,0,Interleaved
251,51,0,0.3417528679226944,0.4575969678217151,0,Interleaved
252,52,0,0.628704110902508,0.36023768108576815,0,Interleaved
253,53,0,0.4884328921220535,0.4263775742324147,0,Interleaved
254,54,0,0.3972283171540052,0.4683886186233681,0,Interleaved
255,55,0,0.591795286500346,0.5630145610546553,0,Interleaved
256,56,0,0.6336923338079747,0.4948519976511072,0,Interleaved
257,57,0,0.6458355411811421,0.38530409548334976,0,Interleaved
258,58,0,0.6931121202301558,0.4347512212233236,0,Interleaved
259,59,0,0.6332321318836271,0.3839810850508787,0,Interleaved
260,60,0,0.677473003740103,0.3109507901878694,0,Interleaved
261,61,0,0.36043545238538355,0.5350060057518344,0,Interleaved
262,62,0,0.8062101647961217,0.3641807285124866,0,Interleaved
263,63,0,0.5626859086262385,0.4177611761952238,0,Interleaved
264,64,0,0.521166217199993,0.4104073082658191,0,Interleaved
265,65,0,0.44027516619978646,0.279894144386103,0,Interleaved
266,66,0,0.5042196759800416,0.42996484791454953,0,Interleaved
267,67,0,0.7157886621415118,0.4286277640935925,0,Interleaved
268,68,0,0.31871208281805347,0.35406868682117765,0,Interleaved
269,69,0,0.5645268739696263,0.6097133602178996,0,Interleaved
270,70,0,0.7101151384197836,0.417592209328273,0,Interleaved
271,71,0,0.43648473354402323,0.467390047115917,0,Interleaved
272,72,0,0.5103469474495369,0.36838365399176554,0,Interleaved
273,73,0,0.42390728306434466,0.3898126747695734,0,Interleaved
274,74,0,0.29046188288408037,0.26409754475179303,0,Interleaved
275,75,0,0.44212608288766964,0.5487052669377687,0,Interleaved
276,76,0,0.25700346890432224,0.3545292296539274,0,Interleaved
277,77,0,0.40074164105051235,0.41941104925295203,0,Interleaved
278,78,0,0.2639251212833793,0.3528115568445296,0,Interleaved
279,79,0,0.5083057795990248,0.3419793634816102,0,Interleaved
280,80,0,0.5636985042233174,0.48830165009898596,0,Interleaved
281,81,0,0.40777817104489256,0.3627665231228809,0,Interleaved
282,82,0,0.6817451992791811,0.30331016655593046,0,Interleaved
283,83,0,0.46821858264078053,0.322981079953201,0,Interleaved
284,84,0,0.8133190823833687,0.36321357489864525,0,Interleaved
285,85,0,0.4985414260644328,0.3892053351050608,0,Interleaved
286,86,0,0.7734084569580983,0.3569963113756145,0,Interleaved
287,87,0,0.42240060089422593,0.5364523305037966,0,Interleaved
288,88,0,0.29877033328159336,0.4509556341146916,0,Interleaved
289,89,0,0.5792132662387084,0.30018196445831735,0,Interleaved
290,90,0,0.5781253378547478,0.39154242744197754,0,Interleaved
291,91,0,0.30905529166685175,0.42811154658042583,0,Interleaved
292,92,0,0.3193283842436786,0.4098129759765513,0,Interleaved
293,93,0,0.41425186486159343,0.4335145203294134,0,Interleaved
294,94,0,0.417461721559878,0.48516752870952173,0,Interleaved
295,95,0,0.3576541849792212,0.37021339491113825,0,Interleaved
296,96,0,0.6919139423053353,0.34743798699173634,0,Interleaved
297,97,0,0.22728699740520658,0.30746649080651534,0,Interleaved
298,98,0,0.8280888569502207,0.38295962442954146,0,Interleaved
299,99,0,0.9558018929907555,0.4284573752428247,0,Interleaved
300,100,0,0.7647903915616399,0.3494873581626597,0,Interleaved
301,101,0,0.16654237625819313,0.413573048744599,0,Interleaved
302,102,0,0.6324884683490952,0.31134015221586187,0,Interleaved
303,103,0,0.7208909631073065,0.3563148677178635,0,Interleaved
304,104,0,0.3915948918905743,0.36826283068111154,0,Interleaved
305,105,0,0.3676964626347386,0.5474096248995316,0,Interleaved
306,106,0,0.596872082831274,0.34317255904517097,0,Interleaved
307,107,0,0.5287207580024496,0.28850696446664365,0,Interleaved
308,108,0,0.5819960882364403,0.49782532444028854,0,Interleaved
309,109,0,0.4808675104970131,0.4811471468822718,0,Interleaved
310,110,0,0.1743519151093187,0.5603432503083614,0,Interleaved
311,111,0,0.5015095333598508,0.365647706691374,0,Interleaved
312,112,0,0.3111424306527578,0.4524752217064974,0,Interleaved
313,113,0,0.4651701445666875,0.43271456610828984,0,Interleaved
314,114,0,0.23037911720429577,0.4665585810300733,0,Interleaved
315,115,0,0.4789088094546725,0.35603531098142316,0,Interleaved
316,116,0,0.5496751313271838,0.3337551546733474,0,Interleaved
317,117,0,0.6977531393718017,0.45612677295930537,0,Interleaved
318,118,0,0.7453468065768276,0.3101078433856097,0,Interleaved
319,119,0,0.6499898962611036,0.38368760753592773,0,Interleaved
320,120,0,0.6775788491820054,0.3433774355591419,0,Interleaved
321,121,0,0.5095250817276091,0.28749892317911935,0,Interleaved
322,122,0,0.6344103483092627,0.48854770371148115,0,Interleaved
323,123,0,0.7401314419650599,0.3607970150766442,0,Interleaved
324,124,0,0.5542474917774658,0.3103724487071826,0,Interleaved
325,125,0,0.871394024239929,0.3591281610116015,0,Interleaved
326,126,0,0.5513525181491751,0.34736638443021256,0,Interleaved
327,127,0,0.30498942452874617,0.429569935195739,0,Interleaved
328,128,0,0.7963575474575302,0.26162887231945997,0,Interleaved
329,129,0,0.30567067376926976,0.3584213400278198,0,Interleaved
330,130,0,0.8748146504921974,0.3377233884612522,0,Interleaved
331,131,0,0.5305586840310773,0.3125175103549527,0,Interleaved
332,132,0,0.7814789812539014,0.387334907014783,0,Interleaved
333,133,0,0.43685504876509473,0.30505592442309587,0,Interleaved
334,134,0,0.2528861848995768,0.3443002654317864,0,Interleaved
335,135,0,0.37489478853388924,0.29134196836012527,0,Interleaved
336,136,0,0.5343475956518258,0.3155313453021309,0,Interleaved
337,137,0,0.5782037007164763,0.24450795905272243,0,Interleaved
338,138,0,0.35072389974491625,0.3103362500807271,0,Interleaved
339,139,0,0.6709610156304422,0.2875428297213868,0,Interleaved
340,140,0,0.8627674414962568,0.2665723556237839,0,Interleaved
341,141,0,0.4375665858805746,0.29888472187308635,0,Interleaved
342,142,0,0.554827579534615,0.4269162984121957,0,Interleaved
343,143,0,0.5607948868157306,0.2590064853760391,0,Interleaved
344,144,0,0.3857202075606886,0.33511358707633837,0,Interleaved
345,145,0,0.15008990414576776,0.3309870079184365,0,Interleaved
346,146,0,0.35545078387649154,0.39785254755266264,0,Interleaved
347,147,0,0.37284532284361166,0.25976706283746487,0,Interleaved
348,148,0,0.8407180942939447,0.3233374057888305,0,Interleaved
349,149,0,0.48100099499310806,0.2929126899369903,0,Interleaved
350,150,0,0.6334492180250342,0.2595735598987413,0,Interleaved
351,151,0,0.5367500917861985,0.4361621616297998,0,Interleaved
352,152,0,0.21531434451267467,0.4454644127592503,0,Interleaved
353,153,0,0.4361757654200802,0.5469873460626016,0,Interleaved
354,154,0,0.33620735586282363,0.281314538835198,0,Interleaved
355,155,0,0.712264631585799,0.5066829006397305,0,Interleaved
356,156,0,0.7036723132476337,0.2931786066800481,0,Interleaved
357,157,0,0.4229193397353327,0.33168332290758484,0,Interleaved
358,158,0,0.5140213257278309,0.30560900836123794,0,Interleaved
359,159,0,0.399386069122154,0.5387555207793857,0,Interleaved
360,160,0,0.3825034504468373,0.30332823757672117,0,Interleaved
361,161,0,0.6035516569961545,0.3869917299039656,0,Interleaved
362,162,0,0.717480915729374,0.3853104630711351,0,Interleaved
363,163,0,0.5417111675396892,0.37617992552094537,0,Interleaved
364,164,0,0.18499775096954296,0.4326222171569497,0,Interleaved
365,165,0,0.4133478965806965,0.43566662433907644,0,Interleaved
366,166,0,0.7180643958470404,0.4026796300928007,0,Interleaved
367,167,0,0.7335556041402315,0.25296913082308203,0,Interleaved
368,168,0,0.45493612980466064,0.32061601723089794,0,Interleaved
369,169,0,0.7943870423038248,0.26997872317994415,0,Interleaved
370,170,0,0.48753459051107206,0.356132624173533,0,Interleaved
371,171,0,0.4597837973817698,0.35718881690324367,0,Interleaved
372,172,0,0.7158953523049223,0.31158200970986755,0,Interleaved
373,173,0,0.30416767439401576,0.3567570782781606,0,Interleaved
374,174,0,0.5543859033645282,0.4032979715901964,0,Interleaved
375,175,0,0.4406101328184101,0.4454953804635835,0,Interleaved
376,176,0,0.5143482647998554,0.35567071057558874,0,Interleaved
377,177,0,0.6994587772546361,0.4801213634842838,0,Interleaved
378,178,0,0.3949151538650688,0.36580016025285544,0,Interleaved
379,179,0,0.5709648924203349,0.40631079436947326,0,Interleaved
380,180,0,0.6758677149502702,0.3478732428343291,0,Interleaved
381,181,0,0.5342560720929183,0.24393974445121588,0,Interleaved
382,182,0,0.3017965289982408,0.2640487670038034,0,Interleaved
383,183,0,0.5095804016273795,0.3765355978692645,0,Interleaved
384,184,0,0.7081232396994017,0.3019667537350405,0,Interleaved
385,185,0,0.41153580710454085,0.2919023377127799,0,Interleaved
386,186,0,0.519931500465597,0.23379026261315108,0,Interleaved
387,187,0,0.19551625102529102,0.3218529253162211,0,Interleaved
388,188,0,0.6944085867245477,0.2552464848483649,0,Interleaved
389,189,0,0.8312617248073109,0.25097516827411936,0,Interleaved
390,190,0,0.4648528060530659,0.21011233017382439,0,Interleaved
391,191,0,0.5751616149555289,0.20155423835490624,0,Interleaved
392,192,0,0.5594569086211179,0.2586199898804724,0,Interleaved
393,193,0,0.5463911727383544,0.24257060836183733,0,Interleaved
394,194,0,0.65776224779372,0.25745729668759515,0,Interleaved
395,195,0,0.2852957518773938,0.32016132982833895,0,Interleaved
396,196,0,0.7743351311536362,0.3222719143347084,0,Interleaved
397,197,0,0.5359087355345087,0.3861903450653916,0,Interleaved
398,198,0,0.45335103266148186,0.3399286313357165,0,Interleaved
399,199,0,0.6506752358295766,0.31501100081010425,0,Interleaved
400,0,0,0.04898495893405593,0.6438114942272364,0,Instructed
401,1,0,0.5422217206635066,0.49305657534803327,0,Instructed
402,2,0,0.910346576900061,0.4340386914004368,0,Instructed
403,3,0,0.46368719982376705,0.47609019688790843,0,Instructed
404,4,0,0.8764815034071088,0.39911695338831965,0,Instructed
405,5,0,0.27252187953896073,0.3709022710092474,0,Instructed
406,6,0,0.7739347845012562,0.37060612910431734,0,Instructed
407,7,0,0.454536418215463,0.4400116214516022,0,Instructed
408,8,0,0.7569408311722264,0.45541910015110376,0,Instructed
409,9,0,0.6956136602560159,0.27929588853629495,0,Instructed
410,10,0,0.7004122033713288,0.4850361767773488,0,Instructed
411,11,0,0.483601009790682,0.4198984318779433,0,Instructed
412,12,0,0.8222357378757438,0.48749575002049716,0,Instructed
413,13,0,0.6901845788724162,0.29798073692022997,0,Instructed
414,14,0,0.686288128796914,0.352165221052541,0,Instructed
415,15,0,0.30653621104340695,0.47740972779296925,0,Instructed
416,16,0,0.18534494518331823,0.40342322328469227,0,Instructed
417,17,0,0.7476327658146125,0.2863924185872049,0,Instructed
418,18,0,0.41088551440855364,0.353671082939136,0,Instructed
419,19,0,0.9208662333690187,0.41100140815040986,0,Instructed
420,20,0,0.4673731219202994,0.3536596779641361,0,Instructed
421,21,0,0.6156110617281733,0.37685874008076614,0,Instructed
422,22,0,0.2636825772143544,0.4085925498751932,0,Instructed
423,23,0,0.6316179186175618,0.3746548469312291,0,Instructed
424,24,0,0.4853779740441512,0.3308304980164944,0,Instructed
425,25,0,0.535929073568676,0.3204797686952645,0,Instructed
426,26,0,0.6816508951647368,0.376680990901081,0,Instructed
427,27,0,0.552146393437415,0.34665817731099846,0,Instructed
428,28,0,0.1167667711179976,0.3919503116648305,0,Instructed
429,29,0,0.4750899662201343,0.2900750912230934,0,Instructed
430,30,0,0.07836110324026314,0.431728593166684,0,Instructed
431,31,0,0.48385410128729067,0.2838214245092817,0,Instructed
432,32,0,0.2861818478153778,0.41556420163182195,0,Instructed
433,33,0,0.835269180398348,0.41780704899385934,0,Instructed
434,34,0,0.4494974472983847,0.39414762114717683,0,Instructed
435,35,0,0.3225662822975726,0.3114066998135186,0,Instructed
436,36,0,0.43715113085753327,0.4516591870263653,0,Instructed
437,37,0,0.3158906330201806,0.2599959069534833,0,Instructed
438,38,0,0.6230605864514187,0.26755082448537826,0,Instructed
439,39,0,0.2992527972344584,0.40538707588843526,0,Instructed
440,40,0,0.32701934177192293,0.3621220063178594,0,Instructed
441,41,0,0.09877347640192305,0.41887074526223333,0,Instructed
442,42,0,0.27621339369425185,0.46767804572187105,0,Instructed
443,43,0,0.6013186214242865,0.21872475197095853,0,Instructed
444,44,0,0.8324471959717835,0.48778194860041946,0,Instructed
445,45,0,0.6170464038641792,0.47106407653100085,0,Instructed
446,46,0,0.8593961576410802,0.217335363112239,0,Instructed
447,47,0,0.1474707961241752,0.4494340695479049,0,Instructed
448,48,0,0.3308637580203093,0.4053190811865324,0,Instructed
449,49,0,0.3436653351585588,0.372951167173004,0,Instructed
450,50,0,0.786121902208315,0.3457643639984015,0,Instructed
451,51,0,0.4028564162925349,0.21243696501702583,0,Instructed
452,52,0,0.25330918351659826,0.23272311241881416,0,Instructed
453,53,0,0.4554374338126712,0.3625935221225498,0,Instructed
454,54,0,0.688927280455335,0.2955610675247528,0,Instructed
455,55,0,0.5649861962253655,0.19835114094790854,0,Instructed
456,56,0,0.2097565021409759,0.29547931955279094,0,Instructed
457,57,0,0.21160022048842625,0.4122463170470835,0,Instructed
458,58,0,0.5881602644039994,0.3259423344177612,0,Instructed
459,59,0,0.5377450916911126,0.3646540447310943,0,Instructed
460,60,0,0.496040136991165,0.24655393352229715,0,Instructed
461,61,0,0.6656563169687995,0.29721111865864636,0,Instructed
462,62,0,0.3878699978116389,0.4433617935289288,0,Instructed
463,63,0,0.6733077704293069,0.3267560256491554,0,Instructed
464,64,0,0.6838405551375233,0.3949853680447788,0,Instructed
465,65,0,0.27898142461631337,0.38782474229077657,0,Instructed
466,66,0,0.1648006984105425,0.29092103712796163,0,Instructed
467,67,0,0.5059046205709876,0.3261334366448476,0,Instructed
468,68,0,0.7775975507379175,0.23464817295176615,0,Instructed
469,69,0,0.1810641960218791,0.2888937796969969,0,Instructed
470,70,0,0.16631194652759168,0.29176071772947176,0,Instructed
471,71,0,0.22628431795681714,0.2477838643397211,0,Instructed
472,72,0,0.8010159867708921,0.34120595051956815,0,Instructed
473,73,0,0.1482995197760661,0.32652901001760987,0,Instructed
474,74,0,0.8048949355419034,0.2721528894079105,0,Instructed
475,75,0,0.8082489940345191,0.3159724894148276,0,Instructed
476,76,0,0.16406647046680656,0.372877041923095,0,Instructed
477,77,0,0.07133139302511887,0.4038002608179827,0,Instructed
478,78,0,0.8650419145593863,0.30685653756995657,0,Instructed
479,79,0,0.5560799029011141,0.23697683414037102,0,Instructed
480,80,0,0.7603598201226508,0.25969714861522863,0,Instructed
481,81,0,0.36561123340767715,0.25832051517576676,0,Instructed
482,82,0,0.7368307961126024,0.3900947443461532,0,Instructed
483,83,0,0.6527726518881654,0.32627895053326184,0,Instructed
484,84,0,0.12348036335688348,0.3487826807612844,0,Instructed
485,85,0,0.6824236159852121,0.30737274258981634,0,Instructed
486,86,0,0.7940450210798329,0.23168374441974052,0,Instructed
487,87,0,0.3557126739351363,0.3509565771243723,0,Instructed
488,88,0,0.12891269334725952,0.31346249218205197,0,Instructed
489,89,0,0.25762204923431087,0.2829871599795404,0,Instructed
490,90,0,0.35151559444119373,0.25461349553882306,0,Instructed
491,91,0,0.5547234770382774,0.43447931894987724,0,Instructed
492,92,0,0.4094653998335873,0.4172861167430541,0,Instructed
493,93,0,0.9525207402389664,0.25206071903743743,0,Instructed
494,94,0,0.5304563195828287,0.33547490065468494,0,Instructed
495,95,0,0.9275411803241782,0.38753613496811434,0,Instructed
496,96,0,0.14073583776636872,0.3446113769741638,0,Instructed
497,97,0,0.5875614137856394,0.44327219992369005,0,Instructed
498,98,0,0.45521087435484797,0.3034701147549864,0,Instructed
499,99,0,0.18043316331795178,0.42316618572373177,0,Instructed
500,100,0,0.5021344888106214,0.3910620870301134,0,Instructed
501,101,0,0.7737831133674494,0.35621868676685353,0,Instructed
502,102,0,0.6740995643624308,0.30097175596870457,0,Instructed
503,103,0,0.060139302733322186,0.42079519849618696,0,Instructed
504,104,0,0.35699833949882204,0.33240636148949443,0,Instructed
505,105,0,0.7498231495555701,0.24977327583580955,0,Instructed
506,106,0,0.2030751514302322,0.3173666155021459,0,Instructed
507,107,0,0.2753362299495723,0.26489161118116444,0,Instructed
508,108,0,0.6223854967568171,0.21040697955298535,0,Instructed
509,109,0,0.8877199759985586,0.2145645544623885,0,Instructed
510,110,0,0.3257343031737805,0.26316302208740044,0,Instructed
511,111,0,0.9420935422656949,0.24811958298987158,0,Instructed
512,112,0,0.5987837630176205,0.2344104848759186,0,Instructed
513,113,0,0.20214594700717137,0.34298704299652033,0,Instructed
514,114,0,0.14014750209456606,0.241013385822069,0,Instructed
515,115,0,0.5062869388170629,0.34815590870197977,0,Instructed
516,116,0,0.7962037637115924,0.22616412717753714,0,Instructed
517,117,0,0.48854681876482386,0.3239803354840194,0,Instructed
518,118,0,0.8389489934016217,0.23165176622476352,0,Instructed
519,119,0,0.6029962855024962,0.33962491882180246,0,Instructed
520,120,0,0.3193800503288841,0.36765797797022537,0,Instructed
521,121,0,0.8272629355045837,0.2673606629594409,0,Instructed
522,122,0,0.5523916998827205,0.3146484738146754,0,Instructed
523,123,0,0.8576443495844396,0.24749791765398702,0,Instructed
524,124,0,0.48556569356870216,0.2731831729328562,0,Instructed
525,125,0,0.8704092740539684,0.22643332749762268,0,Instructed
526,126,0,0.658974110494336,0.2011342915208529,0,Instructed
527,127,0,0.45325632177032277,0.2608631838991946,0,Instructed
528,128,0,0.36567739120259013,0.378490298892735,0,Instructed
529,129,0,0.3650566126758554,0.3781775858080604,0,Instructed
530,130,0,0.669323359457161,0.2328244784244354,0,Instructed
531,131,0,0.38046817117578124,0.27925733437662786,0,Instructed
532,132,0,0.3043697583059254,0.2743744578318785,0,Instructed
533,133,0,0.5889373272555805,0.2649736654552093,0,Instructed
534,134,0,0.42208353746038596,0.2612637596335533,0,Instructed
535,135,0,0.5289977129773112,0.30083039265160766,0,Instructed
536,136,0,0.33702725344082507,0.28098082277674585,0,Instructed
537,137,0,0.6452491392382329,0.3665034175682694,0,Instructed
538,138,0,0.567986360446616,0.29346466995590703,0,Instructed
539,139,0,0.2029512750316157,0.27998084787984046,0,Instructed
540,140,0,0.4153543662471724,0.2333804071324971,0,Instructed
541,141,0,0.5722944523924285,0.26613898839810024,0,Instructed
542,142,0,0.351346614289449,0.2709741474007913,0,Instructed
543,143,0,0.37087059733561756,0.3643348806011189,0,Instructed
544,144,0,0.609416146263067,0.2097245250276431,0,Instructed
545,145,0,0.2757655423913706,0.2588151306669748,0,Instructed
546,146,0,0.20393531818703356,0.2981364280157508,0,Instructed
547,147,0,0.19721753244570783,0.25735599286801325,0,Instructed
548,148,0,0.4256864190279125,0.32824126162618145,0,Instructed
549,149,0,0.5652170310769186,0.2671622872425447,0,Instructed
550,150,0,0.36000189751643674,0.4280021328482707,0,Instructed
551,151,0,0.5603590074142687,0.23830263562547263,0,Instructed
552,152,0,0.5023396996604376,0.2953344745632924,0,Instructed
553,153,0,0.09820533902819424,0.29009630052914426,0,Instructed
554,154,0,0.2806558602247359,0.26998938756565194,0,Instructed
555,155,0,0.5437864112027302,0.2758134903644043,0,Instructed
556,156,0,0.4385435864633025,0.2956353023008036,0,Instructed
557,157,0,0.33774034902904404,0.2310752436539078,0,Instructed
558,158,0,0.5068652841437602,0.2126727587644828,0,Instructed
559,159,0,0.5953067523487827,0.25179836550264834,0,Instructed
560,160,0,0.33355649286357675,0.2894654585998613,0,Instructed
561,161,0,0.4422401118449716,0.29257230252619904,0,Instructed
562,162,0,0.3988011655490912,0.3611036414906391,0,Instructed
563,163,0,0.5906946610450374,0.3262520526354774,0,Instructed
564,164,0,0.5434358092152171,0.29806704287893526,0,Instructed
565,165,0,0.36613842355949067,0.2986285162049098,0,Instructed
566,166,0,0.7992674291491426,0.2566383117378841,0,Instructed
567,167,0,0.5745278908969714,0.2968204700996877,0,Instructed
568,168,0,0.6663466093927778,0.2019330177634916,0,Instructed
569,169,0,0.5745293011571421,0.2755725641358221,0,Instructed
570,170,0,0.45265548968931363,0.27565558096676357,0,Instructed
571,171,0,0.5276620347294819,0.28473392352964133,0,Instructed
572,172,0,0.6623230171188277,0.28736234939466543,0,Instructed
573,173,0,0.7693918681301726,0.35633670006955376,0,Instructed
574,174,0,0.5343346568896202,0.28447225813308735,0,Instructed
575,175,0,0.644458758466906,0.3072020772783274,0,Instructed
576,176,0,0.17612475938932293,0.30973175323132063,0,Instructed
577,177,0,0.511789039187033,0.3479886638211702,0,Instructed
578,178,0,0.4332850055797401,0.38614491905856696,0,Instructed
579,179,0,0.5403647927137637,0.22970662131561786,0,Instructed
580,180,0,0.43485377243305257,0.3346082605825508,0,Instructed
581,181,0,0.4466762832747666,0.31343147679356353,0,Instructed
582,182,0,0.7140340315313947,0.3128308825637921,0,Instructed
583,183,0,0.45090665337977237,0.2921040438741045,0,Instructed
584,184,0,0.5380497021534475,0.22593212450205363,0,Instructed
585,185,0,0.2902730286334078,0.3193697529808226,0,Instructed
586,186,0,0.43030920949839385,0.2928777400953972,0,Instructed
587,187,0,0.4605736641302848,0.3267676591741737,0,Instructed
588,188,0,0.5044057568021838,0.3033380646281431,0,Instructed
589,189,0,0.127577318134611,0.23973054074083966,0,Instructed
590,190,0,0.9527335783136794,0.21599741312727483,0,Instructed
591,191,0,0.07954870819074544,0.6082584190909357,0,Instructed
592,192,0,0.4956547047203441,0.24956500424695238,0,Instructed
593,193,0,0.6411139840097126,0.2745163114837743,0,Instructed
594,194,0,0.05211712882362529,0.4070199185160983,0,Instructed
595,195,0,0.4072956883936282,0.32063481430883906,0,Instructed
596,196,0,0.25466998556544596,0.30837202967246374,0,Instructed
597,197,0,0.31371169348942973,0.20152994087127765,0,Instructed
598,198,0,0.409847144599649,0.3211219647479956,0,Instructed
599,199,0,0.5806310183949769,0.33912126634069295,0,Instructed
600,0,0,0.5078477930725804,0.8124763056831362,1,Blocked
601,1,0,0.4806517869797326,0.579626041865416,1,Blocked
602,2,0,0.4592739958065724,0.7732258186558605,1,Blocked
603,3,0,0.870813355337545,0.5910338477359898,1,Blocked
604,4,0,0.8310122179144781,0.4656455569106953,1,Blocked
605,5,0,0.8417844923810889,0.4975643664021604,1,Blocked
606,6,0,0.31489921249678776,0.548241875566011,1,Blocked
607,7,0,0.5384741288900211,0.723674808916392,1,Blocked
608,8,0,0.34423321609260127,0.4353073135086228,1,Blocked
609,9,0,0.2224048217757355,0.4573635568284764,1,Blocked
610,10,0,0.8026863001781308,0.4479638099476,1,Blocked
611,11,0,0.7759774532557425,0.42433113625614094,1,Blocked
612,12,0,0.8854578325354738,0.25867104275475944,1,Blocked
613,13,0,0.1593544971089752,0.46640103712254155,1,Blocked
614,14,0,0.24279763938929622,0.547339735924088,1,Blocked
615,15,0,0.7991982633674268,0.39215511528584546,1,Blocked
616,16,0,0.2938173773657434,0.4136657175165789,1,Blocked
617,17,0,0.1999826884918957,0.4978973196650971,1,Blocked
618,18,0,0.1042310697523677,0.5595465293333991,1,Blocked
619,19,0,0.8670323734712361,0.3525701676151195,1,Blocked
620,20,0,0.9099285169696909,0.40887235960618346,1,Blocked
621,21,0,0.14124552409696406,0.44182388407050766,1,Blocked
622,22,0,0.9297201539716864,0.38777028856921686,1,Blocked
623,23,0,0.13495994551002682,0.41878333806712853,1,Blocked
624,24,0,0.1932049710369154,0.4956101060785307,1,Blocked
625,25,0,0.8171167445925035,0.5488883689616908,1,Blocked
626,26,0,0.8536118523856164,0.4685064980127002,1,Blocked
627,27,0,0.9647493950360081,0.3471694564858292,1,Blocked
628,28,0,0.9508114896101347,0.4402200252180872,1,Blocked
629,29,0,0.0539560860523855,0.6131872977274055,1,Blocked
630,30,0,0.9347115889809572,0.37077954176132766,1,Blocked
631,31,0,0.237585271366315,0.45679985658445754,1,Blocked
632,32,0,0.7163712323837639,0.3468387285637865,1,Blocked
633,33,0,0.6890475143433377,0.5250015188518997,1,Blocked
634,34,0,0.8549596120794658,0.4397003130611633,1,Blocked
635,35,0,0.9297352227514037,0.35347370148415624,1,Blocked
636,36,0,0.04859854818104897,0.6102997646312067,1,Blocked
637,37,0,0.09785491222109349,0.4909417912222105,1,Blocked
638,38,0,0.10268182075002977,0.45498146001551865,1,Blocked
639,39,0,0.6908082183985511,0.4870663716517572,1,Blocked
640,40,0,0.2336132950368868,0.37510563530747987,1,Blocked
641,41,0,0.25944558873117735,0.4538764181531875,1,Blocked
642,42,0,0.283172687899467,0.5115121272732407,1,Blocked
643,43,0,0.7411875945015627,0.4712792971296702,1,Blocked
644,44,0,0.6240749044993334,0.47482192915557164,1,Blocked
645,45,0,0.47607944334904095,0.6259287944409309,1,Blocked
646,46,0,0.572865868590083,0.5869833793559531,1,Blocked
647,47,0,0.5352622684812652,0.36298886855058443,1,Blocked
648,48,0,0.482019210263413,0.4397177440958304,1,Blocked
649,49,0,0.5984001036724956,0.4005058011436067,1,Blocked
650,50,0,0.5440357450554952,0.587861841246144,1,Blocked
651,51,0,0.6104685056020248,0.5043282120642807,1,Blocked
652,52,0,0.3592046351659108,0.4536857238304085,1,Blocked
653,53,0,0.7615453149084447,0.2771741827733379,1,Blocked
654,54,0,0.5891286148346171,0.5076725829805504,1,Blocked
655,55,0,0.7815650662520207,0.41435694292127534,1,Blocked
656,56,0,0.18515357287744272,0.443273110918486,1,Blocked
657,57,0,0.2783357775578677,0.4537202448648546,1,Blocked
658,58,0,0.6608256046088894,0.5592300317879938,1,Blocked
659,59,0,0.6269447335765097,0.36984752085869854,1,Blocked
660,60,0,0.4334749506361839,0.5061213013179942,1,Blocked
661,61,0,0.35031382146358236,0.709168326340901,1,Blocked
662,62,0,0.41201498711416146,0.3811397133915716,1,Blocked
663,63,0,0.41036356193527396,0.5562454438637219,1,Blocked
664,64,0,0.6499022223817569,0.3032100967171169,1,Blocked
665,65,0,0.18071479455757503,0.5244029486798976,1,Blocked
666,66,0,0.5322004285110703,0.41915104793372476,1,Blocked
667,67,0,0.5051079552391231,0.43206000238503195,1,Blocked
668,68,0,0.7555931238721092,0.41354926118141,1,Blocked
669,69,0,0.2646644774897712,0.4682507887028738,1,Blocked
670,70,0,0.2854446058783102,0.4889185730679422,1,Blocked
671,71,0,0.4516250153774145,0.3376386837918447,1,Blocked
672,72,0,0.5182928653906366,0.52145799111502,1,Blocked
673,73,0,0.5948574754461438,0.5700956530061027,1,Blocked
674,74,0,0.734943213133386,0.4766765978528096,1,Blocked
675,75,0,0.5983091668740576,0.4089566154722635,1,Blocked
676,76,0,0.39785811191467374,0.3447178028607406,1,Blocked
677,77,0,0.7838885258417816,0.28430651016632313,1,Blocked
678,78,0,0.46824741856681174,0.5021305921500239,1,Blocked
679,79,0,0.517872045232675,0.34200088891311364,1,Blocked
680,80,0,0.9338552191973225,0.3368564293530665,1,Blocked
681,81,0,0.028622966401337505,0.4727373679860105,1,Blocked
682,82,0,0.8954900488696507,0.2856818220978449,1,Blocked
683,83,0,0.9362637583987415,0.31452972428129156,1,Blocked
684,84,0,0.8677512809133322,0.4234802913246254,1,Blocked
685,85,0,0.8588799436907486,0.369074437030104,1,Blocked
686,86,0,0.8302368309631766,0.35988742799860945,1,Blocked
687,87,0,0.10739794038112307,0.5357486840109057,1,Blocked
688,88,0,0.24072602456394399,0.5451642526834348,1,Blocked
689,89,0,0.054606424014594784,0.673945335883446,1,Blocked
690,90,0,0.8446169984250022,0.3643893694506001,1,Blocked
691,91,0,0.8625760614710071,0.34582303117388247,1,Blocked
692,92,0,0.11933053866483774,0.45072675952877617,1,Blocked
693,93,0,0.05882590122634342,0.5758436052650335,1,Blocked
694,94,0,0.7958170876136441,0.30603226976140874,1,Blocked
695,95,0,0.15980860619227386,0.4374811576245696,1,Blocked
696,96,0,0.9130354057173873,0.29454296115957207,1,Blocked
697,97,0,0.1377496184019813,0.6217405514248324,1,Blocked
698,98,0,0.7605542170570114,0.39174989280626715,1,Blocked
699,99,0,0.8143484546904699,0.4377607411708216,1,Blocked
700,100,0,0.8565882166896095,0.3944963762834624,1,Blocked
701,101,0,0.8506643201972909,0.29692293066344877,1,Blocked
702,102,0,0.9298846788723965,0.32260382951774913,1,Blocked
703,103,0,0.2645133582643565,0.5475449565910574,1,Blocked
704,104,0,0.8693530386652955,0.335282300629719,1,Blocked
705,105,0,0.8748744782162632,0.4394909235795753,1,Blocked
706,106,0,0.8623257575966281,0.453817686703317,1,Blocked
707,107,0,0.02641769554480506,0.47758938771575865,1,Blocked
708,108,0,0.9284559186380656,0.4533628937206885,1,Blocked
709,109,0,0.9298455420953381,0.3845584808415893,1,Blocked
710,110,0,0.8595155092846549,0.4245255652103452,1,Blocked
711,111,0,0.2572352545044669,0.4966141898799222,1,Blocked
712,112,0,0.09312537216583658,0.5582392111310737,1,Blocked
713,113,0,0.13398667023423474,0.44989536095918053,1,Blocked
714,114,0,0.8256371617453404,0.32896882165124797,1,Blocked
715,115,0,0.8898263573490388,0.3951075361588541,1,Blocked
716,116,0,0.10572514015812567,0.45006157401396085,1,Blocked
717,117,0,0.8690966036789367,0.3088995254656483,1,Blocked
718,118,0,0.3779025219999775,0.396187084693683,1,Blocked
719,119,0,0.13550493825446136,0.4706866010968075,1,Blocked
720,120,0,0.47229627311139666,0.34577753904145503,1,Blocked
721,121,0,0.28680715169206294,0.291195242299721,1,Blocked
722,122,0,0.25694080232151234,0.5154728304227738,1,Blocked
723,123,0,0.4868800174382846,0.40077215688163326,1,Blocked
724,124,0,0.37917615656875736,0.5039607469508207,1,Blocked
725,125,0,0.3822661221702499,0.3192922023697175,1,Blocked
726,126,0,0.46361467773076853,0.5169165079633079,1,Blocked
727,127,0,0.5015209894511603,0.40561460324566967,1,Blocked
728,128,0,0.2318443680474595,0.5242644889333968,1,Blocked
729,129,0,0.4609954515800641,0.3882066203421779,1,Blocked
730,130,0,0.5518709908770816,0.42936664867842933,1,Blocked
731,131,0,0.4822719944670604,0.3957566710634508,1,Blocked
732,132,0,0.551401163466705,0.38320927348902534,1,Blocked
733,133,0,0.5164213020226369,0.3738808096178017,1,Blocked
734,134,0,0.6936613988682782,0.3691812493046517,1,Blocked
735,135,0,0.15503005719786955,0.5357631628079194,1,Blocked
736,136,0,0.5495078873768271,0.310417060287717,1,Blocked
737,137,0,0.4474982908178786,0.42921594878906055,1,Blocked
738,138,0,0.5286965838265322,0.3942909246724573,1,Blocked
739,139,0,0.5200058692320699,0.33977939954359626,1,Blocked
740,140,0,0.49621684949494316,0.33156348899479243,1,Blocked
741,141,0,0.49633644838480007,0.28888406641870823,1,Blocked
742,142,0,0.4259339018752379,0.40403157599308737,1,Blocked
743,143,0,0.48181737200447206,0.44323743939462257,1,Blocked
744,144,0,0.5399188739154108,0.33684842732424475,1,Blocked
745,145,0,0.5667539534249487,0.5791691350736591,1,Blocked
746,146,0,0.4873716978799024,0.4087420683942294,1,Blocked
747,147,0,0.6662845924680908,0.27372820347248394,1,Blocked
748,148,0,0.566420896537561,0.5666292073973836,1,Blocked
749,149,0,0.4274941525706302,0.6422359068861967,1,Blocked
750,150,0,0.491783990307745,0.44484955048557245,1,Blocked
751,151,0,0.5609923758868083,0.2922522628690814,1,Blocked
752,152,0,0.4215160759139937,0.3162188089203504,1,Blocked
753,153,0,0.5504390043911827,0.285722330883033,1,Blocked
754,154,0,0.5608705377357829,0.4602126769406853,1,Blocked
755,155,0,0.534419976245869,0.3419378482199948,1,Blocked
756,156,0,0.4748313448529574,0.3618300271701995,1,Blocked
757,157,0,0.7013787148341915,0.33566922108652986,1,Blocked
758,158,0,0.7202916313278345,0.4097314640635793,1,Blocked
759,159,0,0.493658026491055,0.41994124276619843,1,Blocked
760,160,0,0.636234886711041,0.2626365346262097,1,Blocked
761,161,0,0.9607303202230089,0.3861097346083162,1,Blocked
762,162,0,0.04633065924634608,0.521760523299522,1,Blocked
763,163,0,0.9431113196449723,0.44289952478375905,1,Blocked
764,164,0,0.9568952989055035,0.32290121945432826,1,Blocked
765,165,0,0.5244769391405731,0.3630140837249549,1,Blocked
766,166,0,0.9221450506751528,0.4039492810729258,1,Blocked
767,167,0,0.5623945818500744,0.37155165230167275,1,Blocked
768,168,0,0.47185550237686064,0.5052714777385829,1,Blocked
769,169,0,0.20594765114867725,0.5527473872204504,1,Blocked
770,170,0,0.43320357056308506,0.3585590370242082,1,Blocked
771,171,0,0.8968164484454271,0.3405274806211622,1,Blocked
772,172,0,0.7463506242294586,0.37905128192085497,1,Blocked
773,173,0,0.9364854956486895,0.3251305026252342,1,Blocked
774,174,0,0.10932083132389783,0.46063015984338207,1,Blocked
775,175,0,0.6976978557510157,0.346149173152126,1,Blocked
776,176,0,0.5016556289069177,0.2826019346778162,1,Blocked
777,177,0,0.5802825297938685,0.3228955745363482,1,Blocked
778,178,0,0.3711200807322274,0.5064325376466515,1,Blocked
779,179,0,0.8311997753543602,0.49871847221030596,1,Blocked
780,180,0,0.39029548833568145,0.3139295165244793,1,Blocked
781,181,0,0.36848689606926754,0.46575936984326916,1,Blocked
782,182,0,0.9583113755978054,0.2973687462365525,1,Blocked
783,183,0,0.5945719259943153,0.38869890208492697,1,Blocked
784,184,0,0.14874227723165637,0.5221037328976057,1,Blocked
785,185,0,0.4264256064541849,0.2507342978193478,1,Blocked
786,186,0,0.30966972119544245,0.39519172450258466,1,Blocked
787,187,0,0.7822964479962373,0.3374909813773004,1,Blocked
788,188,0,0.9544187576275003,0.3071538640516738,1,Blocked
789,189,0,0.0943034502507687,0.425343470090198,1,Blocked
790,190,0,0.0818632149156115,0.4065919068325263,1,Blocked
791,191,0,0.03543064173793824,0.44347753676469814,1,Blocked
792,192,0,0.9345549853897245,0.3136659854820259,1,Blocked
793,193,0,0.0672387185382288,0.48893095465091463,1,Blocked
794,194,0,0.5137031211663641,0.41865537757763527,1,Blocked
795,195,0,0.1541401080233234,0.5021237367265822,1,Blocked
796,196,0,0.8624474149954637,0.3911727981827712,1,Blocked
797,197,0,0.2287638354351127,0.44280825518766187,1,Blocked
798,198,0,0.3294732876403174,0.4759415628630303,1,Blocked
799,199,0,0.08535042043119481,0.4566255419654287,1,Blocked
800,0,0,0.5767209981056377,0.7838701806439552,1,Interleaved
801,1,0,0.1657161613984916,0.8202264418749279,1,Interleaved
802,2,0,0.2936670811714772,0.6243564035301108,1,Interleaved
803,3,0,0.3625813313173658,0.6976843890914808,1,Interleaved
804,4,0,0.734386368446104,0.6745183221418976,1,Interleaved
805,5,0,0.48903411959156906,0.5066369793134871,1,Interleaved
806,6,0,0.28942478232967134,0.6491650643400698,1,Interleaved
807,7,0,0.5901310173957985,0.5264935129639157,1,Interleaved
808,8,0,0.7288444368457846,0.6455786283917516,1,Interleaved
809,9,0,0.43267652475325596,0.5960353334066703,1,Interleaved
810,10,0,0.5758084943104655,0.5148425703926859,1,Interleaved
811,11,0,0.4100303879667263,0.6360726304709869,1,Interleaved
812,12,0,0.5032957585738881,0.47442194327151266,1,Interleaved
813,13,0,0.48836332112341274,0.39591891805979207,1,Interleaved
814,14,0,0.46228568853516316,0.5046721318573475,1,Interleaved
815,15,0,0.5074718110102924,0.4644453079873596,1,Interleaved
816,16,0,0.6513395196459035,0.471937694713093,1,Interleaved
817,17,0,0.7462590207468922,0.49879108497647645,1,Interleaved
818,18,0,0.4910353387989152,0.49960858560804144,1,Interleaved
819,19,0,0.4966554911358614,0.6528942062877607,1,Interleaved
820,20,0,0.5684919323761041,0.45173471668491894,1,Interleaved
821,21,0,0.8121398039324437,0.4846897794725564,1,Interleaved
822,22,0,0.4720617608904155,0.576858574216194,1,Interleaved
823,23,0,0.8488089226995603,0.3921446087161611,1,Interleaved
824,24,0,0.3931270532798483,0.7009084015709186,1,Interleaved
825,25,0,0.1494205536346278,0.6884870701821714,1,Interleaved
826,26,0,0.6580178615719227,0.4282367487665184,1,Interleaved
827,27,0,0.4601437545374233,0.4824473284848001,1,Interleaved
828,28,0,0.21420711340653661,0.6266257600952869,1,Interleaved
829,29,0,0.4980129990771426,0.627689239793356,1,Interleaved
830,30,0,0.17057864132449052,0.584462529280381,1,Interleaved
831,31,0,0.7047204528973352,0.5209788948391837,1,Interleaved
832,32,0,0.4566537369171722,0.6053715922948357,1,Interleaved
833,33,0,0.897185601637831,0.575804426344227,1,Interleaved
834,34,0,0.49490479882815785,0.5198959463025667,1,Interleaved
835,35,0,0.8393827875672155,0.3904816081181973,1,Interleaved
836,36,0,0.43566831559738745,0.6725988622530679,1,Interleaved
837,37,0,0.8822762758027186,0.4797588389912566,1,Interleaved
838,38,0,0.33796793462939567,0.4684036434232196,1,Interleaved
839,39,0,0.8471980902663581,0.4618121929100899,1,Interleaved
840,40,0,0.4876547579872512,0.4847486724497352,1,Interleaved
841,41,0,0.8323538465906735,0.46253799106658944,1,Interleaved
842,42,0,0.5730300220600464,0.5148964062681066,1,Interleaved
843,43,0,0.7652474450343039,0.444436659291572,1,Interleaved
844,44,0,0.363866451706187,0.466405027479541,1,Interleaved
845,45,0,0.7242424380942499,0.6382367178174604,1,Interleaved
846,46,0,0.4281325827855886,0.5168404529143117,1,Interleaved
847,47,0,0.21699789688369764,0.6860437452449444,1,Interleaved
848,48,0,0.5418989913818715,0.5513245472684,1,Interleaved
849,49,0,0.595176194951561,0.45942863708544873,1,Interleaved
850,50,0,0.5663427001968186,0.43844143236346944,1,Interleaved
851,51,0,0.5305959054681038,0.4876754138631213,1,Interleaved
852,52,0,0.7596228382739001,0.5340771115163586,1,Interleaved
853,53,0,0.585560429409968,0.44825618357680386,1,Interleaved
854,54,0,0.32368573000078193,0.543426315948244,1,Interleaved
855,55,0,0.3063361548387718,0.6348313378238519,1,Interleaved
856,56,0,0.5257827984935728,0.521129998479648,1,Interleaved
857,57,0,0.5826351939450743,0.5004647983799917,1,Interleaved
858,58,0,0.5528797306102622,0.43011785672405906,1,Interleaved
859,59,0,0.5494084815082441,0.6897025889632229,1,Interleaved
860,60,0,0.5027153815220929,0.45015724665717627,1,Interleaved
861,61,0,0.286512818550077,0.5468636690932608,1,Interleaved
862,62,0,0.6758218444574289,0.4247411696100559,1,Interleaved
863,63,0,0.8131917397701768,0.5249925171948016,1,Interleaved
864,64,0,0.5841944574490732,0.47005424701666254,1,Interleaved
865,65,0,0.6211508040157518,0.4427213571215296,1,Interleaved
866,66,0,0.4568065085831138,0.5691732523500472,1,Interleaved
867,67,0,0.2291394441863351,0.49473237605412396,1,Interleaved
868,68,0,0.7100381373188516,0.5117546957354702,1,Interleaved
869,69,0,0.5625981629599712,0.543529696337996,1,Interleaved
870,70,0,0.8773072274658882,0.5429468950669994,1,Interleaved
871,71,0,0.32916401540323537,0.4438099337700619,1,Interleaved
872,72,0,0.22055660426726487,0.5603812081456423,1,Interleaved
873,73,0,0.7030708901803211,0.5223294760256384,1,Interleaved
874,74,0,0.38023208119616225,0.5487777578751104,1,Interleaved
875,75,0,0.5039822272157729,0.4672497386296963,1,Interleaved
876,76,0,0.24127198145288148,0.39903565591093254,1,Interleaved
877,77,0,0.33729316493091677,0.6049825570305478,1,Interleaved
878,78,0,0.1910299289054879,0.46519681071595687,1,Interleaved
879,79,0,0.2026458190919472,0.42534230919815164,1,Interleaved
880,80,0,0.6017134587094184,0.502130218092468,1,Interleaved
881,81,0,0.15322389266014133,0.5780717741513137,1,Interleaved
882,82,0,0.6035443587008397,0.5332065609883077,1,Interleaved
883,83,0,0.6504610019974297,0.3668067416132746,1,Interleaved
884,84,0,0.1912297303999309,0.4209936342745999,1,Interleaved
885,85,0,0.5632296928557677,0.4803123713536719,1,Interleaved
886,86,0,0.8647462344259681,0.39491049610754064,1,Interleaved
887,87,0,0.6325587319098881,0.4786542393213754,1,Interleaved
888,88,0,0.402736009851836,0.5096603147201009,1,Interleaved
889,89,0,0.3624987648917614,0.457990837587005,1,Interleaved
890,90,0,0.5713725111084896,0.4184033790075032,1,Interleaved
891,91,0,0.5459933024451886,0.5330519340419664,1,Interleaved
892,92,0,0.754714337755872,0.46268113190996896,1,Interleaved
893,93,0,0.8214453125097281,0.4260095893537625,1,Interleaved
894,94,0,0.5805080738971062,0.5116898056119219,1,Interleaved
895,95,0,0.761214994243868,0.3904608428207007,1,Interleaved
896,96,0,0.39177294667483104,0.421045938714511,1,Interleaved
897,97,0,0.2837233475106712,0.4792908444521116,1,Interleaved
898,98,0,0.5342061939543508,0.47316951006577707,1,Interleaved
899,99,0,0.567699773624773,0.5489688494019499,1,Interleaved
900,100,0,0.538114978447376,0.4689016972046084,1,Interleaved
901,101,0,0.5627982117890086,0.5471931615273842,1,Interleaved
902,102,0,0.5973709752075969,0.42037620457535274,1,Interleaved
903,103,0,0.8086118118523311,0.42364518602854745,1,Interleaved
904,104,0,0.5896793453606319,0.5981803645040635,1,Interleaved
905,105,0,0.8761416499327894,0.45763946371193687,1,Interleaved
906,106,0,0.3625794245263972,0.3945842939949804,1,Interleaved
907,107,0,0.22521588930643913,0.5441652950788177,1,Interleaved
908,108,0,0.4622223843916196,0.40417329203196817,1,Interleaved
909,109,0,0.3334272033967084,0.5117797368435149,1,Interleaved
910,110,0,0.8474630112981819,0.40879733579036653,1,Interleaved
911,111,0,0.5236784609763635,0.425680567341298,1,Interleaved
912,112,0,0.801658947875838,0.39409589776178866,1,Interleaved
913,113,0,0.44125742086701747,0.5761780477812838,1,Interleaved
914,114,0,0.786789547188869,0.3123422600283636,1,Interleaved
915,115,0,0.27339305974166045,0.42900434681243194,1,Interleaved
916,116,0,0.7310175396288281,0.38033894570780424,1,Interleaved
917,117,0,0.345341152497493,0.3837928043882744,1,Interleaved
918,118,0,0.7479948785371191,0.3622865339229782,1,Interleaved
919,119,0,0.3449120155091511,0.4757256752962671,1,Interleaved
920,120,0,0.7991640520772241,0.39174272975450664,1,Interleaved
921,121,0,0.34603100673714604,0.509251739913177,1,Interleaved
922,122,0,0.2347578838610771,0.5645161487485595,1,Interleaved
923,123,0,0.8229263022015574,0.4211778107938487,1,Interleaved
924,124,0,0.28169794055582476,0.45649751386999304,1,Interleaved
925,125,0,0.1564570227628089,0.4938417782948807,1,Interleaved
926,126,0,0.8014700932904666,0.5527380410686463,1,Interleaved
927,127,0,0.35739253307292085,0.3914530755437544,1,Interleaved
928,128,0,0.6075473920972376,0.4454070293290934,1,Interleaved
929,129,0,0.49503206606694916,0.49859386336975164,1,Interleaved
930,130,0,0.2408945206461952,0.38439191273877493,1,Interleaved
931,131,0,0.1874738364282122,0.574401671634037,1,Interleaved
932,132,0,0.711255290521766,0.4590676673505582,1,Interleaved
933,133,0,0.6466046816654106,0.3783500977519835,1,Interleaved
934,134,0,0.6964063498311437,0.41588059806190225,1,Interleaved
935,135,0,0.25596903551622086,0.45579620985741526,1,Interleaved
936,136,0,0.530917929105905,0.45350077219999513,1,Interleaved
937,137,0,0.5862687406948319,0.516044075105421,1,Interleaved
938,138,0,0.5464760632687948,0.46727476536156276,1,Interleaved
939,139,0,0.42174707886863716,0.46398349727564064,1,Interleaved
940,140,0,0.44846915936825504,0.45042465387053954,1,Interleaved
941,141,0,0.34998230580697,0.5074228937903706,1,Interleaved
942,142,0,0.8374602500827206,0.4561214280837242,1,Interleaved
943,143,0,0.6701378237438294,0.4041028656483372,1,Interleaved
944,144,0,0.8912875063768739,0.36018574249534474,1,Interleaved
945,145,0,0.15590148003520352,0.3965162394307532,1,Interleaved
946,146,0,0.6834535545465821,0.4931621364542738,1,Interleaved
947,147,0,0.22103834473083284,0.5080414822877011,1,Interleaved
948,148,0,0.3282043424367904,0.4525002519043689,1,Interleaved
949,149,0,0.38038867972325546,0.3610984491722765,1,Interleaved
950,150,0,0.5015843182130105,0.41207228883707236,1,Interleaved
951,151,0,0.7192293464540367,0.43442768889752625,1,Interleaved
952,152,0,0.42089434170190854,0.36029347308294124,1,Interleaved
953,153,0,0.26064882547706736,0.48136859974783763,1,Interleaved
954,154,0,0.41671998124736515,0.42556940901137696,1,Interleaved
955,155,0,0.6427803369808351,0.5657749412542358,1,Interleaved
956,156,0,0.5474742742632406,0.47283811312211343,1,Interleaved
957,157,0,0.37215106161019984,0.4622171439448813,1,Interleaved
958,158,0,0.26729795306482335,0.5038187750167602,1,Interleaved
959,159,0,0.3918045039075969,0.421804702540177,1,Interleaved
960,160,0,0.2921822793946767,0.37853633179395096,1,Interleaved
961,161,0,0.5895857905694162,0.4645154388031666,1,Interleaved
962,162,0,0.3090427133454159,0.5035707134276313,1,Interleaved
963,163,0,0.5449585323576811,0.47783312013299223,1,Interleaved
964,164,0,0.8336276262287533,0.37862484112120615,1,Interleaved
965,165,0,0.5590855016625972,0.4769147040994924,1,Interleaved
966,166,0,0.202394795292226,0.51605595428457,1,Interleaved
967,167,0,0.805572984754665,0.43574298679389906,1,Interleaved
968,168,0,0.5117389109922889,0.5060537998970661,1,Interleaved
969,169,0,0.6753050150687994,0.4473528529026156,1,Interleaved
970,170,0,0.4274032397719506,0.4252830892613113,1,Interleaved
971,171,0,0.6751354123691063,0.4026645551208299,1,Interleaved
972,172,0,0.7017081120267555,0.3479466550794657,1,Interleaved
973,173,0,0.7473761317862249,0.3674867209256433,1,Interleaved
974,174,0,0.4162747698652681,0.4292439652476868,1,Interleaved
975,175,0,0.6768359872969016,0.4666344038994585,1,Interleaved
976,176,0,0.426510770507905,0.47078517507678724,1,Interleaved
977,177,0,0.676559297248466,0.4324507492385728,1,Interleaved
978,178,0,0.43067223017626655,0.33682670192449926,1,Interleaved
979,179,0,0.7764993298628187,0.35324730845980634,1,Interleaved
980,180,0,0.5839999792698982,0.4001118069605504,1,Interleaved
981,181,0,0.7095093041027855,0.5544379484147433,1,Interleaved
982,182,0,0.8323285083824961,0.3305603984001833,1,Interleaved
983,183,0,0.6581475645024624,0.40088881908427004,1,Interleaved
984,184,0,0.4881210898121874,0.6043684592177191,1,Interleaved
985,185,0,0.6167008318357223,0.38642776323110395,1,Interleaved
986,186,0,0.20944345797871386,0.4486321737200337,1,Interleaved
987,187,0,0.6784634267290003,0.46712217416095114,1,Interleaved
988,188,0,0.5476295238663409,0.40307300453281014,1,Interleaved
989,189,0,0.8467648423846293,0.3453363226765593,1,Interleaved
990,190,0,0.5904993257269585,0.4136319527354344,1,Interleaved
991,191,0,0.462178685627329,0.4974640287830313,1,Interleaved
992,192,0,0.9301893350064204,0.38443074224443874,1,Interleaved
993,193,0,0.5371043048451751,0.40113429169474124,1,Interleaved
994,194,0,0.5031896656612804,0.38228054592639293,1,Interleaved
995,195,0,0.822143807854222,0.4440406922805527,1,Interleaved
996,196,0,0.6317839274150614,0.4253818237143716,1,Interleaved
997,197,0,0.7785723779972584,0.3421392204012087,1,Interleaved
998,198,0,0.5151558792035347,0.40753613341739287,1,Interleaved
999,199,0,0.39207342806714673,0.4181549425578687,1,Interleaved
1000,0,0,0.3872992167491327,0.9343206137312245,1,Instructed
1001,1,0,0.9553656143010985,0.6004987895647556,1,Instructed
1002,2,0,0.9648270584167871,0.6865409835289429,1,Instructed
1003,3,0,0.30406314475083435,0.5220110581328763,1,Instructed
1004,4,0,0.5966209646544763,0.5075879865818236,1,Instructed
1005,5,0,0.36148156836257794,0.6367579011281355,1,Instructed
1006,6,0,0.35227553964828573,0.5088949668341585,1,Instructed
1007,7,0,0.399916513893671,0.5797179774775615,1,Instructed
1008,8,0,0.5135099671423176,0.433972205599576,1,Instructed
1009,9,0,0.36762759634497827,0.6058662125282261,1,Instructed
1010,10,0,0.6063527424046962,0.4588129961436105,1,Instructed
1011,11,0,0.39431246119538466,0.45229476062145396,1,Instructed
1012,12,0,0.6106999085700526,0.5818636172698244,1,Instructed
1013,13,0,0.4788693443301878,0.40980395877488585,1,Instructed
1014,14,0,0.3591238833838133,0.5076544490871773,1,Instructed
1015,15,0,0.7079967247311076,0.3971102315571645,1,Instructed
1016,16,0,0.17706569419862989,0.3949818856051918,1,Instructed
1017,17,0,0.5912745309449343,0.5268446066369173,1,Instructed
1018,18,0,0.08285644496482017,0.5023998964835796,1,Instructed
1019,19,0,0.6628391868590079,0.5228943484517181,1,Instructed
1020,20,0,0.5743822271749527,0.4136349250219744,1,Instructed
1021,21,0,0.7612798816426147,0.3089453032150419,1,Instructed
1022,22,0,0.4567861907589258,0.49225364426596485,1,Instructed
1023,23,0,0.8861244105482684,0.44030776390527726,1,Instructed
1024,24,0,0.4088415353394741,0.44313833088539767,1,Instructed
1025,25,0,0.26775254763258644,0.40294216530124516,1,Instructed
1026,26,0,0.4659058235562221,0.35628506249493186,1,Instructed
1027,27,0,0.41860596039678233,0.35518007428431647,1,Instructed
1028,28,0,0.4498750398928033,0.3279716579681924,1,Instructed
1029,29,0,0.8437679929722008,0.43116511911168054,1,Instructed
1030,30,0,0.5423285346967877,0.3916287879084686,1,Instructed
1031,31,0,0.3239842144888264,0.40708965026586036,1,Instructed
1032,32,0,0.43284658465229237,0.3448922315932307,1,Instructed
1033,33,0,0.19887323385797417,0.47648329298130504,1,Instructed
1034,34,0,0.743028167450224,0.3608865822073834,1,Instructed
1035,35,0,0.8333714405838576,0.3242976904304751,1,Instructed
1036,36,0,0.9151962928352458,0.36364176653824,1,Instructed
1037,37,0,0.35142265135633505,0.38219313447326725,1,Instructed
1038,38,0,0.019258294606965386,0.469304478965186,1,Instructed
1039,39,0,0.4418191081683538,0.31514864977246715,1,Instructed
1040,40,0,0.08754750131637672,0.4799309702889083,1,Instructed
1041,41,0,0.8415195613201408,0.33025850585486,1,Instructed
1042,42,0,0.530554998690536,0.2891484993004563,1,Instructed
1043,43,0,0.8894794215076034,0.35361210764158035,1,Instructed
1044,44,0,0.08651015148838424,0.522235912601444,1,Instructed
1045,45,0,0.7820533829564216,0.36395054472040445,1,Instructed
1046,46,0,0.44690842962568067,0.42657547842863636,1,Instructed
1047,47,0,0.17266147594646042,0.38700353112916464,1,Instructed
1048,48,0,0.3189322124297953,0.42042148288543607,1,Instructed
1049,49,0,0.5957331776022234,0.5744538081557239,1,Instructed
1050,50,0,0.4059752662641937,0.4153786446734852,1,Instructed
1051,51,0,0.44388259328635576,0.6106595777204015,1,Instructed
1052,52,0,0.49232111638168485,0.29144265517136303,1,Instructed
1053,53,0,0.5836323391928185,0.3111789427447226,1,Instructed
1054,54,0,0.42164963698643093,0.41364434892556057,1,Instructed
1055,55,0,0.30204348053807867,0.3608998240500821,1,Instructed
1056,56,0,0.6532815135146882,0.3166192890124739,1,Instructed
1057,57,0,0.4240112146295226,0.3493493454803407,1,Instructed
1058,58,0,0.7976818473554577,0.38959231222096724,1,Instructed
1059,59,0,0.612608907853761,0.37128298662436615,1,Instructed
1060,60,0,0.9516949797995533,0.28873754884432745,1,Instructed
1061,61,0,0.7409950932798421,0.30987244497146416,1,Instructed
1062,62,0,0.05266802719272049,0.46891328972631385,1,Instructed
1063,63,0,0.344989408044627,0.3433320245867846,1,Instructed
1064,64,0,0.1326838134452717,0.33670024787584235,1,Instructed
1065,65,0,0.7594236143101112,0.31839233763264774,1,Instructed
1066,66,0,0.4832213340715691,0.3728956925320235,1,Instructed
1067,67,0,0.44090970003282776,0.33892944649279655,1,Instructed
1068,68,0,0.6688345149992191,0.44646930493690534,1,Instructed
1069,69,0,0.5190203456997781,0.4259421626639386,1,Instructed
1070,70,0,0.8610777152878377,0.2951450097605248,1,Instructed
1071,71,0,0.4280970867353249,0.3412053267211916,1,Instructed
1072,72,0,0.9312115036999504,0.32518621563817773,1,Instructed
1073,73,0,0.49302887861593186,0.3542613332070652,1,Instructed
1074,74,0,0.0229255750002021,0.4915681615963784,1,Instructed
1075,75,0,0.6803274287820316,0.26383871200067155,1,Instructed
1076,76,0,0.9318684758196394,0.3768289286400388,1,Instructed
1077,77,0,0.30484624910913116,0.33368886353007676,1,Instructed
1078,78,0,0.07652630447456685,0.5305556018126019,1,Instructed
1079,79,0,0.6033066201566835,0.3252854326347835,1,Instructed
1080,80,0,0.6836375494147015,0.26905894494205335,1,Instructed
1081,81,0,0.36966436026212696,0.36680019707224454,1,Instructed
1082,82,0,0.458032412958415,0.3978121459854807,1,Instructed
1083,83,0,0.30128845380386077,0.4114024570768551,1,Instructed
1084,84,0,0.8285784893406054,0.3342023271320168,1,Instructed
1085,85,0,0.7240876501324414,0.28811182409335245,1,Instructed
1086,86,0,0.7356766933642215,0.27502896675593286,1,Instructed
1087,87,0,0.3975438981980609,0.4272741586108305,1,Instructed
1088,88,0,0.16720190486208442,0.37601113759607774,1,Instructed
1089,89,0,0.6311057009945198,0.3648483686219162,1,Instructed
1090,90,0,0.8265394264854404,0.23163063979719625,1,Instructed
1091,91,0,0.5664619973631597,0.3573671720108581,1,Instructed
1092,92,0,0.8831277817164264,0.3727445821334265,1,Instructed
1093,93,0,0.41144770042359363,0.37737170788016783,1,Instructed
1094,94,0,0.13668651953135824,0.44858870709153714,1,Instructed
1095,95,0,0.5798380434858633,0.38498204525900426,1,Instructed
1096,96,0,0.8545300601279574,0.35810072345830535,1,Instructed
1097,97,0,0.6649055669345094,0.35097464103433185,1,Instructed
1098,98,0,0.12888041502284026,0.30765799529220195,1,Instructed
1099,99,0,0.5847561290171712,0.4689614375202156,1,Instructed
1100,100,0,0.17815871543205197,0.43815585900695775,1,Instructed
1101,101,0,0.5138249248150039,0.4355736566421099,1,Instructed
1102,102,0,0.8762626540293924,0.2839042232478225,1,Instructed
1103,103,0,0.5243755160441061,0.3457553593651205,1,Instructed
1104,104,0,0.3378777880045671,0.45047668664301543,1,Instructed
1105,105,0,0.38473076872007433,0.4314519429054541,1,Instructed
1106,106,0,0.40714906482365,0.3876262408709814,1,Instructed
1107,107,0,0.3344233653497369,0.3392730252603622,1,Instructed
1108,108,0,0.8255586160502582,0.36435872676893344,1,Instructed
1109,109,0,0.48480771666105427,0.30686827465380195,1,Instructed
1110,110,0,0.8167034625027081,0.3785780765957744,1,Instructed
1111,111,0,0.6106612673258458,0.2993376859441645,1,Instructed
1112,112,0,0.48972426426163274,0.42034489319345514,1,Instructed
1113,113,0,0.12519242369592531,0.337096016816508,1,Instructed
1114,114,0,0.36200206122814765,0.3758936581814643,1,Instructed
1115,115,0,0.1977612871761913,0.3302136973169719,1,Instructed
1116,116,0,0.945299280677618,0.31271934506556476,1,Instructed
1117,117,0,0.3300955062719819,0.39841871042258786,1,Instructed
1118,118,0,0.03231228096070459,0.3593541037398817,1,Instructed
1119,119,0,0.5225622575957942,0.3352013516097755,1,Instructed
1120,120,0,0.862738977318046,0.2305009868801795,1,Instructed
1121,121,0,0.42316516846160124,0.36414179271670977,1,Instructed
1122,122,0,0.7229394653019661,0.4857575109557674,1,Instructed
1123,123,0,0.6680236549255141,0.3428955150562123,1,Instructed
1124,124,0,0.7060669714106069,0.3575611468904514,1,Instructed
1125,125,0,0.6249928526822482,0.2934270685477251,1,Instructed
1126,126,0,0.7637812592526415,0.37421364805704865,1,Instructed
1127,127,0,0.6083852111926253,0.2602847795309544,1,Instructed
1128,128,0,0.8761508515441273,0.21098476002814132,1,Instructed
1129,129,0,0.2636837162980278,0.5522942214225706,1,Instructed
1130,130,0,0.7710336675319331,0.4360591896991928,1,Instructed
1131,131,0,0.5275713878836302,0.2871443689716215,1,Instructed
1132,132,0,0.8887349623613441,0.2878944496160647,1,Instructed
1133,133,0,0.4607542165870644,0.3444102402058439,1,Instructed
1134,134,0,0.6269271830882956,0.2967183218500632,1,Instructed
1135,135,0,0.3477222880409336,0.31440138556336983,1,Instructed
1136,136,0,0.015514970850809079,0.4681804338529233,1,Instructed
1137,137,0,0.5028315930626777,0.30906100373556716,1,Instructed
1138,138,0,0.7701603570738573,0.24861339557653506,1,Instructed
1139,139,0,0.5284273543740418,0.42741309238259706,1,Instructed
1140,140,0,0.8302899081431052,0.35208329758936785,1,Instructed
1141,141,0,0.5867154648435977,0.3783203397724043,1,Instructed
1142,142,0,0.5201240831294485,0.28091491715663,1,Instructed
1143,143,0,0.20673715745863758,0.3500483713677711,1,Instructed
1144,144,0,0.7497548161013549,0.27506498536971014,1,Instructed
1145,145,0,0.8096395635040852,0.2896065680869687,1,Instructed
1146,146,0,0.2080057430504038,0.32524705369585316,1,Instructed
1147,147,0,0.2442194841296792,0.3981789721602913,1,Instructed
1148,148,0,0.14712427185429092,0.2783603419608375,1,Instructed
1149,149,0,0.12668711180085337,0.3714994040485248,1,Instructed
1150,150,0,0.9571612408728678,0.16575724549700802,1,Instructed
1151,151,0,0.5448927796855978,0.24445792294669827,1,Instructed
1152,152,0,0.13422184382755664,0.4498591190457376,1,Instructed
1153,153,0,0.6383935698476795,0.261337163913436,1,Instructed
1154,154,0,0.7327707170345581,0.20011959236230295,1,Instructed
1155,155,0,0.690222086622339,0.3350947327769319,1,Instructed
1156,156,0,0.6574851821475589,0.2737521703363842,1,Instructed
1157,157,0,0.7268078422805739,0.3200937223916359,1,Instructed
1158,158,0,0.6627929059229538,0.24221497979692852,1,Instructed
1159,159,0,0.22485734972127044,0.3619875174629965,1,Instructed
1160,160,0,0.11043894414476854,0.4078819646774613,1,Instructed
1161,161,0,0.26478955148871647,0.18614131892173724,1,Instructed
1162,162,0,0.4824167867716932,0.27522323686584704,1,Instructed
1163,163,0,0.1563544984554136,0.3197191822249622,1,Instructed
1164,164,0,0.6158790352667238,0.280449797924298,1,Instructed
1165,165,0,0.39872132193017357,0.36631697150979403,1,Instructed
1166,166,0,0.3755350186419037,0.31141193393570166,1,Instructed
1167,167,0,0.788304492253465,0.28047866914410086,1,Instructed
1168,168,0,0.2352685021581663,0.3595221168797515,1,Instructed
1169,169,0,0.902280520325645,0.23023228852695787,1,Instructed
1170,170,0,0.7042970892194396,0.3513897732122322,1,Instructed
1171,171,0,0.6742659886648406,0.4189052143333835,1,Instructed
1172,172,0,0.5342146375082745,0.17723315865238137,1,Instructed
1173,173,0,0.6756020481881411,0.21043024217055933,1,Instructed
1174,174,0,0.32353025297084415,0.2713607735795789,1,Instructed
1175,175,0,0.3082062399236007,0.28434373393810325,1,Instructed
1176,176,0,0.5087204871249194,0.3133638517810283,1,Instructed
1177,177,0,0.469626955721842,0.2522007700336443,1,Instructed
1178,178,0,0.7454535150189312,0.3676999067891042,1,Instructed
1179,179,0,0.6621430860389066,0.3296627961974411,1,Instructed
1180,180,0,0.5370838179365537,0.3931710670485899,1,Instructed
1181,181,0,0.5341089637685348,0.3196609748814215,1,Instructed
1182,182,0,0.7227717888673149,0.2896440356948139,1,Instructed
1183,183,0,0.5530687011408734,0.21432608975342282,1,Instructed
1184,184,0,0.883079971919879,0.1920750800521923,1,Instructed
1185,185,0,0.7534897259652125,0.2831073585521251,1,Instructed
1186,186,0,0.6625070618775943,0.262382908858794,1,Instructed
1187,187,0,0.4311094990011629,0.21850603719670225,1,Instructed
1188,188,0,0.3072681875952661,0.37410494042508113,1,Instructed
1189,189,0,0.5059090129442202,0.44189256843925384,1,Instructed
1190,190,0,0.334817536667956,0.3651653749843018,1,Instructed
1191,191,0,0.6726961783001519,0.262658937035684,1,Instructed
1192,192,0,0.8527538094752112,0.3846513395213359,1,Instructed
1193,193,0,0.9461784145389445,0.24537781093684458,1,Instructed
1194,194,0,0.31438753407583975,0.3026212315750563,1,Instructed
1195,195,0,0.7844760242319494,0.3087438033405322,1,Instructed
1196,196,0,0.6604917598251931,0.2806966509438572,1,Instructed
1197,197,0,0.4327624963672036,0.32999161767914953,1,Instructed
1198,198,0,0.7278754159660317,0.284368247986402,1,Instructed
1199,199,0,0.7474013235537705,0.2527806261750997,1,Instructed
