,t,e_hat,Accuracy,pe,batch,Condition
0,0,0,0.236684829172191,0.8546791898188675,0,Blocked
1,1,0,0.002294540107903242,0.9518452478171389,0,Blocked
2,2,0,0.11484150841896903,0.8129447385137217,0,Blocked
3,3,0,0.9968542785523665,0.6693573025865726,0,Blocked
4,4,0,0.5969917188364766,0.8068056602013925,0,Blocked
5,5,0,0.009154840235621317,0.6553872321917902,0,Blocked
6,6,0,0.376941703050671,0.9965429246764008,0,Blocked
7,7,0,0.9409922053529864,0.8417307699009802,0,Blocked
8,8,0,0.8112901169694563,0.7227280842543271,0,Blocked
9,9,0,0.5144210505489962,0.744035964007274,0,Blocked
10,10,0,0.9990652270389191,0.713246247974459,0,Blocked
11,11,0,0.5043140662975846,0.678892345262556,0,Blocked
12,12,0,0.7338013586512239,0.48882489894554154,0,Blocked
13,13,0,0.2100985571492304,0.6529191953399623,0,Blocked
14,14,0,0.024411829992662306,0.932859303009941,0,Blocked
15,15,0,0.9998064099498951,0.6589077344209837,0,Blocked
16,16,0,0.9681823995727132,0.7968087416505534,0,Blocked
17,17,0,0.05180308484079281,0.7991437134275781,0,Blocked
18,18,0,0.9994346413558808,0.6913941377961688,0,Blocked
19,19,0,0.7865654107916316,0.6059174423179416,0,Blocked
20,20,0,0.47989028258795546,0.7203648395587197,0,Blocked
21,21,0,0.01938549658619261,0.8343160202568827,0,Blocked
22,22,0,0.39458805616249804,0.8553877156660374,0,Blocked
23,23,0,0.9935297625050272,0.5902151271647704,0,Blocked
24,24,0,0.7613465107107873,0.5250584283576507,0,Blocked
25,25,0,0.47861061817783535,0.5947915570838809,0,Blocked
26,26,0,0.23680022545485277,0.9523264128120428,0,Blocked
27,27,0,0.9888884180327882,0.6097786379751324,0,Blocked
28,28,0,0.5023921292746351,0.7327791978084655,0,Blocked
29,29,0,0.6272103300632041,0.6810163558931747,0,Blocked
30,30,0,0.6495537120523815,0.9234489516301734,0,Blocked
31,31,0,0.39906251548480726,0.7838742604192093,0,Blocked
32,32,0,0.9226094247043453,0.6231224457094735,0,Blocked
33,33,0,0.49978751665679216,1.0053664516656404,0,Blocked
34,34,0,0.7154833339552525,0.8649688810954186,0,Blocked
35,35,0,0.5483680454909665,0.7260925679304464,0,Blocked
36,36,0,0.998499839597722,0.46830497290705764,0,Blocked
37,37,0,0.5119871595689789,0.6427561461054505,0,Blocked
38,38,0,0.5034360886288988,0.9574266404931513,0,Blocked
39,39,0,0.982185520733821,0.565641962403674,0,Blocked
40,40,0,0.9072210767856508,0.5164507268496643,0,Blocked
41,41,0,0.03583981890502467,0.6329142293279727,0,Blocked
42,42,0,0.19080893672859434,1.2028006856194295,0,Blocked
43,43,0,0.9445610635496823,0.787010848769931,0,Blocked
44,44,0,0.4971769715244258,0.9080482182288204,0,Blocked
45,45,0,0.0474956564870724,0.9617184371459727,0,Blocked
46,46,0,0.35018220264983446,0.7055293545133005,0,Blocked
47,47,0,0.00867198719980264,0.7704782673068786,0,Blocked
48,48,0,0.962940432571618,0.6392033681234865,0,Blocked
49,49,0,0.023337651064119815,0.7817300709866992,0,Blocked
50,50,0,0.04566606714296298,0.7646133309670113,0,Blocked
51,51,0,0.9962797385016695,0.8129486315331205,0,Blocked
52,52,0,0.0033631324279411565,0.786631723831686,0,Blocked
53,53,0,0.011877834668233571,0.8810800125419351,0,Blocked
54,54,0,0.9922172279503951,0.7175639823803122,0,Blocked
55,55,0,0.20447628885237704,0.6224472586772084,0,Blocked
56,56,0,0.6509768396517713,0.5259248062916959,0,Blocked
57,57,0,0.3683577711888788,0.6136703918503907,0,Blocked
58,58,0,0.26948872998458473,0.8452237019861772,0,Blocked
59,59,0,0.97012154488272,0.7897643324443191,0,Blocked
60,60,0,0.88158223694845,0.5412388636221763,0,Blocked
61,61,0,0.457619875418257,0.7764694650016695,0,Blocked
62,62,0,0.9171606713410616,0.5594107532816113,0,Blocked
63,63,0,0.5051140717468615,0.8429431877803486,0,Blocked
64,64,0,0.2423478199890739,1.0711771239082175,0,Blocked
65,65,0,0.2596300478473393,0.6537550887678487,0,Blocked
66,66,0,0.8500308983701861,1.0976729405519101,0,Blocked
67,67,0,0.8968947949405655,0.762073361621284,0,Blocked
68,68,0,0.9238125077383892,0.5649776881405231,0,Blocked
69,69,0,0.36605066606250763,0.9023789172793586,0,Blocked
70,70,0,0.8848422854840852,0.9555252152077356,0,Blocked
71,71,0,0.7679861114305925,0.6375062051303833,0,Blocked
72,72,0,0.0935766075141179,0.7546839002854369,0,Blocked
73,73,0,0.9375785431753906,0.606275057637194,0,Blocked
74,74,0,0.3688458368578046,0.6641143669711487,0,Blocked
75,75,0,0.5191987335147861,0.744128832393691,0,Blocked
76,76,0,0.9837778786539527,0.6935400855306328,0,Blocked
77,77,0,0.14092217656395217,0.5861078328538751,0,Blocked
78,78,0,0.4686069734324247,0.755782967137389,0,Blocked
79,79,0,0.06310829764782966,0.700093846665055,0,Blocked
80,80,0,0.5498996743815309,0.8319907286716848,0,Blocked
81,81,0,0.8796848787901504,0.5777368044504226,0,Blocked
82,82,0,0.14385226771207443,0.7662292230807268,0,Blocked
83,83,0,0.07346964708544639,0.7523138605792465,0,Blocked
84,84,0,0.31582547093588176,0.6488003171268646,0,Blocked
85,85,0,0.9377756140088058,0.6363688447864089,0,Blocked
86,86,0,0.5743928910782201,0.640178614648751,0,Blocked
87,87,0,0.6567810395479191,0.8185275188997607,0,Blocked
88,88,0,0.9484312649846474,0.7164898158242654,0,Blocked
89,89,0,0.09901410541546943,0.6185986313299787,0,Blocked
90,90,0,0.9731623863222163,0.5010041857784411,0,Blocked
91,91,0,0.6429158180613679,0.5819874595867836,0,Blocked
92,92,0,0.5127066255216571,0.8546608998026824,0,Blocked
93,93,0,0.011475939361610876,0.6476585389114988,0,Blocked
94,94,0,0.04628072428518475,0.8593296896151298,0,Blocked
95,95,0,0.9922120443561918,0.619766584735121,0,Blocked
96,96,0,0.5740156907163488,0.7904631737274799,0,Blocked
97,97,0,0.05975203984280773,1.1182111074418633,0,Blocked
98,98,0,0.008045897622194152,0.9581019576904671,0,Blocked
99,99,0,0.5997690635513453,1.0973473811010788,0,Blocked
100,100,0,0.060045741120019425,0.8838721891789202,0,Blocked
101,101,0,0.06502656299235479,0.7796355786993625,0,Blocked
102,102,0,0.007379602385694616,0.7413261932326696,0,Blocked
103,103,0,0.9983346077830471,0.7094058182393895,0,Blocked
104,104,0,0.1287178345131259,0.5353913407013936,0,Blocked
105,105,0,0.6228603052342756,0.5850504984813542,0,Blocked
106,106,0,0.4837358793249144,0.6121273021516178,0,Blocked
107,107,0,0.06630395247748502,0.6950064736935648,0,Blocked
108,108,0,0.009334439491241936,0.9665005577995831,0,Blocked
109,109,0,0.8920268859002131,0.46056342088424596,0,Blocked
110,110,0,0.3421672638965561,0.5374796763065738,0,Blocked
111,111,0,0.26906396181480896,0.6069717085307518,0,Blocked
112,112,0,0.5103522664201198,0.5196698694508681,0,Blocked
113,113,0,0.7153112341156218,0.6263752601656443,0,Blocked
114,114,0,0.8571686811206096,0.587341771765953,0,Blocked
115,115,0,0.5147662258400134,0.569258013691935,0,Blocked
116,116,0,0.8684522901558,0.4542432046877353,0,Blocked
117,117,0,0.8960378834599223,0.6913668665541911,0,Blocked
118,118,0,0.9274225720819915,0.6692465265108458,0,Blocked
119,119,0,0.6369378338701082,0.8915646235003404,0,Blocked
120,120,0,0.6633226693118148,0.6000097621925544,0,Blocked
121,121,0,0.2468733534669841,0.6477270615357342,0,Blocked
122,122,0,0.2353808485296706,0.556114704222455,0,Blocked
123,123,0,0.9101336707775585,0.6239424115672503,0,Blocked
124,124,0,0.3256790561799932,0.5264937492169379,0,Blocked
125,125,0,0.4011501426461347,0.7400152430178079,0,Blocked
126,126,0,0.023907762804946664,0.8260481647450499,0,Blocked
127,127,0,0.9039389480460659,0.5924876076919783,0,Blocked
128,128,0,0.8844647256539444,0.6293795070408272,0,Blocked
129,129,0,0.6269567704348364,0.6291553455001435,0,Blocked
130,130,0,0.5659526116366222,0.7974612693817288,0,Blocked
131,131,0,0.500497048343831,2.3437025947803143,0,Blocked
132,132,0,0.9642748843706068,1.2750482800706007,0,Blocked
133,133,0,0.794133062178731,0.7343295282128094,0,Blocked
134,134,0,0.5001100731567876,1.1210834455847825,0,Blocked
135,135,0,0.49694540965288864,1.008714837789173,0,Blocked
136,136,0,0.47104426227892543,0.637422995728745,0,Blocked
137,137,0,0.5350276343445313,0.8018478250262989,0,Blocked
138,138,0,0.5237295400475003,0.4936044762075985,0,Blocked
139,139,0,0.4505205227910592,0.5729156629325645,0,Blocked
140,140,0,0.4982185692585751,0.7054150325353727,0,Blocked
141,141,0,0.011921035066621228,0.9608553693516545,0,Blocked
142,142,0,0.05170759092741938,0.729000469353984,0,Blocked
143,143,0,0.9892521970458,0.4626952800359535,0,Blocked
144,144,0,0.8316366768721823,0.6380874092366551,0,Blocked
145,145,0,0.8308143525754439,0.5662167383671829,0,Blocked
146,146,0,0.4953148948337997,0.4954692583417192,0,Blocked
147,147,0,0.436316004998052,0.8387244943979935,0,Blocked
148,148,0,0.5340706718929505,0.6728409724489559,0,Blocked
149,149,0,0.9433075832071001,0.6728405964624581,0,Blocked
150,150,0,0.870133391133125,0.4750836478553718,0,Blocked
151,151,0,0.48233611217200195,0.5869639931163795,0,Blocked
152,152,0,0.7225444208489962,0.6946244571881101,0,Blocked
153,153,0,0.7748620773479866,0.7045197287722185,0,Blocked
154,154,0,0.6307882166061012,0.6336456893959459,0,Blocked
155,155,0,0.6682101748356145,0.7747284234228449,0,Blocked
156,156,0,0.9013172433842205,0.868376195093669,0,Blocked
157,157,0,0.2846369454424844,0.5022243293884981,0,Blocked
158,158,0,0.09033252185413498,0.7998219637569153,0,Blocked
159,159,0,0.8958069031768561,0.5361829888714216,0,Blocked
160,160,0,0.5012464908045804,4.047250939840552,0,Blocked
161,161,0,0.8066083364043746,0.7260301529604256,0,Blocked
162,162,0,0.4955769394336512,0.8926383078539589,0,Blocked
163,163,0,0.131428536959482,0.6312234002037127,0,Blocked
164,164,0,0.21334731834155404,0.6775344444380116,0,Blocked
165,165,0,0.6063470088268639,0.6669653878903463,0,Blocked
166,166,0,0.6170369414182844,0.5028620525680388,0,Blocked
167,167,0,0.21116726954959145,0.5994107841670993,0,Blocked
168,168,0,0.9647400813854591,0.6053136457360895,0,Blocked
169,169,0,0.00884481193802339,1.2000491833994444,0,Blocked
170,170,0,0.6384560307093661,1.226465413189084,0,Blocked
171,171,0,0.5153446836314821,0.7044212895004158,0,Blocked
172,172,0,0.1535841688655925,0.8524643594633883,0,Blocked
173,173,0,0.43412694037821303,0.438814491981234,0,Blocked
174,174,0,0.3284735418544847,0.7445168288837397,0,Blocked
175,175,0,0.04351504253727913,0.7304389605325463,0,Blocked
176,176,0,0.8535533192881516,0.7480365918594061,0,Blocked
177,177,0,0.12634120969221707,0.42330364191774417,0,Blocked
178,178,0,0.42039055088429217,0.5259099962161948,0,Blocked
179,179,0,0.5330202056594799,0.5571188473522717,0,Blocked
180,180,0,0.2955477487167031,0.835804937806768,0,Blocked
181,181,0,0.016264725842681724,0.6638348735119282,0,Blocked
182,182,0,0.9887862293736571,0.4105720462798548,0,Blocked
183,183,0,0.19057546441527298,0.8457696293753563,0,Blocked
184,184,0,0.5169993996804964,0.6692411658076994,0,Blocked
185,185,0,0.4195604919019069,0.7726943150666536,0,Blocked
186,186,0,0.9993492845995817,0.6548308447574376,0,Blocked
187,187,0,0.45825808723600625,0.8349062202463517,0,Blocked
188,188,0,0.17950404004278384,0.8877191043316764,0,Blocked
189,189,0,0.9616135687661396,0.6973304475718538,0,Blocked
190,190,0,0.9192424799889434,0.4659139480210688,0,Blocked
191,191,0,0.35036270612724785,0.7692496030126779,0,Blocked
192,192,0,0.4634800418626864,0.6623090920330567,0,Blocked
193,193,0,0.615862645315729,0.6570308185158162,0,Blocked
194,194,0,0.7921447158886916,0.7412533985224714,0,Blocked
195,195,0,0.9825154549758096,0.7979637541514364,0,Blocked
196,196,0,0.4047084039690536,0.9048327295513412,0,Blocked
197,197,0,0.022044236728888424,1.0370344009875498,0,Blocked
198,198,0,0.4947343658330131,0.7608259703733645,0,Blocked
199,199,0,0.29243733764468993,0.6310925644747132,0,Blocked
200,0,0,0.27041958064373384,0.9631356100827191,0,Interleaved
201,1,0,0.49508377347770505,0.8321800297071629,0,Interleaved
202,2,0,0.42319971972204173,0.6876436295684822,0,Interleaved
203,3,0,0.5576671774304367,0.6963244859404436,0,Interleaved
204,4,0,0.844712860199612,0.6621459455953063,0,Interleaved
205,5,0,0.9850147143858499,0.4528830323710573,0,Interleaved
206,6,0,0.27160959614615937,0.477369437953473,0,Interleaved
207,7,0,0.39535639459257155,0.8750169690416785,0,Interleaved
208,8,0,0.9792989206715941,1.0829389161900687,0,Interleaved
209,9,0,0.2842164558320821,0.6453678413256927,0,Interleaved
210,10,0,0.45951829034820674,0.6981401797983982,0,Interleaved
211,11,0,0.9987699110654131,0.6310722737623387,0,Interleaved
212,12,0,0.45462256512132343,0.7690658671820392,0,Interleaved
213,13,0,0.24515700333426185,0.6433206813879108,0,Interleaved
214,14,0,0.9272307694331489,0.6918132932348542,0,Interleaved
215,15,0,0.038691266616184314,0.7069373806178767,0,Interleaved
216,16,0,0.8986562034550353,1.1318856503539307,0,Interleaved
217,17,0,0.7994539479041536,0.41024673615797874,0,Interleaved
218,18,0,0.18496937967827412,0.6318142911036655,0,Interleaved
219,19,0,0.9552910230978134,0.5649493479425114,0,Interleaved
220,20,0,0.5230668758015499,0.8982610557978279,0,Interleaved
221,21,0,0.798950679021698,0.6300883630517591,0,Interleaved
222,22,0,0.36480261463798835,1.5240813665500943,0,Interleaved
223,23,0,0.9892703109236973,0.9071594638222384,0,Interleaved
224,24,0,0.010555185920579708,0.8154400871807034,0,Interleaved
225,25,0,0.9153075977036937,0.874961504259993,0,Interleaved
226,26,0,0.011284549414456144,1.2760482748152646,0,Interleaved
227,27,0,0.2646182913087372,0.7120042158764088,0,Interleaved
228,28,0,0.5350450119598602,0.730332637928826,0,Interleaved
229,29,0,0.46787648918977737,0.5647774833650698,0,Interleaved
230,30,0,0.487007352615826,0.48029588379778465,0,Interleaved
231,31,0,0.09763299505876431,0.8743264004026812,0,Interleaved
232,32,0,0.4166124312494798,0.8301707420656462,0,Interleaved
233,33,0,0.4830084450126091,0.5766015401365339,0,Interleaved
234,34,0,0.8222928133886369,0.7353613099369043,0,Interleaved
235,35,0,0.6866601818240331,0.5888301592660443,0,Interleaved
236,36,0,0.3625911595973294,0.6575818893079544,0,Interleaved
237,37,0,0.7462993704375118,0.9409463831410059,0,Interleaved
238,38,0,0.9214183022486224,0.8156537015249121,0,Interleaved
239,39,0,0.5029770868927612,0.7223597729124979,0,Interleaved
240,40,0,0.4842380290771674,0.7867742007496189,0,Interleaved
241,41,0,0.12148142307855456,0.6787315691840125,0,Interleaved
242,42,0,0.07868134786840529,0.5982311461949583,0,Interleaved
243,43,0,0.8733994267599638,0.7074106152229431,0,Interleaved
244,44,0,0.0322538144129552,0.8561138652823679,0,Interleaved
245,45,0,0.8106721822785198,0.7224951500087924,0,Interleaved
246,46,0,0.5083913201277555,0.6569158921025268,0,Interleaved
247,47,0,0.9841566725473463,0.6145959843819632,0,Interleaved
248,48,0,0.5000919539660286,1.531027879295801,0,Interleaved
249,49,0,0.49511592935537496,0.9718738511527667,0,Interleaved
250,50,0,0.019799690039721946,0.8267269540814612,0,Interleaved
251,51,0,0.32327138054253646,0.7910622072640712,0,Interleaved
252,52,0,0.4181812664350751,0.8095922816482346,0,Interleaved
253,53,0,0.37276477429704025,0.693913342600714,0,Interleaved
254,54,0,0.9902305349942234,0.749995718243071,0,Interleaved
255,55,0,0.30629868059762705,0.8159870274099161,0,Interleaved
256,56,0,0.5816806925113338,0.5431734122776649,0,Interleaved
257,57,0,0.49677010236319075,0.5192506870249318,0,Interleaved
258,58,0,0.18462841960396326,0.5264489256455621,0,Interleaved
259,59,0,0.5724888106636884,0.631283830321897,0,Interleaved
260,60,0,0.08200001331940794,0.8758998712951828,0,Interleaved
261,61,0,0.503701124743825,0.6225631228788948,0,Interleaved
262,62,0,0.41119966609776637,0.8544897332365073,0,Interleaved
263,63,0,0.039661655588542594,0.7250650986597159,0,Interleaved
264,64,0,0.2323372664943208,0.8133169891060112,0,Interleaved
265,65,0,0.793588531369777,0.5097107201531053,0,Interleaved
266,66,0,0.07899410809973208,0.4631871216859592,0,Interleaved
267,67,0,0.9886696205415817,0.3782742457823109,0,Interleaved
268,68,0,0.5043263205589524,0.8330319292905857,0,Interleaved
269,69,0,0.5002406736860417,0.8284747025992133,0,Interleaved
270,70,0,0.4618181765126825,0.6038759180179869,0,Interleaved
271,71,0,0.7381112249269378,0.5453522134514622,0,Interleaved
272,72,0,0.5552271044618288,0.5521112875951756,0,Interleaved
273,73,0,0.47332332929003895,0.708007279904669,0,Interleaved
274,74,0,0.06052293143592635,0.933165371031986,0,Interleaved
275,75,0,0.4957317445682515,0.9718798417990698,0,Interleaved
276,76,0,0.9829902982664369,6.001719122122736,0,Interleaved
277,77,0,0.42971343231678083,1.1719455108519237,0,Interleaved
278,78,0,0.1358522858876563,0.6104590501409687,0,Interleaved
279,79,0,0.4241856664114237,0.6931573688142693,0,Interleaved
280,80,0,0.0035518953236440064,0.7625018795917851,0,Interleaved
281,81,0,0.6822346621490849,0.6440873721753921,0,Interleaved
282,82,0,0.5057115041905179,0.8496274153015279,0,Interleaved
283,83,0,0.9439715832510343,0.5346114856191572,0,Interleaved
284,84,0,0.695219353323121,0.44382472576031695,0,Interleaved
285,85,0,0.13969354020498972,0.48013793700920215,0,Interleaved
286,86,0,0.08583961543044666,0.6327237951355238,0,Interleaved
287,87,0,0.9914634817683463,0.49597836068930046,0,Interleaved
288,88,0,0.8666273268385107,0.39414669146933984,0,Interleaved
289,89,0,0.42351796898660804,0.6317094898321518,0,Interleaved
290,90,0,0.5658501110542765,0.7509327511407573,0,Interleaved
291,91,0,0.10361531772259545,0.7893949521354151,0,Interleaved
292,92,0,0.19008985249950536,0.6341555503118839,0,Interleaved
293,93,0,0.3393583745453732,0.792556524425676,0,Interleaved
294,94,0,0.4945477797336351,0.7849026745503533,0,Interleaved
295,95,0,0.011409645502422976,0.7161304790730446,0,Interleaved
296,96,0,0.9767301125336549,0.4989637056956088,0,Interleaved
297,97,0,0.3990847953055921,0.7483268493943336,0,Interleaved
298,98,0,0.478287319707437,0.706329103388055,0,Interleaved
299,99,0,0.28651004512144096,0.6644860493467306,0,Interleaved
300,100,0,0.9924669118026452,0.6151983941782966,0,Interleaved
301,101,0,0.4253617996841678,0.7583831149797832,0,Interleaved
302,102,0,0.7973300250123885,0.7687107118368097,0,Interleaved
303,103,0,0.019490384739663247,0.7219286928266772,0,Interleaved
304,104,0,0.5494184974899685,0.5725472617162165,0,Interleaved
305,105,0,0.5886671258009071,0.46808197211921954,0,Interleaved
306,106,0,0.6199845804116394,0.5848798434398396,0,Interleaved
307,107,0,0.8342876684669305,0.7183051009276364,0,Interleaved
308,108,0,0.2578517350478268,0.6483442621041239,0,Interleaved
309,109,0,0.32703234374647144,0.5171300843769786,0,Interleaved
310,110,0,0.7603789384049164,0.504748779701117,0,Interleaved
311,111,0,0.9576227911699199,0.5489438461352938,0,Interleaved
312,112,0,0.8551093253724866,0.6943219069257549,0,Interleaved
313,113,0,0.47017364502212367,0.7865699049277706,0,Interleaved
314,114,0,0.3120613636545503,0.4688716445373202,0,Interleaved
315,115,0,0.5101935522381437,0.439284770782147,0,Interleaved
316,116,0,0.11056824554350882,0.5839759449111019,0,Interleaved
317,117,0,0.363914984192965,0.8248175143031883,0,Interleaved
318,118,0,0.910801338089126,0.6906905073708038,0,Interleaved
319,119,0,0.7801380509972735,0.47448084781675937,0,Interleaved
320,120,0,0.2406456697194735,0.6047731311117068,0,Interleaved
321,121,0,0.48501066279958926,0.6773907915574522,0,Interleaved
322,122,0,1.9900075270222855e-10,6.340209571160108,0,Interleaved
323,123,0,0.40370423076752543,1.163561528285722,0,Interleaved
324,124,0,0.9800676877652346,0.4924352185878511,0,Interleaved
325,125,0,0.6329100861380276,0.7601710789978714,0,Interleaved
326,126,0,0.4481953319903431,0.6166948462821564,0,Interleaved
327,127,0,0.09698590828359353,0.6223068288568944,0,Interleaved
328,128,0,0.6124612745786814,0.5672358270899531,0,Interleaved
329,129,0,0.7867764747353799,0.7829484999865439,0,Interleaved
330,130,0,0.24747489250787472,0.8908481833787165,0,Interleaved
331,131,0,0.4990498842098359,0.8384190105553027,0,Interleaved
332,132,0,0.009079444656003674,0.7927293960516684,0,Interleaved
333,133,0,0.8951626969656206,0.7062484422194103,0,Interleaved
334,134,0,0.8564939810437291,0.6345349523240628,0,Interleaved
335,135,0,0.7599360440576052,0.39779529031268845,0,Interleaved
336,136,0,0.1927906520367095,0.6938709407583419,0,Interleaved
337,137,0,0.44050803418749646,0.6236253669076934,0,Interleaved
338,138,0,0.37821600964542557,0.7979032447868875,0,Interleaved
339,139,0,0.48411532217868264,0.8200191121173623,0,Interleaved
340,140,0,0.05253704929823298,0.9416738550382462,0,Interleaved
341,141,0,0.001338758609733951,0.767363510598964,0,Interleaved
342,142,0,0.05870774266463297,0.8407931535911738,0,Interleaved
343,143,0,0.48385152429094197,0.8304451666455686,0,Interleaved
344,144,0,0.9675687502804902,0.8568699811350955,0,Interleaved
345,145,0,0.009354219159182747,0.7669845260707697,0,Interleaved
346,146,0,0.7716699308961391,0.8263231661218907,0,Interleaved
347,147,0,0.5877725479083834,0.6804684169274704,0,Interleaved
348,148,0,0.21693984730844593,0.8490827829897293,0,Interleaved
349,149,0,0.3160422770707495,1.0151719325263802,0,Interleaved
350,150,0,0.4944089193886806,1.0812326019151772,0,Interleaved
351,151,0,0.31838190185579013,0.9213341535314752,0,Interleaved
352,152,0,0.5953846505674778,0.7955900911107077,0,Interleaved
353,153,0,0.7619734397495175,0.6602889057785617,0,Interleaved
354,154,0,0.527919313298134,0.6435144652318276,0,Interleaved
355,155,0,0.4858565827834485,0.49793038998400047,0,Interleaved
356,156,0,0.15672353927342272,0.6405811151739615,0,Interleaved
357,157,0,0.9034807743436706,0.6356982197363243,0,Interleaved
358,158,0,0.5170836726005036,2.9517356712411793,0,Interleaved
359,159,0,0.29075377391945934,0.781842154671865,0,Interleaved
360,160,0,0.9941142631879314,6.020503833977511,0,Interleaved
361,161,0,0.5063827345818258,0.8266326300687818,0,Interleaved
362,162,0,0.9805595558231481,0.6849653928469394,0,Interleaved
363,163,0,0.903871386166718,0.5562378403058377,0,Interleaved
364,164,0,0.5329380142836,0.47103006421944443,0,Interleaved
365,165,0,0.3208782274406664,0.655894128340955,0,Interleaved
366,166,0,0.28208287310965446,0.7306446273501306,0,Interleaved
367,167,0,0.021201935006566197,0.8562101822068118,0,Interleaved
368,168,0,0.026152517482187637,0.7199716134219766,0,Interleaved
369,169,0,0.7621072993351932,0.6007771906918979,0,Interleaved
370,170,0,0.49605814364811796,0.5938886134763706,0,Interleaved
371,171,0,0.27878528007553605,0.5815010676434371,0,Interleaved
372,172,0,0.002266248821253826,0.6628748700005971,0,Interleaved
373,173,0,0.4980109563186759,0.7149919377443839,0,Interleaved
374,174,0,0.6475318351880973,0.6908853082375572,0,Interleaved
375,175,0,0.5667014587912234,0.7422416436826375,0,Interleaved
376,176,0,0.3565035233856428,0.9479702085587037,0,Interleaved
377,177,0,0.40737897850063076,0.7894561586471265,0,Interleaved
378,178,0,0.559139400045489,0.7751141052946194,0,Interleaved
379,179,0,0.1538926855406148,0.6265802141808369,0,Interleaved
380,180,0,0.2807535142143654,0.6464941935239229,0,Interleaved
381,181,0,0.011405163759357038,0.6239487805011332,0,Interleaved
382,182,0,0.5678859609042078,0.7375464310260536,0,Interleaved
383,183,0,0.3936477627335884,0.633729768195529,0,Interleaved
384,184,0,0.9895123134319715,0.548883750782555,0,Interleaved
385,185,0,0.7039638728086797,0.48489228632331277,0,Interleaved
386,186,0,0.4291124988556925,0.6993977136663614,0,Interleaved
387,187,0,0.5830404497341031,0.4430152830224063,0,Interleaved
388,188,0,0.5014358716780356,0.6952711322767344,0,Interleaved
389,189,0,0.1086304150096854,0.6933901713281492,0,Interleaved
390,190,0,0.0713622911105139,0.6211701052496812,0,Interleaved
391,191,0,0.5365193839549413,0.6823398771677871,0,Interleaved
392,192,0,0.027158006655104858,0.6524868095664469,0,Interleaved
393,193,0,0.49820066999754076,0.53573401750403,0,Interleaved
394,194,0,0.9849165988664461,0.5152002851415132,0,Interleaved
395,195,0,0.8074580125671871,0.54057806236059,0,Interleaved
396,196,0,0.37164740442245403,0.33489237288062795,0,Interleaved
397,197,0,0.926661889141555,0.5070075973210906,0,Interleaved
398,198,0,0.5034600611654262,0.7998033498106836,0,Interleaved
399,199,0,0.9824137786802549,0.7196862585632976,0,Interleaved
400,0,0,0.6414197294552596,1.0912847873388944,0,Instructed
401,1,0,0.5375877061899053,0.9245399892014243,0,Instructed
402,2,0,0.4893716196764654,1.1495371567798975,0,Instructed
403,3,0,0.08934878813636343,1.6615183550701405,0,Instructed
404,4,0,0.47269444367189534,1.3977458074602,0,Instructed
405,5,0,0.8769619829661904,1.209008286818075,0,Instructed
406,6,0,0.40459646731998744,1.0215481052421982,0,Instructed
407,7,0,0.27901321623413466,0.9919674995844217,0,Instructed
408,8,0,0.44365834651040564,1.1401630500251583,0,Instructed
409,9,0,0.490099048697495,1.046507798665862,0,Instructed
410,10,0,0.4871557163403008,1.219477406469291,0,Instructed
411,11,0,0.543643337197764,1.5389669946119282,0,Instructed
412,12,0,0.39481902939906377,1.0969862190246462,0,Instructed
413,13,0,0.4849288315028401,0.9803408013994266,0,Instructed
414,14,0,0.5025882223036897,0.9420307600620385,0,Instructed
415,15,0,0.9912255415978497,0.713910910076474,0,Instructed
416,16,0,0.6600559504338287,0.9347075351866139,0,Instructed
417,17,0,0.5133716502082439,1.037573823732814,0,Instructed
418,18,0,0.86457695820446,1.0719293744741505,0,Instructed
419,19,0,0.5103189893389278,0.8090746669870912,0,Instructed
420,20,0,0.5114609941718673,0.7685261452958624,0,Instructed
421,21,0,0.42921835912344425,0.6590241608263532,0,Instructed
422,22,0,0.8438852130539105,0.8218582045360088,0,Instructed
423,23,0,0.7115814944504602,0.7009204973871441,0,Instructed
424,24,0,0.3971664874503302,0.8544447238748256,0,Instructed
425,25,0,0.9576831631673198,0.9554705014634232,0,Instructed
426,26,0,0.05946453916379986,1.0458828815484873,0,Instructed
427,27,0,0.20284110554236848,1.0364940829583982,0,Instructed
428,28,0,0.8046816380694854,1.0127434781420082,0,Instructed
429,29,0,0.6500660317849154,1.1552845796806146,0,Instructed
430,30,0,0.32466587865618823,1.180905866933995,0,Instructed
431,31,0,0.45018773709415294,1.0434906658770813,0,Instructed
432,32,0,0.2532660239252198,0.9684492584087164,0,Instructed
433,33,0,0.8414434358702436,0.8337412271688549,0,Instructed
434,34,0,0.48675148541038366,1.2622631106943079,0,Instructed
435,35,0,0.8368424642206653,1.3175304599614561,0,Instructed
436,36,0,0.5789189615953412,1.1878420961859293,0,Instructed
437,37,0,0.5714693789763192,1.3146975946754202,0,Instructed
438,38,0,0.9151748631408516,1.146789256736068,0,Instructed
439,39,0,0.5574827917749394,1.1547611485670402,0,Instructed
440,40,0,0.7549534156287402,1.3072097533639915,0,Instructed
441,41,0,0.5021750718224627,1.3849253594461626,0,Instructed
442,42,0,0.29600719150564053,1.3435817721859893,0,Instructed
443,43,0,0.6139621351181899,1.1790134842880153,0,Instructed
444,44,0,0.5647551931612286,1.2625854207511664,0,Instructed
445,45,0,0.3599880214270857,1.2681309212104717,0,Instructed
446,46,0,0.6063564826707641,1.0909252518161192,0,Instructed
447,47,0,0.10019127895066837,2.2886946872064486,0,Instructed
448,48,0,0.3966948362344863,0.8822016756840276,0,Instructed
449,49,0,0.155293576662273,0.8316177848557393,0,Instructed
450,50,0,0.8899198225650838,0.9529358736516534,0,Instructed
451,51,0,0.671734711631879,1.0883023295025063,0,Instructed
452,52,0,0.3203679271102049,1.320400190379748,0,Instructed
453,53,0,0.4779280176303817,1.2086905623513413,0,Instructed
454,54,0,0.45475729705150947,0.9259712798039654,0,Instructed
455,55,0,0.6925949996011697,0.8777033881887575,0,Instructed
456,56,0,0.5297708218113397,1.0442426060070589,0,Instructed
457,57,0,0.46983589517317725,1.322169266733111,0,Instructed
458,58,0,0.1686249193287155,1.6387853964892285,0,Instructed
459,59,0,0.6274829596143072,1.5120342184573632,0,Instructed
460,60,0,0.4068163934702258,1.2632425577782938,0,Instructed
461,61,0,0.5922611479623408,1.1374505496082645,0,Instructed
462,62,0,0.516873324521478,1.2417044425520776,0,Instructed
463,63,0,0.7168353096042311,1.1979587483042344,0,Instructed
464,64,0,0.5656992152536693,1.121007036608682,0,Instructed
465,65,0,0.7578423123514564,0.9546773555657715,0,Instructed
466,66,0,0.568800527123858,1.0534470755531933,0,Instructed
467,67,0,0.08730392940041687,1.2719430383716332,0,Instructed
468,68,0,0.3896028215073432,1.1865947870424876,0,Instructed
469,69,0,0.48920711271818257,1.2304929416188706,0,Instructed
470,70,0,0.587662303896517,1.2726197949919462,0,Instructed
471,71,0,0.5168446756992181,1.095741634255916,0,Instructed
472,72,0,0.18582789692720614,1.0855880424985056,0,Instructed
473,73,0,0.9370593005607601,0.9154994869403799,0,Instructed
474,74,0,0.5997392422419072,0.6998361690220154,0,Instructed
475,75,0,0.11551569362560418,0.8207161877098219,0,Instructed
476,76,0,0.49874698797228023,0.9417755065937272,0,Instructed
477,77,0,0.4962147032757917,0.9615315061173835,0,Instructed
478,78,0,0.5301326268483105,1.019094823829031,0,Instructed
479,79,0,0.0748612411837218,1.1211907183569554,0,Instructed
480,80,0,0.10761351034047584,1.2570309771422483,0,Instructed
481,81,0,0.42720172656457994,1.0817590044130267,0,Instructed
482,82,0,0.7450876070727628,1.0594914875321166,0,Instructed
483,83,0,0.4162886239494964,1.0616172631919092,0,Instructed
484,84,0,0.5114304018062977,1.2950772396054422,0,Instructed
485,85,0,0.4835137579288709,1.194465062317379,0,Instructed
486,86,0,0.46974297684120164,1.0068636414661982,0,Instructed
487,87,0,0.03743545225397272,0.86271071603444,0,Instructed
488,88,0,0.24529520844830374,1.0773455047818103,0,Instructed
489,89,0,0.41665738793665097,1.2195353380362146,0,Instructed
490,90,0,0.0585367888261326,1.0683973566899128,0,Instructed
491,91,0,0.5315161960210458,1.1701520020745617,0,Instructed
492,92,0,0.22815526751322868,1.1586156399354492,0,Instructed
493,93,0,0.2719573477021918,1.3182496658505074,0,Instructed
494,94,0,0.2378889257491933,1.246753341850293,0,Instructed
495,95,0,0.5052720304966554,1.0661066861113988,0,Instructed
496,96,0,0.8845334312882187,1.023736278140766,0,Instructed
497,97,0,0.5035438170195321,1.2628467263131355,0,Instructed
498,98,0,0.14218869492437158,1.1878827363255362,0,Instructed
499,99,0,0.2836006959916013,1.1424832989906766,0,Instructed
500,100,0,0.4520642451675,1.1760213682121048,0,Instructed
501,101,0,0.4960202595911709,1.3099345681910761,0,Instructed
502,102,0,0.49692714311204383,1.3145053622631109,0,Instructed
503,103,0,0.24052240926421287,1.2377243069367947,0,Instructed
504,104,0,0.7734563573941109,1.246097076497372,0,Instructed
505,105,0,0.5989478845931377,1.1767554213126266,0,Instructed
506,106,0,0.8182834425961818,1.2459897611252821,0,Instructed
507,107,0,0.49395977141779,1.2026075580198747,0,Instructed
508,108,0,0.6281621838898448,1.1368810555963589,0,Instructed
509,109,0,0.07076791971001817,1.112741391483298,0,Instructed
510,110,0,0.19090893411284657,1.0249463479591165,0,Instructed
511,111,0,0.8388526087062255,0.9324013387211231,0,Instructed
512,112,0,0.5324211233414288,1.1584422803812646,0,Instructed
513,113,0,0.49100680136510483,1.2624810752271407,0,Instructed
514,114,0,0.45720177464627554,1.0932270370839747,0,Instructed
515,115,0,0.3169920646229484,1.1706578903295597,0,Instructed
516,116,0,0.6081419783498034,1.0762912643449738,0,Instructed
517,117,0,0.3767830949220583,0.9399067528870615,0,Instructed
518,118,0,0.33298817844815193,0.7999469841221009,0,Instructed
519,119,0,0.22209419821897664,0.8205935544132161,0,Instructed
520,120,0,0.6543552402484475,0.8459041182336031,0,Instructed
521,121,0,0.5128426839119312,1.0155445834875592,0,Instructed
522,122,0,0.37628731019018974,1.2055366409034374,0,Instructed
523,123,0,0.7210307082083234,1.0026425040111229,0,Instructed
524,124,0,0.7682614707728506,0.989193001536938,0,Instructed
525,125,0,0.0759248172306523,1.0361544046769386,0,Instructed
526,126,0,0.1111447853288904,1.0854094795417732,0,Instructed
527,127,0,0.5248163918534887,1.129210422577886,0,Instructed
528,128,0,0.3849220630719037,1.1302089191033515,0,Instructed
529,129,0,0.550752119038207,1.1615398561806056,0,Instructed
530,130,0,0.25837798758182334,1.264858307658561,0,Instructed
531,131,0,0.13619162995863432,1.2490070751635978,0,Instructed
532,132,0,0.5436437365223606,1.192965219562519,0,Instructed
533,133,0,0.7415131325473577,1.182113677516616,0,Instructed
534,134,0,0.9077942404148368,1.092193223784487,0,Instructed
535,135,0,0.6891076492304236,0.8790678470985565,0,Instructed
536,136,0,0.8361172561119481,0.9854780524054177,0,Instructed
537,137,0,0.5118284404969192,1.1004774988159611,0,Instructed
538,138,0,0.525588383168279,1.1462456694009429,0,Instructed
539,139,0,0.6991705544324529,1.1471186312020776,0,Instructed
540,140,0,0.4939868275589706,1.0884581144330099,0,Instructed
541,141,0,0.10699064690761997,0.8730488185810212,0,Instructed
542,142,0,0.6309980841680396,1.0791549826232485,0,Instructed
543,143,0,0.32817352706631925,1.1945106593520807,0,Instructed
544,144,0,0.8987524773883805,1.3510395112167075,0,Instructed
545,145,0,0.5270372280825018,1.2283386490849455,0,Instructed
546,146,0,0.5033071418927781,1.028654241637658,0,Instructed
547,147,0,0.3789606385721934,0.9953511472823502,0,Instructed
548,148,0,0.6145248089501519,0.8860688729464432,0,Instructed
549,149,0,0.4799680259243894,0.8876151311173632,0,Instructed
550,150,0,0.518728331326736,0.8356033050783891,0,Instructed
551,151,0,0.5225385343272393,0.8013862672614506,0,Instructed
552,152,0,0.5511805418814013,1.1129501359717053,0,Instructed
553,153,0,0.05909657596937706,1.2427058352694866,0,Instructed
554,154,0,0.7424394884313891,1.1145356193193525,0,Instructed
555,155,0,0.11435309395115487,0.8520146764735188,0,Instructed
556,156,0,0.534128790854798,0.8145870727664851,0,Instructed
557,157,0,0.40804706442682315,0.7823310537285368,0,Instructed
558,158,0,0.5293781173828368,0.9428653306645608,0,Instructed
559,159,0,0.5029142821084037,1.0677282827007795,0,Instructed
560,160,0,0.4654723009121395,0.7340215093357314,0,Instructed
561,161,0,0.7231780611828106,0.445806128038595,0,Instructed
562,162,0,0.9259867655679683,0.533270762118424,0,Instructed
563,163,0,0.44707717867187113,0.7602359315369098,0,Instructed
564,164,0,0.09464985560062636,0.7614995467108627,0,Instructed
565,165,0,0.862846604537413,0.5190686928403001,0,Instructed
566,166,0,0.12194987066370505,0.7157048564203852,0,Instructed
567,167,0,0.40776978749432313,0.8437183465299029,0,Instructed
568,168,0,0.908718307552214,0.3717230662682435,0,Instructed
569,169,0,0.9461673199835061,0.6710762255553117,0,Instructed
570,170,0,0.47840667341672893,1.0698569675556453,0,Instructed
571,171,0,0.20378812445649158,0.7454591894841519,0,Instructed
572,172,0,0.025408996582401942,0.5545162524513858,0,Instructed
573,173,0,0.5667971449649756,0.3720969418847788,0,Instructed
574,174,0,0.6617063257786064,0.7253526424928382,0,Instructed
575,175,0,0.5872876657052877,0.4994494324141594,0,Instructed
576,176,0,0.884137759952627,0.5397116317646666,0,Instructed
577,177,0,0.9284217866402535,0.3835410410032377,0,Instructed
578,178,0,0.7079388013444312,0.8304207231716878,0,Instructed
579,179,0,0.949703149487647,0.628973718359582,0,Instructed
580,180,0,0.5741088163917663,0.55497468600716,0,Instructed
581,181,0,0.4996199643281719,0.9303188294860449,0,Instructed
582,182,0,0.8486158933013567,0.9994887881911221,0,Instructed
583,183,0,0.28661856359223137,0.45078285029243803,0,Instructed
584,184,0,0.4729576751676793,0.7173375994972215,0,Instructed
585,185,0,0.07146048636289998,0.5689434755137731,0,Instructed
586,186,0,0.0033029251529315823,0.6658075362863444,0,Instructed
587,187,0,0.8559443022617748,0.5105461692142442,0,Instructed
588,188,0,0.3403184888927583,1.0817096852663692,0,Instructed
589,189,0,0.7257756309487073,1.2479580897426326,0,Instructed
590,190,0,0.5529197685477062,1.0859332711682672,0,Instructed
591,191,0,0.6578682360539418,0.6153819225056341,0,Instructed
592,192,0,0.4275477638830492,0.739281302104974,0,Instructed
593,193,0,0.06314641529568055,0.655974418902479,0,Instructed
594,194,0,0.8185699863388036,0.46246125328623156,0,Instructed
595,195,0,0.5201089379242919,0.6822361480383359,0,Instructed
596,196,0,0.957624664372614,0.46047099250697987,0,Instructed
597,197,0,0.33926676485420726,0.7784904765851761,0,Instructed
598,198,0,0.7256267627103381,0.9353511712036018,0,Instructed
599,199,0,0.5291456018884126,1.083629162603796,0,Instructed
600,0,0,0.13426676707880172,0.6435076296688046,1,Blocked
601,1,0,0.4010720201648135,0.7054722606697261,1,Blocked
602,2,0,0.027853002748142935,1.0361306061681672,1,Blocked
603,3,0,0.9999995066310481,1.022234640453483,1,Blocked
604,4,0,0.10143312265722754,0.5882166045443263,1,Blocked
605,5,0,0.09206799539932606,0.7085021209606653,1,Blocked
606,6,0,0.03614347009550695,0.731555423547238,1,Blocked
607,7,0,0.951655797876541,1.503060990873532,1,Blocked
608,8,0,0.9178694135014303,1.0360105012677285,1,Blocked
609,9,0,0.9985981983794946,2.929568531557879,1,Blocked
610,10,0,0.1683526230204023,0.7937331786855142,1,Blocked
611,11,0,0.19052902790309267,0.7371589160120813,1,Blocked
612,12,0,0.9456037219133586,0.484769450622344,1,Blocked
613,13,0,0.014221541301330827,0.6446302321428461,1,Blocked
614,14,0,0.7131648828957473,0.47218930605639764,1,Blocked
615,15,0,0.6748387420033699,0.49330829741450655,1,Blocked
616,16,0,0.9352958888414367,0.5400555912270213,1,Blocked
617,17,0,0.4219272923408103,0.8546132640635756,1,Blocked
618,18,0,0.9989539180708547,0.9953878182805314,1,Blocked
619,19,0,0.5132896547497947,0.7886463038373923,1,Blocked
620,20,0,0.0466576118626223,0.6961861710947397,1,Blocked
621,21,0,0.9376212437284023,0.5362163175860988,1,Blocked
622,22,0,0.4842177119263621,0.6634934899010742,1,Blocked
623,23,0,0.006480286772578657,0.9995192819377824,1,Blocked
624,24,0,0.9707851462002426,0.5246349016534437,1,Blocked
625,25,0,0.540142244143846,0.6284198065883047,1,Blocked
626,26,0,0.00011471824857805881,0.8580072379632859,1,Blocked
627,27,0,0.6907037820244901,0.48300817007311575,1,Blocked
628,28,0,0.8194216474387643,0.5566967502564324,1,Blocked
629,29,0,0.6929691896867566,0.6266251601210746,1,Blocked
630,30,0,0.999995249873578,0.7833766310771465,1,Blocked
631,31,0,0.38404387815917757,1.2112519489497287,1,Blocked
632,32,0,0.9995717583340225,0.7406267847785484,1,Blocked
633,33,0,0.989113289386367,0.5517729571758512,1,Blocked
634,34,0,0.07652924165773523,0.8006079502028204,1,Blocked
635,35,0,0.059432322187389246,0.8853171179496988,1,Blocked
636,36,0,0.958670211663462,0.5279393412295321,1,Blocked
637,37,0,0.9915932461425527,0.6011655814684969,1,Blocked
638,38,0,0.6256260800844619,0.9396186059139044,1,Blocked
639,39,0,0.037340984274607004,0.9666130150559112,1,Blocked
640,40,0,0.5021043279281316,1.0982886067664408,1,Blocked
641,41,0,0.045326551383307705,1.037980007240154,1,Blocked
642,42,0,0.506502753804353,0.7067087827643138,1,Blocked
643,43,0,0.9002929196204288,0.5639242024367916,1,Blocked
644,44,0,0.39670682210401303,0.589225326566656,1,Blocked
645,45,0,0.4867281789060292,0.7841921554781753,1,Blocked
646,46,0,0.5461567824329363,0.7667722387318927,1,Blocked
647,47,0,0.9819469844467019,0.8639638744639603,1,Blocked
648,48,0,0.41221821201132397,0.7259103029422107,1,Blocked
649,49,0,0.01601430327859643,0.7199872043695414,1,Blocked
650,50,0,0.6121822599875492,0.9326064654894382,1,Blocked
651,51,0,0.9411194551404212,0.46360945524612973,1,Blocked
652,52,0,0.6069126436192191,0.6958333896672859,1,Blocked
653,53,0,0.9254905172368532,0.8039652364508751,1,Blocked
654,54,0,0.8079818716020001,0.819845600636368,1,Blocked
655,55,0,0.23702097405970868,0.6078596116029037,1,Blocked
656,56,0,0.5082943117680985,0.7016798641459973,1,Blocked
657,57,0,0.013370687516788913,0.7758275157879315,1,Blocked
658,58,0,0.10723174314222907,0.7248139575874837,1,Blocked
659,59,0,0.02146967946109341,0.883530954507247,1,Blocked
660,60,0,0.5423456282262468,0.7409419235341781,1,Blocked
661,61,0,0.04255084137876251,0.9669884516616669,1,Blocked
662,62,0,0.4668784824985947,0.9020283441381862,1,Blocked
663,63,0,0.026191152838947088,2.416032300833842,1,Blocked
664,64,0,0.8126279517754951,0.7286308515029332,1,Blocked
665,65,0,0.49365778461911053,0.5843045501323776,1,Blocked
666,66,0,0.7554227220077737,0.7184062522544954,1,Blocked
667,67,0,0.5198446769247599,0.7083831332623243,1,Blocked
668,68,0,0.21155062336826155,0.6132854530549348,1,Blocked
669,69,0,0.6506160563484881,0.726861381488966,1,Blocked
670,70,0,0.7614846470633867,1.3145330047981134,1,Blocked
671,71,0,0.5000307351108758,1.2861503253512305,1,Blocked
672,72,0,0.49991322881255046,1.2416388977890018,1,Blocked
673,73,0,0.4999246395790393,0.7028206736031841,1,Blocked
674,74,0,0.2830010784628495,0.6977240757825336,1,Blocked
675,75,0,0.5370732892541892,0.7314353503305195,1,Blocked
676,76,0,0.8595831595361869,0.5825873560656822,1,Blocked
677,77,0,0.2592272427527625,0.7696887719389621,1,Blocked
678,78,0,0.9149489946427334,0.6849112477113146,1,Blocked
679,79,0,0.9867415662918544,0.8025357040189456,1,Blocked
680,80,0,0.47273882701061143,0.8130246492476596,1,Blocked
681,81,0,0.9981667565722698,0.6154213135183728,1,Blocked
682,82,0,0.5359070327020949,0.6754541052166023,1,Blocked
683,83,0,0.3782686629596084,0.5659474364173831,1,Blocked
684,84,0,0.5619639263047337,0.7082128696022412,1,Blocked
685,85,0,0.5238595850608975,0.8833341660945346,1,Blocked
686,86,0,0.0061596403302180735,1.0247306627492,1,Blocked
687,87,0,0.000137102870788117,0.9084707613603834,1,Blocked
688,88,0,0.00044087577300102286,1.1034279277785786,1,Blocked
689,89,0,0.9946440182693115,0.7401863420631164,1,Blocked
690,90,0,0.9999224542984112,0.6932779631588235,1,Blocked
691,91,0,0.2489504808306582,0.725465296615253,1,Blocked
692,92,0,0.748682580673376,0.6909760264362079,1,Blocked
693,93,0,0.8981511445797641,0.9087203890072006,1,Blocked
694,94,0,0.7642313375430424,0.9527869525829225,1,Blocked
695,95,0,0.937133438192939,0.6476703844755586,1,Blocked
696,96,0,0.9868793827589798,0.5501207123312637,1,Blocked
697,97,0,0.8142990790653746,0.5804488309103097,1,Blocked
698,98,0,0.16834577290910485,0.7454583203765216,1,Blocked
699,99,0,0.45075357277708983,0.8038883180047142,1,Blocked
700,100,0,0.99847429808533,0.6614504151423422,1,Blocked
701,101,0,0.38201549355151454,0.6273895634709705,1,Blocked
702,102,0,0.49075159197230717,0.7431480814760127,1,Blocked
703,103,0,0.9992400523575573,0.5098865547826066,1,Blocked
704,104,0,0.5181770207590387,0.6532894319956095,1,Blocked
705,105,0,0.09607866618126065,0.9901733925526769,1,Blocked
706,106,0,0.001171045915010875,1.027332894549866,1,Blocked
707,107,0,0.0007724757901514969,0.8374016522881119,1,Blocked
708,108,0,0.20048635786303742,0.8181187572781116,1,Blocked
709,109,0,0.9230616567846678,0.6401840888387671,1,Blocked
710,110,0,0.5019096868360574,0.6005477675979114,1,Blocked
711,111,0,0.7408568231665218,0.6899119360288595,1,Blocked
712,112,0,0.998630300589306,0.5788179081430577,1,Blocked
713,113,0,0.3963588630973785,0.8127882322570283,1,Blocked
714,114,0,0.020052298679181475,0.7938713226924031,1,Blocked
715,115,0,0.9661066253030011,0.47118401780280383,1,Blocked
716,116,0,0.4953035550053873,0.8377395042145139,1,Blocked
717,117,0,0.538507394016722,0.8955988295696569,1,Blocked
718,118,0,0.9996502060928464,0.5729008876349644,1,Blocked
719,119,0,0.6537710342934702,0.5932207396214024,1,Blocked
720,120,0,0.49974370139318475,0.6252582625603873,1,Blocked
721,121,0,0.978886119240713,0.6560092017775744,1,Blocked
722,122,0,0.028289232122668605,0.7653838150439307,1,Blocked
723,123,0,0.5714527984943756,0.7366747675261516,1,Blocked
724,124,0,0.5180692108689136,0.7009996699915129,1,Blocked
725,125,0,0.6125203257985558,0.6787296804169793,1,Blocked
726,126,0,0.5667504838333057,0.6824324917536284,1,Blocked
727,127,0,0.13302076152910947,0.6404946556875046,1,Blocked
728,128,0,0.11931869416220886,0.7234229328710706,1,Blocked
729,129,0,0.3799280107406987,0.6671760957143555,1,Blocked
730,130,0,0.8109749863930367,0.6271040702112469,1,Blocked
731,131,0,0.059917262927847374,0.8490525691375823,1,Blocked
732,132,0,0.5008849204648442,0.8388956632131798,1,Blocked
733,133,0,0.06956366877528625,1.068130818330863,1,Blocked
734,134,0,0.5122846775031401,0.8017264840164473,1,Blocked
735,135,0,0.05960777651699083,0.7788988318392558,1,Blocked
736,136,0,0.8785303144849337,0.3924456853680903,1,Blocked
737,137,0,0.9800292663371659,0.43791196693534507,1,Blocked
738,138,0,0.4879179577795675,0.7715581868295459,1,Blocked
739,139,0,0.8505170633434856,0.6018908148132074,1,Blocked
740,140,0,0.2728799005608501,0.7786554812968156,1,Blocked
741,141,0,0.34341522628752646,0.7596777069017608,1,Blocked
742,142,0,0.8286237105939314,0.4384903335100858,1,Blocked
743,143,0,0.9451956698473065,0.4809030862070226,1,Blocked
744,144,0,0.534926221412678,0.5937615909409525,1,Blocked
745,145,0,0.38179360096195303,0.6463942284336781,1,Blocked
746,146,0,0.8716026639637751,0.7619296707651851,1,Blocked
747,147,0,0.1250379394400576,0.8777823743201707,1,Blocked
748,148,0,0.6953415347966696,0.7150814360772446,1,Blocked
749,149,0,0.9772070130201538,0.8290674991492397,1,Blocked
750,150,0,0.3413915134348514,0.7219953589060042,1,Blocked
751,151,0,0.5401681746060034,0.7348759908131497,1,Blocked
752,152,0,0.9891756644423813,0.7912674890749298,1,Blocked
753,153,0,0.49999904704813397,0.93084658820672,1,Blocked
754,154,0,0.6761257771771872,0.6855499477299418,1,Blocked
755,155,0,0.8192570850215075,0.679533195202398,1,Blocked
756,156,0,0.9864861257333848,0.5857223292548404,1,Blocked
757,157,0,0.07845052727023713,0.7368343908475334,1,Blocked
758,158,0,0.5000770394254466,0.6217900356306629,1,Blocked
759,159,0,0.2114212715986507,0.5899485525047521,1,Blocked
760,160,0,0.5181715636020893,0.5785608517070628,1,Blocked
761,161,0,0.6333120648216523,0.4770178395829481,1,Blocked
762,162,0,0.2725155156674434,0.7715779872736335,1,Blocked
763,163,0,0.9521517973914876,0.6441685369689665,1,Blocked
764,164,0,0.26780677925508684,0.7132753992963594,1,Blocked
765,165,0,0.9396520924119727,0.557829211835424,1,Blocked
766,166,0,0.1912157721538473,0.5206670887786697,1,Blocked
767,167,0,0.3927988848854095,0.8270213350344812,1,Blocked
768,168,0,0.4314762464641293,0.9324705612419376,1,Blocked
769,169,0,0.19482268879068734,0.9056817207471499,1,Blocked
770,170,0,0.5031004657341418,0.8126170789673925,1,Blocked
771,171,0,0.7340033044639502,0.6507707020151103,1,Blocked
772,172,0,0.45824439251174615,0.7808649881719965,1,Blocked
773,173,0,0.16926764363112173,0.8871946323042803,1,Blocked
774,174,0,0.999290496710589,0.6265086380887087,1,Blocked
775,175,0,0.918053259664948,0.6590858438096655,1,Blocked
776,176,0,0.4910259233775734,0.6066511683586633,1,Blocked
777,177,0,0.5397896574055231,0.7364570739717046,1,Blocked
778,178,0,0.588483018857633,0.624313728724699,1,Blocked
779,179,0,0.09834702180946908,0.992783793014796,1,Blocked
780,180,0,0.5340634936537249,0.8709917054638461,1,Blocked
781,181,0,0.9980784071063815,0.6943496426212034,1,Blocked
782,182,0,0.5178632212354464,0.8336588434892389,1,Blocked
783,183,0,0.017666416990259073,0.7557134886453838,1,Blocked
784,184,0,0.5266068947300098,0.6390193042891463,1,Blocked
785,185,0,0.522161902030341,0.6287453602433591,1,Blocked
786,186,0,0.7258632283807165,0.6240411929445033,1,Blocked
787,187,0,0.025077130488751646,0.7958575174315021,1,Blocked
788,188,0,0.49915497857653146,0.6492970593397104,1,Blocked
789,189,0,0.06527162651843427,0.6455520825714021,1,Blocked
790,190,0,0.39033712453960784,0.4805725881843955,1,Blocked
791,191,0,0.46193392073516537,0.754449786975085,1,Blocked
792,192,0,0.0006436222708457464,0.9625511832993194,1,Blocked
793,193,0,0.49993336950301387,0.9998895943464685,1,Blocked
794,194,0,0.4824921346086986,0.9679904514241751,1,Blocked
795,195,0,0.42899445816052667,0.8306381844129291,1,Blocked
796,196,0,0.33243017062979957,0.5617364858592654,1,Blocked
797,197,0,0.46474797335476925,0.5778352115895194,1,Blocked
798,198,0,0.4668682847110951,0.8161003494047203,1,Blocked
799,199,0,0.49998776612768714,0.6608101957684128,1,Blocked
800,0,0,0.07702572793477586,0.7263685836016733,1,Interleaved
801,1,0,0.5381525909092196,0.5398692622692544,1,Interleaved
802,2,0,0.9843357590613595,0.5135065434576698,1,Interleaved
803,3,0,0.5776739766031409,0.6819406148346647,1,Interleaved
804,4,0,0.05711552372213959,0.72261419192291,1,Interleaved
805,5,0,0.5012899632157214,1.2090539978027137,1,Interleaved
806,6,0,0.9940693905073072,0.6272171187950362,1,Interleaved
807,7,0,0.5655260053598452,0.7012896234838659,1,Interleaved
808,8,0,0.7212800865760368,0.6912389306941,1,Interleaved
809,9,0,0.7655932389297198,0.46293553215022787,1,Interleaved
810,10,0,0.9896718709790909,0.4248646323347413,1,Interleaved
811,11,0,0.4949407709767699,0.5172105099995415,1,Interleaved
812,12,0,0.6693290310650816,0.4543155180196701,1,Interleaved
813,13,0,0.4929039500981217,0.41549441773808676,1,Interleaved
814,14,0,0.4985868911053708,0.4394497483875074,1,Interleaved
815,15,0,0.5124750498613935,0.6070503362116417,1,Interleaved
816,16,0,0.35060604886305846,0.7296061695687107,1,Interleaved
817,17,0,0.7542313676541315,0.7115960988631294,1,Interleaved
818,18,0,0.07893421896643867,0.7252214238126182,1,Interleaved
819,19,0,0.5066805514701181,0.6237112011189141,1,Interleaved
820,20,0,0.5732664109906376,0.48472938271865185,1,Interleaved
821,21,0,0.9383480940982243,0.43904934935010054,1,Interleaved
822,22,0,0.839627508060533,0.7378304181760981,1,Interleaved
823,23,0,0.41774438474940956,0.9304524735340257,1,Interleaved
824,24,0,0.19244560844512873,0.7003061880087158,1,Interleaved
825,25,0,0.9966698231655442,0.6513062316446826,1,Interleaved
826,26,0,0.9719308613152212,0.6202220090149465,1,Interleaved
827,27,0,0.4997250902299968,0.6253176029327254,1,Interleaved
828,28,0,0.573169545592134,0.8306572027401782,1,Interleaved
829,29,0,0.3886621129273167,0.6179479246037396,1,Interleaved
830,30,0,0.06057469573143604,0.6264402243538015,1,Interleaved
831,31,0,0.6101733968384941,0.6614414665580253,1,Interleaved
832,32,0,0.23046993157574475,1.0690059241589744,1,Interleaved
833,33,0,0.4596900416908506,0.9223139693803436,1,Interleaved
834,34,0,0.8693176507278221,0.7384953026498724,1,Interleaved
835,35,0,0.4906745969989986,0.7413193351103793,1,Interleaved
836,36,0,0.4991563804684062,0.6781261402418659,1,Interleaved
837,37,0,0.4012355950450476,0.6548136507151275,1,Interleaved
838,38,0,0.09601801624858532,0.7877506100569159,1,Interleaved
839,39,0,0.08250962603248017,0.7858444683565784,1,Interleaved
840,40,0,0.9757174829219757,0.5166071066796001,1,Interleaved
841,41,0,0.8928817032307839,0.46626863011314856,1,Interleaved
842,42,0,0.9873207564897799,0.4838713094947533,1,Interleaved
843,43,0,0.32096400863964736,0.7052984229154442,1,Interleaved
844,44,0,0.25143522693755305,0.7781673549210855,1,Interleaved
845,45,0,0.4991629813803558,0.8660625484906059,1,Interleaved
846,46,0,0.890829346156041,0.7051873965771719,1,Interleaved
847,47,0,0.7444794552768602,0.5640816664706256,1,Interleaved
848,48,0,0.5201273776801211,0.8525629411383999,1,Interleaved
849,49,0,0.245787936377686,0.4542504699415123,1,Interleaved
850,50,0,0.006554379428425107,0.7396151511730629,1,Interleaved
851,51,0,0.6270635214623879,0.724541924593202,1,Interleaved
852,52,0,0.012255143924089844,0.9490780120411,1,Interleaved
853,53,0,0.49979189232442434,0.8203529619875101,1,Interleaved
854,54,0,0.19445429773524506,0.7017740849851,1,Interleaved
855,55,0,0.9936257828685198,0.7073374256300167,1,Interleaved
856,56,0,0.08806027282323178,0.612032676839568,1,Interleaved
857,57,0,0.8990645704507143,0.7560111949164968,1,Interleaved
858,58,0,0.0023027918421318883,0.7917595977852742,1,Interleaved
859,59,0,0.23605451929341356,0.6788596054172369,1,Interleaved
860,60,0,0.027215714612510527,0.7022528503296402,1,Interleaved
861,61,0,0.9559491528537614,0.5542782957963739,1,Interleaved
862,62,0,0.10683747163603208,0.810234813615776,1,Interleaved
863,63,0,0.5504939072684571,0.6109362891592913,1,Interleaved
864,64,0,0.9909015379448671,0.4582294067075008,1,Interleaved
865,65,0,0.8714110531106258,0.5198395499730777,1,Interleaved
866,66,0,0.546426648186519,0.6250173563156933,1,Interleaved
867,67,0,0.8591995371589128,0.5897496221515609,1,Interleaved
868,68,0,0.24135117222495533,0.6700390736064025,1,Interleaved
869,69,0,0.5646601092283563,0.6753001591048327,1,Interleaved
870,70,0,0.1995283825574565,0.5932617394328648,1,Interleaved
871,71,0,0.911567646854617,0.7497682700308173,1,Interleaved
872,72,0,0.9056954645608617,0.6222638872903525,1,Interleaved
873,73,0,0.4771786040486151,0.7638307210286908,1,Interleaved
874,74,0,0.5237543537396747,0.6451929063853641,1,Interleaved
875,75,0,0.39665311099716855,0.7059931303206264,1,Interleaved
876,76,0,0.02471922585689372,0.753530744162217,1,Interleaved
877,77,0,0.9659744505921821,0.6886762360037512,1,Interleaved
878,78,0,0.8438075033585477,0.5318746540756263,1,Interleaved
879,79,0,0.2956041535981153,0.6919531610567561,1,Interleaved
880,80,0,0.7117503887581847,0.7835929424208152,1,Interleaved
881,81,0,0.40880205376959017,0.6794530862360282,1,Interleaved
882,82,0,0.45383044330605415,0.5277812346695044,1,Interleaved
883,83,0,0.5575622097739643,0.4841894310782227,1,Interleaved
884,84,0,0.8895519296421988,0.3981378874173954,1,Interleaved
885,85,0,0.5022059157874871,0.6339105249027326,1,Interleaved
886,86,0,0.4879513618083241,0.4735852515223585,1,Interleaved
887,87,0,0.884004263248264,0.7421552097366798,1,Interleaved
888,88,0,0.9499754204609613,0.5792311824600292,1,Interleaved
889,89,0,0.47929731374472934,0.7940708516650536,1,Interleaved
890,90,0,0.8409733954214307,0.8809538794007398,1,Interleaved
891,91,0,0.9560272197418772,0.585407161568342,1,Interleaved
892,92,0,0.16518051002217332,0.8665132327876408,1,Interleaved
893,93,0,0.5158900879046957,0.6334119489803748,1,Interleaved
894,94,0,0.018371151887994923,1.0634842757149923,1,Interleaved
895,95,0,0.49986315641466766,0.809483032782951,1,Interleaved
896,96,0,0.44703016090308595,0.7338935833640597,1,Interleaved
897,97,0,0.5296293132435778,0.7205433515883066,1,Interleaved
898,98,0,0.6910965889174032,0.8476152445758893,1,Interleaved
899,99,0,0.5137367505034311,0.7022570187074435,1,Interleaved
900,100,0,0.8425164817593082,0.6387691974165475,1,Interleaved
901,101,0,0.47382866290982223,0.7864045183439624,1,Interleaved
902,102,0,0.057385182689014866,0.6398527537927614,1,Interleaved
903,103,0,0.5008456779052711,0.6675122671843527,1,Interleaved
904,104,0,0.311281629285435,0.639861460412877,1,Interleaved
905,105,0,0.11814530021720025,0.9234818479406998,1,Interleaved
906,106,0,0.9956506229759448,0.5817586681460343,1,Interleaved
907,107,0,0.8732744735050515,0.9058530773310629,1,Interleaved
908,108,0,0.9698879146756794,0.7482118371706635,1,Interleaved
909,109,0,0.4705501616844744,0.7081426418966441,1,Interleaved
910,110,0,0.39230511796540346,0.7116096658673501,1,Interleaved
911,111,0,0.8889623705382834,0.6688721363841146,1,Interleaved
912,112,0,0.6956798750860173,0.5319595323837618,1,Interleaved
913,113,0,0.500227813352191,0.668097335513671,1,Interleaved
914,114,0,0.4400956530481821,0.7594654072343969,1,Interleaved
915,115,0,0.8225409496187905,0.6261209154013971,1,Interleaved
916,116,0,0.15014531216694516,0.6856531199098437,1,Interleaved
917,117,0,0.5034153900045819,0.847873647360021,1,Interleaved
918,118,0,0.9956555856774016,0.4388417259174522,1,Interleaved
919,119,0,0.49428590099910913,0.8359529112166086,1,Interleaved
920,120,0,0.4703808041218941,0.723295239418772,1,Interleaved
921,121,0,0.7617386125863935,0.5526637374660962,1,Interleaved
922,122,0,0.7042872609202168,0.6206136349576983,1,Interleaved
923,123,0,0.4701222946065917,0.7755807253214543,1,Interleaved
924,124,0,0.4938478774955606,0.7540057670990167,1,Interleaved
925,125,0,0.5021875987370539,0.8031264881954436,1,Interleaved
926,126,0,0.04788304836530355,0.8114652266428395,1,Interleaved
927,127,0,0.539605602438195,0.622759753355125,1,Interleaved
928,128,0,0.9383411842389696,0.5086150293301472,1,Interleaved
929,129,0,0.3990868674848924,0.5508520698700046,1,Interleaved
930,130,0,0.5568256085106996,0.5317078114396078,1,Interleaved
931,131,0,0.4202819104448864,0.75908525119735,1,Interleaved
932,132,0,0.18186164714236497,0.7048166639251194,1,Interleaved
933,133,0,0.029661065580031946,0.7884193014373257,1,Interleaved
934,134,0,0.9506413298449197,0.4844069761509995,1,Interleaved
935,135,0,0.4047291893141436,0.6498589443831022,1,Interleaved
936,136,0,0.2968176186448136,0.8212978106688681,1,Interleaved
937,137,0,0.5982718417916855,0.7242692562327882,1,Interleaved
938,138,0,0.7903020866761752,0.661220005391706,1,Interleaved
939,139,0,0.2614929488359478,0.6499318977676604,1,Interleaved
940,140,0,0.5586858871991387,0.6889859278253752,1,Interleaved
941,141,0,0.9929292594190724,0.8579745335021542,1,Interleaved
942,142,0,0.999730710016261,0.702899186354457,1,Interleaved
943,143,0,0.49349836906546546,0.6620251499204135,1,Interleaved
944,144,0,0.008462694850017678,0.6820973347530549,1,Interleaved
945,145,0,0.11901034174007816,0.6660770615017395,1,Interleaved
946,146,0,0.9915749295785268,0.47370428292995004,1,Interleaved
947,147,0,0.5064053322744618,0.6349649713796408,1,Interleaved
948,148,0,0.789895431406064,0.649250253397422,1,Interleaved
949,149,0,0.3565608945469576,0.9138328159461794,1,Interleaved
950,150,0,0.4722432580930354,0.7927643198722425,1,Interleaved
951,151,0,0.5303862651434503,0.8892299397683685,1,Interleaved
952,152,0,0.0020401635898386183,0.7172004694056625,1,Interleaved
953,153,0,0.12253847200650671,0.7332218882118519,1,Interleaved
954,154,0,0.25695862384324863,0.7093938464757774,1,Interleaved
955,155,0,0.4928887604396226,0.6626946742852438,1,Interleaved
956,156,0,0.47297240613967684,0.7555882436336432,1,Interleaved
957,157,0,0.4966699324863738,0.8458198550836651,1,Interleaved
958,158,0,0.49949638398899276,0.5204868932664766,1,Interleaved
959,159,0,0.47059567474243663,0.4652236963960382,1,Interleaved
960,160,0,0.35037153652766767,0.4131066254897492,1,Interleaved
961,161,0,0.9672015932989171,0.40149624096229025,1,Interleaved
962,162,0,0.49772278418344007,0.6655278270876435,1,Interleaved
963,163,0,0.8644704194322688,0.6386017573411091,1,Interleaved
964,164,0,0.209660930612471,0.7708686595253225,1,Interleaved
965,165,0,0.07023243861487127,0.8472541301129579,1,Interleaved
966,166,0,0.811373750573039,0.8752268884517749,1,Interleaved
967,167,0,0.7089785875881243,0.6993330514551279,1,Interleaved
968,168,0,0.49294662910869097,0.7202840549699425,1,Interleaved
969,169,0,0.4394420630094853,0.714997936838127,1,Interleaved
970,170,0,0.023571921145434434,0.834436830065373,1,Interleaved
971,171,0,0.6607022017826035,0.60213619800298,1,Interleaved
972,172,0,0.09987999990580926,0.9726551010946416,1,Interleaved
973,173,0,0.2990144791798797,0.47957164937342417,1,Interleaved
974,174,0,0.4901005559977605,0.6642540698199233,1,Interleaved
975,175,0,0.5838209902215643,0.6115413682982004,1,Interleaved
976,176,0,0.500049266340036,0.8754377388652637,1,Interleaved
977,177,0,0.48552050048428663,0.6743020649877984,1,Interleaved
978,178,0,0.4873089747309235,0.5898735869664236,1,Interleaved
979,179,0,0.11570265875270691,0.5526207242034225,1,Interleaved
980,180,0,0.38204855338928995,0.4677816224795815,1,Interleaved
981,181,0,0.49583643466706023,0.6374068923519214,1,Interleaved
982,182,0,0.44105197012954944,0.8376852913649635,1,Interleaved
983,183,0,0.2927181512610994,0.5656431654225944,1,Interleaved
984,184,0,0.10551520554061668,0.7154906937488201,1,Interleaved
985,185,0,0.04840059054843095,0.5873880679629935,1,Interleaved
986,186,0,0.5823276809139712,0.6207513959380127,1,Interleaved
987,187,0,0.819426066364195,0.46860424167286774,1,Interleaved
988,188,0,0.9579192128712868,0.44672739409593765,1,Interleaved
989,189,0,0.7357686121061224,0.5687097192702419,1,Interleaved
990,190,0,0.07064251367397772,0.8848610749208885,1,Interleaved
991,191,0,0.49759922744720764,0.5127612998106397,1,Interleaved
992,192,0,0.4473736594647366,0.5009160830406825,1,Interleaved
993,193,0,0.8789731501692502,0.7216062837176367,1,Interleaved
994,194,0,0.508981446419671,0.6666325918971397,1,Interleaved
995,195,0,0.7650816828022822,0.44669813390390195,1,Interleaved
996,196,0,0.5071426688623236,0.6310896574155672,1,Interleaved
997,197,0,0.00155872007874212,0.8539626509345118,1,Interleaved
998,198,0,0.008230297024876373,0.9106639899612496,1,Interleaved
999,199,0,0.00242394578370184,0.7286955231430673,1,Interleaved
1000,0,0,0.664166265623396,0.7061936877188821,1,Instructed
1001,1,0,0.6487239466982496,0.8541231327028087,1,Instructed
1002,2,0,0.33307213327190466,1.1325017387086271,1,Instructed
1003,3,0,0.5104657868891617,2.4031254543815526,1,Instructed
1004,4,0,0.9703728252721933,1.4239096566064968,1,Instructed
1005,5,0,0.9843520313354679,0.9378591390663853,1,Instructed
1006,6,0,0.46382843135946156,0.8757883600657748,1,Instructed
1007,7,0,0.5188554015781641,0.6391238684368448,1,Instructed
1008,8,0,0.22931666556088884,0.5637615735482799,1,Instructed
1009,9,0,0.5279790714268898,0.8198842978904046,1,Instructed
1010,10,0,0.9125624844353528,0.8732000623718189,1,Instructed
1011,11,0,0.9900452260786584,1.241427951859883,1,Instructed
1012,12,0,0.15316667113827404,1.0755985834785644,1,Instructed
1013,13,0,0.08596999997842385,1.2025191350477682,1,Instructed
1014,14,0,0.3710134151362048,1.0797675288532746,1,Instructed
1015,15,0,0.09857076286169597,0.9197023365803103,1,Instructed
1016,16,0,0.9498637667183318,1.0278505958779995,1,Instructed
1017,17,0,0.9840574243497788,2.3166647001924154,1,Instructed
1018,18,0,0.6463874734433793,1.2389626864382461,1,Instructed
1019,19,0,0.09123089820249317,0.8583575015417662,1,Instructed
1020,20,0,0.676251802811518,0.7487837724296927,1,Instructed
1021,21,0,0.9278481351325409,0.8758304244228629,1,Instructed
1022,22,0,0.35468399120879274,1.10960404104787,1,Instructed
1023,23,0,0.9693773487160615,0.8418618127576197,1,Instructed
1024,24,0,0.6602885975772147,0.8472643272132319,1,Instructed
1025,25,0,0.6483972139724001,1.3950083777981312,1,Instructed
1026,26,0,0.15258398258607725,1.299579125039195,1,Instructed
1027,27,0,0.49660247502001476,1.2244135018920173,1,Instructed
1028,28,0,0.991342510119698,1.115664274077036,1,Instructed
1029,29,0,0.005510503296703227,1.0677186911649548,1,Instructed
1030,30,0,0.5722414381381442,0.9756048518818272,1,Instructed
1031,31,0,0.394286228610765,1.081096612412668,1,Instructed
1032,32,0,0.49125085923851153,1.241398799634553,1,Instructed
1033,33,0,0.7430247408532391,1.0717965449190194,1,Instructed
1034,34,0,0.8375451508274117,0.9298069929663745,1,Instructed
1035,35,0,0.46639337744454734,1.0234641098745447,1,Instructed
1036,36,0,0.4745769623057303,1.205132603686571,1,Instructed
1037,37,0,0.9130598335362708,0.9989956600565961,1,Instructed
1038,38,0,0.4115486938508507,0.7864836982082175,1,Instructed
1039,39,0,0.3808178459209921,0.9534915707609048,1,Instructed
1040,40,0,0.5035365648445111,0.9246224656298236,1,Instructed
1041,41,0,0.19306051823075995,1.0212845600989677,1,Instructed
1042,42,0,0.11421377150330464,0.9243733639701855,1,Instructed
1043,43,0,0.6146753805641159,1.0763125774765778,1,Instructed
1044,44,0,0.44611247667594023,0.9032434422934453,1,Instructed
1045,45,0,0.533431704349658,1.3552251023091388,1,Instructed
1046,46,0,0.3487046873772348,1.0523861303424678,1,Instructed
1047,47,0,0.5098608762469452,1.026188547387388,1,Instructed
1048,48,0,0.5007988852890592,0.8487327745385826,1,Instructed
1049,49,0,0.6424926952868547,0.863095303083439,1,Instructed
1050,50,0,0.6699641486500213,1.066905604414352,1,Instructed
1051,51,0,0.4018973225918835,1.1288245700886272,1,Instructed
1052,52,0,0.43668197408462833,1.2307458391231658,1,Instructed
1053,53,0,0.0014918775225981147,1.852921707810189,1,Instructed
1054,54,0,0.5138464696651277,0.9707916535422915,1,Instructed
1055,55,0,0.5992260664977984,0.9472148453459595,1,Instructed
1056,56,0,0.5060335001096848,1.0778319765528832,1,Instructed
1057,57,0,0.7044623632847131,1.0424606952700861,1,Instructed
1058,58,0,0.5384016545788847,1.105669348542863,1,Instructed
1059,59,0,0.6290243540739677,0.9816353751494671,1,Instructed
1060,60,0,0.3970633872055525,0.896451270482937,1,Instructed
1061,61,0,0.1315672685592294,1.141652637513983,1,Instructed
1062,62,0,0.5001834207176449,1.0833642956214788,1,Instructed
1063,63,0,0.977253948747218,0.9116125030504385,1,Instructed
1064,64,0,0.1629553931064413,1.021410100766561,1,Instructed
1065,65,0,0.5013504463345403,0.6603349331648836,1,Instructed
1066,66,0,0.6523789797819585,0.679546656094709,1,Instructed
1067,67,0,0.9989523699197196,0.7043843912958627,1,Instructed
1068,68,0,0.511326144826386,0.9002120852950867,1,Instructed
1069,69,0,0.09743348196710548,1.0481497480363835,1,Instructed
1070,70,0,0.8002507885886334,0.863565533732526,1,Instructed
1071,71,0,0.714313153525352,0.8382110459927373,1,Instructed
1072,72,0,0.7049803422442295,0.8597730898282916,1,Instructed
1073,73,0,0.16710811867836664,1.0036069214110497,1,Instructed
1074,74,0,0.5007488392124869,1.1353759221065318,1,Instructed
1075,75,0,0.033439069381024804,0.9828582040454157,1,Instructed
1076,76,0,0.11035055049436576,0.9810178808044784,1,Instructed
1077,77,0,0.5326805150563968,1.1733689478517855,1,Instructed
1078,78,0,0.4727675322103916,1.0951756909682118,1,Instructed
1079,79,0,0.5010743547227859,0.9400853118462011,1,Instructed
1080,80,0,0.32360831068855245,0.9506863107512706,1,Instructed
1081,81,0,0.5082948841051186,0.9067153988740628,1,Instructed
1082,82,0,0.5957273464210121,0.7011344333000613,1,Instructed
1083,83,0,0.10039039323095195,0.9485589083472551,1,Instructed
1084,84,0,0.45198795389137303,0.8609019516898724,1,Instructed
1085,85,0,0.5104299793063055,0.8626447869792975,1,Instructed
1086,86,0,0.5578582865140944,0.7457226287120171,1,Instructed
1087,87,0,0.6950076275367598,0.6345091608401734,1,Instructed
1088,88,0,0.28081358994148176,0.6636690957572678,1,Instructed
1089,89,0,0.508617046439257,0.6768321299226994,1,Instructed
1090,90,0,0.47023365408071954,0.7561814375831023,1,Instructed
1091,91,0,0.6198025207894541,0.8740046873340146,1,Instructed
1092,92,0,0.8629809746368502,0.9982603971697463,1,Instructed
1093,93,0,0.4220857155219899,1.0220645064606915,1,Instructed
1094,94,0,0.49051582223224993,1.0722746837860508,1,Instructed
1095,95,0,0.4554015457596212,1.2020574824151737,1,Instructed
1096,96,0,0.5029978262638984,1.2324552041313268,1,Instructed
1097,97,0,0.49410841652199416,1.1142980549797135,1,Instructed
1098,98,0,0.49910778216804735,0.9285615982219635,1,Instructed
1099,99,0,0.4560187579323651,1.685803370998297,1,Instructed
1100,100,0,0.49996633519387274,1.2805455022893897,1,Instructed
1101,101,0,0.06545611690940514,1.364847579286677,1,Instructed
1102,102,0,0.5004138489639766,1.2018411134396805,1,Instructed
1103,103,0,0.2641118693650018,0.9645643139477214,1,Instructed
1104,104,0,0.4799425870616368,1.0549701631745356,1,Instructed
1105,105,0,0.9612807049441963,1.1347193941820835,1,Instructed
1106,106,0,0.5468776737849814,1.0226262981655723,1,Instructed
1107,107,0,0.48158103354814735,1.0930315724219077,1,Instructed
1108,108,0,0.48594445571845046,1.0314286648367268,1,Instructed
1109,109,0,0.2828524940082453,1.0257909150295415,1,Instructed
1110,110,0,0.4928917325433245,1.080263104005319,1,Instructed
1111,111,0,0.5128830085823817,1.3112264645452978,1,Instructed
1112,112,0,0.43054976943685824,1.2737822541836248,1,Instructed
1113,113,0,0.3127030201120057,0.9273884220584994,1,Instructed
1114,114,0,0.19401229276037746,0.8710125062532448,1,Instructed
1115,115,0,0.883933873560301,0.9035271073346562,1,Instructed
1116,116,0,0.2742146312975246,0.7837697961113177,1,Instructed
1117,117,0,0.6134864688548372,0.7587301141716252,1,Instructed
1118,118,0,0.46558990715285825,1.6591177932834689,1,Instructed
1119,119,0,0.7584113049962978,0.8563409148267307,1,Instructed
1120,120,0,0.5037931552837513,0.8251745274365049,1,Instructed
1121,121,0,0.2760969825684588,0.9554259001163881,1,Instructed
1122,122,0,0.7015082595108519,0.7746404371805796,1,Instructed
1123,123,0,0.21422409864507955,1.0604529327244747,1,Instructed
1124,124,0,0.5175159297163964,1.1108691605642074,1,Instructed
1125,125,0,0.09245258784437964,1.1070561882839216,1,Instructed
1126,126,0,0.060732948703622364,0.9433052731431864,1,Instructed
1127,127,0,0.27148176297885207,1.0578156937300043,1,Instructed
1128,128,0,0.5064166837575375,0.867024513222557,1,Instructed
1129,129,0,0.497537697044283,0.9557281492158219,1,Instructed
1130,130,0,0.16491190941591158,1.08237620051011,1,Instructed
1131,131,0,0.49689145061729495,1.1612909632004076,1,Instructed
1132,132,0,0.6428644012800669,1.0566980628584373,1,Instructed
1133,133,0,0.032268983484654214,0.9500315362753402,1,Instructed
1134,134,0,0.47217634337640885,0.7737473570125254,1,Instructed
1135,135,0,0.8967464761493629,0.7359767341708838,1,Instructed
1136,136,0,0.48157599881650665,0.7307282334072567,1,Instructed
1137,137,0,0.9977628630554131,0.8613145527827146,1,Instructed
1138,138,0,0.4087703790983389,1.1502227983415,1,Instructed
1139,139,0,0.7877687411708459,1.0512395696592236,1,Instructed
1140,140,0,0.49092262582946844,0.8129680261538357,1,Instructed
1141,141,0,0.8556059215316953,0.6487655862642395,1,Instructed
1142,142,0,0.5081905748334052,1.0060430190639553,1,Instructed
1143,143,0,0.029002300433044772,1.3541728090453158,1,Instructed
1144,144,0,0.4999936826320315,1.365922121289935,1,Instructed
1145,145,0,0.8125209699233821,1.2450942604397222,1,Instructed
1146,146,0,0.5864728625233682,1.1564446622172775,1,Instructed
1147,147,0,0.5420523048583609,1.11183174987161,1,Instructed
1148,148,0,0.23780761416202192,1.186477432207972,1,Instructed
1149,149,0,0.5259024312567818,1.108649685213711,1,Instructed
1150,150,0,0.9713627021512958,0.8565853890448742,1,Instructed
1151,151,0,0.006395627599689532,0.8847106032061348,1,Instructed
1152,152,0,0.7497346845694529,0.912828803874814,1,Instructed
1153,153,0,0.5019644318245459,1.2476290562928836,1,Instructed
1154,154,0,0.920769480509464,0.8221562131453428,1,Instructed
1155,155,0,0.5310617494716873,1.0742746596296942,1,Instructed
1156,156,0,0.499185266155246,1.024673891948356,1,Instructed
1157,157,0,0.5158739119091792,1.16820603777415,1,Instructed
1158,158,0,0.6834422381021136,1.047529611714812,1,Instructed
1159,159,0,0.4899052560383182,1.151931489228193,1,Instructed
1160,160,0,0.4990670446819887,1.1602345513250008,1,Instructed
1161,161,0,0.8747342132053034,1.228952139994786,1,Instructed
1162,162,0,0.04295277224904546,0.9125152321749139,1,Instructed
1163,163,0,0.001377588430632392,1.188865020639903,1,Instructed
1164,164,0,0.49825013384937833,1.1370400384466617,1,Instructed
1165,165,0,0.9603580081116962,0.40252470506275123,1,Instructed
1166,166,0,0.5974751458463834,0.7701185620626563,1,Instructed
1167,167,0,0.9450640632810987,0.9838595781766935,1,Instructed
1168,168,0,0.14242376630234074,0.6017132106855668,1,Instructed
1169,169,0,0.44146031779498124,0.6468670621201995,1,Instructed
1170,170,0,0.7108821403626714,0.32031933290958003,1,Instructed
1171,171,0,0.3294543906489659,0.6487325137169752,1,Instructed
1172,172,0,0.06264505544158788,0.47911637623168857,1,Instructed
1173,173,0,0.4513506650991185,0.76675638730039,1,Instructed
1174,174,0,0.15294006274087266,0.6655898161138791,1,Instructed
1175,175,0,0.08804479442323222,0.542190772787197,1,Instructed
1176,176,0,0.8328256493427791,0.7726835093530067,1,Instructed
1177,177,0,0.7010321034860126,0.7877520662707258,1,Instructed
1178,178,0,0.6040358033582355,0.6741429571241317,1,Instructed
1179,179,0,0.5003896223253567,2.127438455862081,1,Instructed
1180,180,0,0.350689089229564,1.1233066203824946,1,Instructed
1181,181,0,0.5350737351099989,0.9144471957673654,1,Instructed
1182,182,0,0.25485567946050847,0.5361063990742996,1,Instructed
1183,183,0,0.8857589179440094,0.6642587993164721,1,Instructed
1184,184,0,0.9504361249309485,0.7452919954203605,1,Instructed
1185,185,0,0.6621351318610718,0.7700781641164092,1,Instructed
1186,186,0,0.5193974055237066,0.7415549108584631,1,Instructed
1187,187,0,0.9377327580942904,0.37530510875566814,1,Instructed
1188,188,0,0.7035676879182295,0.8133577802097558,1,Instructed
1189,189,0,0.5647381490676535,0.5200156641451841,1,Instructed
1190,190,0,0.8148273294383176,0.5036073687767952,1,Instructed
1191,191,0,0.5004703443272053,0.6652966297412095,1,Instructed
1192,192,0,0.5492714840547894,0.5939697137897549,1,Instructed
1193,193,0,0.897043388116622,0.6656325562573587,1,Instructed
1194,194,0,0.5600396893510726,0.8891436709669922,1,Instructed
1195,195,0,0.12173850623585108,0.5571808539954477,1,Instructed
1196,196,0,0.5480028567895066,0.7867760758662263,1,Instructed
1197,197,0,0.6192647426156932,0.48661046953820714,1,Instructed
1198,198,0,0.24804476520689056,0.5343951500677246,1,Instructed
1199,199,0,0.3319925905947857,0.7050787934356734,1,Instructed
