,t,e_hat,Accuracy,pe,batch,Condition
0,0,0,0.03488159078074318,0.6964747738202219,0,Blocked
1,1,0,0.8229918918976344,0.8149794196642176,0,Blocked
2,2,0,0.06676958050170997,0.6569893277246903,0,Blocked
3,3,0,0.4893448275559209,0.8155049608350692,0,Blocked
4,4,0,0.6724345036047854,0.6461933505771734,0,Blocked
5,5,0,0.5009197037073262,0.9619382645912129,0,Blocked
6,6,0,0.7276705701459589,0.853147519964639,0,Blocked
7,7,0,0.4743504195639293,0.8079400718863519,0,Blocked
8,8,0,0.1424850017646228,0.7143706218827135,0,Blocked
9,9,0,0.9143188785912177,0.6625589940782024,0,Blocked
10,10,0,0.9276552020569395,0.6195835347549687,0,Blocked
11,11,0,0.4520268419895431,0.7188581021824325,0,Blocked
12,12,0,0.6106237394767517,0.5957182896981388,0,Blocked
13,13,0,0.07103821942131539,0.9157327550048181,0,Blocked
14,14,0,0.49524571959329167,0.6198226207656817,0,Blocked
15,15,0,0.5319757176799387,0.6419471838430872,0,Blocked
16,16,0,0.8118671468739151,0.6587174236359484,0,Blocked
17,17,0,0.514151339570666,0.861926458930502,0,Blocked
18,18,0,0.5229893926819099,0.6378633431360735,0,Blocked
19,19,0,0.8984201018112838,0.8085210548660406,0,Blocked
20,20,0,0.5037687735108903,0.7344029567063797,0,Blocked
21,21,0,0.03834396160424638,0.6091105854163503,0,Blocked
22,22,0,0.4575952366999523,0.8883846633190682,0,Blocked
23,23,0,0.6315221034836023,0.7465103617482156,0,Blocked
24,24,0,0.8695968720183767,0.6881752727868616,0,Blocked
25,25,0,0.8586166018611192,0.6069715845875161,0,Blocked
26,26,0,0.4908618234389873,0.6806012285787055,0,Blocked
27,27,0,0.5103189474683967,0.5436269785941029,0,Blocked
28,28,0,0.08887897819649429,0.8105851341922563,0,Blocked
29,29,0,0.526282502584562,0.5759501508513113,0,Blocked
30,30,0,0.705146381361283,0.6473939870022213,0,Blocked
31,31,0,0.08377491222480996,0.6576736358517777,0,Blocked
32,32,0,0.47602465217317913,0.5038805034811521,0,Blocked
33,33,0,0.6706588733100932,0.46325912913765865,0,Blocked
34,34,0,0.48919001094903963,0.5874766653002252,0,Blocked
35,35,0,0.5185234658647614,0.6191076395621335,0,Blocked
36,36,0,0.7610033302209891,0.9646825224259997,0,Blocked
37,37,0,0.859176116302144,0.6642021305970363,0,Blocked
38,38,0,0.9889403263730587,0.5771374881387213,0,Blocked
39,39,0,0.5387836633858865,0.8613487776673494,0,Blocked
40,40,0,0.7486136215534969,0.4553034532528354,0,Blocked
41,41,0,0.5477154490501357,0.6842992320155212,0,Blocked
42,42,0,0.0622673422479761,0.7199295422161109,0,Blocked
43,43,0,0.93837016387322,0.5112444023563142,0,Blocked
44,44,0,0.033238872301117696,0.6690536993286311,0,Blocked
45,45,0,0.9748198330480069,0.6199965551545958,0,Blocked
46,46,0,0.013520871511220956,0.8323773889129688,0,Blocked
47,47,0,0.5032838063543394,0.556298764980238,0,Blocked
48,48,0,0.18705182042678023,0.7264910555099996,0,Blocked
49,49,0,0.014196480303091398,0.8214020138446998,0,Blocked
50,50,0,0.8979756337123381,0.7783548293974846,0,Blocked
51,51,0,0.9461478861173676,0.6528112626098832,0,Blocked
52,52,0,0.1874141934202817,0.7051105044164993,0,Blocked
53,53,0,0.1743643592877157,0.8095738226827359,0,Blocked
54,54,0,0.04706427154626858,0.6860313537095867,0,Blocked
55,55,0,0.8587732500763332,0.5711278372150694,0,Blocked
56,56,0,0.01969179159256874,0.827343717875145,0,Blocked
57,57,0,0.9886356747306575,0.5947475070455398,0,Blocked
58,58,0,0.9997640695341918,0.6324517363179938,0,Blocked
59,59,0,0.38905458368516266,0.7376672083895686,0,Blocked
60,60,0,0.5546355808422949,0.8781520588470987,0,Blocked
61,61,0,0.8356357379042916,0.6538384056124766,0,Blocked
62,62,0,0.2478547172709207,0.5045137646662923,0,Blocked
63,63,0,0.769430124785257,0.5718881831004226,0,Blocked
64,64,0,0.8080518417346911,0.8029978219678426,0,Blocked
65,65,0,0.5443579081390097,0.6642498696629378,0,Blocked
66,66,0,0.9656961495063467,0.5912894021853428,0,Blocked
67,67,0,0.02437696407467169,0.7431719200585671,0,Blocked
68,68,0,0.3529017881717643,0.4836053136330526,0,Blocked
69,69,0,0.2887063106648907,0.5979307206959095,0,Blocked
70,70,0,0.01055640486224265,0.7467878187372474,0,Blocked
71,71,0,0.09744479666100846,0.8464944354102931,0,Blocked
72,72,0,0.9999329490237497,1.1675679526335048,0,Blocked
73,73,0,0.6281123945522045,0.804533743686729,0,Blocked
74,74,0,0.8992212319660171,0.5931404284311953,0,Blocked
75,75,0,0.08834019021332652,0.7619887754668411,0,Blocked
76,76,0,0.012085928411441262,1.17234435461563,0,Blocked
77,77,0,0.6169329773428859,0.6954622994923012,0,Blocked
78,78,0,0.9560773602488983,0.6000707746539328,0,Blocked
79,79,0,0.47604882073389215,0.6051647856793563,0,Blocked
80,80,0,0.18646242975174399,0.5832006981965072,0,Blocked
81,81,0,0.6031177606738598,0.7100004532479952,0,Blocked
82,82,0,0.2118708992606096,0.5372593346096015,0,Blocked
83,83,0,0.9632558741349744,0.6770248204344961,0,Blocked
84,84,0,0.3625555768486215,0.6878180377528904,0,Blocked
85,85,0,0.5004858224869884,0.6071138182870959,0,Blocked
86,86,0,0.29027944797989985,0.7987477356638206,0,Blocked
87,87,0,0.05386559552024691,0.9035910203008528,0,Blocked
88,88,0,0.08420288831586409,0.6678031422195985,0,Blocked
89,89,0,0.5342640530660959,0.7206947601453216,0,Blocked
90,90,0,0.33729922988854816,0.6613742593000513,0,Blocked
91,91,0,0.675208091621395,0.6736625057186705,0,Blocked
92,92,0,0.016358599751079447,0.805878717707388,0,Blocked
93,93,0,0.4579731668901733,0.8696165734712602,0,Blocked
94,94,0,0.5001770045308499,0.7528584100446929,0,Blocked
95,95,0,0.4654998187488947,0.5824319534718772,0,Blocked
96,96,0,0.5334385783220001,0.5716763194378593,0,Blocked
97,97,0,0.07054228210206964,0.5640293654458701,0,Blocked
98,98,0,0.7352374852787941,0.4792090123317388,0,Blocked
99,99,0,0.5920917964861458,0.5103173368271448,0,Blocked
100,100,0,0.4398416704587732,0.6728839819731669,0,Blocked
101,101,0,0.39022497710812704,0.6961777224024321,0,Blocked
102,102,0,0.3779670464630044,0.7655827855995319,0,Blocked
103,103,0,0.5515466084646583,0.9298595544692358,0,Blocked
104,104,0,0.21088605694200946,0.8881877275416666,0,Blocked
105,105,0,0.5829165450358443,0.6466270364588742,0,Blocked
106,106,0,0.5273545744655475,0.7477815466120111,0,Blocked
107,107,0,0.09715767460902502,0.5724420056815781,0,Blocked
108,108,0,0.37117421802769296,0.7501566693037791,0,Blocked
109,109,0,0.4410893475774549,0.8639357143689121,0,Blocked
110,110,0,0.509954064396118,0.8099649859883735,0,Blocked
111,111,0,0.4553847777229925,0.7535832309415302,0,Blocked
112,112,0,0.5099489601070542,0.6251864578494388,0,Blocked
113,113,0,0.6022419590762604,0.5150257927050191,0,Blocked
114,114,0,0.7509311183039392,0.7891178597733954,0,Blocked
115,115,0,0.28774217269504154,0.5673931190565599,0,Blocked
116,116,0,0.27339646512020294,0.8271962274137783,0,Blocked
117,117,0,0.41825708727328337,0.6546403757985878,0,Blocked
118,118,0,0.5902642894149086,0.6881395723740735,0,Blocked
119,119,0,0.4901097666194363,0.8122116550314817,0,Blocked
120,120,0,0.7923702602372544,0.6262126714235351,0,Blocked
121,121,0,0.9530949665119923,0.8170488499371316,0,Blocked
122,122,0,0.5453588856396745,0.5406077413380826,0,Blocked
123,123,0,0.18811459184967375,0.5647221270584738,0,Blocked
124,124,0,0.9312818671202886,0.5645351035203591,0,Blocked
125,125,0,0.6615673270557771,0.4169916996523743,0,Blocked
126,126,0,0.9296938684222801,0.7078877899903915,0,Blocked
127,127,0,0.969175137182077,0.5964105136448312,0,Blocked
128,128,0,0.833801543423405,0.8045548392660741,0,Blocked
129,129,0,0.5447093919366532,0.7145021767173505,0,Blocked
130,130,0,0.010390930312577389,1.6264501178309159,0,Blocked
131,131,0,0.9951649913976295,0.8252907900178447,0,Blocked
132,132,0,0.001957723084719471,0.8509091711532026,0,Blocked
133,133,0,0.23501464022229052,0.7668789748672842,0,Blocked
134,134,0,0.7164016349935745,0.5342868736429983,0,Blocked
135,135,0,0.3190850402113501,0.5906966881968307,0,Blocked
136,136,0,0.5276153694027113,0.6106039390741124,0,Blocked
137,137,0,0.4918417732932716,0.5393863904194702,0,Blocked
138,138,0,0.3595656235850259,0.6435966673418874,0,Blocked
139,139,0,0.995860977038403,0.62949102902794,0,Blocked
140,140,0,0.8042833695705907,0.6281215289343349,0,Blocked
141,141,0,0.5896696730561487,0.72550527999551,0,Blocked
142,142,0,0.9898032165873609,0.5526726431565046,0,Blocked
143,143,0,0.7393222300157407,0.7746153225893068,0,Blocked
144,144,0,0.0211857424186523,0.8404808028934013,0,Blocked
145,145,0,0.8719204893001491,0.6624025443772814,0,Blocked
146,146,0,0.9793205010629351,0.41732280162092417,0,Blocked
147,147,0,0.8710358665119832,0.5750304759761109,0,Blocked
148,148,0,0.8011335946477327,0.7504567760498518,0,Blocked
149,149,0,0.442479512801114,0.6241898012639466,0,Blocked
150,150,0,0.5002678129702823,0.6476029743238474,0,Blocked
151,151,0,0.9744479848902181,0.410698067660296,0,Blocked
152,152,0,0.22209895225809445,0.6584780385878999,0,Blocked
153,153,0,0.3012066300392571,0.8840315046409531,0,Blocked
154,154,0,0.9659096126356501,0.48803263065570046,0,Blocked
155,155,0,0.9730863216540953,0.7181320460545468,0,Blocked
156,156,0,0.7387316332155991,0.8712675474688912,0,Blocked
157,157,0,0.18328133281141568,0.668102392088674,0,Blocked
158,158,0,0.5900896056916399,0.812565741961701,0,Blocked
159,159,0,0.7614747707587171,0.5037598840795996,0,Blocked
160,160,0,0.9232673738687762,0.6841271721434632,0,Blocked
161,161,0,0.752927593086183,0.5875860212202252,0,Blocked
162,162,0,0.8820134775798447,0.5301510306157886,0,Blocked
163,163,0,0.22088908509653593,0.748533143568933,0,Blocked
164,164,0,0.2325873949488304,0.7940008763545495,0,Blocked
165,165,0,0.5520619821080845,0.6344738430860906,0,Blocked
166,166,0,0.4458509786620983,0.7013451432159481,0,Blocked
167,167,0,0.9827877985503528,0.6133457249247931,0,Blocked
168,168,0,0.5737722681122671,0.8194609707053483,0,Blocked
169,169,0,0.566724319989057,0.5989052724197343,0,Blocked
170,170,0,0.4146146060714374,0.6613031879540345,0,Blocked
171,171,0,0.15531054632044536,0.6514760778618904,0,Blocked
172,172,0,0.3489157890434525,0.7489329443622792,0,Blocked
173,173,0,0.5498199753148905,0.6134180891798443,0,Blocked
174,174,0,0.7097955264173639,0.785535327466863,0,Blocked
175,175,0,0.4500793079685919,0.7523658825787323,0,Blocked
176,176,0,0.6226571622386075,0.7817101098323647,0,Blocked
177,177,0,0.2703124118963837,0.5937484743224877,0,Blocked
178,178,0,0.4791861234836456,0.5075944585626407,0,Blocked
179,179,0,0.3526395719700048,0.9355618324202897,0,Blocked
180,180,0,0.5511355159674495,0.5948902288686028,0,Blocked
181,181,0,0.03253035011180232,0.7746511628902198,0,Blocked
182,182,0,0.979118949672036,0.6511120792347266,0,Blocked
183,183,0,0.4961147761088761,0.6770360788546219,0,Blocked
184,184,0,0.5194642528779767,0.6842739396593804,0,Blocked
185,185,0,0.6912450298356471,0.6131932699704679,0,Blocked
186,186,0,0.9524901900056288,0.7382419238259372,0,Blocked
187,187,0,0.6081648716879237,0.6654861951033572,0,Blocked
188,188,0,0.9929145018845731,0.5019345245763154,0,Blocked
189,189,0,0.8360415297835473,0.6907262949765973,0,Blocked
190,190,0,0.9313240956312159,0.5076463084764761,0,Blocked
191,191,0,0.07460168157601031,0.875793027646764,0,Blocked
192,192,0,0.4150714510054435,0.6559087820853079,0,Blocked
193,193,0,0.528040192072593,0.5877653321248232,0,Blocked
194,194,0,0.5244363508889097,0.8123616766190109,0,Blocked
195,195,0,0.6180605135655186,0.5849556207409062,0,Blocked
196,196,0,0.21424001448885377,0.6555713430611692,0,Blocked
197,197,0,0.25973076033868164,0.8802717057540295,0,Blocked
198,198,0,0.6472260189798069,0.8244686597148341,0,Blocked
199,199,0,0.546083592219803,0.8924719482642097,0,Blocked
200,0,0,0.45913770953592453,0.7485291401100236,0,Interleaved
201,1,0,0.5668598196515657,0.6874242288870713,0,Interleaved
202,2,0,0.5587878962029645,0.7569620342030112,0,Interleaved
203,3,0,0.48599954041036597,0.6074447720993945,0,Interleaved
204,4,0,0.5049405127581881,0.7571650435134751,0,Interleaved
205,5,0,0.20447884918690493,0.8772552937194698,0,Interleaved
206,6,0,0.3481408509065644,0.5812324171397821,0,Interleaved
207,7,0,0.5035667679449043,0.6573511161147076,0,Interleaved
208,8,0,0.9713854860346188,0.7555800128081943,0,Interleaved
209,9,0,0.21643566878185205,0.6726305935545237,0,Interleaved
210,10,0,0.4984962422300121,0.5330841649760958,0,Interleaved
211,11,0,0.6135352585365036,0.794287974634702,0,Interleaved
212,12,0,0.1298030713060718,0.6088111765774142,0,Interleaved
213,13,0,0.4966905620326587,0.7071589486997496,0,Interleaved
214,14,0,0.4835317050920906,0.5830695968325095,0,Interleaved
215,15,0,0.10383944731861808,0.7931347612063953,0,Interleaved
216,16,0,0.3414230089081066,0.8758196777979941,0,Interleaved
217,17,0,0.21709418712662917,0.9246475295885177,0,Interleaved
218,18,0,0.4549957774537682,0.5091886887909843,0,Interleaved
219,19,0,0.7980272955363297,0.7007927943338379,0,Interleaved
220,20,0,0.49055546654450033,0.5022705330345936,0,Interleaved
221,21,0,0.055085084119922315,0.7093041258071033,0,Interleaved
222,22,0,0.06666424385061376,0.6847689309672325,0,Interleaved
223,23,0,0.007693257380428884,0.7208001713639072,0,Interleaved
224,24,0,0.26180782641345335,0.6613319921306366,0,Interleaved
225,25,0,0.8084841031293956,0.6350134550844724,0,Interleaved
226,26,0,0.45794977623182304,0.7207247823370931,0,Interleaved
227,27,0,0.5923849992858019,0.6132235537719714,0,Interleaved
228,28,0,0.7829096263602897,0.5531858923178332,0,Interleaved
229,29,0,0.4318357887291528,0.8675069818533334,0,Interleaved
230,30,0,0.4676336136141957,0.6266704139360529,0,Interleaved
231,31,0,0.8677038966118575,0.7778254164618704,0,Interleaved
232,32,0,0.5680132356660812,0.6173169860979256,0,Interleaved
233,33,0,0.33831334524870055,0.5664482124060527,0,Interleaved
234,34,0,0.8394630545192716,0.3908813992612703,0,Interleaved
235,35,0,0.2054579516423318,0.5921683488169892,0,Interleaved
236,36,0,0.9733354809083254,0.6958106433777336,0,Interleaved
237,37,0,0.4351010819801739,0.6239713199201533,0,Interleaved
238,38,0,0.5027648679108557,0.8728816257751109,0,Interleaved
239,39,0,0.5989997183060285,0.47828963729166224,0,Interleaved
240,40,0,0.7517931417752791,0.5466677347919002,0,Interleaved
241,41,0,0.9178870665699781,0.4936577544367601,0,Interleaved
242,42,0,0.498091333070883,0.6126151754130762,0,Interleaved
243,43,0,0.5218671102549921,0.6899576437210797,0,Interleaved
244,44,0,0.4598953358157965,0.5725468761023043,0,Interleaved
245,45,0,0.5611405230549874,0.7209193772527382,0,Interleaved
246,46,0,0.5291614169344612,0.6230437081288409,0,Interleaved
247,47,0,0.5072700548247323,0.6520327505198421,0,Interleaved
248,48,0,0.5001776372096812,0.9124099385064938,0,Interleaved
249,49,0,0.34591671150366976,0.6858410972643356,0,Interleaved
250,50,0,0.5204307988671205,0.6968447981025332,0,Interleaved
251,51,0,0.008837346935852685,0.8328374655030788,0,Interleaved
252,52,0,0.536949210728152,0.8136481801761826,0,Interleaved
253,53,0,0.8327345106697108,0.5577972377119915,0,Interleaved
254,54,0,0.9664174847995469,0.5135667044542918,0,Interleaved
255,55,0,0.9273952481389809,0.4157632414130911,0,Interleaved
256,56,0,0.538995783454401,0.6807062658018228,0,Interleaved
257,57,0,0.41208413392881976,0.4970744411144765,0,Interleaved
258,58,0,0.37925411343024207,0.9033183959247062,0,Interleaved
259,59,0,0.11892370393439716,0.7859820332141713,0,Interleaved
260,60,0,0.26500197924875213,0.5780314139009775,0,Interleaved
261,61,0,0.5009905257513932,0.8258730289816584,0,Interleaved
262,62,0,0.6011066002929166,0.7026271528095493,0,Interleaved
263,63,0,0.2709177501649091,0.6952224981573718,0,Interleaved
264,64,0,0.7186436825354,0.6535613667293976,0,Interleaved
265,65,0,0.5421419960130458,0.6231776820415091,0,Interleaved
266,66,0,0.3081328003633992,0.8917017589235681,0,Interleaved
267,67,0,0.5051445763579052,0.9343096523492536,0,Interleaved
268,68,0,0.5245479888468624,0.7195583293713238,0,Interleaved
269,69,0,0.3078365197537736,0.715399287750677,0,Interleaved
270,70,0,0.5059422500443168,0.8546040700049528,0,Interleaved
271,71,0,0.02520626972374454,0.925742983402789,0,Interleaved
272,72,0,0.6122928848979489,0.6370254657260965,0,Interleaved
273,73,0,0.8510556954860478,0.6311627778333173,0,Interleaved
274,74,0,0.5402943594935865,0.4837895114911067,0,Interleaved
275,75,0,0.5899589290478425,0.5030072719789815,0,Interleaved
276,76,0,0.7214421792074687,0.5664952615259113,0,Interleaved
277,77,0,0.21750823397044772,0.6230678951588667,0,Interleaved
278,78,0,0.38836270935252676,0.7060050980457602,0,Interleaved
279,79,0,0.059744954545546715,0.8127479367777883,0,Interleaved
280,80,0,0.5143036990103923,0.9342187861681834,0,Interleaved
281,81,0,0.4956943263889909,0.9097082991369271,0,Interleaved
282,82,0,0.5013309078416879,0.5386181188873207,0,Interleaved
283,83,0,0.5047126350524618,0.9454312169454637,0,Interleaved
284,84,0,0.6617534212824546,0.6937997901299316,0,Interleaved
285,85,0,0.3811267292012085,0.6722192217405543,0,Interleaved
286,86,0,0.36442070069712257,0.6606297687488207,0,Interleaved
287,87,0,0.5304403238033618,0.5169446185211878,0,Interleaved
288,88,0,0.573860451820012,0.6381859513431909,0,Interleaved
289,89,0,0.7017033737486732,0.4960251901429298,0,Interleaved
290,90,0,0.7354175238973817,0.5954153205396872,0,Interleaved
291,91,0,0.3292219570316018,0.9672697608484362,0,Interleaved
292,92,0,0.46520344758950327,0.5813562686184768,0,Interleaved
293,93,0,0.2143102961902324,0.7302069400207013,0,Interleaved
294,94,0,0.13730260277991646,0.8706520074360401,0,Interleaved
295,95,0,0.19099460452791256,1.2015423481036684,0,Interleaved
296,96,0,0.4910858176544092,0.8117880502822961,0,Interleaved
297,97,0,0.062403672968875,0.7230794096173817,0,Interleaved
298,98,0,0.5269729381786937,0.7586343523192998,0,Interleaved
299,99,0,0.5754946492778106,0.37982354428170484,0,Interleaved
300,100,0,0.5032608542533491,0.8168794747945527,0,Interleaved
301,101,0,0.6767433708952364,0.414456508422147,0,Interleaved
302,102,0,0.2463434851495447,0.5432773278493662,0,Interleaved
303,103,0,0.17733775753392572,0.7859390172746598,0,Interleaved
304,104,0,0.038435321554101363,0.8938597974527864,0,Interleaved
305,105,0,0.9082792135009958,0.6542516073073649,0,Interleaved
306,106,0,0.49870817269464746,0.9310566807944654,0,Interleaved
307,107,0,0.19791436356212255,0.5510444043052443,0,Interleaved
308,108,0,0.3031850849855586,0.579050593326008,0,Interleaved
309,109,0,0.43115459393734373,0.6926187799711587,0,Interleaved
310,110,0,0.27203163868832286,0.6796454768029832,0,Interleaved
311,111,0,0.8083516507814088,0.681857553775187,0,Interleaved
312,112,0,0.21911261882862781,0.7242490562970704,0,Interleaved
313,113,0,0.6229114567543554,0.7559086419739405,0,Interleaved
314,114,0,0.6776101290123439,0.7070586519887004,0,Interleaved
315,115,0,0.32403715078665496,0.8075617699557263,0,Interleaved
316,116,0,0.2977772008402023,0.6814503026261722,0,Interleaved
317,117,0,0.8819012933043899,0.6043923721707797,0,Interleaved
318,118,0,0.7131495050147005,0.6536899060737287,0,Interleaved
319,119,0,0.7667358783337118,0.526337222383513,0,Interleaved
320,120,0,0.0789808057808234,0.7279522883039804,0,Interleaved
321,121,0,0.35231237368018936,0.7607465322178903,0,Interleaved
322,122,0,0.5443918171594567,0.4904137939087051,0,Interleaved
323,123,0,0.2572268135010263,0.7913382464750596,0,Interleaved
324,124,0,0.31101839232381295,0.8684413189486194,0,Interleaved
325,125,0,0.03299311671112026,0.6878572465529393,0,Interleaved
326,126,0,0.7784894657000309,0.5455153088941844,0,Interleaved
327,127,0,0.4262611187358308,0.864961498741928,0,Interleaved
328,128,0,0.07978462840790865,0.7507747377351435,0,Interleaved
329,129,0,0.6931623543141704,0.7857883480625857,0,Interleaved
330,130,0,0.8126414028704583,0.5236420553116923,0,Interleaved
331,131,0,0.9135664458321102,0.6929560359721166,0,Interleaved
332,132,0,0.8829700597084116,0.748364491755072,0,Interleaved
333,133,0,0.5098780633600571,0.7369518454182422,0,Interleaved
334,134,0,0.5075942803772953,0.5408267270235936,0,Interleaved
335,135,0,0.9934560844058241,0.662512978680458,0,Interleaved
336,136,0,0.2979755468541012,0.5179051667355238,0,Interleaved
337,137,0,0.6848994564603178,0.6598824951149667,0,Interleaved
338,138,0,0.5598385237402844,0.5642915686117634,0,Interleaved
339,139,0,0.10299110127514578,0.8958838899096868,0,Interleaved
340,140,0,0.6216589714292494,0.5150029200354029,0,Interleaved
341,141,0,0.12191261137753841,0.6970245271501501,0,Interleaved
342,142,0,0.5848970776961858,0.6176288869293486,0,Interleaved
343,143,0,0.5006951319794115,2.7963037827318917,0,Interleaved
344,144,0,0.40186866729785725,0.7948777604140227,0,Interleaved
345,145,0,0.3071065690592958,0.746292531758272,0,Interleaved
346,146,0,0.5852076422476243,0.6222109865835004,0,Interleaved
347,147,0,0.5462030125505859,0.7348936825748291,0,Interleaved
348,148,0,0.925552641047656,0.5386960984331054,0,Interleaved
349,149,0,0.5427561568655487,0.8877307214572787,0,Interleaved
350,150,0,0.5019361233769866,0.6942930775615421,0,Interleaved
351,151,0,0.7899051607799042,0.5314006360284824,0,Interleaved
352,152,0,0.40763739487641504,0.4859081920273681,0,Interleaved
353,153,0,0.8783542304260159,0.42229523322044615,0,Interleaved
354,154,0,0.480706683821029,0.6311122517267005,0,Interleaved
355,155,0,0.4731248133562333,0.5400500155937988,0,Interleaved
356,156,0,0.9616985236006494,0.6419749511550199,0,Interleaved
357,157,0,0.13196200788459367,0.6471490129041741,0,Interleaved
358,158,0,0.8338454528871564,0.60590405180315,0,Interleaved
359,159,0,0.2733426965036687,0.9170061242722503,0,Interleaved
360,160,0,0.4234375423199681,0.6528426805188824,0,Interleaved
361,161,0,0.04176338275468264,0.615609855584812,0,Interleaved
362,162,0,0.018719884827182152,0.7475338427939182,0,Interleaved
363,163,0,0.4128507813565223,0.5921459463875856,0,Interleaved
364,164,0,0.505916237433207,0.6042725710997722,0,Interleaved
365,165,0,0.2271490561596744,0.7375810169798955,0,Interleaved
366,166,0,0.949396653844438,0.7619837826636847,0,Interleaved
367,167,0,0.9887031440576917,0.6149204355817761,0,Interleaved
368,168,0,0.9538569674242208,0.5111966749016983,0,Interleaved
369,169,0,0.6595450088557513,0.739702755386026,0,Interleaved
370,170,0,0.506144477259522,0.3623804543486532,0,Interleaved
371,171,0,0.4933362074963805,0.5611163791794754,0,Interleaved
372,172,0,0.1143973435269034,0.8777404012852026,0,Interleaved
373,173,0,0.4375253836064798,0.6308569426282247,0,Interleaved
374,174,0,0.5405719008605988,0.6562886200146387,0,Interleaved
375,175,0,0.9728036273915734,0.508935255046719,0,Interleaved
376,176,0,0.3148130690893193,0.6593504068055424,0,Interleaved
377,177,0,0.4070337811402633,0.5097708263708467,0,Interleaved
378,178,0,0.4677646148770904,0.5722970000928597,0,Interleaved
379,179,0,0.7750567978511099,0.541216601399673,0,Interleaved
380,180,0,0.05755268032030977,0.6524408241147015,0,Interleaved
381,181,0,0.22230682516284814,0.7487214861705485,0,Interleaved
382,182,0,0.19947775888551048,0.6764888796986686,0,Interleaved
383,183,0,0.03125124072330696,0.8639017401277171,0,Interleaved
384,184,0,0.4608358029702375,0.623702136735051,0,Interleaved
385,185,0,0.05144009748449771,0.6044916691560056,0,Interleaved
386,186,0,0.10820260492922175,0.8410299643529688,0,Interleaved
387,187,0,0.6906221605452115,0.6659302181497597,0,Interleaved
388,188,0,0.4523994175265169,0.7066996479127461,0,Interleaved
389,189,0,0.4997740161429829,0.6308127010553491,0,Interleaved
390,190,0,0.3699335875804545,0.543425735882791,0,Interleaved
391,191,0,0.41330143693325566,0.9424204483147558,0,Interleaved
392,192,0,0.05968030903570989,0.6126238185218614,0,Interleaved
393,193,0,0.4948588499419843,0.6391381999425383,0,Interleaved
394,194,0,0.704057160159847,0.8209906835083777,0,Interleaved
395,195,0,0.03856853450565928,0.6997221230555509,0,Interleaved
396,196,0,0.28545889402422814,0.7951831952066097,0,Interleaved
397,197,0,0.8462291999883348,0.7290220849744933,0,Interleaved
398,198,0,0.15055128176275318,0.7612301173001812,0,Interleaved
399,199,0,0.5991080459417855,0.4119923726122042,0,Interleaved
400,0,0,0.34668931990510815,0.7184987197939057,0,Instructed
401,1,0,0.43052393223391416,1.0240751882101455,0,Instructed
402,2,0,0.6444955972224884,1.1395531563245558,0,Instructed
403,3,0,0.31174514711577916,0.6200200826806803,0,Instructed
404,4,0,0.8832987601051508,0.8878556661680717,0,Instructed
405,5,0,0.7490966839084696,0.8904101483408804,0,Instructed
406,6,0,0.5975279971871034,0.8150290162880736,0,Instructed
407,7,0,0.20069699336003932,0.7702226023386196,0,Instructed
408,8,0,0.9999982114965146,0.9983327359131946,0,Instructed
409,9,0,0.9526473986251922,0.6423348969841669,0,Instructed
410,10,0,0.5624421532960193,0.6560656064026609,0,Instructed
411,11,0,0.4282504645631597,0.8680595273220115,0,Instructed
412,12,0,0.8167666084752326,0.5799840270888584,0,Instructed
413,13,0,0.555484396527456,0.6934310555079477,0,Instructed
414,14,0,0.49757397634957207,0.9365837236725894,0,Instructed
415,15,0,0.8859728186018792,0.544174384263735,0,Instructed
416,16,0,0.6290607236888901,0.7311703051078178,0,Instructed
417,17,0,0.46138238628445927,0.5443642762812003,0,Instructed
418,18,0,0.6892357999418117,0.6025887346334217,0,Instructed
419,19,0,0.3031649173336837,0.617491816622215,0,Instructed
420,20,0,0.051874584148154455,0.817049194351515,0,Instructed
421,21,0,0.4632976075133347,0.5612003292295782,0,Instructed
422,22,0,0.9999580768413635,0.8730764351243594,0,Instructed
423,23,0,0.9687359592133191,0.5221145560389975,0,Instructed
424,24,0,0.3576900578798983,0.5557829798657359,0,Instructed
425,25,0,0.432480889729298,0.5246008537410113,0,Instructed
426,26,0,0.4298531163889405,0.5821552588372773,0,Instructed
427,27,0,0.2104294041741312,0.5773907415237653,0,Instructed
428,28,0,0.8198717736528951,0.6494228583778692,0,Instructed
429,29,0,0.11019456005445541,0.9589382599533791,0,Instructed
430,30,0,0.5883847234056935,0.7310479840942437,0,Instructed
431,31,0,0.23421589609928137,0.7637240943069274,0,Instructed
432,32,0,0.5081754620676798,0.7061772321014801,0,Instructed
433,33,0,0.3534481386629935,0.6796616319369089,0,Instructed
434,34,0,0.49524912583202113,0.6122759670318667,0,Instructed
435,35,0,0.5008347412234291,0.8515335775763422,0,Instructed
436,36,0,0.48602578858276946,0.6692041683440526,0,Instructed
437,37,0,0.9325702525377069,0.7960686935701091,0,Instructed
438,38,0,0.7762001457678545,0.7081423331763901,0,Instructed
439,39,0,0.25345214875697825,0.370866662985499,0,Instructed
440,40,0,0.1471568706699305,0.8222865952735756,0,Instructed
441,41,0,0.4986140125484199,0.8283302603319298,0,Instructed
442,42,0,0.4842302689175082,0.8229096367595977,0,Instructed
443,43,0,0.5000954757775773,0.9333439724176953,0,Instructed
444,44,0,0.49717778642498767,0.7771378737413774,0,Instructed
445,45,0,0.50112978856132,0.6892785491376316,0,Instructed
446,46,0,0.541605542458513,0.8055240809670462,0,Instructed
447,47,0,0.5338815109364297,0.7754652432390735,0,Instructed
448,48,0,0.6114852446629747,0.4788547732484536,0,Instructed
449,49,0,0.5247365070522048,0.5486777553239703,0,Instructed
450,50,0,0.29062063735532073,0.6420852869134462,0,Instructed
451,51,0,0.7902604200203495,0.6059841928149872,0,Instructed
452,52,0,0.05335581310446845,0.5758521608648071,0,Instructed
453,53,0,0.16963678964745868,0.6830407789366071,0,Instructed
454,54,0,0.8967021687494898,0.4182730469579309,0,Instructed
455,55,0,0.47216618178781783,0.633418201981616,0,Instructed
456,56,0,0.051895352072414816,0.7264336973398398,0,Instructed
457,57,0,0.8845691706589043,0.5770831441908462,0,Instructed
458,58,0,0.2794497373051388,0.5946779117821264,0,Instructed
459,59,0,0.6404070129839321,0.4041586307118196,0,Instructed
460,60,0,0.8209870777975787,0.5025120226836849,0,Instructed
461,61,0,0.578399088345232,0.8097744109352414,0,Instructed
462,62,0,0.2386843495699726,0.8251098714334757,0,Instructed
463,63,0,0.5756393407409812,0.5987868988572951,0,Instructed
464,64,0,0.09602575876384624,0.5193161901477837,0,Instructed
465,65,0,0.53073580544129,0.509820123738941,0,Instructed
466,66,0,0.5178170540204811,0.3416766853902319,0,Instructed
467,67,0,0.13962808203303953,0.6560570265129032,0,Instructed
468,68,0,0.9907288810861543,0.7468433873971637,0,Instructed
469,69,0,0.8468976818950825,0.5433199389326157,0,Instructed
470,70,0,0.13771315098111248,0.6565057433641976,0,Instructed
471,71,0,0.488733298631322,0.4976004184876322,0,Instructed
472,72,0,0.003571805040069295,0.8045615692491257,0,Instructed
473,73,0,0.6992402830609923,0.7659117021435722,0,Instructed
474,74,0,0.020319965922884275,0.9662209323055282,0,Instructed
475,75,0,0.4257611739112433,0.7744581911340983,0,Instructed
476,76,0,0.995842485948863,0.5330287248319595,0,Instructed
477,77,0,0.432487841909439,0.6334277522052293,0,Instructed
478,78,0,0.5692157542258155,0.526746298856414,0,Instructed
479,79,0,0.25536469156479047,0.5615918089426636,0,Instructed
480,80,0,0.8981732954446695,0.5931041943330815,0,Instructed
481,81,0,0.38672970951731006,0.6042030389578683,0,Instructed
482,82,0,0.1441495975953342,0.4362765279961227,0,Instructed
483,83,0,0.29822005703758103,0.5774042897928577,0,Instructed
484,84,0,0.4028601557194568,0.6961703393910447,0,Instructed
485,85,0,0.3686907323049497,0.6221295405996419,0,Instructed
486,86,0,0.47997086199676986,0.5993400910535127,0,Instructed
487,87,0,0.6386538059952899,0.712605189654095,0,Instructed
488,88,0,0.7031943043193929,0.7487839893229555,0,Instructed
489,89,0,0.0038830837687211274,0.9450463800914447,0,Instructed
490,90,0,0.6785796291350623,0.6772701069411526,0,Instructed
491,91,0,0.49348997442024795,0.6838269252175004,0,Instructed
492,92,0,0.42251516808770206,0.5901237654741768,0,Instructed
493,93,0,0.47633786236434045,0.5115652749418732,0,Instructed
494,94,0,0.0553239426709484,0.777467841442953,0,Instructed
495,95,0,0.3576373268812577,0.7139460815708178,0,Instructed
496,96,0,0.5843214462931642,0.5295337775647525,0,Instructed
497,97,0,0.7790162523765432,0.5863903485570765,0,Instructed
498,98,0,0.7894757252519693,0.6661644946030116,0,Instructed
499,99,0,0.5158073150095488,0.8228500776613881,0,Instructed
500,100,0,0.4823146972130616,0.6839320325801638,0,Instructed
501,101,0,0.2645428360873834,0.5886172949440756,0,Instructed
502,102,0,0.5064247145197973,0.634987517388145,0,Instructed
503,103,0,0.42742019963030187,0.4783479905916991,0,Instructed
504,104,0,0.14104177099249104,0.9697690379490654,0,Instructed
505,105,0,0.3797957012476786,0.6536818664413708,0,Instructed
506,106,0,0.36473330645332347,0.3920724617165917,0,Instructed
507,107,0,0.23171848320937058,0.42438370480807164,0,Instructed
508,108,0,0.5702302444633931,0.6672245606974683,0,Instructed
509,109,0,0.5542388547248922,0.4510901260922021,0,Instructed
510,110,0,0.7747517479866661,0.5216687860203852,0,Instructed
511,111,0,0.37918829690615913,0.7297401142837617,0,Instructed
512,112,0,0.12174240962767649,0.6070160632847195,0,Instructed
513,113,0,0.5255259250839694,0.6028228830931288,0,Instructed
514,114,0,0.5012374374949689,1.568477298765758,0,Instructed
515,115,0,0.24502849251152511,0.6556756258197287,0,Instructed
516,116,0,0.13359404740071362,0.7301701647206759,0,Instructed
517,117,0,0.5252027344572403,0.7651864971388048,0,Instructed
518,118,0,0.02101965374925288,0.7555922347355065,0,Instructed
519,119,0,0.7374521734945252,0.4328538363899689,0,Instructed
520,120,0,0.9109524515003338,0.5078440366810015,0,Instructed
521,121,0,0.49384176304569105,0.5695396197001756,0,Instructed
522,122,0,0.5566279976762247,0.7238769847327083,0,Instructed
523,123,0,0.6560567264057421,0.5619632860153483,0,Instructed
524,124,0,0.6452770841410326,0.4459068737162569,0,Instructed
525,125,0,0.14983255250317423,0.5995025099301632,0,Instructed
526,126,0,0.16773583334991962,0.7510199310054161,0,Instructed
527,127,0,0.8458396573405669,0.7484586547455248,0,Instructed
528,128,0,0.5175711697625194,1.7260128035824873,0,Instructed
529,129,0,0.6554235317680908,1.0415442315364225,0,Instructed
530,130,0,0.8424972889357187,0.5236795169751685,0,Instructed
531,131,0,0.46763604169770134,0.6500473590747571,0,Instructed
532,132,0,0.29690030056253436,0.6928430105998288,0,Instructed
533,133,0,0.49458719715153127,0.44180079701656877,0,Instructed
534,134,0,0.05320522205444686,0.5740484116634443,0,Instructed
535,135,0,0.930030061591142,0.6610282021565338,0,Instructed
536,136,0,0.7726161578649127,0.5401754546076972,0,Instructed
537,137,0,0.4791577656513441,0.6047984117877252,0,Instructed
538,138,0,0.6980957696210792,0.7207492215270895,0,Instructed
539,139,0,0.5117203265377789,0.7792990772130126,0,Instructed
540,140,0,0.3200510985741064,0.6473859285037198,0,Instructed
541,141,0,0.4848811638456091,0.6795494934720334,0,Instructed
542,142,0,0.7457095975094585,0.5871167439262746,0,Instructed
543,143,0,0.25592078695829423,0.8485109338766548,0,Instructed
544,144,0,0.4123753609560865,0.5772842936179733,0,Instructed
545,145,0,0.9896750555536808,0.5697677766596116,0,Instructed
546,146,0,0.5089605947834297,0.5916695309819051,0,Instructed
547,147,0,0.6064670529717262,0.5751461815481185,0,Instructed
548,148,0,0.5924370747024076,0.39907179002237547,0,Instructed
549,149,0,0.5331619407576389,0.4984576538651717,0,Instructed
550,150,0,0.9858100087474682,0.5913610500713868,0,Instructed
551,151,0,0.4847786080460473,1.5352561521070698,0,Instructed
552,152,0,0.5071572243521958,0.6216179207509724,0,Instructed
553,153,0,0.6071203292483196,0.44928243565807885,0,Instructed
554,154,0,0.11146229981929545,0.8117867910928237,0,Instructed
555,155,0,0.16278520373937996,0.7113877816544383,0,Instructed
556,156,0,0.4743741493137158,0.522427294419918,0,Instructed
557,157,0,0.872969795157926,0.7422265214008319,0,Instructed
558,158,0,0.13312802337729535,0.6551536045404722,0,Instructed
559,159,0,0.7033834488298463,0.79019691532044,0,Instructed
560,160,0,0.2428103933721633,0.4246536068544331,0,Instructed
561,161,0,0.5177205910272187,0.39298635790383285,0,Instructed
562,162,0,0.27335672529567684,0.8109785720574545,0,Instructed
563,163,0,0.833266567310732,0.8244220643048136,0,Instructed
564,164,0,0.6123280463950975,0.7831391610647561,0,Instructed
565,165,0,0.2791876096798138,0.6290876997804133,0,Instructed
566,166,0,0.6092953507598488,0.6760862834734704,0,Instructed
567,167,0,0.1659246751590121,0.38644172894298356,0,Instructed
568,168,0,0.937114998535006,0.4331612861793209,0,Instructed
569,169,0,0.18916227668401409,0.45451663783311036,0,Instructed
570,170,0,0.49636521658807603,0.5355872953097865,0,Instructed
571,171,0,0.5756866429498352,0.4285163437954141,0,Instructed
572,172,0,0.33231934502495686,0.9685491989290411,0,Instructed
573,173,0,0.7603149121584126,0.4895347516883535,0,Instructed
574,174,0,0.6738075931890839,0.48236631168789945,0,Instructed
575,175,0,0.689403596322437,0.7922003149337802,0,Instructed
576,176,0,0.8923076591574753,0.5418121898161568,0,Instructed
577,177,0,0.4078723825204076,1.1621165663257589,0,Instructed
578,178,0,0.41652676096871255,0.810211924693871,0,Instructed
579,179,0,0.0911644849595305,0.8105415026901803,0,Instructed
580,180,0,0.4782562163878087,0.7857525253316293,0,Instructed
581,181,0,0.254112521744694,0.8229252154141398,0,Instructed
582,182,0,0.10236057202829632,0.6198925538151985,0,Instructed
583,183,0,0.5326184652335934,1.0560080196454924,0,Instructed
584,184,0,0.9144165217513629,0.48875299867978417,0,Instructed
585,185,0,0.9344489174392119,0.42184007564376874,0,Instructed
586,186,0,0.4536995935506083,0.7184885996535976,0,Instructed
587,187,0,0.1826753117987933,0.45707875346262306,0,Instructed
588,188,0,0.5873127702933403,1.0023804690945068,0,Instructed
589,189,0,0.10952815783279243,0.6698530902520681,0,Instructed
590,190,0,0.674156539289313,0.5769491811673153,0,Instructed
591,191,0,0.5336223615657505,0.5534987845693276,0,Instructed
592,192,0,0.5028492795336411,1.01105945469391,0,Instructed
593,193,0,0.1708560227046655,0.5751805652941597,0,Instructed
594,194,0,0.5511536849846166,0.8285627667152036,0,Instructed
595,195,0,0.501655063307234,0.5720472111680157,0,Instructed
596,196,0,0.9937531866959104,1.0269584770424616,0,Instructed
597,197,0,0.7988801565847108,0.8516176562750439,0,Instructed
598,198,0,0.9821419736890732,0.601507845771813,0,Instructed
599,199,0,0.9726650831841754,0.6295411043812758,0,Instructed
600,0,0,0.6826025670022964,0.5761410115036827,1,Blocked
601,1,0,0.10653874650711909,0.7482885269309164,1,Blocked
602,2,0,0.49595395377056944,0.7493446260391696,1,Blocked
603,3,0,0.42848701853536764,0.7070610765152328,1,Blocked
604,4,0,0.3471636361765529,0.44568641142328774,1,Blocked
605,5,0,0.2213786177565018,0.9768462629458263,1,Blocked
606,6,0,0.1835816926253724,0.7779177495752656,1,Blocked
607,7,0,0.36258636427482227,0.612949621285461,1,Blocked
608,8,0,0.39478661945213533,0.59313888820397,1,Blocked
609,9,0,0.980255062191942,0.7442232865006657,1,Blocked
610,10,0,0.12120984086809115,0.6676363266132165,1,Blocked
611,11,0,0.3686183496053756,0.6646479478362853,1,Blocked
612,12,0,0.9218015229481809,0.5859158990597331,1,Blocked
613,13,0,0.12433248785887273,0.8060303459376752,1,Blocked
614,14,0,0.4632592741628547,0.6832887931192715,1,Blocked
615,15,0,0.20433145499751534,0.651742062958945,1,Blocked
616,16,0,0.46484488293443793,0.9712466616784742,1,Blocked
617,17,0,0.876768451511581,0.9842468128849421,1,Blocked
618,18,0,0.8395847325408781,0.5638698438648424,1,Blocked
619,19,0,0.487897912041375,0.5645416080239783,1,Blocked
620,20,0,0.5668306609628676,1.0252760019870943,1,Blocked
621,21,0,0.557808742631271,0.6656382982341988,1,Blocked
622,22,0,0.44680519363686305,0.5817030545754847,1,Blocked
623,23,0,0.601383127751449,0.48893272963219675,1,Blocked
624,24,0,0.9830473630493415,0.5271940587865408,1,Blocked
625,25,0,0.13589151519445172,0.5286953557687839,1,Blocked
626,26,0,0.7556517138257203,0.46929980826814777,1,Blocked
627,27,0,0.8425451338604343,0.605026866052365,1,Blocked
628,28,0,0.59358667240166,0.8118598373216054,1,Blocked
629,29,0,0.9945185826755025,0.7551511756643328,1,Blocked
630,30,0,0.02484927824525238,0.7554107210966126,1,Blocked
631,31,0,0.7554651965707344,0.6711192844610285,1,Blocked
632,32,0,0.993157444336231,0.6894948730874957,1,Blocked
633,33,0,0.3663711794594242,0.5772378777252104,1,Blocked
634,34,0,0.15433138204616054,0.7839172203784842,1,Blocked
635,35,0,0.9760219457381099,0.4854992788719477,1,Blocked
636,36,0,0.5348868091466792,0.5771862109147587,1,Blocked
637,37,0,0.43117349236710384,0.38328822998734796,1,Blocked
638,38,0,0.8644716021777501,0.5090627208038879,1,Blocked
639,39,0,0.260702200030912,0.47177173092091196,1,Blocked
640,40,0,0.22063962335307652,0.4049663793582692,1,Blocked
641,41,0,0.5072034544842329,0.5477435690460633,1,Blocked
642,42,0,0.932731003239885,0.6338266683086777,1,Blocked
643,43,0,0.0706597703525992,0.8661116139004459,1,Blocked
644,44,0,0.8379819300062146,0.5194971894904883,1,Blocked
645,45,0,0.22548140621316393,0.7818700918075248,1,Blocked
646,46,0,0.5327451098960257,0.5224374758509783,1,Blocked
647,47,0,0.8564052911501605,0.7538830691834678,1,Blocked
648,48,0,0.6933049643252382,0.7969799959413646,1,Blocked
649,49,0,0.11669456098828478,0.46530997835750676,1,Blocked
650,50,0,0.4148594551504535,0.7194647988523545,1,Blocked
651,51,0,0.49317368886826346,0.5805376707704119,1,Blocked
652,52,0,0.6618190559944663,0.6659016655126281,1,Blocked
653,53,0,0.6577467134881141,0.6886491517534195,1,Blocked
654,54,0,0.5073699734003647,0.4953432571689771,1,Blocked
655,55,0,0.6439286486137686,0.43184489738975224,1,Blocked
656,56,0,0.4704079534550283,0.6363097120070524,1,Blocked
657,57,0,0.49748724363568053,0.5367627954522851,1,Blocked
658,58,0,0.17310842338367122,0.5726969538839417,1,Blocked
659,59,0,0.4987346640233588,0.680532153133532,1,Blocked
660,60,0,0.536695053425625,0.3378445507402471,1,Blocked
661,61,0,0.6210255249669274,0.6762892703821373,1,Blocked
662,62,0,0.5006106622708023,1.1598288510087837,1,Blocked
663,63,0,0.04676518319224721,1.0242478655467029,1,Blocked
664,64,0,0.6168704475913583,0.8828790847391138,1,Blocked
665,65,0,0.04296305515992845,0.8380769875930569,1,Blocked
666,66,0,0.7305310455361109,0.6768911172686484,1,Blocked
667,67,0,0.0338439120746676,0.7849351062641052,1,Blocked
668,68,0,0.4941080767444246,0.7915146179160855,1,Blocked
669,69,0,0.930854763252142,0.4429356670481187,1,Blocked
670,70,0,0.4899502919535108,0.5384459399736139,1,Blocked
671,71,0,0.5406636628576978,0.6886376404336361,1,Blocked
672,72,0,0.42139174074963615,0.6641826311666907,1,Blocked
673,73,0,0.5127340653792406,0.730166189506234,1,Blocked
674,74,0,0.529393203031143,0.5918542797470583,1,Blocked
675,75,0,0.4979150105685605,0.483385883095237,1,Blocked
676,76,0,0.8148511477947153,0.614781475754665,1,Blocked
677,77,0,0.8450607145642974,0.7635181290573212,1,Blocked
678,78,0,0.7620885902000503,0.4487933413046712,1,Blocked
679,79,0,0.24596146503410704,0.7475465655925322,1,Blocked
680,80,0,0.27130757861861027,0.6955626738036536,1,Blocked
681,81,0,0.5836351478081255,0.41851437802821057,1,Blocked
682,82,0,0.14679960927219138,0.4693566280301465,1,Blocked
683,83,0,0.18984598700096528,0.7733040863642393,1,Blocked
684,84,0,0.1418417833592831,0.610359862912639,1,Blocked
685,85,0,0.5672409775669726,0.6338925278258,1,Blocked
686,86,0,0.7011331337935042,0.5647664852314893,1,Blocked
687,87,0,0.4325310196583835,0.5306454435479936,1,Blocked
688,88,0,0.5506227705943991,0.5236404755355794,1,Blocked
689,89,0,0.015470997695098292,1.055639459611971,1,Blocked
690,90,0,0.5672346754676934,0.6042346438862303,1,Blocked
691,91,0,0.017076984327589154,0.6662659249770142,1,Blocked
692,92,0,0.9042486371076512,0.5303521576335892,1,Blocked
693,93,0,0.6064792518220375,0.6640281015952996,1,Blocked
694,94,0,0.23046393280344463,0.35554078203736184,1,Blocked
695,95,0,0.49537129238838573,0.5886709639582925,1,Blocked
696,96,0,0.04743707508673438,0.9386711645352087,1,Blocked
697,97,0,0.7529816758046206,0.7401146511154935,1,Blocked
698,98,0,0.7657452813442993,0.5652835209668513,1,Blocked
699,99,0,0.8670627792893728,0.6514685126101222,1,Blocked
700,100,0,0.9334602828568508,0.528636148324404,1,Blocked
701,101,0,0.474300476947658,0.6679241232232345,1,Blocked
702,102,0,0.6669389635864044,0.6177417014524507,1,Blocked
703,103,0,0.5306463342722615,0.5155523345230093,1,Blocked
704,104,0,0.6524650543990914,0.4219352026287688,1,Blocked
705,105,0,0.1443505210854326,0.691397323612442,1,Blocked
706,106,0,0.9840224613924453,0.4618886243890018,1,Blocked
707,107,0,0.022168063855076622,0.7507515551306442,1,Blocked
708,108,0,0.15048053228014238,0.881867894982953,1,Blocked
709,109,0,0.3748259668127569,0.5786634302714098,1,Blocked
710,110,0,0.9612810539197072,0.6167522284352693,1,Blocked
711,111,0,0.5640863572805096,0.6239397534231625,1,Blocked
712,112,0,0.6724746501737425,0.8270573165687047,1,Blocked
713,113,0,0.07142362707653065,0.6441307863229252,1,Blocked
714,114,0,0.5017228280987405,0.772836907672052,1,Blocked
715,115,0,0.5829725621039764,0.679503726101292,1,Blocked
716,116,0,0.7303823059963345,0.6118889868019495,1,Blocked
717,117,0,0.5582144501838351,0.46038112028056555,1,Blocked
718,118,0,0.5318153895341893,0.7567969014446299,1,Blocked
719,119,0,0.06821784818944908,0.8395360358178589,1,Blocked
720,120,0,0.35400688521518936,0.7342510084111102,1,Blocked
721,121,0,0.5565714460486979,0.9031733525590191,1,Blocked
722,122,0,0.01228513719623233,0.684098055705815,1,Blocked
723,123,0,0.4878975405411451,0.5153562341003297,1,Blocked
724,124,0,0.6503745076831215,0.6282838712103682,1,Blocked
725,125,0,0.6132013039061565,0.46715675116924116,1,Blocked
726,126,0,0.6078469762295352,0.40460675767165194,1,Blocked
727,127,0,0.6250333574615912,0.5649716646529894,1,Blocked
728,128,0,0.5496461575973474,0.8541092030774681,1,Blocked
729,129,0,0.5026446159729183,0.569301354808065,1,Blocked
730,130,0,0.22874900365879938,0.578093811933099,1,Blocked
731,131,0,0.3890725620084633,0.6244852508592946,1,Blocked
732,132,0,0.33347806972548455,0.5518857366826143,1,Blocked
733,133,0,0.596251778188036,0.6855095169258467,1,Blocked
734,134,0,0.5642834402325201,0.6448344550356473,1,Blocked
735,135,0,0.4980219631823383,0.5784604135028009,1,Blocked
736,136,0,0.21794140511092852,0.6765162172326937,1,Blocked
737,137,0,0.900897272688096,0.7531289159119858,1,Blocked
738,138,0,0.5173429639355712,0.6558444463059179,1,Blocked
739,139,0,0.9751858400854675,0.6185091163354495,1,Blocked
740,140,0,0.15719584407273887,0.89509454314683,1,Blocked
741,141,0,0.13110934401588709,0.5942565789013028,1,Blocked
742,142,0,0.8854767648159003,0.48077239955268225,1,Blocked
743,143,0,0.0523669397754072,0.4962477103085715,1,Blocked
744,144,0,0.13433530786390738,0.5899893453951321,1,Blocked
745,145,0,0.4936711830124415,0.5980885059421344,1,Blocked
746,146,0,0.12836801640537948,0.7241319107343017,1,Blocked
747,147,0,0.5377570889104965,0.6190871773657987,1,Blocked
748,148,0,0.3168425823279893,0.6604440796145589,1,Blocked
749,149,0,0.5338682259672338,0.5537416586284332,1,Blocked
750,150,0,0.8002981870881428,0.6313100835823019,1,Blocked
751,151,0,0.48332589401940973,0.7572509934842826,1,Blocked
752,152,0,0.028570313804500216,0.9914066051506162,1,Blocked
753,153,0,0.46664712953311444,0.8982251497165832,1,Blocked
754,154,0,0.6721654524558321,0.6966917512940295,1,Blocked
755,155,0,0.555245089948342,0.6662694500014568,1,Blocked
756,156,0,0.8626522688505653,0.6302677641948253,1,Blocked
757,157,0,0.49538890239915384,0.5679055522940478,1,Blocked
758,158,0,0.013905017791228973,0.7097261009897525,1,Blocked
759,159,0,0.536886656981187,0.5422260342523932,1,Blocked
760,160,0,0.22141818972891872,0.5838431345127206,1,Blocked
761,161,0,0.7613421125763736,0.6696259104911808,1,Blocked
762,162,0,0.5328907115789864,0.725046388522087,1,Blocked
763,163,0,0.028427962851722628,0.662774254368714,1,Blocked
764,164,0,0.8413131464243735,0.5248693423679938,1,Blocked
765,165,0,0.42344259168768617,0.6719057847365284,1,Blocked
766,166,0,0.1378669933142229,0.5548506715320995,1,Blocked
767,167,0,0.9750878776176308,0.7021062338682555,1,Blocked
768,168,0,0.7572405466723043,0.5487228544895988,1,Blocked
769,169,0,0.4834935326088627,0.6666560666335213,1,Blocked
770,170,0,0.009070626100225465,0.4829703561588675,1,Blocked
771,171,0,0.0721069713065633,0.6923636742078672,1,Blocked
772,172,0,0.048280584549124775,0.6090084555610888,1,Blocked
773,173,0,0.10348101704174545,0.47339881098369535,1,Blocked
774,174,0,0.6161424109692063,0.6877550877562866,1,Blocked
775,175,0,0.7683286903782431,0.717275037587286,1,Blocked
776,176,0,0.44866968184644734,0.8638177426115343,1,Blocked
777,177,0,0.3616522848346144,0.45147326491315376,1,Blocked
778,178,0,0.40014623310560765,0.5676004636195582,1,Blocked
779,179,0,0.4510712152854849,0.6532853838786516,1,Blocked
780,180,0,0.6136566501030143,0.6539629241278976,1,Blocked
781,181,0,0.5003272401642385,1.357470660579655,1,Blocked
782,182,0,0.02271719533894192,0.7418189812392004,1,Blocked
783,183,0,0.4703527458871665,0.4477806729903546,1,Blocked
784,184,0,0.4331527605347292,0.6386373752662495,1,Blocked
785,185,0,0.6766360514110928,0.7230536311413844,1,Blocked
786,186,0,0.7609340732104841,0.5461474551034222,1,Blocked
787,187,0,0.5837205818007168,0.5136197155209887,1,Blocked
788,188,0,0.4107161655080849,0.5403412818731195,1,Blocked
789,189,0,0.20616777698290276,0.8459140483234693,1,Blocked
790,190,0,0.5322775521857221,0.8245101175909479,1,Blocked
791,191,0,0.47766369715595247,0.7624791683925461,1,Blocked
792,192,0,0.9170292959409254,0.6287301205734088,1,Blocked
793,193,0,0.49439465912336167,0.48665001529092367,1,Blocked
794,194,0,0.3605556371764065,0.49845658382324276,1,Blocked
795,195,0,0.18647518373452227,0.5415899251691887,1,Blocked
796,196,0,0.6946554196265169,0.5801841170716443,1,Blocked
797,197,0,0.6785098180439071,0.5656545461430783,1,Blocked
798,198,0,0.8815961377975643,0.6004431555780401,1,Blocked
799,199,0,0.27560303392805213,0.6234180761924186,1,Blocked
800,0,0,0.5452344899908076,0.45572280228734585,1,Interleaved
801,1,0,0.8287584910975669,0.4674972286093385,1,Interleaved
802,2,0,0.5117874744198517,0.5391997987193604,1,Interleaved
803,3,0,0.8995514823817236,0.7534033841324027,1,Interleaved
804,4,0,0.5915976386720179,0.608717392648942,1,Interleaved
805,5,0,0.8468512653125786,0.38039583868176086,1,Interleaved
806,6,0,0.5795985438968235,0.4542424097984268,1,Interleaved
807,7,0,0.9186004416908504,0.5018461619800785,1,Interleaved
808,8,0,0.929829666952718,0.4853600818072102,1,Interleaved
809,9,0,0.5014529911287535,0.48436928127126777,1,Interleaved
810,10,0,0.5441116136171695,0.6342037487757907,1,Interleaved
811,11,0,0.19345513766003866,0.688902939615214,1,Interleaved
812,12,0,0.7324167608691308,0.8205730332511103,1,Interleaved
813,13,0,0.7044826027119,0.5797107758355358,1,Interleaved
814,14,0,0.6226162757008077,0.7197633766426494,1,Interleaved
815,15,0,0.5469178138120943,0.8356142064826495,1,Interleaved
816,16,0,0.6447957009082864,0.7541701046575813,1,Interleaved
817,17,0,0.02355104914109445,0.6714537694714775,1,Interleaved
818,18,0,0.04782050114441735,0.5136483511154286,1,Interleaved
819,19,0,0.9743623431543526,0.5725549954818046,1,Interleaved
820,20,0,0.4345988148457013,0.6310336170726369,1,Interleaved
821,21,0,0.17393153907238298,0.7895678531725312,1,Interleaved
822,22,0,0.3691675051556001,0.7163305602003733,1,Interleaved
823,23,0,0.1783709268582684,0.7276912339079256,1,Interleaved
824,24,0,0.26303997604906837,0.40232686791197614,1,Interleaved
825,25,0,0.7796110768376783,0.33979946925091686,1,Interleaved
826,26,0,0.33692470963779303,0.368884887333351,1,Interleaved
827,27,0,0.30109294590200164,0.4940360193800366,1,Interleaved
828,28,0,0.16202125206583157,0.6918248018977842,1,Interleaved
829,29,0,0.7041418633614037,0.4109942726241802,1,Interleaved
830,30,0,0.9142354612843885,0.6238091833030778,1,Interleaved
831,31,0,0.9559436092533355,0.7410187512638235,1,Interleaved
832,32,0,0.3727775785580942,0.7086852711624934,1,Interleaved
833,33,0,0.9202191334809843,0.7444016854039045,1,Interleaved
834,34,0,0.5646439082756082,0.7928872485739623,1,Interleaved
835,35,0,0.06248396429936072,0.8500254474681526,1,Interleaved
836,36,0,0.5267244347520792,0.409086171913841,1,Interleaved
837,37,0,0.8720960328929923,0.7283242302914152,1,Interleaved
838,38,0,0.3326836669231798,0.6874452791866735,1,Interleaved
839,39,0,0.023524277039113903,0.7111840144972292,1,Interleaved
840,40,0,0.04191893929965915,0.8410220848610658,1,Interleaved
841,41,0,0.6222181207940125,0.44201963859404103,1,Interleaved
842,42,0,0.5229017432509453,0.6105080195843242,1,Interleaved
843,43,0,0.6372099601083581,0.6306259031100765,1,Interleaved
844,44,0,0.3965076096803253,0.538648509800265,1,Interleaved
845,45,0,0.06415540488021873,0.49181169874062647,1,Interleaved
846,46,0,0.5178831302066812,0.5218864223779223,1,Interleaved
847,47,0,0.7403864847205307,0.6677462570648764,1,Interleaved
848,48,0,0.9879857065315043,0.7885958043090593,1,Interleaved
849,49,0,0.0657458361183678,0.589243354268898,1,Interleaved
850,50,0,0.7604077806448156,0.3812074175113702,1,Interleaved
851,51,0,0.7871756554593415,0.39985386979765936,1,Interleaved
852,52,0,0.49321042200001514,0.9819938282774734,1,Interleaved
853,53,0,0.2609948411795512,0.5907508348414101,1,Interleaved
854,54,0,0.4803934298109228,0.6370109334128923,1,Interleaved
855,55,0,0.8679767087115724,0.3509513679182804,1,Interleaved
856,56,0,0.4805935909656892,0.3081831317123075,1,Interleaved
857,57,0,0.9710766870575441,0.4401045797216121,1,Interleaved
858,58,0,0.548038813841409,0.5869170789813185,1,Interleaved
859,59,0,0.23186967673813214,0.7196163918727867,1,Interleaved
860,60,0,0.3552811412579395,0.7360010998465104,1,Interleaved
861,61,0,0.5360678898874184,0.655808338985209,1,Interleaved
862,62,0,0.23099682359712953,0.5735417297120817,1,Interleaved
863,63,0,0.7655804795818555,0.6687945103508113,1,Interleaved
864,64,0,0.9261393216760552,0.6747583278905354,1,Interleaved
865,65,0,0.577795627664425,0.4713917962924689,1,Interleaved
866,66,0,0.9298133123083177,0.6867024382685418,1,Interleaved
867,67,0,0.409575704405028,0.5513132983869893,1,Interleaved
868,68,0,0.4484229226775044,0.8612594589657245,1,Interleaved
869,69,0,0.6933645822203132,0.5938442377092933,1,Interleaved
870,70,0,0.3071438814400379,0.5191932456488193,1,Interleaved
871,71,0,0.5231527955952365,0.5301235541659491,1,Interleaved
872,72,0,0.43282926838059,0.5682037333014502,1,Interleaved
873,73,0,0.7435264128112724,0.5618571011145076,1,Interleaved
874,74,0,0.12891025222886013,0.7164484188781962,1,Interleaved
875,75,0,0.7548938527210572,0.7153908770604374,1,Interleaved
876,76,0,0.0047698742030784355,0.8556297131891246,1,Interleaved
877,77,0,0.4107488198160982,0.30620898531011653,1,Interleaved
878,78,0,0.8188556054411177,0.6731343891642191,1,Interleaved
879,79,0,0.02998956794807097,0.7374944694266805,1,Interleaved
880,80,0,0.34532870139765093,0.6346002323770032,1,Interleaved
881,81,0,0.8707372233024917,0.6356612327684299,1,Interleaved
882,82,0,0.8263073866426957,0.6946037530324563,1,Interleaved
883,83,0,0.8307488390299018,0.6021626508968907,1,Interleaved
884,84,0,0.847438916233957,0.5259006833037476,1,Interleaved
885,85,0,0.43115371510756284,0.5664362283451666,1,Interleaved
886,86,0,0.5907528696005883,0.6806287635936488,1,Interleaved
887,87,0,0.21011448973614327,0.6241020856604723,1,Interleaved
888,88,0,0.3135458085169852,0.6076348680718029,1,Interleaved
889,89,0,0.6212468898704426,0.4646007838310468,1,Interleaved
890,90,0,0.36863001738186935,0.48313333212089743,1,Interleaved
891,91,0,0.8386076536593584,0.47263679387160806,1,Interleaved
892,92,0,0.4678767365521713,0.7051447659036976,1,Interleaved
893,93,0,0.8845209566595049,0.5776590193793568,1,Interleaved
894,94,0,0.6367753255921991,0.5009531901146296,1,Interleaved
895,95,0,0.6008472663485126,0.5616182426981335,1,Interleaved
896,96,0,0.16623371497605144,0.7564293041029204,1,Interleaved
897,97,0,0.47372347518631763,0.7218573361856078,1,Interleaved
898,98,0,0.41834500803626534,0.4847008603763794,1,Interleaved
899,99,0,0.16210132851616546,0.6796476425804715,1,Interleaved
900,100,0,0.5304792679699981,0.6059171612757926,1,Interleaved
901,101,0,0.12438470053887643,0.5324779084378368,1,Interleaved
902,102,0,0.49688162802057545,0.7008728261361624,1,Interleaved
903,103,0,0.4682689176728987,0.4925384613065682,1,Interleaved
904,104,0,0.6168458268778266,0.636350609565115,1,Interleaved
905,105,0,0.9452909894724698,0.5892152448048074,1,Interleaved
906,106,0,0.3547266250695354,0.7231599081020432,1,Interleaved
907,107,0,0.6472622911537853,0.6413267953786179,1,Interleaved
908,108,0,0.5075207104028159,0.6158366603103862,1,Interleaved
909,109,0,0.7473770722232261,0.568818626560891,1,Interleaved
910,110,0,0.4975031963988101,0.6828015405244267,1,Interleaved
911,111,0,0.08376363994152657,0.6193863834081239,1,Interleaved
912,112,0,0.8785710208790836,0.5460776239244076,1,Interleaved
913,113,0,0.23836882603914367,0.44006217410291837,1,Interleaved
914,114,0,0.5668534106394854,0.6355368834795508,1,Interleaved
915,115,0,0.3297647581666499,0.8718414138599468,1,Interleaved
916,116,0,0.43465992384481483,1.107422818557215,1,Interleaved
917,117,0,0.7107153147973228,0.7447526671426768,1,Interleaved
918,118,0,0.6074479478101357,0.561211002520489,1,Interleaved
919,119,0,0.020429096729212035,0.7496602777043349,1,Interleaved
920,120,0,0.08512145999191298,0.5370429954867686,1,Interleaved
921,121,0,0.6861218477519653,0.7362868730923886,1,Interleaved
922,122,0,0.4939219637434883,1.6244387135235931,1,Interleaved
923,123,0,0.03156430483851912,0.5693672619319929,1,Interleaved
924,124,0,0.5096934979705866,0.4353387027567295,1,Interleaved
925,125,0,0.10110052646636358,0.6749741385370206,1,Interleaved
926,126,0,0.737556437492799,0.7673835670435731,1,Interleaved
927,127,0,0.6367682762296104,0.6197167435053776,1,Interleaved
928,128,0,0.5962457979613761,0.7317427076621299,1,Interleaved
929,129,0,0.43498091090278823,0.7801662614162284,1,Interleaved
930,130,0,0.5273577550145653,0.4645378281150112,1,Interleaved
931,131,0,0.9118990633765744,0.741296003867342,1,Interleaved
932,132,0,0.422450939254604,0.49127253042685304,1,Interleaved
933,133,0,0.3085796172188165,0.7975408308342968,1,Interleaved
934,134,0,0.4837574633514651,0.5679926632143867,1,Interleaved
935,135,0,0.6767099125224271,0.4772735078012488,1,Interleaved
936,136,0,0.7098943289015417,0.5099790313511782,1,Interleaved
937,137,0,0.13627041939682444,0.7208414170566071,1,Interleaved
938,138,0,0.287106489639662,0.7541823676778523,1,Interleaved
939,139,0,0.33376339573262787,0.8442429179607776,1,Interleaved
940,140,0,0.3072357274047381,0.5344585209069052,1,Interleaved
941,141,0,0.0007404482885159215,0.8075158547701994,1,Interleaved
942,142,0,0.5299287758986602,0.5610156154494272,1,Interleaved
943,143,0,0.9976239527274553,0.5881356245524673,1,Interleaved
944,144,0,0.6131147503986609,0.7870350501727388,1,Interleaved
945,145,0,0.6614581459362402,0.548633901034278,1,Interleaved
946,146,0,0.3457166734902738,0.4589145755173957,1,Interleaved
947,147,0,0.939520772973977,0.6985312292783528,1,Interleaved
948,148,0,0.5001506966786161,1.531143070379482,1,Interleaved
949,149,0,0.39386215072413655,0.7600644499991726,1,Interleaved
950,150,0,0.353778792993461,0.9374261086850462,1,Interleaved
951,151,0,0.4713505594955869,0.6726757383349643,1,Interleaved
952,152,0,0.9771760287985423,0.5107571888585527,1,Interleaved
953,153,0,0.7697344786542897,0.6663577592886635,1,Interleaved
954,154,0,0.5471911027908141,0.3837379781445506,1,Interleaved
955,155,0,0.08100919212441354,0.6753997157585172,1,Interleaved
956,156,0,0.5176857876311813,0.4006430030660663,1,Interleaved
957,157,0,0.9351241151091223,0.649487500714029,1,Interleaved
958,158,0,0.49802436157997176,0.7054470372424837,1,Interleaved
959,159,0,0.15982986719595482,0.670320877455636,1,Interleaved
960,160,0,0.5130809989821452,0.8734579468746018,1,Interleaved
961,161,0,0.2056866716326459,0.5540095736528561,1,Interleaved
962,162,0,0.5400110898545839,0.4014170166625587,1,Interleaved
963,163,0,0.012411268297477424,0.6254295521175615,1,Interleaved
964,164,0,0.24195330643745172,0.5581616551010959,1,Interleaved
965,165,0,0.75160060986372,0.47145304425466306,1,Interleaved
966,166,0,0.0884760788619867,0.8967587579708769,1,Interleaved
967,167,0,0.39865146583201105,0.432855507967572,1,Interleaved
968,168,0,0.06558085654688338,0.8951505450930414,1,Interleaved
969,169,0,0.038672315831429736,0.5507837636826111,1,Interleaved
970,170,0,0.28248487375051934,0.464093673610385,1,Interleaved
971,171,0,0.9755449416788773,0.6538415252599308,1,Interleaved
972,172,0,0.5774514630670005,0.5254023900786164,1,Interleaved
973,173,0,0.8935994301816816,1.5921380050511693,1,Interleaved
974,174,0,0.20585733860601413,0.8328173719016172,1,Interleaved
975,175,0,0.11516171252991722,0.5335676564493136,1,Interleaved
976,176,0,0.01596131499340375,0.8963033147518513,1,Interleaved
977,177,0,0.6812850656449332,0.5339982388157964,1,Interleaved
978,178,0,0.9922061809722269,0.49374978765508254,1,Interleaved
979,179,0,0.7770026819127753,0.59252716113761,1,Interleaved
980,180,0,0.8818042765526067,0.48864907455373335,1,Interleaved
981,181,0,0.5343419654854499,0.6742842250627064,1,Interleaved
982,182,0,0.5278143201202121,0.9094531118996367,1,Interleaved
983,183,0,0.4245347221579497,0.7782457990749756,1,Interleaved
984,184,0,0.09394289228664923,0.6086634384628455,1,Interleaved
985,185,0,0.2310161211437804,0.7381190679450056,1,Interleaved
986,186,0,0.08543395257341015,0.7084926088665273,1,Interleaved
987,187,0,0.5142269016235712,0.5226587017842808,1,Interleaved
988,188,0,0.48870074525270424,0.7614973904838951,1,Interleaved
989,189,0,0.19755266460828982,0.6444798533932117,1,Interleaved
990,190,0,0.9491634055708912,0.751043509611155,1,Interleaved
991,191,0,0.25909313673098083,0.8813903364977658,1,Interleaved
992,192,0,0.24280583327068977,0.7670630811158905,1,Interleaved
993,193,0,0.8045238252148263,0.3765011373772058,1,Interleaved
994,194,0,0.4203428989809221,0.8435862255282442,1,Interleaved
995,195,0,0.6063443941354311,0.6402392527309981,1,Interleaved
996,196,0,0.4977832901976978,0.7201226616471728,1,Interleaved
997,197,0,0.5164995834776499,0.5945906643940033,1,Interleaved
998,198,0,0.6262562418169834,0.4952743503768503,1,Interleaved
999,199,0,0.14210980580951615,0.6952905741141553,1,Interleaved
1000,0,0,0.5133306722301079,0.48691316247991184,1,Instructed
1001,1,0,0.5161118343061173,0.5494393622113404,1,Instructed
1002,2,0,0.2717100542913389,0.6069317699198473,1,Instructed
1003,3,0,0.9178562971664419,0.7623257983857108,1,Instructed
1004,4,0,0.4859498334292078,0.8457837616682937,1,Instructed
1005,5,0,0.8769351347609178,0.6158142427065174,1,Instructed
1006,6,0,0.2470231764701203,0.8862429819309283,1,Instructed
1007,7,0,0.8241152467656515,0.6468455739380546,1,Instructed
1008,8,0,0.4998879287389242,0.6356985698535821,1,Instructed
1009,9,0,0.5601936618712731,1.139550401491325,1,Instructed
1010,10,0,0.4473386202706127,0.4415269577976245,1,Instructed
1011,11,0,0.5059140104352231,0.8229226491417461,1,Instructed
1012,12,0,0.9275347639150509,0.6344630469018009,1,Instructed
1013,13,0,0.9049650055160323,0.7881020720557579,1,Instructed
1014,14,0,0.41408259179225865,0.5136763506830491,1,Instructed
1015,15,0,0.03149022683028027,0.4845149710487148,1,Instructed
1016,16,0,0.46303254403089233,0.6367334029315306,1,Instructed
1017,17,0,0.496528784059423,0.7220729257343969,1,Instructed
1018,18,0,0.3824252606727643,0.7408994102091955,1,Instructed
1019,19,0,0.5189042067354814,0.48031717177316696,1,Instructed
1020,20,0,0.4078564002588936,0.4589239750495726,1,Instructed
1021,21,0,0.8580584076364728,0.7244774307736208,1,Instructed
1022,22,0,0.8695754272615095,0.41378325127247145,1,Instructed
1023,23,0,0.0017681505676138136,0.6909231008309513,1,Instructed
1024,24,0,0.596179417914644,0.41719064627339997,1,Instructed
1025,25,0,0.04458474786176208,0.7261982128333246,1,Instructed
1026,26,0,0.6576051448322897,0.5263236300541225,1,Instructed
1027,27,0,0.9505851872320285,0.44458664921749685,1,Instructed
1028,28,0,0.49673680302197804,0.8658896062670773,1,Instructed
1029,29,0,0.09347395225529388,0.8250639195912356,1,Instructed
1030,30,0,0.21805757108624813,0.5823847611050135,1,Instructed
1031,31,0,0.00029830466031884344,0.8281511079609043,1,Instructed
1032,32,0,0.5415296621859843,0.5024311431730004,1,Instructed
1033,33,0,0.0027809743956790133,1.0754869297173535,1,Instructed
1034,34,0,0.5118214894709496,0.9199015565553432,1,Instructed
1035,35,0,0.018466487303876566,0.6511148436603142,1,Instructed
1036,36,0,0.7635605527020671,0.6378109512924782,1,Instructed
1037,37,0,0.5035754431554355,0.7284646469511,1,Instructed
1038,38,0,0.3478464042652212,0.4982713668420855,1,Instructed
1039,39,0,0.634801328532373,0.7955429196448589,1,Instructed
1040,40,0,0.19322439936995098,0.700947020462579,1,Instructed
1041,41,0,0.9953369966495365,0.43073102409709707,1,Instructed
1042,42,0,0.5001613007726694,1.1591195900320486,1,Instructed
1043,43,0,0.5163748512542371,0.618676891092689,1,Instructed
1044,44,0,0.28450372540277763,0.5787371361737403,1,Instructed
1045,45,0,0.1590348035658122,0.6334803112064571,1,Instructed
1046,46,0,0.033319915600688976,0.45307139164036525,1,Instructed
1047,47,0,0.6364685819662423,0.7549696829834647,1,Instructed
1048,48,0,0.48180414960673273,0.5664798820635373,1,Instructed
1049,49,0,0.4747456163506346,0.8175167694930857,1,Instructed
1050,50,0,0.5083401573277944,0.5839335487598205,1,Instructed
1051,51,0,0.14050830016701757,0.8659803916046235,1,Instructed
1052,52,0,0.7495581723187899,0.7605944745448857,1,Instructed
1053,53,0,0.027733225237918383,0.6099192426564606,1,Instructed
1054,54,0,0.8403024471964904,0.6737883117955193,1,Instructed
1055,55,0,0.897114766500587,0.6824069051588443,1,Instructed
1056,56,0,0.30558657712876813,0.6986427936470385,1,Instructed
1057,57,0,0.23753059751590763,0.7923452616785804,1,Instructed
1058,58,0,0.28799650058050474,0.44696609506659285,1,Instructed
1059,59,0,0.5435117781464066,0.9463625195036046,1,Instructed
1060,60,0,0.5175497102701715,0.6850021506840531,1,Instructed
1061,61,0,0.5133710519983217,0.4068505680941741,1,Instructed
1062,62,0,0.8738308893639664,0.49057613798259975,1,Instructed
1063,63,0,0.6994641627326762,0.6805069902215148,1,Instructed
1064,64,0,0.646171444161303,0.44205425654555863,1,Instructed
1065,65,0,0.5418259350781209,0.5129867362723152,1,Instructed
1066,66,0,0.8784728157441126,0.4855573664209757,1,Instructed
1067,67,0,0.3652203830840133,0.9013631636154771,1,Instructed
1068,68,0,0.017029734020040065,0.8435991763345587,1,Instructed
1069,69,0,0.9999421006830995,1.0768725261386396,1,Instructed
1070,70,0,0.4124033539352225,2.1514197687488945,1,Instructed
1071,71,0,0.8196651977798664,0.5082990094150109,1,Instructed
1072,72,0,0.3975445776751939,0.42083377122746907,1,Instructed
1073,73,0,0.6679322008684612,0.7072384590993542,1,Instructed
1074,74,0,0.785178529699404,0.7241229854590152,1,Instructed
1075,75,0,0.6824364014159848,0.8229614207458205,1,Instructed
1076,76,0,0.9100933760116834,0.7907643566477351,1,Instructed
1077,77,0,0.6005460225076673,0.9494614215720771,1,Instructed
1078,78,0,0.8298349805987904,0.676796229019387,1,Instructed
1079,79,0,0.13280508807635424,0.8160170124524011,1,Instructed
1080,80,0,0.6068511391584979,0.652377664891641,1,Instructed
1081,81,0,0.010396417897865797,0.6505046819679411,1,Instructed
1082,82,0,0.9623732946248403,0.344135365674214,1,Instructed
1083,83,0,0.09163872573604905,0.6756464038698742,1,Instructed
1084,84,0,0.4673423356820334,0.4593147038219005,1,Instructed
1085,85,0,0.7948960364661242,0.6131345400887012,1,Instructed
1086,86,0,0.21804827516048272,0.7673376973973072,1,Instructed
1087,87,0,0.38104802189989717,0.764118512324352,1,Instructed
1088,88,0,0.5398413461190225,0.7161946765576183,1,Instructed
1089,89,0,0.504325514453648,0.684012529356891,1,Instructed
1090,90,0,0.701147854950944,0.4822936142022121,1,Instructed
1091,91,0,0.9999987182287216,1.1918038204720827,1,Instructed
1092,92,0,0.13145925025773875,0.3328014259895583,1,Instructed
1093,93,0,0.67822069039805,0.5516690630482574,1,Instructed
1094,94,0,0.49682372292647475,0.6113211509892444,1,Instructed
1095,95,0,0.5040461918758476,0.6895042271108061,1,Instructed
1096,96,0,0.5052794976940963,1.1827145603736229,1,Instructed
1097,97,0,0.012067470609356737,0.7732204727273786,1,Instructed
1098,98,0,0.4280516214653479,0.7442164312652622,1,Instructed
1099,99,0,0.8779956185471378,0.6381491516186468,1,Instructed
1100,100,0,0.4360444837060507,0.47970842312920525,1,Instructed
1101,101,0,0.5157435295019341,0.4415753594715268,1,Instructed
1102,102,0,0.4772712885679301,0.3882964366888957,1,Instructed
1103,103,0,0.7732669785988118,0.6456605323848628,1,Instructed
1104,104,0,0.7476889968337337,0.7875192530031072,1,Instructed
1105,105,0,0.14384827210226053,0.9677159681958647,1,Instructed
1106,106,0,0.5596007347179051,0.4276777490504789,1,Instructed
1107,107,0,0.4898104606482836,0.738313386466399,1,Instructed
1108,108,0,0.5971794884040759,0.648599845729794,1,Instructed
1109,109,0,0.6268866806327782,0.6877011953210823,1,Instructed
1110,110,0,0.3578132974083771,0.6471132099079062,1,Instructed
1111,111,0,0.9613402485882557,0.7049897018852789,1,Instructed
1112,112,0,0.3509999696288573,0.5830321646524745,1,Instructed
1113,113,0,0.3803346717603475,0.6143929104913488,1,Instructed
1114,114,0,0.3654408448048624,0.5776992879712625,1,Instructed
1115,115,0,0.23999558967062673,0.7983030847371095,1,Instructed
1116,116,0,0.3498251104779375,0.9392673406943968,1,Instructed
1117,117,0,0.2670597033419144,0.8400897554035183,1,Instructed
1118,118,0,0.8280644163539395,0.6048136231011474,1,Instructed
1119,119,0,0.5533245144026249,0.6739122880471713,1,Instructed
1120,120,0,0.5031925350491573,0.5998095400351064,1,Instructed
1121,121,0,0.7827603722242267,0.5360406401027176,1,Instructed
1122,122,0,0.19311769218915836,0.6183729887583348,1,Instructed
1123,123,0,0.9937240491967918,0.6044029073494265,1,Instructed
1124,124,0,0.9403965780590249,0.5028591962332221,1,Instructed
1125,125,0,0.39150862046912555,0.7897799742315907,1,Instructed
1126,126,0,0.46403691423489135,0.8773852360687869,1,Instructed
1127,127,0,0.9751663415357821,0.5218433980540514,1,Instructed
1128,128,0,0.03401778184246903,0.6280751754818252,1,Instructed
1129,129,0,0.11854303124281232,0.7778775072965036,1,Instructed
1130,130,0,0.9145963405672922,0.5341349237158387,1,Instructed
1131,131,0,0.4806165772782534,0.5582221804306464,1,Instructed
1132,132,0,0.6279206454147385,0.5449757410771537,1,Instructed
1133,133,0,0.030931957453012977,0.8548486711692809,1,Instructed
1134,134,0,0.18739583656839662,0.6328592708952476,1,Instructed
1135,135,0,0.7605026057719552,0.5027988053209492,1,Instructed
1136,136,0,0.9683962903506103,0.7524310664163133,1,Instructed
1137,137,0,0.6461597853991856,0.7431621925506529,1,Instructed
1138,138,0,0.48646166869039864,0.7039168423359037,1,Instructed
1139,139,0,0.43815544540673296,0.516486155911497,1,Instructed
1140,140,0,0.6766326855921434,0.5425234636918262,1,Instructed
1141,141,0,0.4289444394218507,0.6001592231891649,1,Instructed
1142,142,0,0.4585635164719417,0.5743536635088154,1,Instructed
1143,143,0,0.904054269686702,0.9611205317589002,1,Instructed
1144,144,0,0.1837410997912841,0.5998839429145051,1,Instructed
1145,145,0,0.028145935127460282,0.6648296769615343,1,Instructed
1146,146,0,0.349760009262993,0.9665308336629915,1,Instructed
1147,147,0,0.18365576445450296,0.7348775219595371,1,Instructed
1148,148,0,0.5165606745464003,0.6613889849076473,1,Instructed
1149,149,0,0.4519937243025838,0.8652327465449063,1,Instructed
1150,150,0,0.3658644857071125,0.659964197576786,1,Instructed
1151,151,0,0.4831160356073877,0.5354222525288853,1,Instructed
1152,152,0,0.4367549509239935,0.4881206256628562,1,Instructed
1153,153,0,0.9840546232996192,1.0186244922909828,1,Instructed
1154,154,0,0.5487730856506421,0.6561802883806693,1,Instructed
1155,155,0,0.48825518297708964,0.903831793649547,1,Instructed
1156,156,0,0.9430625170509135,0.6511952981710684,1,Instructed
1157,157,0,0.05980182173621206,0.798035166138632,1,Instructed
1158,158,0,0.7418491916980084,0.5806804590251071,1,Instructed
1159,159,0,0.13075248506210344,0.9804470765536435,1,Instructed
1160,160,0,0.42457781440348474,0.6332202055048448,1,Instructed
1161,161,0,0.503637577880478,0.8225111850136622,1,Instructed
1162,162,0,0.4812627799443531,0.5807463416346741,1,Instructed
1163,163,0,0.08014519798781217,1.212269672551467,1,Instructed
1164,164,0,0.6911957521234054,0.7631794986069776,1,Instructed
1165,165,0,0.48751393775667456,0.6273772126275566,1,Instructed
1166,166,0,0.5361680412657593,0.6818726111351575,1,Instructed
1167,167,0,0.4586592112506672,0.5199253903913732,1,Instructed
1168,168,0,0.8833909471722042,0.7618498881939566,1,Instructed
1169,169,0,0.44719132665198247,0.6530895054723113,1,Instructed
1170,170,0,0.4972275248915983,0.6257500502086792,1,Instructed
1171,171,0,0.676386772757549,1.163465301280464,1,Instructed
1172,172,0,0.1660467214791928,0.5112991496996858,1,Instructed
1173,173,0,0.928912471001464,0.8465654449299681,1,Instructed
1174,174,0,0.04424351045250049,1.0278265919905811,1,Instructed
1175,175,0,0.5173505481081593,0.6769268576000249,1,Instructed
1176,176,0,0.8125114448478726,0.6479889644935521,1,Instructed
1177,177,0,0.5627935134678971,0.42837822464792585,1,Instructed
1178,178,0,0.5041758836741785,0.8155760529385694,1,Instructed
1179,179,0,0.5585267810816688,0.8516461705680598,1,Instructed
1180,180,0,0.4749030990601187,0.6151774439492406,1,Instructed
1181,181,0,0.24913768890320565,0.5098638194381051,1,Instructed
1182,182,0,0.317729329270056,0.5550512605212644,1,Instructed
1183,183,0,0.02688610250039466,0.730587138161191,1,Instructed
1184,184,0,0.963959753765886,0.44779757483220456,1,Instructed
1185,185,0,0.24742231119950508,0.7648858988594812,1,Instructed
1186,186,0,0.9213544557768865,0.8052992443222536,1,Instructed
1187,187,0,0.8002740167197634,0.5394091486825345,1,Instructed
1188,188,0,0.987569029035906,0.3504863894271105,1,Instructed
1189,189,0,0.16401752465864156,0.6009331706826102,1,Instructed
1190,190,0,0.5220731263423994,0.8453332789906687,1,Instructed
1191,191,0,0.7436138558488641,0.45270493310532123,1,Instructed
1192,192,0,0.5880063286753046,0.5217388072984896,1,Instructed
1193,193,0,0.3070476115970444,0.9577816562182189,1,Instructed
1194,194,0,0.49452320642485814,0.7252906183723349,1,Instructed
1195,195,0,0.0074328977441449956,0.4800958620225553,1,Instructed
1196,196,0,0.16757639939568555,0.5280390434877742,1,Instructed
1197,197,0,0.5115240837830307,0.5425564551854742,1,Instructed
1198,198,0,0.03518960187244901,0.7611630021262898,1,Instructed
1199,199,0,0.7629890300838817,0.6448936343411624,1,Instructed
