,t,e_hat,Accuracy,pe,batch,Condition
0,0,0,0.5237158088566771,0.6485948940697663,0,Blocked
1,1,0,0.44220314991162385,0.5888678233280906,0,Blocked
2,2,0,0.5014805256139631,0.6862828314847551,0,Blocked
3,3,0,0.15733434085990686,0.6918067924868276,0,Blocked
4,4,0,0.371733120475476,0.6247807144901321,0,Blocked
5,5,0,0.8156366646544843,0.7705767911891361,0,Blocked
6,6,0,0.4854178718058753,0.8543808160151289,0,Blocked
7,7,0,0.045393100802843485,0.8561501017884035,0,Blocked
8,8,0,0.4582172501155902,0.8404267634025712,0,Blocked
9,9,0,0.25764052615144356,0.6888838119326395,0,Blocked
10,10,0,0.8733240115110597,0.5912819396875847,0,Blocked
11,11,0,0.48196673931484346,0.8019558020135127,0,Blocked
12,12,0,0.3091147105052611,0.5788101683587858,0,Blocked
13,13,0,0.47254464110815364,0.7365122342095256,0,Blocked
14,14,0,0.8187806763078417,0.736981681157336,0,Blocked
15,15,0,0.8931905059323689,0.6806743814049028,0,Blocked
16,16,0,0.5360767490620881,0.5834169659949326,0,Blocked
17,17,0,0.2115828745701489,0.6030253545734614,0,Blocked
18,18,0,0.6579423396953218,0.7507819991765686,0,Blocked
19,19,0,0.8141711567951719,1.5720669735862174,0,Blocked
20,20,0,0.0008084602380975579,1.1168447856256885,0,Blocked
21,21,0,0.37659974075441743,0.8921743088561864,0,Blocked
22,22,0,0.5501373991078832,0.5921863826062979,0,Blocked
23,23,0,0.7694921026176811,0.7701891151759124,0,Blocked
24,24,0,0.5539300286495523,0.6244523251461649,0,Blocked
25,25,0,0.11355073024939354,0.7577506475230339,0,Blocked
26,26,0,0.4939206728035294,1.0162793553307783,0,Blocked
27,27,0,0.31758054803804986,0.8345011560726994,0,Blocked
28,28,0,0.4356132637482271,0.908747997084759,0,Blocked
29,29,0,0.4554067694780165,0.7141943553739809,0,Blocked
30,30,0,0.939910707617898,0.557698309008224,0,Blocked
31,31,0,0.4996946098576172,0.752711313035914,0,Blocked
32,32,0,0.5003390229138266,1.3628413045901029,0,Blocked
33,33,0,0.9955002727172033,0.5526206455974907,0,Blocked
34,34,0,0.5257826775218596,0.4426957113173647,0,Blocked
35,35,0,0.570967785510267,0.3937142091066973,0,Blocked
36,36,0,0.5608574183312878,0.7277791841531758,0,Blocked
37,37,0,0.5238852722015795,0.7281990089652971,0,Blocked
38,38,0,0.1829091998643287,0.889158192889647,0,Blocked
39,39,0,0.9878453925535529,0.553300170377155,0,Blocked
40,40,0,0.9971079563320833,0.6461041372897202,0,Blocked
41,41,0,0.009357333017913992,0.7059743286053843,0,Blocked
42,42,0,0.4263833876364373,0.9006784518299972,0,Blocked
43,43,0,0.9948258643027919,0.6320596727217475,0,Blocked
44,44,0,0.00569886832157748,0.7657509717705235,0,Blocked
45,45,0,0.2385446678717491,0.5997897665672824,0,Blocked
46,46,0,0.972959358613938,0.4836157881864983,0,Blocked
47,47,0,0.9995162414626069,0.594907087504406,0,Blocked
48,48,0,0.9995777672277056,0.6304250090408542,0,Blocked
49,49,0,0.0217688981492126,0.5168675838611368,0,Blocked
50,50,0,0.3992039298890462,0.47728420241435043,0,Blocked
51,51,0,0.047823804327708726,0.625346031286891,0,Blocked
52,52,0,0.8069283045214262,0.5497962881432903,0,Blocked
53,53,0,0.6142573328731996,0.6321848493814053,0,Blocked
54,54,0,0.20770031921907334,0.6298935424592267,0,Blocked
55,55,0,0.8740529497073776,0.7203113467845079,0,Blocked
56,56,0,0.6329477219254425,0.8087149791529875,0,Blocked
57,57,0,0.3731207019804041,0.6472152840296436,0,Blocked
58,58,0,0.487971633634283,0.6913743121026694,0,Blocked
59,59,0,0.017163940895864916,0.9979967491123609,0,Blocked
60,60,0,0.4869909333249684,0.8818532087664348,0,Blocked
61,61,0,0.45066444332294114,0.9830882277873227,0,Blocked
62,62,0,0.7045456953760774,0.560523490519375,0,Blocked
63,63,0,0.9991209026590679,0.6354235239146968,0,Blocked
64,64,0,0.13764670847296417,0.6383930213514071,0,Blocked
65,65,0,0.7792277333327067,0.5276133847331322,0,Blocked
66,66,0,0.02134048072813933,0.9292118589646463,0,Blocked
67,67,0,0.08140584836939521,1.04839340573161,0,Blocked
68,68,0,0.01839023302431736,1.123735867548826,0,Blocked
69,69,0,0.969507545968957,0.7189321129738588,0,Blocked
70,70,0,0.08061262988833104,0.6342164494166482,0,Blocked
71,71,0,0.5797653390472615,0.6819779774821969,0,Blocked
72,72,0,0.07186395375264557,0.7886411962722782,0,Blocked
73,73,0,0.2878311874938769,0.681246962220395,0,Blocked
74,74,0,0.37340133087219857,0.8439091240809407,0,Blocked
75,75,0,0.0003849504054689447,1.2004864439593455,0,Blocked
76,76,0,0.07359609866270089,0.7995137151561449,0,Blocked
77,77,0,0.023797747164560543,0.680296982146567,0,Blocked
78,78,0,0.6914407128825549,0.6523611105981071,0,Blocked
79,79,0,0.002056274123163136,0.8495068573827254,0,Blocked
80,80,0,0.49350379353091406,0.8446793523999998,0,Blocked
81,81,0,0.49895260874076874,0.7131498373935699,0,Blocked
82,82,0,0.9367718988880884,0.4838153625130915,0,Blocked
83,83,0,0.9681171555291238,0.620373162715186,0,Blocked
84,84,0,0.003145223210908173,0.7116843324301116,0,Blocked
85,85,0,0.5887895385706442,0.7926263223035447,0,Blocked
86,86,0,0.48090325850997473,0.7646280966141822,0,Blocked
87,87,0,0.014752875304052466,0.6743109011999409,0,Blocked
88,88,0,0.7524468866090208,0.4309404103043287,0,Blocked
89,89,0,0.17930261247039153,0.6590599546262009,0,Blocked
90,90,0,0.0878650848022485,0.9714327197765372,0,Blocked
91,91,0,0.018710156690988588,0.853845608630631,0,Blocked
92,92,0,0.42375741876408896,0.8548455952245569,0,Blocked
93,93,0,0.4215974589905504,0.6559557948779184,0,Blocked
94,94,0,0.34597150458645504,0.6324222302051821,0,Blocked
95,95,0,0.5091792858492176,0.5631659811167247,0,Blocked
96,96,0,0.7866446652730408,0.44139127699411984,0,Blocked
97,97,0,0.7646901233995886,0.4718012455901416,0,Blocked
98,98,0,0.8266915519961497,0.573726406829678,0,Blocked
99,99,0,0.5206649339080106,0.49754424148138576,0,Blocked
100,100,0,0.47099052428824334,0.93998861785283,0,Blocked
101,101,0,0.13262352349165293,0.7901932362515216,0,Blocked
102,102,0,0.5489289273579319,0.5544160756444838,0,Blocked
103,103,0,0.7775133334135718,0.5635490748999321,0,Blocked
104,104,0,0.4165937747261901,0.6676950807607347,0,Blocked
105,105,0,0.501514473475551,0.7267134030014173,0,Blocked
106,106,0,0.25838611507132125,0.5960989644367537,0,Blocked
107,107,0,0.5011245402565779,1.3438267570600582,0,Blocked
108,108,0,0.4043772059275711,0.5570548032608945,0,Blocked
109,109,0,0.9783961374908368,0.5779218577436771,0,Blocked
110,110,0,0.5012121812211585,0.5333613562894282,0,Blocked
111,111,0,0.5020555504849655,0.6674805803694341,0,Blocked
112,112,0,0.3781010955124317,0.8270380122710879,0,Blocked
113,113,0,0.07230995575207479,1.0129019692522696,0,Blocked
114,114,0,0.22323912109023245,0.869974644511027,0,Blocked
115,115,0,0.8498368888255059,0.6399418041091152,0,Blocked
116,116,0,0.0809559393906515,0.6176080759091056,0,Blocked
117,117,0,0.278364028301652,0.5692715249123912,0,Blocked
118,118,0,0.10055759937149727,0.6800342498051402,0,Blocked
119,119,0,0.05229276891361555,0.6557738195398133,0,Blocked
120,120,0,0.49120164001833005,0.6548002533277547,0,Blocked
121,121,0,0.5449969722139933,0.6385642611814464,0,Blocked
122,122,0,0.9949601857700276,0.6140579712859979,0,Blocked
123,123,0,0.982825914952241,0.5368469837653824,0,Blocked
124,124,0,0.007702349820299668,0.868058194911429,0,Blocked
125,125,0,0.9991702771458716,0.7625270676428417,0,Blocked
126,126,0,0.008528779398707486,0.7336880064240242,0,Blocked
127,127,0,0.6291538270780118,0.5326834898287378,0,Blocked
128,128,0,0.0028436196759743662,0.9093594276736144,0,Blocked
129,129,0,0.42315709223211906,0.5951194804726057,0,Blocked
130,130,0,0.18018663166785054,0.7319747593947337,0,Blocked
131,131,0,0.6687340377426424,0.6675707759133639,0,Blocked
132,132,0,0.8152389433887774,0.512403021840871,0,Blocked
133,133,0,0.0934577137028073,0.5813395069683154,0,Blocked
134,134,0,0.540496147263383,0.5485880759856803,0,Blocked
135,135,0,0.9992915546541962,0.5094240842762189,0,Blocked
136,136,0,0.47707140390114317,0.7475656652188578,0,Blocked
137,137,0,0.5363767579614357,0.8477726846458022,0,Blocked
138,138,0,0.24709065907941458,0.538009159258147,0,Blocked
139,139,0,0.5542522261990495,0.5916668141026518,0,Blocked
140,140,0,0.456216380517311,0.5742482885658724,0,Blocked
141,141,0,0.3146082383191252,0.6381305036283994,0,Blocked
142,142,0,0.7224902314037522,0.6783457099038381,0,Blocked
143,143,0,0.5000979318960953,1.908087296291701,0,Blocked
144,144,0,0.41988398025508245,1.0411840140924224,0,Blocked
145,145,0,0.19019600689105676,0.8779648346803415,0,Blocked
146,146,0,0.038517053483117014,0.7569645964434348,0,Blocked
147,147,0,0.8838559933688157,0.5817320815877771,0,Blocked
148,148,0,8.453074590426208e-05,0.8839258280833646,0,Blocked
149,149,0,0.21505394777095566,0.7309765466323492,0,Blocked
150,150,0,0.6387646242137817,0.8258455138144085,0,Blocked
151,151,0,0.03539486871432008,0.8808653102276915,0,Blocked
152,152,0,0.988880732802957,0.6981134942342693,0,Blocked
153,153,0,7.09655997234365e-05,0.831193292334051,0,Blocked
154,154,0,0.4265697063442099,0.7275705727540461,0,Blocked
155,155,0,0.11609642342664889,0.6968432535934462,0,Blocked
156,156,0,0.9851343979011571,0.6911111513523296,0,Blocked
157,157,0,0.4952110023113589,0.9644348489559802,0,Blocked
158,158,0,0.523625550210404,0.7097622302261648,0,Blocked
159,159,0,0.00043190675373073665,0.8795554374983803,0,Blocked
160,160,0,0.664590926763173,0.5330075478503856,0,Blocked
161,161,0,0.1257459886302448,0.6257236769705611,0,Blocked
162,162,0,0.5002004973376488,0.6015007350788775,0,Blocked
163,163,0,0.6556609725191397,0.5377378026327015,0,Blocked
164,164,0,0.9658251597816274,0.49215220108492835,0,Blocked
165,165,0,0.8515558030519575,0.5806729498721499,0,Blocked
166,166,0,0.5003696130463455,0.628109815462096,0,Blocked
167,167,0,0.5798501890641105,0.6391876310260842,0,Blocked
168,168,0,0.9514745087386842,0.6538317963576852,0,Blocked
169,169,0,0.43211867465830345,0.6811244951452917,0,Blocked
170,170,0,0.5447844490740414,0.6297805213169099,0,Blocked
171,171,0,0.19440058733972018,0.7147670967363963,0,Blocked
172,172,0,0.717911564360166,0.5355302741621648,0,Blocked
173,173,0,0.0035590101563404727,0.7263943200752245,0,Blocked
174,174,0,0.888098035666639,0.5356285174854937,0,Blocked
175,175,0,0.8840523161669631,0.5084263538022897,0,Blocked
176,176,0,0.49135126139135427,0.8226022656743686,0,Blocked
177,177,0,0.4999957395351287,0.781973391617643,0,Blocked
178,178,0,0.4695477483973985,0.8126955839137969,0,Blocked
179,179,0,0.3563045242931826,0.6568844194974925,0,Blocked
180,180,0,0.2059016913654492,0.8054965410750408,0,Blocked
181,181,0,0.5014021345459972,0.8201398205040229,0,Blocked
182,182,0,0.3776941851424118,0.7661653556239867,0,Blocked
183,183,0,0.4925264867980798,0.9148669500983468,0,Blocked
184,184,0,0.969151672853189,0.7049464724695332,0,Blocked
185,185,0,0.49900434600337984,0.6137809542070033,0,Blocked
186,186,0,0.038408349326389986,0.6595699026780317,0,Blocked
187,187,0,0.03339617112708255,0.7899129948674379,0,Blocked
188,188,0,0.09154618449302682,0.6470437150232018,0,Blocked
189,189,0,0.4806309960285597,0.8120650972962405,0,Blocked
190,190,0,0.49985498677444806,0.9435071673541551,0,Blocked
191,191,0,0.0002156382394060658,0.9172537002545129,0,Blocked
192,192,0,0.9294617862137271,0.548950906597184,0,Blocked
193,193,0,0.6566775648437376,0.7742462929059355,0,Blocked
194,194,0,0.5915606343930596,0.7710347790883239,0,Blocked
195,195,0,0.0009168394254068098,0.6948612808778998,0,Blocked
196,196,0,0.08786193528453862,0.6785205055278827,0,Blocked
197,197,0,0.5179293585273079,0.744241401298948,0,Blocked
198,198,0,0.581770404416376,0.6428289428651612,0,Blocked
199,199,0,0.5259372945771913,0.5986553520079159,0,Blocked
200,0,0,0.6069973898958418,0.5952065075215147,0,Interleaved
201,1,0,0.4167837742589485,0.7097973882477124,0,Interleaved
202,2,0,0.5254645624459809,0.6858732566739021,0,Interleaved
203,3,0,0.8495410477762093,0.8124092767524818,0,Interleaved
204,4,0,0.5153738074227687,0.6754049461357821,0,Interleaved
205,5,0,0.5291543841269483,0.4592935614726124,0,Interleaved
206,6,0,0.013352364479419763,0.6687886572548776,0,Interleaved
207,7,0,0.5528248522711772,0.5415241221348537,0,Interleaved
208,8,0,0.498606600407991,0.5603326942032103,0,Interleaved
209,9,0,0.7144570211920489,0.5801742269765624,0,Interleaved
210,10,0,0.569915632136961,0.6077980882465901,0,Interleaved
211,11,0,0.40915489049339676,0.5950714404443818,0,Interleaved
212,12,0,0.9899951907916726,1.1321073431820132,0,Interleaved
213,13,0,0.6219837479892208,0.5491545670233342,0,Interleaved
214,14,0,0.9111922439640112,0.45889011096786636,0,Interleaved
215,15,0,0.483434506285616,0.7324252123756664,0,Interleaved
216,16,0,0.39015703798406753,0.6072156897897975,0,Interleaved
217,17,0,0.898974687422857,0.7769414501543113,0,Interleaved
218,18,0,0.6137417950759442,0.7049603181616123,0,Interleaved
219,19,0,0.4391709178790303,0.6676644326813479,0,Interleaved
220,20,0,0.5353962911220189,0.3701108571020375,0,Interleaved
221,21,0,0.2747237601204434,0.9903997607005396,0,Interleaved
222,22,0,0.26130028255402854,0.7202474031864843,0,Interleaved
223,23,0,0.49990238749138755,0.6557411279098082,0,Interleaved
224,24,0,0.4389448424539673,0.7507541079122485,0,Interleaved
225,25,0,0.49988444581228947,0.7139828946878548,0,Interleaved
226,26,0,0.5239165745208202,0.6949170502998001,0,Interleaved
227,27,0,0.4902699664769944,0.9162878159195023,0,Interleaved
228,28,0,0.47120105789925576,0.47448675878297597,0,Interleaved
229,29,0,0.21478076629576948,0.7592764369603322,0,Interleaved
230,30,0,0.5468779322531816,0.3187014122828339,0,Interleaved
231,31,0,0.6667217912110519,0.650549044218681,0,Interleaved
232,32,0,0.9268655276410545,0.757782934822559,0,Interleaved
233,33,0,0.8522485118982421,0.6998621273796587,0,Interleaved
234,34,0,0.774440069814117,0.7697399979781534,0,Interleaved
235,35,0,0.5002036425123003,0.8264494913003263,0,Interleaved
236,36,0,0.08120756689119168,0.6768457605091827,0,Interleaved
237,37,0,0.47831943155919804,0.6337073155662923,0,Interleaved
238,38,0,0.7433560977054926,0.6628349198026734,0,Interleaved
239,39,0,0.28811907518036145,0.5908117636134746,0,Interleaved
240,40,0,0.731351687480202,0.7751368546834185,0,Interleaved
241,41,0,0.5072389337281219,0.7637615173516046,0,Interleaved
242,42,0,0.9570664657699399,0.6394021117338755,0,Interleaved
243,43,0,0.4992764400959202,0.5882654275010173,0,Interleaved
244,44,0,0.2005359713903741,0.5359655120273885,0,Interleaved
245,45,0,0.11617092747464158,1.002160621235105,0,Interleaved
246,46,0,0.1917572868943847,0.8470806153814784,0,Interleaved
247,47,0,0.4813928992780637,0.7387972238327987,0,Interleaved
248,48,0,0.49796084592680373,1.1922347043658055,0,Interleaved
249,49,0,0.09150899562420858,0.8586922965516801,0,Interleaved
250,50,0,0.3267190733906101,0.692261985961502,0,Interleaved
251,51,0,0.5055799423394607,0.6067081203342777,0,Interleaved
252,52,0,0.636686480037989,0.7890098594575731,0,Interleaved
253,53,0,0.6508794174231085,0.68025894778414,0,Interleaved
254,54,0,0.6820962501846782,0.6228446693009528,0,Interleaved
255,55,0,0.9577806839297942,0.7970645645391244,0,Interleaved
256,56,0,0.3887142206565898,0.906027001390288,0,Interleaved
257,57,0,0.5530908005542434,0.6930932056021868,0,Interleaved
258,58,0,0.7963483674622616,0.5718270874285272,0,Interleaved
259,59,0,0.39427291946583454,1.5945249997193618,0,Interleaved
260,60,0,0.5466976697550744,1.102076286428151,0,Interleaved
261,61,0,0.0006183937114578684,1.1968104910497772,0,Interleaved
262,62,0,0.5025306401837363,0.7963702776086,0,Interleaved
263,63,0,0.08048718496469263,0.5884806030355563,0,Interleaved
264,64,0,0.4953592474528017,0.7390124585895992,0,Interleaved
265,65,0,0.38140869648112125,0.7399200753945208,0,Interleaved
266,66,0,0.006669459329382346,0.7226489832053545,0,Interleaved
267,67,0,0.011748901157584413,0.5824344033473431,0,Interleaved
268,68,0,0.8936813946602096,0.5849863255304502,0,Interleaved
269,69,0,0.5127535573560629,0.5232661386530166,0,Interleaved
270,70,0,0.8582495605867985,0.6365431428477988,0,Interleaved
271,71,0,0.49456109885525473,0.5769147789446196,0,Interleaved
272,72,0,0.9382180048530655,0.5096789930204795,0,Interleaved
273,73,0,0.5095563784899971,0.5694607306229699,0,Interleaved
274,74,0,0.45489113790328767,0.7411604910902938,0,Interleaved
275,75,0,0.4584735627019258,0.7458099375204255,0,Interleaved
276,76,0,0.5957970383419734,0.5888897749060908,0,Interleaved
277,77,0,0.7337994067351757,0.48735337732361816,0,Interleaved
278,78,0,0.9249929781966305,0.8081356087279088,0,Interleaved
279,79,0,0.4927715555334352,0.6707337741579551,0,Interleaved
280,80,0,0.8126238586230586,0.5049456134920483,0,Interleaved
281,81,0,0.35459861000451065,0.5786675327609678,0,Interleaved
282,82,0,0.6563034421883314,0.5492032010621044,0,Interleaved
283,83,0,0.11452395840577687,0.6706989204076752,0,Interleaved
284,84,0,0.46477255385438826,0.6624674544415086,0,Interleaved
285,85,0,0.7290799850002677,0.9013448174325327,0,Interleaved
286,86,0,0.49833586299395316,0.5430375401736913,0,Interleaved
287,87,0,0.7142218500105082,0.6683864843658303,0,Interleaved
288,88,0,0.17194267218743298,0.7543471085757977,0,Interleaved
289,89,0,0.6746718960072826,0.5318473004872162,0,Interleaved
290,90,0,0.4064486388278314,0.7058216240934196,0,Interleaved
291,91,0,0.08194277906539998,1.0619289701262098,0,Interleaved
292,92,0,0.9664274809147616,0.7185466470271827,0,Interleaved
293,93,0,0.716550762227724,0.7391124192784335,0,Interleaved
294,94,0,0.3641989212578638,0.4740653358707628,0,Interleaved
295,95,0,0.6113487868404237,0.5297223599176334,0,Interleaved
296,96,0,0.764556387829811,0.5758755708937433,0,Interleaved
297,97,0,0.4517166986536038,0.7003944736576921,0,Interleaved
298,98,0,0.2813198929241272,0.7183367536832357,0,Interleaved
299,99,0,0.3772035254924524,0.5722254098087891,0,Interleaved
300,100,0,0.0859381376471598,0.6314843191849726,0,Interleaved
301,101,0,0.022704677755187086,0.9429617953594529,0,Interleaved
302,102,0,0.24764756967511245,0.6235411778380768,0,Interleaved
303,103,0,0.6069649543066071,0.6016114486916085,0,Interleaved
304,104,0,0.096167810993345,0.7635111065997784,0,Interleaved
305,105,0,0.908888239603497,0.834399355577995,0,Interleaved
306,106,0,0.6138224247271117,0.6997869903744978,0,Interleaved
307,107,0,0.5884304928674153,0.8472111416693227,0,Interleaved
308,108,0,0.49371477721193713,0.6378155546975026,0,Interleaved
309,109,0,0.6086995005535889,0.6612399663832578,0,Interleaved
310,110,0,0.49431286257923884,0.8605357022478488,0,Interleaved
311,111,0,0.07460573484292664,0.9978645077702442,0,Interleaved
312,112,0,0.4560937215548452,0.6353237653711216,0,Interleaved
313,113,0,0.5944418843358062,0.5464589732470124,0,Interleaved
314,114,0,0.4979101458466546,0.6020101250421519,0,Interleaved
315,115,0,0.12756416338285792,0.6663455062522871,0,Interleaved
316,116,0,0.38250737904779014,0.7182693681921359,0,Interleaved
317,117,0,0.534864477318525,0.6360345791601104,0,Interleaved
318,118,0,0.04473645752762903,0.650736949235117,0,Interleaved
319,119,0,0.6014102145395308,0.7269735923907281,0,Interleaved
320,120,0,0.5004702682928439,0.8518191455344934,0,Interleaved
321,121,0,0.5933837829514941,0.6681050357748546,0,Interleaved
322,122,0,0.9209906344535925,0.7173801880586843,0,Interleaved
323,123,0,0.8485783923225385,0.5357159138743863,0,Interleaved
324,124,0,0.49472800064006744,0.556616514215084,0,Interleaved
325,125,0,0.04436531843799589,0.6568577576291118,0,Interleaved
326,126,0,0.6457104880339213,0.4670255107238138,0,Interleaved
327,127,0,0.30862623727223093,0.8046076423090069,0,Interleaved
328,128,0,0.21631269927878277,0.7476014226512289,0,Interleaved
329,129,0,0.4829710831022567,0.8046051168090259,0,Interleaved
330,130,0,0.5814348186550833,0.5039044877267609,0,Interleaved
331,131,0,0.018131546231675254,0.6385837755362062,0,Interleaved
332,132,0,0.5349158003940832,0.7144856182432251,0,Interleaved
333,133,0,0.09346781261439858,0.7464898605820799,0,Interleaved
334,134,0,0.008122319078119236,0.743706185156786,0,Interleaved
335,135,0,0.7633020328295947,1.6843919141476957,0,Interleaved
336,136,0,0.9430943683854867,0.6449892828273612,0,Interleaved
337,137,0,0.5135084565845872,0.46339791587741064,0,Interleaved
338,138,0,0.8749314973951365,0.5526842366605756,0,Interleaved
339,139,0,0.17653448176795128,0.6057571806822848,0,Interleaved
340,140,0,0.5487771158118234,0.7223226165082955,0,Interleaved
341,141,0,0.48117493700234315,0.8109142956206175,0,Interleaved
342,142,0,0.04476933834444995,0.7427476148022681,0,Interleaved
343,143,0,0.20711593960426186,0.7361618918351317,0,Interleaved
344,144,0,0.4980613303776188,0.585412188285769,0,Interleaved
345,145,0,0.5087379755294955,0.7420304194298843,0,Interleaved
346,146,0,0.7660628961494025,0.9206494825145377,0,Interleaved
347,147,0,0.4521413644329349,0.9392246835225457,0,Interleaved
348,148,0,0.7374539563564266,0.6729765631794893,0,Interleaved
349,149,0,0.9874503166397766,0.5379086645121754,0,Interleaved
350,150,0,0.36663841872071384,0.45676791201323574,0,Interleaved
351,151,0,0.5824525784574126,0.6678027043605205,0,Interleaved
352,152,0,0.3540489734759565,0.8616281051389567,0,Interleaved
353,153,0,0.35774862189750184,0.6362098679001362,0,Interleaved
354,154,0,0.5246541810477547,0.672177175453204,0,Interleaved
355,155,0,0.49965636007389347,0.6131580077233088,0,Interleaved
356,156,0,0.48599381062161673,0.8496573489206465,0,Interleaved
357,157,0,0.45972779081337095,0.8269953524334284,0,Interleaved
358,158,0,0.44815776195397167,0.6899531110809266,0,Interleaved
359,159,0,0.4487570788791199,0.7694250857654112,0,Interleaved
360,160,0,0.9916380288161337,0.5511373430305866,0,Interleaved
361,161,0,0.03613018069914622,0.6870188443812619,0,Interleaved
362,162,0,0.15486953869066455,0.952327973647161,0,Interleaved
363,163,0,0.4583117014748577,0.9562084205193079,0,Interleaved
364,164,0,0.13222619714964465,0.6952459365504501,0,Interleaved
365,165,0,0.9237744324142644,0.3651095392042024,0,Interleaved
366,166,0,0.5217227542274719,0.5902258940064771,0,Interleaved
367,167,0,0.9853051895904608,0.6989782904256145,0,Interleaved
368,168,0,0.4962053102113647,0.6636699517881919,0,Interleaved
369,169,0,0.3496763685892598,0.6642704971648883,0,Interleaved
370,170,0,0.9389773418301097,0.6917038651128502,0,Interleaved
371,171,0,0.47768856969229123,0.7336114254180659,0,Interleaved
372,172,0,0.6188575490599927,0.6150931637452418,0,Interleaved
373,173,0,0.4853446865936534,0.6261540600719242,0,Interleaved
374,174,0,0.4944974828905904,0.7246673349604296,0,Interleaved
375,175,0,0.605877761656205,0.6342582377978887,0,Interleaved
376,176,0,0.6011578567962321,0.7216807639105094,0,Interleaved
377,177,0,0.703484975011164,0.848855460793499,0,Interleaved
378,178,0,0.4683099235687879,0.7604286850243618,0,Interleaved
379,179,0,0.006548705004249704,0.8784570295525594,0,Interleaved
380,180,0,0.8978514842585161,0.5941696563918555,0,Interleaved
381,181,0,0.47828519332108643,0.5757070470661293,0,Interleaved
382,182,0,0.00481631093210771,0.6983849650184855,0,Interleaved
383,183,0,0.17816929882729507,0.6582692485758006,0,Interleaved
384,184,0,0.499488085228817,0.7665013078274667,0,Interleaved
385,185,0,0.24376753304141413,0.6879385988579979,0,Interleaved
386,186,0,0.2172692144458585,0.8293093875460791,0,Interleaved
387,187,0,0.5028320571210735,0.804173401020173,0,Interleaved
388,188,0,0.5626739012886264,0.5956630526785218,0,Interleaved
389,189,0,0.9448317778693915,0.4649341107084005,0,Interleaved
390,190,0,0.9222051002873851,0.7726801415493862,0,Interleaved
391,191,0,0.4491086328217378,1.1837088996021918,0,Interleaved
392,192,0,0.6763003782409192,0.7098748488016957,0,Interleaved
393,193,0,0.4898589465472765,0.647911227979691,0,Interleaved
394,194,0,0.8135236932468746,0.5214780791472434,0,Interleaved
395,195,0,0.45561368337530384,0.7306667622581289,0,Interleaved
396,196,0,0.5850420266909824,0.5674590022043541,0,Interleaved
397,197,0,0.42553730903111486,0.6638401767398192,0,Interleaved
398,198,0,0.49925492616770006,0.5432534249059837,0,Interleaved
399,199,0,0.18835776126206183,0.6871967116538821,0,Interleaved
400,0,0,0.9841272499036522,0.5825108914764808,0,Instructed
401,1,0,0.7542838138262615,0.6160439062875636,0,Instructed
402,2,0,0.4692669311799598,0.7908273562865376,0,Instructed
403,3,0,0.47510906252086155,0.860540088727731,0,Instructed
404,4,0,0.4954181943560783,0.875905373838026,0,Instructed
405,5,0,0.8090789728082166,1.212002095560337,0,Instructed
406,6,0,0.6269765043730754,0.832751076965142,0,Instructed
407,7,0,0.47885633754378,0.8544063158770371,0,Instructed
408,8,0,0.4994104167524223,1.0980806024155731,0,Instructed
409,9,0,0.24451727861271735,0.9416798198401801,0,Instructed
410,10,0,0.4910244148265366,0.9734816049630965,0,Instructed
411,11,0,0.5019342982494708,0.9633997267608694,0,Instructed
412,12,0,0.47658347332755835,1.5211660050051246,0,Instructed
413,13,0,0.3714790543061898,1.1942419414977548,0,Instructed
414,14,0,0.6482957471070061,1.036205951583666,0,Instructed
415,15,0,0.1620558997757259,1.1495656581698317,0,Instructed
416,16,0,0.9129987461618323,0.8963435287960166,0,Instructed
417,17,0,0.6523280627858539,0.9491355240791135,0,Instructed
418,18,0,0.6786697758211746,0.6654462226899408,0,Instructed
419,19,0,0.5780511873054703,0.9473492278119926,0,Instructed
420,20,0,0.4995773942307408,0.9721376705010609,0,Instructed
421,21,0,0.4765254778154736,0.7295060051416411,0,Instructed
422,22,0,0.4775398364256597,0.7389382369163351,0,Instructed
423,23,0,0.47361114040489516,0.8676381209270926,0,Instructed
424,24,0,0.028806090591282613,0.9087055326772177,0,Instructed
425,25,0,0.42685364264631454,0.9773413287731749,0,Instructed
426,26,0,0.4475955975299344,0.6350820090536965,0,Instructed
427,27,0,0.11859524314192402,1.019023594754834,0,Instructed
428,28,0,0.5003728525761613,1.115586637782442,0,Instructed
429,29,0,0.6699863528107949,1.0916251396019074,0,Instructed
430,30,0,0.17533892931203524,1.010761077937501,0,Instructed
431,31,0,0.4245029725710681,0.7316033628123266,0,Instructed
432,32,0,0.5044022487260473,0.8554000169808547,0,Instructed
433,33,0,0.4992949138794662,1.0729765008547796,0,Instructed
434,34,0,0.5396971676920711,1.0783550746878245,0,Instructed
435,35,0,0.7122194641839519,0.6890299967216199,0,Instructed
436,36,0,0.5145160268102053,0.9037659375017499,0,Instructed
437,37,0,0.49119792482297014,1.1148552923482695,0,Instructed
438,38,0,0.858159417067945,0.8810389947447559,0,Instructed
439,39,0,0.813549348137303,0.9688004235833654,0,Instructed
440,40,0,0.49023028551402004,0.9920700506459077,0,Instructed
441,41,0,0.6217754440797095,1.095906257349021,0,Instructed
442,42,0,0.48448883807006365,1.1607275780527628,0,Instructed
443,43,0,0.6797896669975594,1.0525293244334284,0,Instructed
444,44,0,0.9730843959912289,0.9939521653920991,0,Instructed
445,45,0,0.45572559232949067,1.0048219038216413,0,Instructed
446,46,0,0.4879627982356725,0.9426396589822306,0,Instructed
447,47,0,0.4930618533967451,1.1428907789674188,0,Instructed
448,48,0,0.06840551517299646,1.3067205270163875,0,Instructed
449,49,0,0.5006467506158248,1.0140094420749115,0,Instructed
450,50,0,0.5200459824448641,0.8105086408868869,0,Instructed
451,51,0,0.6646019543000459,0.9945692926326704,0,Instructed
452,52,0,0.7192513953692317,0.8903909211683495,0,Instructed
453,53,0,0.4544499797619516,0.9223546713627697,0,Instructed
454,54,0,0.26127554073784887,0.8821645379631706,0,Instructed
455,55,0,0.3655857185775745,1.1556997178543855,0,Instructed
456,56,0,0.47717676249592184,1.0487465875315463,0,Instructed
457,57,0,0.8756544676149531,1.019985035436658,0,Instructed
458,58,0,0.20104388205887136,1.116182901683146,0,Instructed
459,59,0,0.2166434469315835,1.3258304656616722,0,Instructed
460,60,0,0.22127849271188088,1.1234618877523141,0,Instructed
461,61,0,0.3744649948524902,1.0340341709897345,0,Instructed
462,62,0,0.9884301999741596,0.7392103425638241,0,Instructed
463,63,0,0.6526782306419414,0.7553612246095167,0,Instructed
464,64,0,0.502178046964174,1.1109995973828586,0,Instructed
465,65,0,0.017973687290941138,1.2946692230013501,0,Instructed
466,66,0,0.7856814292278195,0.8453630326481674,0,Instructed
467,67,0,0.5300084340141276,1.0003073828417717,0,Instructed
468,68,0,0.7146007550689409,0.9341551025825698,0,Instructed
469,69,0,0.3092624300070478,1.0109577189477248,0,Instructed
470,70,0,0.1301240249860478,1.0806008809899703,0,Instructed
471,71,0,0.5168754632264223,0.9505801585181308,0,Instructed
472,72,0,0.04176484890613649,0.7872129384192188,0,Instructed
473,73,0,0.5418704760893767,0.8932630046436087,0,Instructed
474,74,0,0.5272960389321353,0.8719658204583234,0,Instructed
475,75,0,0.538383661695148,0.9816285512691483,0,Instructed
476,76,0,0.37356730760343887,0.670120198538829,0,Instructed
477,77,0,0.5099827377852459,0.7471668031424258,0,Instructed
478,78,0,0.6172709796296821,0.8493989816610851,0,Instructed
479,79,0,0.72686332953313,1.0575222491813947,0,Instructed
480,80,0,0.35636682196149994,1.0147741182769492,0,Instructed
481,81,0,0.4998087738263693,0.9287035396787953,0,Instructed
482,82,0,0.6459988244220393,0.7467404262025659,0,Instructed
483,83,0,0.4871328460820638,1.0183692923089924,0,Instructed
484,84,0,2.2807100479171224e-11,5.052923465653621,0,Instructed
485,85,0,0.8989280349114497,1.1887415128833476,0,Instructed
486,86,0,0.9737008441220643,1.0387656786024793,0,Instructed
487,87,0,0.24615653956528066,2.103714791597807,0,Instructed
488,88,0,0.14338846435170527,1.070909723406163,0,Instructed
489,89,0,0.5022034908052381,1.3238278643202435,0,Instructed
490,90,0,0.49498217574708026,1.0708194119924745,0,Instructed
491,91,0,0.3967618047413672,1.0381941661854635,0,Instructed
492,92,0,0.4397249189460126,1.1985330299105028,0,Instructed
493,93,0,0.5010585437124573,1.2141311491743596,0,Instructed
494,94,0,0.7569365997348058,1.812465220830879,0,Instructed
495,95,0,0.9085977631754165,1.0931852566975433,0,Instructed
496,96,0,0.656899215693284,0.6456953228777288,0,Instructed
497,97,0,0.44320061461667565,0.9148013674022657,0,Instructed
498,98,0,0.9308550407847467,0.8814200722675727,0,Instructed
499,99,0,0.36697026547044725,1.0362609147075874,0,Instructed
500,100,0,0.43072497345329275,0.8963970709999327,0,Instructed
501,101,0,0.484057839340233,0.83100632181488,0,Instructed
502,102,0,0.5167874427122594,0.7888710631994886,0,Instructed
503,103,0,0.49499770551794114,0.9436292023861049,0,Instructed
504,104,0,0.44092612253827573,0.8666463813404799,0,Instructed
505,105,0,0.5003263054601391,0.7420437300681154,0,Instructed
506,106,0,0.8668017058797868,0.7784095951633276,0,Instructed
507,107,0,0.7615613449713932,0.8925620688848697,0,Instructed
508,108,0,0.04003141037031492,0.9647032870819661,0,Instructed
509,109,0,0.48379508412191685,1.0246099758476268,0,Instructed
510,110,0,0.9990638219758605,2.3475415488815248,0,Instructed
511,111,0,0.3669022719847413,0.9977808865492013,0,Instructed
512,112,0,0.47140964543306885,1.071551115239369,0,Instructed
513,113,0,0.8208132574629428,1.0785597106330935,0,Instructed
514,114,0,0.41161016052431615,0.8643826007951203,0,Instructed
515,115,0,0.5749093804994687,0.8136236461609831,0,Instructed
516,116,0,0.6298784450312976,0.8890565004963444,0,Instructed
517,117,0,0.756369698117741,0.7204701103533253,0,Instructed
518,118,0,0.6069453696389122,0.7471118108861261,0,Instructed
519,119,0,0.49941991745004366,0.7338071522196197,0,Instructed
520,120,0,0.28326339963453895,0.7061995960887999,0,Instructed
521,121,0,0.7545734955418397,0.686206696935807,0,Instructed
522,122,0,0.0753809500152901,0.8399149864164922,0,Instructed
523,123,0,0.49873466075629097,0.9607439466128178,0,Instructed
524,124,0,0.9560147272053753,0.9219769572083292,0,Instructed
525,125,0,0.5015542577865243,1.0633434266604822,0,Instructed
526,126,0,0.44594605533608833,0.8434291760241743,0,Instructed
527,127,0,0.5044491597790961,0.8410272079404907,0,Instructed
528,128,0,0.5313601882199646,0.7211977126685352,0,Instructed
529,129,0,0.28428042360316785,0.8025997279536556,0,Instructed
530,130,0,0.5500683920531587,0.7676181716106409,0,Instructed
531,131,0,0.5110542963973024,0.9897365479960912,0,Instructed
532,132,0,0.3304547929666821,0.7126105611182628,0,Instructed
533,133,0,0.7675095855806567,0.7275437553848347,0,Instructed
534,134,0,0.47534227709122545,0.7774889737168511,0,Instructed
535,135,0,0.24277381816300606,1.1066970234893754,0,Instructed
536,136,0,0.34190307173782175,0.9536683898754563,0,Instructed
537,137,0,0.5282947201739828,0.7283805655731047,0,Instructed
538,138,0,0.8765877839581011,0.5021254447586818,0,Instructed
539,139,0,0.37741167911764034,0.8492275183421263,0,Instructed
540,140,0,0.3984135151869296,0.9251041408119867,0,Instructed
541,141,0,0.5219288294830216,1.0195119262245225,0,Instructed
542,142,0,0.5220048277763664,1.4792509878545093,0,Instructed
543,143,0,0.4744019418657697,1.433751740597581,0,Instructed
544,144,0,0.44108065438004734,1.0199606991169823,0,Instructed
545,145,0,0.13953206468817153,0.8189223189087161,0,Instructed
546,146,0,0.01354178419909981,0.8156371555402278,0,Instructed
547,147,0,0.8594061687992294,0.7802110990104175,0,Instructed
548,148,0,0.5644483516037566,0.6812487008624548,0,Instructed
549,149,0,0.5139604213659643,0.7419573921937364,0,Instructed
550,150,0,0.02979175783822577,0.8405028951891215,0,Instructed
551,151,0,0.4720406812555234,0.9894882965059758,0,Instructed
552,152,0,0.5280336384295963,1.0702676884422067,0,Instructed
553,153,0,0.5362368924777478,0.8398460011742489,0,Instructed
554,154,0,0.5634272325211773,0.6611355600037554,0,Instructed
555,155,0,0.2770597048897981,1.0401559631677593,0,Instructed
556,156,0,0.4925341651396582,0.8654076564789623,0,Instructed
557,157,0,0.454139684226819,0.9302618610136675,0,Instructed
558,158,0,0.050168858891467556,0.7334891865019468,0,Instructed
559,159,0,0.4750301121855477,0.7388193065739073,0,Instructed
560,160,0,0.08675262320342304,0.7332485113614615,0,Instructed
561,161,0,0.6035332653181111,0.8980892093920327,0,Instructed
562,162,0,0.3166290235424134,0.7040835412105466,0,Instructed
563,163,0,0.9745059383337593,0.8558715453102999,0,Instructed
564,164,0,0.5886736696666357,0.9425137938696695,0,Instructed
565,165,0,0.6872769592947745,0.9141962186931292,0,Instructed
566,166,0,0.6110206742663185,0.6978133364091788,0,Instructed
567,167,0,0.9915824926575226,0.4626911761813834,0,Instructed
568,168,0,0.3917745272750014,0.5427057039309329,0,Instructed
569,169,0,0.4530602029911108,0.7684137729121834,0,Instructed
570,170,0,0.8538651143759255,0.7408642378217989,0,Instructed
571,171,0,0.4510812031427522,0.49746349894254205,0,Instructed
572,172,0,0.11432787773191129,0.6153529817765724,0,Instructed
573,173,0,0.5032784605145022,0.511999214374658,0,Instructed
574,174,0,0.6598894855760801,1.122627284551481,0,Instructed
575,175,0,0.8615760938017343,1.0159300447538993,0,Instructed
576,176,0,0.4861957972716431,0.6368655190049989,0,Instructed
577,177,0,0.2839939394198045,0.5485824044826005,0,Instructed
578,178,0,0.7906176201540669,0.5058639139449668,0,Instructed
579,179,0,0.5063021534746182,0.8918802757005795,0,Instructed
580,180,0,0.9972281319442419,0.5450045947888735,0,Instructed
581,181,0,0.3614996855725819,0.5888749327581362,0,Instructed
582,182,0,0.9192833026800359,0.6322228928883064,0,Instructed
583,183,0,0.4392998293841665,0.7031743832113404,0,Instructed
584,184,0,0.7196016170271639,0.8846137612593286,0,Instructed
585,185,0,0.5480171772755835,0.6454960141857191,0,Instructed
586,186,0,0.993423414569166,0.632755118295969,0,Instructed
587,187,0,0.41125973877723526,0.5990357994832467,0,Instructed
588,188,0,0.46256984671020823,0.7716500744234474,0,Instructed
589,189,0,0.40878239635404134,0.4946639682469391,0,Instructed
590,190,0,0.4621063691366478,0.7930742695300024,0,Instructed
591,191,0,0.5263050367973666,0.7413054158781778,0,Instructed
592,192,0,0.37701311812791755,0.899049297591411,0,Instructed
593,193,0,0.5837406318421889,0.5184299460889003,0,Instructed
594,194,0,0.4923257409347859,0.7672270277281679,0,Instructed
595,195,0,0.08823242338760583,0.5747955753016922,0,Instructed
596,196,0,0.003382107310771384,0.6890909591225451,0,Instructed
597,197,0,0.33056856438122706,0.7624769971373486,0,Instructed
598,198,0,0.4158070476513909,0.7045028771052584,0,Instructed
599,199,0,0.6404524305511732,0.47873340603641784,0,Instructed
600,0,0,0.6018453006192405,0.5868429979552889,1,Blocked
601,1,0,0.21938746450875923,0.7288071513063494,1,Blocked
602,2,0,0.758489583731139,0.5912867911867539,1,Blocked
603,3,0,0.823901875771051,0.4683972925633344,1,Blocked
604,4,0,0.8818303012457882,0.5824925305921593,1,Blocked
605,5,0,0.8666379139398033,0.5706053504770265,1,Blocked
606,6,0,0.4249088061960955,0.7570996525700535,1,Blocked
607,7,0,0.09331490598394845,0.7555369215982805,1,Blocked
608,8,0,0.8255248899963383,0.547038704725934,1,Blocked
609,9,0,0.06011185118814802,0.7735996508479744,1,Blocked
610,10,0,0.01336061476597041,0.9182382375771085,1,Blocked
611,11,0,0.9850468707624731,0.6380089011745956,1,Blocked
612,12,0,0.7591955451177934,0.6837081616938088,1,Blocked
613,13,0,0.36010437459880495,0.8108733159501081,1,Blocked
614,14,0,0.45531083751445395,0.9301138056769382,1,Blocked
615,15,0,0.9198897028468971,0.5180803567819067,1,Blocked
616,16,0,0.5391159629510003,1.033506606201236,1,Blocked
617,17,0,0.9527233164450796,0.9297188561443915,1,Blocked
618,18,0,0.43170154856170906,0.6297760078862805,1,Blocked
619,19,0,0.9393866408545475,0.7737414958603521,1,Blocked
620,20,0,0.41292950240720544,0.8495857752702686,1,Blocked
621,21,0,0.7676495510338304,0.720512055576785,1,Blocked
622,22,0,0.9750620433539612,1.404509457434449,1,Blocked
623,23,0,0.6669782784508573,0.644738908186667,1,Blocked
624,24,0,0.6164188864910527,0.6359318431243621,1,Blocked
625,25,0,0.48628488618461,0.7837128857212694,1,Blocked
626,26,0,0.9982924733991358,0.6385669203226014,1,Blocked
627,27,0,0.30490493601869617,0.6992325028738904,1,Blocked
628,28,0,0.19045264751799856,0.7373731987738158,1,Blocked
629,29,0,0.018285159036392912,0.7495689452660252,1,Blocked
630,30,0,0.8056435966794646,0.6798673864386082,1,Blocked
631,31,0,0.3004446722925324,0.7564356337811291,1,Blocked
632,32,0,0.9553032264673973,0.6721638208936747,1,Blocked
633,33,0,0.497155729473113,0.6326778270799658,1,Blocked
634,34,0,0.9476711427358282,0.6833793763134756,1,Blocked
635,35,0,0.5457054601607321,0.6046920540753765,1,Blocked
636,36,0,0.3639626671845634,0.6635327311824011,1,Blocked
637,37,0,0.14470934727468068,0.7449326937816995,1,Blocked
638,38,0,0.11731397484789115,0.7454088016168838,1,Blocked
639,39,0,0.6966218452264068,0.5459806253340914,1,Blocked
640,40,0,0.07582072492153177,0.7465371240240933,1,Blocked
641,41,0,0.5493852338515964,0.5247248176237831,1,Blocked
642,42,0,0.6367629757890912,0.679908185645824,1,Blocked
643,43,0,0.9999754238254619,0.7932542959245739,1,Blocked
644,44,0,0.5762642194747172,0.6191273355393186,1,Blocked
645,45,0,0.8647095160413414,0.4851827100448989,1,Blocked
646,46,0,0.7682995160599715,0.3690760358480587,1,Blocked
647,47,0,0.5972609753817111,0.6268448661497052,1,Blocked
648,48,0,0.8792194176537516,0.4871313813789782,1,Blocked
649,49,0,0.9098921959831693,0.6209329650791797,1,Blocked
650,50,0,0.9561283589021536,0.5210875979547204,1,Blocked
651,51,0,0.9757747539134902,0.49539154013265174,1,Blocked
652,52,0,0.9780675171051203,0.6606136536379255,1,Blocked
653,53,0,0.027288321960682295,0.846408683886472,1,Blocked
654,54,0,0.9093559984441806,0.5804987728640727,1,Blocked
655,55,0,0.3851116299565108,0.5527178260866998,1,Blocked
656,56,0,0.42901847524423553,0.5959175426115829,1,Blocked
657,57,0,0.239563233380971,0.610954360121677,1,Blocked
658,58,0,0.9306189400520264,0.7117721319824184,1,Blocked
659,59,0,0.9571022149142012,0.5335848979366051,1,Blocked
660,60,0,0.9784307610910208,0.5239761777965777,1,Blocked
661,61,0,0.9999073758557768,1.0861617652559923,1,Blocked
662,62,0,0.021425812399601965,0.7526130238683059,1,Blocked
663,63,0,0.12238440491193005,0.7606709137301935,1,Blocked
664,64,0,0.8037560010418532,0.5035894187089149,1,Blocked
665,65,0,0.4085769519054308,0.6246180792552589,1,Blocked
666,66,0,0.9972730498626203,0.5259286998833085,1,Blocked
667,67,0,0.021762169694703806,0.8618469228038883,1,Blocked
668,68,0,0.017347199386460534,0.8842825204390704,1,Blocked
669,69,0,0.0004573005221101862,0.9376104664360121,1,Blocked
670,70,0,0.9741027263861335,0.6108515069966085,1,Blocked
671,71,0,0.6336528647154149,0.5612926849765676,1,Blocked
672,72,0,0.9982971579697217,0.4196062094981677,1,Blocked
673,73,0,0.6226046653300101,0.36902785019240925,1,Blocked
674,74,0,0.2889016301743217,0.5507678861606726,1,Blocked
675,75,0,0.6998773823149935,0.4924453288777594,1,Blocked
676,76,0,0.5536371195248011,0.48672707352186484,1,Blocked
677,77,0,0.1327785269166912,0.68957392855736,1,Blocked
678,78,0,0.4744600978151203,0.8483525726167971,1,Blocked
679,79,0,0.9109867196573903,0.8303250945939928,1,Blocked
680,80,0,0.7685009478234816,0.7347014236226929,1,Blocked
681,81,0,0.8532512851291245,0.5148530775547592,1,Blocked
682,82,0,0.4507504478298826,0.7417138461942254,1,Blocked
683,83,0,0.8725745954079565,0.7834351601103631,1,Blocked
684,84,0,0.69029486632209,0.47784556652703836,1,Blocked
685,85,0,0.36811453897824264,0.7299958168020764,1,Blocked
686,86,0,0.39573483841354246,0.9465327607219947,1,Blocked
687,87,0,0.9782348580134288,0.6024898437019892,1,Blocked
688,88,0,0.42925404359258024,0.6963534901708308,1,Blocked
689,89,0,0.4282815750987942,0.7041836963853916,1,Blocked
690,90,0,0.01620180193104585,0.8302536353614638,1,Blocked
691,91,0,0.8020819492960795,0.5056052741293237,1,Blocked
692,92,0,0.17427747569728771,0.6851548826201311,1,Blocked
693,93,0,0.024161378287791833,0.9819581874279797,1,Blocked
694,94,0,0.3374905188058589,0.9876531322164064,1,Blocked
695,95,0,0.018552709015657125,1.003258784169204,1,Blocked
696,96,0,0.3045253214056999,0.7344317388323045,1,Blocked
697,97,0,0.9486230381642622,0.7597025589526585,1,Blocked
698,98,0,0.47110645590438854,0.7369885445711276,1,Blocked
699,99,0,0.01892442720713194,0.8926934250529104,1,Blocked
700,100,0,0.030538307699536957,0.907963126493209,1,Blocked
701,101,0,0.03058740083132748,0.7011509806067797,1,Blocked
702,102,0,0.8141672113982419,0.46178806016110063,1,Blocked
703,103,0,0.320434706571655,0.6403417384547578,1,Blocked
704,104,0,0.49493992851950497,0.6963448451243964,1,Blocked
705,105,0,0.17258748818430716,0.8243758193337196,1,Blocked
706,106,0,0.09357959391719951,0.6553056412198227,1,Blocked
707,107,0,0.638079512649804,0.4900967473550639,1,Blocked
708,108,0,0.7127881853368712,0.6073123424315068,1,Blocked
709,109,0,0.25981106923159447,0.7132468149772047,1,Blocked
710,110,0,0.5565720519079363,0.6041113787217977,1,Blocked
711,111,0,0.2434741136643879,0.7098967295133162,1,Blocked
712,112,0,0.9775822856801243,0.4975606641257697,1,Blocked
713,113,0,0.8124941814513489,0.6747357048534264,1,Blocked
714,114,0,0.9538016100515005,0.7994621964088213,1,Blocked
715,115,0,0.5004614847392223,0.7384694157176983,1,Blocked
716,116,0,0.8497750041055944,0.5161991374245886,1,Blocked
717,117,0,0.7703583874153535,0.4033430041417584,1,Blocked
718,118,0,0.08799566149461169,0.6984738208706534,1,Blocked
719,119,0,0.9792217844786614,0.7108540358410909,1,Blocked
720,120,0,0.6489274092351558,0.7087413422203925,1,Blocked
721,121,0,0.02255880887839952,0.6662569815164774,1,Blocked
722,122,0,0.21076656693088816,0.746935031052852,1,Blocked
723,123,0,0.0030446432602480155,0.8622043702334223,1,Blocked
724,124,0,0.8738471409483519,0.5488365211329514,1,Blocked
725,125,0,0.668381563783737,0.7871093553797663,1,Blocked
726,126,0,0.5207889657461622,0.49620009008467636,1,Blocked
727,127,0,0.9557453281596906,0.7018351839180998,1,Blocked
728,128,0,0.35166606106814857,0.9798070996154065,1,Blocked
729,129,0,0.9991364373704028,0.6346064095109698,1,Blocked
730,130,0,0.21632404384690485,0.6348036503344129,1,Blocked
731,131,0,0.5909912614062172,0.5935676067498945,1,Blocked
732,132,0,0.9896426338158839,0.750673343920462,1,Blocked
733,133,0,0.7003760857732397,0.7165798218256442,1,Blocked
734,134,0,0.015400144392775936,0.9497127991868437,1,Blocked
735,135,0,0.23832875113180735,0.5714552386133055,1,Blocked
736,136,0,0.8908152353583345,0.5155786731846783,1,Blocked
737,137,0,0.02125371354507214,0.680497465165162,1,Blocked
738,138,0,0.3602909518967453,0.726469158460636,1,Blocked
739,139,0,0.8966007513117377,0.5699573165423596,1,Blocked
740,140,0,0.9781604101108547,0.5150772407045314,1,Blocked
741,141,0,0.001528243527643863,0.9203776736601557,1,Blocked
742,142,0,0.9970086107633871,0.5426428102943346,1,Blocked
743,143,0,0.25365442575738206,0.658934655622692,1,Blocked
744,144,0,0.8626637160437417,0.5839895969164333,1,Blocked
745,145,0,0.998486794536851,0.521093022984023,1,Blocked
746,146,0,0.004731790487891615,0.8900788513355333,1,Blocked
747,147,0,0.9323883780445805,0.6023484395869335,1,Blocked
748,148,0,0.3228198996317015,0.7002191340048416,1,Blocked
749,149,0,0.5212465916078973,0.5871845068057031,1,Blocked
750,150,0,0.40795091414405626,0.8368821695364105,1,Blocked
751,151,0,0.1790444430934341,0.5485776570338522,1,Blocked
752,152,0,0.7742196497889363,0.8132088398215056,1,Blocked
753,153,0,0.009028309101524627,0.8079526797238663,1,Blocked
754,154,0,0.4803985026856149,0.7761919906315252,1,Blocked
755,155,0,0.9690250566291394,0.45841341311380296,1,Blocked
756,156,0,0.01306569329861131,0.7415286579656286,1,Blocked
757,157,0,0.04626937955287809,0.7633171091712547,1,Blocked
758,158,0,0.9829400212163967,0.44150915625368803,1,Blocked
759,159,0,0.9876535348611698,0.37618334097747985,1,Blocked
760,160,0,0.5836111872016206,0.7059116405659864,1,Blocked
761,161,0,0.39254739636964586,0.62076993863478,1,Blocked
762,162,0,0.4477415746397725,0.8000650495101755,1,Blocked
763,163,0,0.47665187910226836,0.6790623624728824,1,Blocked
764,164,0,0.3827806249672626,0.8302967479402974,1,Blocked
765,165,0,0.9990394894750391,0.7132526422261409,1,Blocked
766,166,0,0.60596148166976,0.6413837854582125,1,Blocked
767,167,0,0.995314876640737,0.5624082802784587,1,Blocked
768,168,0,0.01362865211047385,0.6649675100984925,1,Blocked
769,169,0,0.41623939092131157,0.9190160769654339,1,Blocked
770,170,0,0.05954188821730529,0.9364787584931094,1,Blocked
771,171,0,0.6246801813367524,0.6456385586007228,1,Blocked
772,172,0,0.509166964668624,0.5796325084798732,1,Blocked
773,173,0,0.8301035976968232,0.6730149230123408,1,Blocked
774,174,0,0.9856587994409434,0.7352553297760278,1,Blocked
775,175,0,0.046136175916710646,0.7718830329833108,1,Blocked
776,176,0,0.5977007692172008,0.8314433429990977,1,Blocked
777,177,0,0.987419813489899,0.6152210620390476,1,Blocked
778,178,0,0.34371704265396363,0.5876255476165123,1,Blocked
779,179,0,0.5471633259136712,0.902989512898688,1,Blocked
780,180,0,0.7272400751831798,0.7603092279893202,1,Blocked
781,181,0,0.42525067613747286,0.4506006885695223,1,Blocked
782,182,0,0.40670904459438195,0.5631981285513009,1,Blocked
783,183,0,0.7359886429722007,0.5916990194227971,1,Blocked
784,184,0,0.16469343911842804,0.6650757498678903,1,Blocked
785,185,0,0.529929882851097,0.5788912904972486,1,Blocked
786,186,0,0.879188924273747,0.6612745954949462,1,Blocked
787,187,0,0.5064242258118605,0.85925979190081,1,Blocked
788,188,0,0.0068410040083291355,0.6812212191932265,1,Blocked
789,189,0,0.20004689611146262,0.6905933827195174,1,Blocked
790,190,0,0.9966288713295095,0.6294281170503861,1,Blocked
791,191,0,0.8988917105422884,0.5542532207618938,1,Blocked
792,192,0,0.7046342910537159,0.6515738295208917,1,Blocked
793,193,0,0.06598355080643001,0.6712039250861108,1,Blocked
794,194,0,0.18096596642044752,0.7558728471658004,1,Blocked
795,195,0,0.4821791744897757,0.6158817287933636,1,Blocked
796,196,0,0.3904767278826618,0.8278427210857897,1,Blocked
797,197,0,0.4891669651513411,0.622174736071552,1,Blocked
798,198,0,0.4978857929710983,0.710760039121109,1,Blocked
799,199,0,0.960856353928631,0.8406491474661244,1,Blocked
800,0,0,0.08455086483915608,0.916235916589011,1,Interleaved
801,1,0,0.4977370868409939,0.7385029901409961,1,Interleaved
802,2,0,0.4917047592173341,0.7175866756125753,1,Interleaved
803,3,0,0.9800060685114294,0.45794563262760923,1,Interleaved
804,4,0,0.49797220372279505,0.6508364331237986,1,Interleaved
805,5,0,0.2466742396653633,0.5811715748540878,1,Interleaved
806,6,0,0.7850927935862871,0.5219095477812893,1,Interleaved
807,7,0,0.28361752362152315,0.8586268736925398,1,Interleaved
808,8,0,0.4957827416008985,0.7005347421714494,1,Interleaved
809,9,0,0.9462509840946411,0.4565114710621473,1,Interleaved
810,10,0,0.5059088106993965,0.4975123408632496,1,Interleaved
811,11,0,0.21259936312448835,0.5164881607550948,1,Interleaved
812,12,0,0.5001566521564068,0.8174531143663553,1,Interleaved
813,13,0,0.9989067342092771,0.5993961999819062,1,Interleaved
814,14,0,0.5754779566478379,0.453533001543461,1,Interleaved
815,15,0,0.36923827103978973,0.7417429885287978,1,Interleaved
816,16,0,0.5046740382208394,0.828177377189891,1,Interleaved
817,17,0,0.5131851572983951,1.1320102333147148,1,Interleaved
818,18,0,0.49975224401023466,0.8427906434553651,1,Interleaved
819,19,0,0.8949010472574908,0.4892529075579327,1,Interleaved
820,20,0,0.5452224311845454,0.6345452110614724,1,Interleaved
821,21,0,0.679398681305101,0.5873939465900819,1,Interleaved
822,22,0,0.5001094529849436,0.7583220899988968,1,Interleaved
823,23,0,0.6212945546184173,0.7322302200937252,1,Interleaved
824,24,0,0.500000198554096,2.152814893811014,1,Interleaved
825,25,0,0.9996898979517505,0.6323701192243474,1,Interleaved
826,26,0,0.09573416843247012,0.4980608492324047,1,Interleaved
827,27,0,0.12205908144814248,0.73342821418847,1,Interleaved
828,28,0,0.49572440418735375,0.9032060409214364,1,Interleaved
829,29,0,0.049214651182487766,0.8259870500139395,1,Interleaved
830,30,0,0.5025225345039126,0.7001380490840119,1,Interleaved
831,31,0,0.7009062186909982,0.8643187443699256,1,Interleaved
832,32,0,0.4432218655040754,0.6419811546151105,1,Interleaved
833,33,0,0.47615926528581015,0.7017376540122668,1,Interleaved
834,34,0,0.5002749143737386,0.8012482783497901,1,Interleaved
835,35,0,0.6660401736160987,0.6322876429537987,1,Interleaved
836,36,0,0.4994124854722362,0.5737553752901549,1,Interleaved
837,37,0,0.12454901273127847,0.6614746283042339,1,Interleaved
838,38,0,0.6945484168803502,0.6218641718621558,1,Interleaved
839,39,0,0.9716934943397065,0.4306002190336448,1,Interleaved
840,40,0,0.4830960905384576,0.6505729497009181,1,Interleaved
841,41,0,0.26292999038509207,1.0278565624865448,1,Interleaved
842,42,0,0.5014878183782038,0.7521010481507634,1,Interleaved
843,43,0,0.2521971209919885,0.8760609892503306,1,Interleaved
844,44,0,0.5000215600679632,0.7164968449314051,1,Interleaved
845,45,0,0.6316028905893116,0.6030760481440531,1,Interleaved
846,46,0,0.5507401766003349,0.9684548417136797,1,Interleaved
847,47,0,0.09657310690097741,0.8132339286733492,1,Interleaved
848,48,0,0.39252954453882144,0.6183544249930757,1,Interleaved
849,49,0,0.09607137068225077,0.706024962052775,1,Interleaved
850,50,0,0.4504890162088805,0.8411418974807059,1,Interleaved
851,51,0,0.10597505364053471,0.8606712281577134,1,Interleaved
852,52,0,0.3870382767639095,0.8702410822909992,1,Interleaved
853,53,0,0.8807136157692448,0.7217794606757358,1,Interleaved
854,54,0,0.4760411099179216,0.748139259106291,1,Interleaved
855,55,0,0.3314804493145642,0.7923321562052393,1,Interleaved
856,56,0,0.5017837592268358,0.7567043776881459,1,Interleaved
857,57,0,0.015038793123294498,0.7416176299012498,1,Interleaved
858,58,0,0.34109059804731656,0.7052579909177621,1,Interleaved
859,59,0,0.7250180758763998,0.7753283131856619,1,Interleaved
860,60,0,0.5110960233696501,0.6725153875108006,1,Interleaved
861,61,0,0.6744219601802903,0.44980639151418444,1,Interleaved
862,62,0,0.5155040751578597,0.8281784737203987,1,Interleaved
863,63,0,0.046265055066308715,0.7231248385071695,1,Interleaved
864,64,0,0.49949837512607637,0.8356667488696012,1,Interleaved
865,65,0,0.33541453584482706,0.8726903173727381,1,Interleaved
866,66,0,0.5718282101943608,0.885895932179106,1,Interleaved
867,67,0,0.9887782812439372,0.5125682089436046,1,Interleaved
868,68,0,0.43430154032857526,1.0052905640260237,1,Interleaved
869,69,0,0.006940022280596128,0.7810596034841624,1,Interleaved
870,70,0,0.507306060306906,0.669788186488327,1,Interleaved
871,71,0,0.4353116276640124,0.7638184588664919,1,Interleaved
872,72,0,0.5332055114180201,0.6536083953822798,1,Interleaved
873,73,0,0.4690041638809369,0.6932595878480021,1,Interleaved
874,74,0,0.49685693439015166,0.600098698976838,1,Interleaved
875,75,0,0.5389100682942679,0.5962645106234068,1,Interleaved
876,76,0,0.7665481667683756,0.6695112593803206,1,Interleaved
877,77,0,0.49092163345837897,0.6510133478106139,1,Interleaved
878,78,0,0.5135732557894727,0.5436522220159979,1,Interleaved
879,79,0,0.34927090284862605,0.5657247728283405,1,Interleaved
880,80,0,0.7293004788394817,0.6855566168123111,1,Interleaved
881,81,0,0.022409370029824068,0.7895247668457726,1,Interleaved
882,82,0,0.48079902124895696,0.8719751405749117,1,Interleaved
883,83,0,0.9455214342850444,0.5322978534854271,1,Interleaved
884,84,0,0.496545718204531,0.6717347044107231,1,Interleaved
885,85,0,0.06701740761174113,0.7141632542254831,1,Interleaved
886,86,0,0.1922516676424016,0.8792714094816634,1,Interleaved
887,87,0,0.9656853544752143,0.677087865528053,1,Interleaved
888,88,0,0.3993723880254827,0.6004225277993449,1,Interleaved
889,89,0,0.7633625168145265,0.5576843486975437,1,Interleaved
890,90,0,0.4861344281530788,0.8149641881111761,1,Interleaved
891,91,0,0.7415568274947338,0.6951728691888654,1,Interleaved
892,92,0,0.4332836415372941,0.7462578805085897,1,Interleaved
893,93,0,0.8623305898273967,0.6923913798443253,1,Interleaved
894,94,0,0.40879369594353177,0.85246978635157,1,Interleaved
895,95,0,0.6686096806148529,1.0206250077816992,1,Interleaved
896,96,0,0.5865663566613987,0.7296857336157848,1,Interleaved
897,97,0,0.9239639778744395,0.6318933304638085,1,Interleaved
898,98,0,0.4982040197667579,0.552920787364504,1,Interleaved
899,99,0,0.34550916826322897,0.5770528167844573,1,Interleaved
900,100,0,0.4973413670908487,0.9738960076789582,1,Interleaved
901,101,0,0.06462233577452314,0.72815071429929,1,Interleaved
902,102,0,0.14413217978988588,1.0933252782360716,1,Interleaved
903,103,0,0.4886384639200105,0.913328995983429,1,Interleaved
904,104,0,0.499174849554418,0.9280085520016925,1,Interleaved
905,105,0,0.5941825382896355,0.5939964364754812,1,Interleaved
906,106,0,0.5392755816754574,0.7402244101157873,1,Interleaved
907,107,0,0.0017419903070485018,0.9494817803822461,1,Interleaved
908,108,0,0.4916749191692682,0.9546231016748172,1,Interleaved
909,109,0,0.048266488755230194,0.8598085368631259,1,Interleaved
910,110,0,0.49603494414329957,0.6127433395585891,1,Interleaved
911,111,0,0.955446659643414,0.3754799108574222,1,Interleaved
912,112,0,0.49612727231822334,0.7115399240847866,1,Interleaved
913,113,0,0.4996053945324484,0.7471249804064641,1,Interleaved
914,114,0,0.500077602673181,1.0064191515927388,1,Interleaved
915,115,0,0.006603104573853627,0.9542172626999978,1,Interleaved
916,116,0,0.5000148698230095,1.2526846215259058,1,Interleaved
917,117,0,0.10989549723515328,1.018276177966176,1,Interleaved
918,118,0,0.45652193895321447,0.8907383771924895,1,Interleaved
919,119,0,0.2020250013062124,0.7074471224897292,1,Interleaved
920,120,0,0.500021563165402,1.0462166288518262,1,Interleaved
921,121,0,0.09667142936145158,0.9381302518777968,1,Interleaved
922,122,0,0.4996171011297084,0.7501212049655863,1,Interleaved
923,123,0,0.4365609449520075,0.8293945542942159,1,Interleaved
924,124,0,0.502987403294135,0.6805128168771002,1,Interleaved
925,125,0,0.009866917002227811,0.8815523408342617,1,Interleaved
926,126,0,0.7341463217942881,0.6007044132570176,1,Interleaved
927,127,0,0.9809789188950766,0.7533119318009225,1,Interleaved
928,128,0,0.4999512940535214,0.9792480767448817,1,Interleaved
929,129,0,0.8603632465318305,0.8581712374640472,1,Interleaved
930,130,0,0.5128130771982565,0.5864535849735314,1,Interleaved
931,131,0,0.6431287361196345,0.4207432811087842,1,Interleaved
932,132,0,0.5422863789607022,0.795676041198363,1,Interleaved
933,133,0,0.06937921409505644,0.6524628009772613,1,Interleaved
934,134,0,0.5012520845077919,0.6894688987546032,1,Interleaved
935,135,0,0.8621734295263259,0.7510775123779132,1,Interleaved
936,136,0,0.5306056454571476,0.6368487471917677,1,Interleaved
937,137,0,0.9903271939597,0.49061935389285083,1,Interleaved
938,138,0,0.4930489919335154,0.8780947377086641,1,Interleaved
939,139,0,0.3444162790901778,1.0127604118658309,1,Interleaved
940,140,0,0.5012387201586798,0.8340692786411613,1,Interleaved
941,141,0,0.6890619770039933,0.6935962264284574,1,Interleaved
942,142,0,0.4823854884346054,1.0134953738464731,1,Interleaved
943,143,0,0.9745793480044569,0.6714591512906503,1,Interleaved
944,144,0,0.5003525421198053,0.7591926890739016,1,Interleaved
945,145,0,0.949425479053138,0.6582267997098743,1,Interleaved
946,146,0,0.47999039555141526,0.813716563123166,1,Interleaved
947,147,0,0.8958357949431147,0.5037219981597754,1,Interleaved
948,148,0,0.5500288442870862,0.7012022567565586,1,Interleaved
949,149,0,0.9345105692664215,0.5336851026075704,1,Interleaved
950,150,0,0.5004408534788582,1.0147909001262885,1,Interleaved
951,151,0,0.975791213628771,0.6707282129984873,1,Interleaved
952,152,0,0.4998149330161853,0.6789129310586735,1,Interleaved
953,153,0,0.13726891320019774,0.7185988149654936,1,Interleaved
954,154,0,0.500683036358409,0.9545135121674204,1,Interleaved
955,155,0,0.272799689154063,0.8326950771308834,1,Interleaved
956,156,0,0.5002835667246244,0.5813085223390426,1,Interleaved
957,157,0,0.558738929227041,0.6571095403232368,1,Interleaved
958,158,0,0.5003755452864961,0.834273806984085,1,Interleaved
959,159,0,0.9574218998987404,0.6524688272151618,1,Interleaved
960,160,0,0.8069779884004472,0.6838911906979959,1,Interleaved
961,161,0,0.40192209696355385,0.7506684312614296,1,Interleaved
962,162,0,0.5001083990316255,0.7537086140954763,1,Interleaved
963,163,0,0.4879298654231048,0.46702217609166363,1,Interleaved
964,164,0,0.04199390890667067,0.6233238310338969,1,Interleaved
965,165,0,0.9865454381401502,0.6640743780430449,1,Interleaved
966,166,0,0.11233424107472459,0.6961592470626379,1,Interleaved
967,167,0,0.9999457198309276,0.6328549675802617,1,Interleaved
968,168,0,0.47294742264006373,0.6677625801845961,1,Interleaved
969,169,0,0.6253720458632891,0.8321254670990268,1,Interleaved
970,170,0,0.48891324194315733,0.6423418151494095,1,Interleaved
971,171,0,0.9474140790091496,0.5768613160951513,1,Interleaved
972,172,0,0.9976519282512931,0.5676944424689823,1,Interleaved
973,173,0,0.4766582384661542,0.7598322575037919,1,Interleaved
974,174,0,0.37696338691623266,0.9517628743477291,1,Interleaved
975,175,0,0.9880757232559159,0.7327008858775007,1,Interleaved
976,176,0,0.5128410586629243,0.7584632885250515,1,Interleaved
977,177,0,0.5086650534637845,0.5925818351484429,1,Interleaved
978,178,0,0.5224410967304691,0.5578179911212495,1,Interleaved
979,179,0,0.7704336091017998,0.6169583988529863,1,Interleaved
980,180,0,0.5009004708666571,0.7130359775854509,1,Interleaved
981,181,0,0.14766077861015414,0.7311215866967014,1,Interleaved
982,182,0,0.6888804494815486,0.6151415388535229,1,Interleaved
983,183,0,0.18173592306602745,0.8797255178345446,1,Interleaved
984,184,0,0.653030673325093,0.6264683081473703,1,Interleaved
985,185,0,0.6926061297209198,0.5895157749472105,1,Interleaved
986,186,0,0.4954792930637408,0.7246809347438872,1,Interleaved
987,187,0,0.2935763432988516,0.6714957729932258,1,Interleaved
988,188,0,0.22125610223767694,0.673120625156757,1,Interleaved
989,189,0,0.4083378838504101,0.5205158217507482,1,Interleaved
990,190,0,0.3364262456009864,0.6040953730183334,1,Interleaved
991,191,0,0.9877205888421741,0.632272445808925,1,Interleaved
992,192,0,0.528160041419116,0.7185873891895129,1,Interleaved
993,193,0,0.9954331937321089,0.5226355793254374,1,Interleaved
994,194,0,0.5185367690660988,0.6228084796886005,1,Interleaved
995,195,0,0.006510281685287669,0.9293730782376195,1,Interleaved
996,196,0,0.9972540375914419,0.6418218584827526,1,Interleaved
997,197,0,0.25950142949385635,0.666524798989462,1,Interleaved
998,198,0,0.26363120109689864,0.8914335802988044,1,Interleaved
999,199,0,7.632494002115417e-05,1.0689912368214731,1,Interleaved
1000,0,0,0.2977284798685396,0.8829979383256645,1,Instructed
1001,1,0,0.4822388231476304,0.7977395522065847,1,Instructed
1002,2,0,0.513756113074561,0.6160869549024717,1,Instructed
1003,3,0,0.5304870484815287,0.8152599637892389,1,Instructed
1004,4,0,0.2227490971060901,0.8532101053078933,1,Instructed
1005,5,0,0.10305314803479135,0.6913419866031609,1,Instructed
1006,6,0,0.45841430004497663,0.7272603888275975,1,Instructed
1007,7,0,0.49456763057154024,1.3735031087493277,1,Instructed
1008,8,0,0.8203250364878623,0.9964490792647771,1,Instructed
1009,9,0,0.48004788910050505,1.156205286582697,1,Instructed
1010,10,0,0.3884262825004392,0.775698467103221,1,Instructed
1011,11,0,0.6836321317726297,0.8066534438695676,1,Instructed
1012,12,0,0.25824241171663076,0.9680135355047864,1,Instructed
1013,13,0,0.5230950745482307,0.8098609196023532,1,Instructed
1014,14,0,0.7186818776039603,0.7704411130175954,1,Instructed
1015,15,0,0.4858864476908462,0.8965054249102009,1,Instructed
1016,16,0,0.533033564863607,0.8875099443666317,1,Instructed
1017,17,0,0.9547993116334006,0.6708740388788981,1,Instructed
1018,18,0,0.394429007107322,0.7654633486385091,1,Instructed
1019,19,0,0.5220640993926181,0.6625538939763875,1,Instructed
1020,20,0,0.9449546203832746,0.6798750419494802,1,Instructed
1021,21,0,0.4841193088695812,0.8351231512057138,1,Instructed
1022,22,0,0.3529801174690205,1.0740345282293555,1,Instructed
1023,23,0,0.9248046838052646,0.7963800379657028,1,Instructed
1024,24,0,0.0981589257239806,0.7992504670838948,1,Instructed
1025,25,0,0.8409071483007586,0.7518172744327474,1,Instructed
1026,26,0,0.4977503625107623,0.8542762908880143,1,Instructed
1027,27,0,0.5900687886633931,0.7394570672013415,1,Instructed
1028,28,0,0.5500768143656681,0.7878374527673766,1,Instructed
1029,29,0,0.8092111972709874,1.4172975423788197,1,Instructed
1030,30,0,0.29978734008733043,1.194802398708298,1,Instructed
1031,31,0,0.49961064028403557,2.10793109536562,1,Instructed
1032,32,0,0.5286762677349944,1.137969139222134,1,Instructed
1033,33,0,0.4029564351007902,0.7230920553893794,1,Instructed
1034,34,0,0.5837178812832887,0.5885867493803473,1,Instructed
1035,35,0,0.3086572651988045,0.7296822907195797,1,Instructed
1036,36,0,0.6533363554627635,0.8470184296033594,1,Instructed
1037,37,0,0.09258293024298074,1.2474823663733243,1,Instructed
1038,38,0,0.04206542392148756,0.8156029577682926,1,Instructed
1039,39,0,0.09528258554086318,0.8879968955051503,1,Instructed
1040,40,0,0.9332181704789659,0.8407084752118557,1,Instructed
1041,41,0,0.31197957332532344,0.7900567599002577,1,Instructed
1042,42,0,0.5903174524206606,0.855334932267009,1,Instructed
1043,43,0,0.27663448087165565,0.937373759681698,1,Instructed
1044,44,0,0.4938207565976657,0.978681271725347,1,Instructed
1045,45,0,0.6086777108978424,0.7518687551461947,1,Instructed
1046,46,0,0.9039675032818133,0.942493466817867,1,Instructed
1047,47,0,0.9041081710800967,0.6934534676301061,1,Instructed
1048,48,0,0.6164942474478289,0.791549115361843,1,Instructed
1049,49,0,0.4886039768004835,0.8468542765736846,1,Instructed
1050,50,0,0.5003695971830113,0.6101712885569996,1,Instructed
1051,51,0,0.6312133131037128,0.6795683298162658,1,Instructed
1052,52,0,0.4959237418424456,0.8833468799382109,1,Instructed
1053,53,0,0.4744228915278498,0.7690142036914139,1,Instructed
1054,54,0,0.5003456952605075,0.7527452751428771,1,Instructed
1055,55,0,0.5043333234845717,0.6843784706949689,1,Instructed
1056,56,0,0.27849999946254705,0.6815607274998929,1,Instructed
1057,57,0,0.3969208013944023,0.6665658177244529,1,Instructed
1058,58,0,0.3695074766042358,0.7819679580631234,1,Instructed
1059,59,0,0.47633071181426234,0.8630321854161396,1,Instructed
1060,60,0,0.26665979292331116,0.8137269489730584,1,Instructed
1061,61,0,0.49155527655468356,0.8238611869253414,1,Instructed
1062,62,0,0.9899145029403442,1.0083108035461712,1,Instructed
1063,63,0,0.06485950559690834,0.8547912678732656,1,Instructed
1064,64,0,0.5000510036054181,0.7964442903339067,1,Instructed
1065,65,0,0.8540159297660275,0.5848638997088573,1,Instructed
1066,66,0,0.8527746137261991,0.4805011894827126,1,Instructed
1067,67,0,0.5774752510387586,0.6281404274861369,1,Instructed
1068,68,0,0.7355931424107507,0.8584705862804214,1,Instructed
1069,69,0,0.11276380458359175,0.790919840887492,1,Instructed
1070,70,0,0.2067593117507962,0.6500005351151426,1,Instructed
1071,71,0,0.4506554423728818,0.5310301802704898,1,Instructed
1072,72,0,0.841089367978368,0.5737687370904516,1,Instructed
1073,73,0,0.7338677100862998,0.7100527086969076,1,Instructed
1074,74,0,0.30582592122743607,0.8654004247445778,1,Instructed
1075,75,0,0.5789653507477159,0.7405630767517508,1,Instructed
1076,76,0,0.49123394154356015,0.9700305756471939,1,Instructed
1077,77,0,0.4035669385372717,0.7120451348406437,1,Instructed
1078,78,0,0.4968045219577038,0.8172401867936444,1,Instructed
1079,79,0,0.5000224087601057,0.8678947932856191,1,Instructed
1080,80,0,0.9259176228920629,0.932003509144863,1,Instructed
1081,81,0,0.36620854115693297,1.2056938938766473,1,Instructed
1082,82,0,0.4976111034908,0.9021704036791582,1,Instructed
1083,83,0,0.36233370758489336,0.6308454965397128,1,Instructed
1084,84,0,0.5095576342576174,0.6903166278089594,1,Instructed
1085,85,0,0.2089971869063445,0.6615161432975195,1,Instructed
1086,86,0,0.321292411898233,0.7120334972437414,1,Instructed
1087,87,0,0.7187838101921833,0.6851556996018715,1,Instructed
1088,88,0,0.27249780591461226,0.9888954867624672,1,Instructed
1089,89,0,0.46888463957397647,0.8284445147810885,1,Instructed
1090,90,0,0.8742090251879758,0.609545268801619,1,Instructed
1091,91,0,0.4929569218690447,0.6323811078818866,1,Instructed
1092,92,0,0.682989676036684,0.8151653885019721,1,Instructed
1093,93,0,0.9636318207270383,0.8197731912068327,1,Instructed
1094,94,0,0.44472373251177605,0.8536659339277933,1,Instructed
1095,95,0,0.07624820582738319,0.5708596415215417,1,Instructed
1096,96,0,0.514089791841543,0.9659699310002916,1,Instructed
1097,97,0,0.05070954345775821,0.8573614128154172,1,Instructed
1098,98,0,0.41465710671166095,0.9714947077874599,1,Instructed
1099,99,0,0.6119169855949453,0.7451654429293809,1,Instructed
1100,100,0,0.7538699864054124,0.7004254474193252,1,Instructed
1101,101,0,0.49031640472517746,0.7519969302581946,1,Instructed
1102,102,0,0.7210536785881642,0.693025278948553,1,Instructed
1103,103,0,0.2372780847807444,0.8216385512877291,1,Instructed
1104,104,0,0.5178038098037162,0.8751980185655241,1,Instructed
1105,105,0,0.48719642559037823,0.9302091004226826,1,Instructed
1106,106,0,0.4754848233819814,1.1232821264351274,1,Instructed
1107,107,0,0.49847004047419624,0.8450692674454177,1,Instructed
1108,108,0,0.5005861770892565,0.9385199568152898,1,Instructed
1109,109,0,0.8637396430452724,0.7829380961879966,1,Instructed
1110,110,0,0.5978188702582662,0.9101280014657844,1,Instructed
1111,111,0,0.4593273013261457,0.7186266652477411,1,Instructed
1112,112,0,0.5316626196083762,0.7113128983437451,1,Instructed
1113,113,0,0.9971445492410518,0.6086632847973301,1,Instructed
1114,114,0,0.8531131563951376,0.5968842116628237,1,Instructed
1115,115,0,0.5214671159777741,0.6743237994012672,1,Instructed
1116,116,0,0.4604970440171444,0.8974482620863471,1,Instructed
1117,117,0,0.6078819615613948,0.9718244552147509,1,Instructed
1118,118,0,0.9661188463947881,1.0747503234501647,1,Instructed
1119,119,0,0.38151089565254037,0.7396262466454976,1,Instructed
1120,120,0,0.49644019283555296,0.6854971518456328,1,Instructed
1121,121,0,0.37390430777488365,0.881303069605311,1,Instructed
1122,122,0,0.4922920668767557,0.973546855203578,1,Instructed
1123,123,0,0.22896233345424105,1.6398103320006903,1,Instructed
1124,124,0,0.6091289261921339,0.8656250389958187,1,Instructed
1125,125,0,0.43739007390321744,0.7604499131592202,1,Instructed
1126,126,0,0.6504312266472491,0.9907455132882181,1,Instructed
1127,127,0,0.4376526515696629,0.9931615484905832,1,Instructed
1128,128,0,0.5031536085772821,0.9683760225298723,1,Instructed
1129,129,0,0.05730837979473255,0.7773262933609613,1,Instructed
1130,130,0,0.9203239964938914,0.5466038589073389,1,Instructed
1131,131,0,0.5681058467151647,0.6831648129558399,1,Instructed
1132,132,0,0.5092833530181451,0.7619529667823602,1,Instructed
1133,133,0,0.19644393486924258,0.7433044429818645,1,Instructed
1134,134,0,0.1649476191637518,1.0317046330988542,1,Instructed
1135,135,0,0.5531934604714627,0.744337565894274,1,Instructed
1136,136,0,0.5095317919941724,0.6864190771677411,1,Instructed
1137,137,0,0.8146901330308906,0.6410851013103414,1,Instructed
1138,138,0,0.4126281809036915,0.6590718783472884,1,Instructed
1139,139,0,0.38863636328944917,0.6461508015956487,1,Instructed
1140,140,0,0.5092323088234508,0.7342887926321668,1,Instructed
1141,141,0,0.8153806898203986,0.7028725782540644,1,Instructed
1142,142,0,0.5734499013386689,0.9059143783565871,1,Instructed
1143,143,0,0.46884381299282274,0.8329635170090439,1,Instructed
1144,144,0,0.4996205229680634,0.6062970403032841,1,Instructed
1145,145,0,0.50887169711699,0.6361861022621722,1,Instructed
1146,146,0,0.39787488007012345,0.8005973153355801,1,Instructed
1147,147,0,0.9799198341882811,0.7889684266784829,1,Instructed
1148,148,0,0.493557581806732,0.7425906931133481,1,Instructed
1149,149,0,0.2871319096779833,0.6340154833538276,1,Instructed
1150,150,0,0.39113869038284127,0.5777835538010498,1,Instructed
1151,151,0,0.5275847503904825,0.7746424312638487,1,Instructed
1152,152,0,0.626848106010182,0.9064384027923851,1,Instructed
1153,153,0,0.04249816588162218,0.954591189246858,1,Instructed
1154,154,0,0.4909841648017949,0.7699238846809192,1,Instructed
1155,155,0,0.655270960910193,0.7187527751543208,1,Instructed
1156,156,0,0.4897905116580678,0.8557680917411283,1,Instructed
1157,157,0,0.31694584294709516,0.7406809234467431,1,Instructed
1158,158,0,0.49748357514735936,0.7459661659154946,1,Instructed
1159,159,0,0.6680183547412049,0.711109715580245,1,Instructed
1160,160,0,0.3692156924384319,0.7868449275494049,1,Instructed
1161,161,0,0.8397776919998301,1.4152385555113782,1,Instructed
1162,162,0,0.8667702265238757,0.7024218097458444,1,Instructed
1163,163,0,0.844856260695281,0.7158931949911728,1,Instructed
1164,164,0,0.9991296582922737,0.3909777614780173,1,Instructed
1165,165,0,0.5492095766984022,0.7556912642375817,1,Instructed
1166,166,0,0.8370437895469779,0.6249562601243638,1,Instructed
1167,167,0,0.5489776265942923,0.3941528176373858,1,Instructed
1168,168,0,0.6032200188085449,0.561277795148282,1,Instructed
1169,169,0,0.487863205023846,0.8371874482181522,1,Instructed
1170,170,0,0.16403829976480389,0.5810501113823666,1,Instructed
1171,171,0,0.37700139073185807,0.6294149950853227,1,Instructed
1172,172,0,0.498700311758829,0.9550513568296044,1,Instructed
1173,173,0,0.5418643672701685,0.747108125413603,1,Instructed
1174,174,0,0.2981601934599324,0.3692845759667993,1,Instructed
1175,175,0,0.20044614807093813,0.5968825616159352,1,Instructed
1176,176,0,0.6805759988690187,0.590790607472742,1,Instructed
1177,177,0,0.9849068265014187,0.38765663723175303,1,Instructed
1178,178,0,0.40711915824396055,0.5114775845966463,1,Instructed
1179,179,0,0.21324562276101963,0.43623374008724936,1,Instructed
1180,180,0,0.06856102701465683,0.6822093700431549,1,Instructed
1181,181,0,0.6630968744105172,0.9328929355541249,1,Instructed
1182,182,0,0.053229575890212245,0.8543226167620077,1,Instructed
1183,183,0,0.4490081844124986,0.587626593929376,1,Instructed
1184,184,0,0.5015704990567982,0.767809053807124,1,Instructed
1185,185,0,0.7370102660984508,0.4097499598871132,1,Instructed
1186,186,0,0.506633323504851,0.661050285490675,1,Instructed
1187,187,0,0.4822436381816588,1.0439193311059232,1,Instructed
1188,188,0,0.9993382952511491,0.7905987031619852,1,Instructed
1189,189,0,0.2195298351370017,0.418105291493842,1,Instructed
1190,190,0,0.4741219731217206,0.5697881965790582,1,Instructed
1191,191,0,0.12825618347382017,0.34221702502071794,1,Instructed
1192,192,0,0.5355046040730393,0.5297272962141595,1,Instructed
1193,193,0,0.19935534509745637,0.80963108005895,1,Instructed
1194,194,0,0.49644735315788846,0.5387861313790429,1,Instructed
1195,195,0,0.17224938587469157,0.8177852791544395,1,Instructed
1196,196,0,0.16374099536227024,0.8925065019944138,1,Instructed
1197,197,0,0.03934540320993622,0.4822236277603792,1,Instructed
1198,198,0,0.04950431861467744,0.8047785726581573,1,Instructed
1199,199,0,0.8283398139861426,0.5400686261121133,1,Instructed
