,t,e_hat,Accuracy,pe,batch,Condition
0,0,0,0.9057699289639687,0.6123056425234665,0,Blocked
1,1,0,0.9753719074879514,0.5966883237549757,0,Blocked
2,2,0,0.5361567882239664,0.7574115527378685,0,Blocked
3,3,0,0.9947719458148255,0.9152792688449194,0,Blocked
4,4,0,0.2615168372322789,1.0953445076422013,0,Blocked
5,5,0,0.9767020379172198,0.7759757541998888,0,Blocked
6,6,0,0.4575936569833764,0.6505567381867737,0,Blocked
7,7,0,0.8861709619036953,0.8867048864572442,0,Blocked
8,8,0,0.511084458867651,1.0121766296788972,0,Blocked
9,9,0,0.43467621839963444,0.5537567027964713,0,Blocked
10,10,0,0.18949507147564737,0.7002592720080334,0,Blocked
11,11,0,0.5211577787188167,0.5642088575302621,0,Blocked
12,12,0,0.9991701915186326,0.5964866376504665,0,Blocked
13,13,0,0.8644800828853831,0.8145071489476736,0,Blocked
14,14,0,0.5326746456720303,0.6818392298750212,0,Blocked
15,15,0,0.5053474389280032,0.5535719534121843,0,Blocked
16,16,0,0.7516981588361962,0.7854063023453801,0,Blocked
17,17,0,0.6568921201717818,0.5583324296068402,0,Blocked
18,18,0,0.4932858489933234,0.7169820850363147,0,Blocked
19,19,0,0.4913743212841599,0.7820052501672791,0,Blocked
20,20,0,0.5493563810585453,0.5807912453247748,0,Blocked
21,21,0,0.8940377243929037,2.0300936197785093,0,Blocked
22,22,0,0.584803940370149,0.8884479478918708,0,Blocked
23,23,0,0.9926145034336252,0.6149577402449031,0,Blocked
24,24,0,0.318351408858561,0.6353972605907867,0,Blocked
25,25,0,0.5150831334454713,0.5759649744005458,0,Blocked
26,26,0,0.5030235925427369,0.9400717485223413,0,Blocked
27,27,0,0.20312001582053701,0.7983949791479077,0,Blocked
28,28,0,0.706400502926636,0.7432322321873612,0,Blocked
29,29,0,0.44462581695777526,0.6292659405345765,0,Blocked
30,30,0,0.7650492022840429,0.6093055542126792,0,Blocked
31,31,0,0.9468610915514439,0.7129329944287737,0,Blocked
32,32,0,0.5487607862948938,0.62049722891445,0,Blocked
33,33,0,0.6849608725170693,0.728611739549833,0,Blocked
34,34,0,0.9469629887927998,0.5556741197914172,0,Blocked
35,35,0,0.5842685844063883,0.4743203039797458,0,Blocked
36,36,0,0.12122639378951167,0.8359120220910763,0,Blocked
37,37,0,0.3958843086686752,0.6218148090129985,0,Blocked
38,38,0,0.028835951781222224,0.7791690131049952,0,Blocked
39,39,0,0.8615538283298634,0.7130559760638266,0,Blocked
40,40,0,0.4674511537671371,0.7009257113800397,0,Blocked
41,41,0,9.441299447298712e-05,1.1666417666651607,0,Blocked
42,42,0,0.00013683446707361737,0.8754605346249218,0,Blocked
43,43,0,0.048435286694478774,0.7273901561348817,0,Blocked
44,44,0,0.08734411249103112,0.621119870720346,0,Blocked
45,45,0,0.4267804401045968,0.9346123834913924,0,Blocked
46,46,0,0.0012862424716005012,0.7891804156777387,0,Blocked
47,47,0,0.7295130870593964,0.5280097750230128,0,Blocked
48,48,0,0.18933947090846318,0.7064311429457988,0,Blocked
49,49,0,0.9806921774799853,0.5397704330720303,0,Blocked
50,50,0,0.5805443613018336,0.8685205651744166,0,Blocked
51,51,0,0.4574949725972189,0.897852160774672,0,Blocked
52,52,0,0.04208056972578773,0.9517599112348495,0,Blocked
53,53,0,0.9995054209873071,0.7682372076598156,0,Blocked
54,54,0,0.7611121183906138,0.6858068458531281,0,Blocked
55,55,0,0.5586941247436257,0.7343556207508033,0,Blocked
56,56,0,0.013536413688610662,0.7186655885888937,0,Blocked
57,57,0,0.1626764159662112,0.8436035386792354,0,Blocked
58,58,0,0.5043045904455569,0.7475975934624003,0,Blocked
59,59,0,0.20615483420725003,0.6845439040049034,0,Blocked
60,60,0,0.04699926051241395,0.5336691511369749,0,Blocked
61,61,0,0.11135809724902493,0.5239318189545155,0,Blocked
62,62,0,0.4907789543911655,0.4724328750962984,0,Blocked
63,63,0,0.23938372784333567,0.8623329888965916,0,Blocked
64,64,0,0.048427009734664045,0.9708566902513831,0,Blocked
65,65,0,0.9993698332401679,0.6565066067730289,0,Blocked
66,66,0,0.5653251081937823,0.5488051521289272,0,Blocked
67,67,0,0.6406196904744323,0.522845186956802,0,Blocked
68,68,0,0.6960833974294318,0.6028199732837375,0,Blocked
69,69,0,0.4409440026984517,0.5458737718326903,0,Blocked
70,70,0,0.5359898618406335,0.5312948627229338,0,Blocked
71,71,0,0.729507969880163,2.573947645625844,0,Blocked
72,72,0,0.5428214338186798,0.8524207174903207,0,Blocked
73,73,0,0.020282585655189138,0.710878627609409,0,Blocked
74,74,0,0.995207277725479,0.5502626404170607,0,Blocked
75,75,0,0.32145700277210043,0.5754401236092501,0,Blocked
76,76,0,0.488553046241451,0.521592687753288,0,Blocked
77,77,0,0.1769943413628348,0.5942333644047646,0,Blocked
78,78,0,0.6315981235850981,0.8514818093931475,0,Blocked
79,79,0,0.08624730897497918,0.6302700962663852,0,Blocked
80,80,0,0.6086922696530315,0.654929934790628,0,Blocked
81,81,0,0.461442820922478,0.7955975648491114,0,Blocked
82,82,0,0.5720242873438589,0.462352352936807,0,Blocked
83,83,0,0.4999999070269504,0.5857333748681621,0,Blocked
84,84,0,0.022113808712884885,0.8606731026331996,0,Blocked
85,85,0,0.8004486360526294,0.6360072105825063,0,Blocked
86,86,0,0.5753883013204975,0.5919154939342532,0,Blocked
87,87,0,0.46728867600402707,0.5348635063380465,0,Blocked
88,88,0,0.33320225041255186,0.9712563280404183,0,Blocked
89,89,0,0.8654229653679838,0.8031497183836231,0,Blocked
90,90,0,0.032680715954883366,0.6456201794459773,0,Blocked
91,91,0,0.5977699169662708,0.5759331798272576,0,Blocked
92,92,0,0.5626337890090579,0.7594446243466987,0,Blocked
93,93,0,0.398477531850953,0.7166862445435627,0,Blocked
94,94,0,0.40918296491789985,0.7224507004341008,0,Blocked
95,95,0,0.4994352785977552,0.9818635097114954,0,Blocked
96,96,0,0.5127226516474157,0.9835111205574782,0,Blocked
97,97,0,0.3214122840358368,0.6372455927296408,0,Blocked
98,98,0,0.6305624944765047,0.7554801321781213,0,Blocked
99,99,0,0.9975022495696066,0.5902359234164153,0,Blocked
100,100,0,0.9090071706969103,0.5544705720769858,0,Blocked
101,101,0,0.7263216257906546,0.6509468914806902,0,Blocked
102,102,0,0.5180352442962188,0.4312085387601263,0,Blocked
103,103,0,0.8367436391672238,0.9588612849031328,0,Blocked
104,104,0,0.17452669953701525,0.945140662573341,0,Blocked
105,105,0,0.9250331998484334,0.717536913565548,0,Blocked
106,106,0,0.40860280585972114,1.041481793473929,0,Blocked
107,107,0,0.9801631721315949,0.8666227459920163,0,Blocked
108,108,0,0.5003064086879074,0.7171744549690714,0,Blocked
109,109,0,0.5163944798700882,0.6340907581076378,0,Blocked
110,110,0,0.6509326703639918,0.785890994191158,0,Blocked
111,111,0,0.6977236439053787,0.5324318904371371,0,Blocked
112,112,0,0.523278093611734,0.6612703429621097,0,Blocked
113,113,0,0.482895044121444,0.8835254588694956,0,Blocked
114,114,0,0.04606156191104109,0.9978767120248386,0,Blocked
115,115,0,0.00286554758965121,0.852144470634558,0,Blocked
116,116,0,0.6227148411644152,0.771284755468417,0,Blocked
117,117,0,0.43887654990460556,0.4765274049801048,0,Blocked
118,118,0,0.510376587371374,0.5717911773342997,0,Blocked
119,119,0,0.4954751622811814,0.617415828134958,0,Blocked
120,120,0,0.7630100553678407,0.45480844078031785,0,Blocked
121,121,0,0.41729997117093237,0.5002987428183081,0,Blocked
122,122,0,0.5007352032766762,0.7689284234858282,0,Blocked
123,123,0,0.5060907986573945,0.7126667840254931,0,Blocked
124,124,0,0.0024431963096102874,1.001013637906597,0,Blocked
125,125,0,0.0008122446249527218,0.9335109727986889,0,Blocked
126,126,0,0.13850508245901633,0.7570871328420306,0,Blocked
127,127,0,0.45544163433862356,0.6761132291056882,0,Blocked
128,128,0,0.9713746726244719,0.47805179426998434,0,Blocked
129,129,0,0.40247050174682086,0.6017139369985345,0,Blocked
130,130,0,0.18206036838344197,0.7282125350154459,0,Blocked
131,131,0,0.01659059332759726,0.6104186762468756,0,Blocked
132,132,0,0.2995265631318407,0.8783589958208722,0,Blocked
133,133,0,0.9999615095520826,0.7557695492789762,0,Blocked
134,134,0,0.8345163247888787,0.6599220162739217,0,Blocked
135,135,0,0.5012872650101554,0.713510730555466,0,Blocked
136,136,0,0.823169681104171,0.7516695344130528,0,Blocked
137,137,0,0.09561472582704518,0.9222194337070747,0,Blocked
138,138,0,0.09129897182233845,1.0674350239401322,0,Blocked
139,139,0,0.9856169811923994,0.805364226497493,0,Blocked
140,140,0,0.297766197097087,0.8789784349808483,0,Blocked
141,141,0,0.05262521034620007,0.8398989954551358,0,Blocked
142,142,0,0.2966092712054075,0.9221031254760799,0,Blocked
143,143,0,0.14798384597956027,0.6796867082192939,0,Blocked
144,144,0,0.5128572847084816,0.5141001264093048,0,Blocked
145,145,0,0.4521982004539975,0.529669306117333,0,Blocked
146,146,0,0.6663203159418813,0.6313182794124079,0,Blocked
147,147,0,0.9203876556645878,0.5977024564703963,0,Blocked
148,148,0,0.9942150118900992,0.5071025437660346,0,Blocked
149,149,0,0.2102703677440295,0.8226381297396055,0,Blocked
150,150,0,0.9993242678701695,0.6316665820032347,0,Blocked
151,151,0,0.0031401831351647097,0.769471829778221,0,Blocked
152,152,0,0.11245092160618102,0.6694244427286364,0,Blocked
153,153,0,0.08924668939411659,0.6126808182858023,0,Blocked
154,154,0,0.4756793155835641,0.44522953643541635,0,Blocked
155,155,0,0.02998152199229435,0.5865731644859443,0,Blocked
156,156,0,0.5985623204510993,0.47621165902141654,0,Blocked
157,157,0,0.4487904499688181,0.4398904659984144,0,Blocked
158,158,0,0.49218904455306384,0.6958870118004343,0,Blocked
159,159,0,0.9239271866258584,0.6185489312229828,0,Blocked
160,160,0,0.5122404930817638,0.5388256585980271,0,Blocked
161,161,0,0.010483854948067192,0.710020744447991,0,Blocked
162,162,0,0.17734941749537853,1.0635746065133582,0,Blocked
163,163,0,0.5527399567149536,0.7537544072000504,0,Blocked
164,164,0,0.013227815219701193,0.4844883884405492,0,Blocked
165,165,0,0.9027352928412526,0.4315862229399413,0,Blocked
166,166,0,0.9921792654773712,0.6923541879631101,0,Blocked
167,167,0,0.53593731574183,0.5531489745820919,0,Blocked
168,168,0,0.8879417647831371,0.528482129219229,0,Blocked
169,169,0,0.5023648113074657,1.098820326625307,0,Blocked
170,170,0,0.017511611448408303,0.9737366796773205,0,Blocked
171,171,0,0.5524497980667684,0.8506470329480339,0,Blocked
172,172,0,0.3827949215172084,0.912109989470159,0,Blocked
173,173,0,0.9963588588213406,0.6019529956733773,0,Blocked
174,174,0,0.6159615390079611,0.888457569870619,0,Blocked
175,175,0,0.35375951016834406,0.7579064711815542,0,Blocked
176,176,0,0.9589627897156023,0.6189980011823337,0,Blocked
177,177,0,0.6709274201099208,0.8027220556419812,0,Blocked
178,178,0,0.5850930289512505,0.6035329551479722,0,Blocked
179,179,0,0.005168576032814163,0.8107194127752257,0,Blocked
180,180,0,0.5021450221249318,0.5392378972447744,0,Blocked
181,181,0,0.4832720508597211,0.5901142190327452,0,Blocked
182,182,0,0.4035935137421404,0.6536253530251634,0,Blocked
183,183,0,0.5055541074325076,0.7905840144190757,0,Blocked
184,184,0,0.29325944065939463,0.6831048566206386,0,Blocked
185,185,0,0.017977816130309014,0.6051911203171181,0,Blocked
186,186,0,0.4499003135513594,0.5683298317748425,0,Blocked
187,187,0,0.5107380382989123,0.7199358934629235,0,Blocked
188,188,0,0.45608472342786766,0.8107935694742827,0,Blocked
189,189,0,0.9215540669744675,0.533712583488539,0,Blocked
190,190,0,0.5319861441355835,0.43889804751534334,0,Blocked
191,191,0,0.5287260114366076,0.8118487067733469,0,Blocked
192,192,0,0.9995054026873789,0.75423728567516,0,Blocked
193,193,0,0.9081888504509427,0.5672897464585065,0,Blocked
194,194,0,0.6332193423824908,0.6573600072339412,0,Blocked
195,195,0,0.9974661932787656,0.7213943845737452,0,Blocked
196,196,0,0.39865417328836783,0.8278602648462086,0,Blocked
197,197,0,0.9031168733634026,0.5222311107488046,0,Blocked
198,198,0,0.49967079986239954,0.9597322454206703,0,Blocked
199,199,0,0.12378089550745693,0.49747951138344104,0,Blocked
200,0,0,0.148839249100721,0.8971598449522257,0,Interleaved
201,1,0,0.4595852539335602,0.8227123656512947,0,Interleaved
202,2,0,0.49771081262189404,0.7286726183052825,0,Interleaved
203,3,0,0.40900575310388926,1.4546965679522195,0,Interleaved
204,4,0,0.4987628646627959,1.0224771815631328,0,Interleaved
205,5,0,0.039777155929279794,0.7415316153876564,0,Interleaved
206,6,0,0.5049789208771516,1.3759163675327222,0,Interleaved
207,7,0,0.5089568161028923,0.7326957347813108,0,Interleaved
208,8,0,0.5136746043985511,0.5890806083847442,0,Interleaved
209,9,0,0.2811948676051136,0.7359898509636021,0,Interleaved
210,10,0,0.4964821158521597,1.5318009292669,0,Interleaved
211,11,0,0.04552935708239678,0.8120449326586396,0,Interleaved
212,12,0,0.5125553478576181,0.6955322706845306,0,Interleaved
213,13,0,0.004059683243671473,1.240361547468173,0,Interleaved
214,14,0,0.5004598416532856,0.6733834015096188,0,Interleaved
215,15,0,0.3862307721578247,0.7686088528800498,0,Interleaved
216,16,0,0.5000824727619659,1.087100150039782,0,Interleaved
217,17,0,0.6454422964980573,0.4526717766893589,0,Interleaved
218,18,0,0.4954675012558846,0.7941753091351554,0,Interleaved
219,19,0,0.6037722166702191,0.9520227245038113,0,Interleaved
220,20,0,0.3494175725023772,0.8536784268336499,0,Interleaved
221,21,0,0.9376808340279277,0.5206365604354939,0,Interleaved
222,22,0,0.4504262892754026,0.7251826200283011,0,Interleaved
223,23,0,0.6009926193250659,0.3438009037343517,0,Interleaved
224,24,0,0.9668596920592103,0.545149587956421,0,Interleaved
225,25,0,0.07821138198706637,0.850677739593795,0,Interleaved
226,26,0,0.12904264112858335,0.7044458921861776,0,Interleaved
227,27,0,0.819818753748843,0.7496971572192376,0,Interleaved
228,28,0,0.23962960485775128,0.8831404068126227,0,Interleaved
229,29,0,0.498961261636481,0.7846675982986373,0,Interleaved
230,30,0,0.4976556356248867,0.9278278857950211,0,Interleaved
231,31,0,0.5108400291076366,0.8026221569397269,0,Interleaved
232,32,0,0.46566662181032037,0.7278012146669861,0,Interleaved
233,33,0,0.46148175584680046,0.5760189773559463,0,Interleaved
234,34,0,0.6763804407146563,0.6154257297431661,0,Interleaved
235,35,0,0.5656918033615147,0.5689953383514731,0,Interleaved
236,36,0,0.5000793932390543,0.8018048085095602,0,Interleaved
237,37,0,0.7152795199166302,0.8191230076569549,0,Interleaved
238,38,0,0.9833317669517125,1.725750514928986,0,Interleaved
239,39,0,0.5058473358894601,0.5570325312345733,0,Interleaved
240,40,0,0.5000714635971473,1.6031978406786291,0,Interleaved
241,41,0,0.9997689019586062,2.3954771168444244,0,Interleaved
242,42,0,0.37590304701204286,0.8413290736314564,0,Interleaved
243,43,0,0.82525750104864,0.6557783505385597,0,Interleaved
244,44,0,0.4943850388035047,0.5591133208643826,0,Interleaved
245,45,0,0.9501701322291529,0.5295155163817119,0,Interleaved
246,46,0,0.30133402581440555,0.7388047924223465,0,Interleaved
247,47,0,0.6632077079111076,0.6957878728423887,0,Interleaved
248,48,0,0.29265998740066484,0.7795183809688311,0,Interleaved
249,49,0,0.4966186604829207,0.7107620854132666,0,Interleaved
250,50,0,0.49568093978961497,0.833196695463643,0,Interleaved
251,51,0,0.1708324883619041,1.0737134369401153,0,Interleaved
252,52,0,0.4858869138572513,0.9857081721890972,0,Interleaved
253,53,0,0.9930474015417887,0.9110252321086025,0,Interleaved
254,54,0,0.7511991413125466,0.5788727197343746,0,Interleaved
255,55,0,0.6081655355862996,0.7747947193316211,0,Interleaved
256,56,0,0.9424321677113232,0.6722590924221652,0,Interleaved
257,57,0,0.30563567119021656,0.8062397095929486,0,Interleaved
258,58,0,0.2560616129542556,0.7012089408578922,0,Interleaved
259,59,0,0.8146392439884529,0.6136067884731209,0,Interleaved
260,60,0,0.42730494852801293,0.7134622183121913,0,Interleaved
261,61,0,0.840636002989376,0.5923218855395881,0,Interleaved
262,62,0,0.16440498535390446,0.7800623776241545,0,Interleaved
263,63,0,0.11553050359958078,0.7080050239712891,0,Interleaved
264,64,0,0.9102656110248248,0.7673784120286926,0,Interleaved
265,65,0,0.12222625536791086,0.8551050753904644,0,Interleaved
266,66,0,0.4554978990751067,0.8508172084810806,0,Interleaved
267,67,0,0.046671111896335576,0.7458659839435428,0,Interleaved
268,68,0,0.6502154596618843,0.6840217213379856,0,Interleaved
269,69,0,0.2335672501118973,1.1645284633983863,0,Interleaved
270,70,0,0.49465661516629905,0.8717997740398482,0,Interleaved
271,71,0,2.8003937209722545e-06,1.995998928486681,0,Interleaved
272,72,0,0.5001455772781244,0.7625995694833199,0,Interleaved
273,73,0,0.5937012803020177,0.7136908616429352,0,Interleaved
274,74,0,0.5318322049015648,0.7242353026049415,0,Interleaved
275,75,0,0.7650299766576072,0.7267412254048928,0,Interleaved
276,76,0,0.5205494331203742,0.9478838496770257,0,Interleaved
277,77,0,0.1586827714782229,0.7339108573914115,0,Interleaved
278,78,0,0.4579969308596322,0.799791166830808,0,Interleaved
279,79,0,0.7288282911477917,0.7284101690219549,0,Interleaved
280,80,0,0.40098208537107727,0.7384863318763729,0,Interleaved
281,81,0,0.8346206686250293,0.4930865360267116,0,Interleaved
282,82,0,0.7471778379474477,0.6229791219853911,0,Interleaved
283,83,0,0.059043266776828585,0.9114180601404629,0,Interleaved
284,84,0,0.5540524282908945,0.7149147554046398,0,Interleaved
285,85,0,0.07146983024395123,0.9374733188055719,0,Interleaved
286,86,0,0.9862863262611883,0.7930458104708339,0,Interleaved
287,87,0,0.44766158857677474,1.0086132012209827,0,Interleaved
288,88,0,0.5217799823171673,0.8755537395190356,0,Interleaved
289,89,0,0.3658451388519259,1.1318647336959131,0,Interleaved
290,90,0,0.9166352238327737,0.5796632492829608,0,Interleaved
291,91,0,0.044588920537988,0.5869435053905687,0,Interleaved
292,92,0,0.39380667672204517,0.5872496379456356,0,Interleaved
293,93,0,0.5359843177639954,0.5326504536220751,0,Interleaved
294,94,0,0.908242792080073,0.7588943599498295,0,Interleaved
295,95,0,0.3582284637232231,0.7819717793977955,0,Interleaved
296,96,0,0.49391766712241986,0.7628967450781375,0,Interleaved
297,97,0,0.4984947870838838,0.523717133583159,0,Interleaved
298,98,0,0.5200932670267302,0.7067258963031526,0,Interleaved
299,99,0,0.8702810122366598,0.7200054064427008,0,Interleaved
300,100,0,0.5146065586816098,0.7241993695031076,0,Interleaved
301,101,0,0.005018284960964722,0.9681930552545491,0,Interleaved
302,102,0,0.5356943907569214,0.522085367625114,0,Interleaved
303,103,0,0.4844580600092875,0.6401230141432308,0,Interleaved
304,104,0,0.6285466267126684,0.5878702885735841,0,Interleaved
305,105,0,0.6690613066581103,0.7889200425600016,0,Interleaved
306,106,0,0.36472662574113907,0.6530310785856062,0,Interleaved
307,107,0,0.9819537072476165,0.5536922082881706,0,Interleaved
308,108,0,0.5493144267426416,0.559370192060866,0,Interleaved
309,109,0,0.5055929641309883,0.6221208093481106,0,Interleaved
310,110,0,0.6608377536852905,0.41098885059434065,0,Interleaved
311,111,0,0.39617589412554105,0.652071331873023,0,Interleaved
312,112,0,0.5214187379543592,0.6911120330430065,0,Interleaved
313,113,0,0.9653361904933067,0.6240047478128493,0,Interleaved
314,114,0,0.05163391639685199,0.654292113260833,0,Interleaved
315,115,0,0.5103338276227541,0.8098486473116226,0,Interleaved
316,116,0,0.6224517344361639,0.5294922768107295,0,Interleaved
317,117,0,0.19491046443000862,0.7557200738886902,0,Interleaved
318,118,0,0.5299576357408494,0.7779795437997651,0,Interleaved
319,119,0,0.3588584322662521,0.7125332804058886,0,Interleaved
320,120,0,0.48027355453525566,0.8907070729142603,0,Interleaved
321,121,0,0.42807517993981414,0.8322291180592616,0,Interleaved
322,122,0,0.4774479247887516,0.8733107267006173,0,Interleaved
323,123,0,0.31462079914699836,0.7799019776408873,0,Interleaved
324,124,0,0.5428515124569179,0.74820799923783,0,Interleaved
325,125,0,0.34703882176085515,0.7589102953563716,0,Interleaved
326,126,0,0.4879635021050802,0.7915403446825526,0,Interleaved
327,127,0,0.9675246928113947,0.5411025969108508,0,Interleaved
328,128,0,0.5194684120307177,0.6041104623466909,0,Interleaved
329,129,0,0.9040416655230434,0.5298097106983382,0,Interleaved
330,130,0,0.4371767643416343,0.5551776511622691,0,Interleaved
331,131,0,0.37930418129987753,0.7092012244079016,0,Interleaved
332,132,0,0.7163026270311807,0.5872507900819337,0,Interleaved
333,133,0,0.7445208131439623,0.6801612222903488,0,Interleaved
334,134,0,0.477082722487464,1.1464631728552503,0,Interleaved
335,135,0,0.6817015111737189,0.7465516593170574,0,Interleaved
336,136,0,0.7955009001293687,0.6177337063184978,0,Interleaved
337,137,0,0.26000971628961933,0.7109935984705559,0,Interleaved
338,138,0,0.8659217334358549,0.6123280332371492,0,Interleaved
339,139,0,0.3137264375443795,0.46171665262065836,0,Interleaved
340,140,0,0.932506469132601,0.8057329860856425,0,Interleaved
341,141,0,0.3766357678377123,0.5648048384784154,0,Interleaved
342,142,0,0.5824695084675389,0.7296126257624309,0,Interleaved
343,143,0,0.5555968855682838,0.6343241684723595,0,Interleaved
344,144,0,0.5204400036252238,0.5405833372473332,0,Interleaved
345,145,0,0.5100621660835731,0.7244914582351147,0,Interleaved
346,146,0,0.48928581688173994,0.5621562390489816,0,Interleaved
347,147,0,0.5510159808389528,0.5831313192551054,0,Interleaved
348,148,0,0.50078224059967,0.870574020477751,0,Interleaved
349,149,0,0.09997727741653782,1.1039883541218731,0,Interleaved
350,150,0,0.49633956316234307,1.0014434749643957,0,Interleaved
351,151,0,0.8526283344615793,0.7288169654994463,0,Interleaved
352,152,0,0.4949076552930471,0.8282649526595769,0,Interleaved
353,153,0,0.491687960467693,0.6345811665676684,0,Interleaved
354,154,0,0.33939991898652055,0.8288590078167685,0,Interleaved
355,155,0,0.7582011218732208,0.679059413999286,0,Interleaved
356,156,0,0.4861156291917366,0.8332448767491936,0,Interleaved
357,157,0,0.05134724042137892,0.9554704705543396,0,Interleaved
358,158,0,0.4626540287407895,0.816363785591556,0,Interleaved
359,159,0,0.5652591712653335,0.41003729717522147,0,Interleaved
360,160,0,0.36617192841813273,0.9883656575616935,0,Interleaved
361,161,0,0.4744621838457841,1.040597868058249,0,Interleaved
362,162,0,0.4884053956067992,0.8346748516625717,0,Interleaved
363,163,0,0.0006987962173779396,0.8401348903243288,0,Interleaved
364,164,0,0.26291224617718995,0.7557196585500043,0,Interleaved
365,165,0,0.49532213057890895,0.847972689413222,0,Interleaved
366,166,0,0.8125765397830966,0.7634715246372877,0,Interleaved
367,167,0,0.8292102900164535,0.4680545575594005,0,Interleaved
368,168,0,0.7721776796856098,0.5499495093298579,0,Interleaved
369,169,0,0.4450949584412851,0.7200906489889337,0,Interleaved
370,170,0,0.08991377787918377,0.9645319209708314,0,Interleaved
371,171,0,0.500221257096989,1.0355400283268412,0,Interleaved
372,172,0,0.4181124818257146,0.7273430571386853,0,Interleaved
373,173,0,0.9684417145106576,0.5686367080528313,0,Interleaved
374,174,0,0.5964700610763094,0.697399104892759,0,Interleaved
375,175,0,0.8599260578042376,1.0752434211714434,0,Interleaved
376,176,0,0.393203548628146,0.6069933410925377,0,Interleaved
377,177,0,0.4393289086922778,0.5542747545780027,0,Interleaved
378,178,0,0.357356247043254,0.6072606767081808,0,Interleaved
379,179,0,0.979345097492017,0.6459582429974254,0,Interleaved
380,180,0,0.28027167931994224,0.9435197934675026,0,Interleaved
381,181,0,0.4515784000530806,0.8399775527880418,0,Interleaved
382,182,0,0.4042338494333086,0.9770455662304776,0,Interleaved
383,183,0,0.9996228272045568,0.5805067636810516,0,Interleaved
384,184,0,0.026943802834676844,0.7533962625776132,0,Interleaved
385,185,0,0.9768968262428405,0.5710781877640938,0,Interleaved
386,186,0,0.6438332302207788,0.5469106201611126,0,Interleaved
387,187,0,0.45977980421786724,0.6356580528814553,0,Interleaved
388,188,0,0.07329976709492228,1.0388708425978774,0,Interleaved
389,189,0,0.999424475869709,0.7370385889741695,0,Interleaved
390,190,0,0.3697297004630078,0.615802497701922,0,Interleaved
391,191,0,0.8309014857667896,0.6335345773270897,0,Interleaved
392,192,0,0.9652263921052506,0.5820639723133137,0,Interleaved
393,193,0,0.6027232077768541,0.7402030074272854,0,Interleaved
394,194,0,0.4418831575646704,0.6096728442543805,0,Interleaved
395,195,0,0.9779208122185394,0.5325471402983704,0,Interleaved
396,196,0,0.8164602191357903,0.4729335375104263,0,Interleaved
397,197,0,0.47975781834793735,0.6356811377954659,0,Interleaved
398,198,0,0.6647514652650308,0.7504831085834021,0,Interleaved
399,199,0,0.8210161511791108,0.7698762999273991,0,Interleaved
400,0,0,0.9026991396626218,0.4216153736216304,0,Instructed
401,1,0,0.5072368523789976,0.6006332439691733,0,Instructed
402,2,0,0.2480228487836934,0.7183488501796329,0,Instructed
403,3,0,0.4273383026037776,1.0709005040031687,0,Instructed
404,4,0,0.5786459908835727,0.9466562217355954,0,Instructed
405,5,0,0.5008671353369696,1.4131484605321338,0,Instructed
406,6,0,0.18792544123891142,1.3849377800612288,0,Instructed
407,7,0,0.4999382575405654,1.592551162388253,0,Instructed
408,8,0,0.003996510922896056,1.8044937515540909,0,Instructed
409,9,0,0.32635897537512776,0.876136361706499,0,Instructed
410,10,0,0.14482858163456452,0.9415507446294791,0,Instructed
411,11,0,0.5440917367825513,0.7452590382284047,0,Instructed
412,12,0,0.4885470458045833,0.7087731037174647,0,Instructed
413,13,0,0.4982517248553891,0.7967404310036657,0,Instructed
414,14,0,0.07296100627936325,0.9662623088882576,0,Instructed
415,15,0,0.3771204099261369,0.9341865797301163,0,Instructed
416,16,0,0.7822655112246603,0.7893841120682281,0,Instructed
417,17,0,0.7173477686221637,0.8175814136729822,0,Instructed
418,18,0,0.9991140378363657,0.8039329794819541,0,Instructed
419,19,0,0.5009254326731922,0.8812063930260268,0,Instructed
420,20,0,0.9748309996651404,1.1974988288633757,0,Instructed
421,21,0,0.500033811884297,1.1894520471645205,0,Instructed
422,22,0,0.9633713669654814,0.7444438942816771,0,Instructed
423,23,0,0.17288438103185458,0.8748201303505065,0,Instructed
424,24,0,0.835603458499963,2.729042267328543,0,Instructed
425,25,0,0.32970998017095865,0.9693072055503724,0,Instructed
426,26,0,0.5373991334181542,1.0205565730063881,0,Instructed
427,27,0,0.22288812880075162,0.9995810708789347,0,Instructed
428,28,0,0.4597380748584228,1.1301931773773428,0,Instructed
429,29,0,0.5140352261623556,1.1600919010622586,0,Instructed
430,30,0,0.9376318758407354,1.2329075187655674,0,Instructed
431,31,0,0.40623564755151653,0.5647378153688465,0,Instructed
432,32,0,0.18986333059222188,0.7464712234060469,0,Instructed
433,33,0,0.2565440153147149,0.8025407671925666,0,Instructed
434,34,0,0.013717392517583036,0.887842299668024,0,Instructed
435,35,0,0.4466846025728435,1.1901955318780264,0,Instructed
436,36,0,0.26128622312180116,0.9521129899529993,0,Instructed
437,37,0,0.4121535473660468,0.918590152111975,0,Instructed
438,38,0,0.21423815374371588,0.9209139703202764,0,Instructed
439,39,0,0.466980085469542,0.9162737481836069,0,Instructed
440,40,0,0.9699403111737981,0.8605100655570606,0,Instructed
441,41,0,0.47728722105325727,0.5976463281762857,0,Instructed
442,42,0,0.9061602855101969,0.622786496357375,0,Instructed
443,43,0,0.4941920063575859,0.9375690480413518,0,Instructed
444,44,0,0.415800831947857,0.935333102508999,0,Instructed
445,45,0,0.5141540548819786,0.9200883619876423,0,Instructed
446,46,0,0.8690867137696906,1.0646893433126567,0,Instructed
447,47,0,0.5124557804329164,0.825119834661317,0,Instructed
448,48,0,0.5813316514512716,0.9479371074512691,0,Instructed
449,49,0,0.47532592966653336,3.2009025681707257,0,Instructed
450,50,0,0.28832620201703757,0.8504861882627806,0,Instructed
451,51,0,0.33597589040677833,0.8229674784336874,0,Instructed
452,52,0,0.40246404205590847,0.8668932715621938,0,Instructed
453,53,0,0.5301642456740313,0.6474290155466536,0,Instructed
454,54,0,0.136383806096738,0.8570510004298173,0,Instructed
455,55,0,0.5014773358975364,0.8459595004143108,0,Instructed
456,56,0,0.8265713952940293,0.8030540022029744,0,Instructed
457,57,0,0.45669709856702867,0.8756465415412101,0,Instructed
458,58,0,0.5108239222163526,0.997664024709748,0,Instructed
459,59,0,0.5548947227534908,0.59869242866769,0,Instructed
460,60,0,0.1223938974987929,0.8116670032114723,0,Instructed
461,61,0,0.5117341722572034,0.7752997971429446,0,Instructed
462,62,0,0.1403764938891172,0.8191472887142677,0,Instructed
463,63,0,0.4523697272289721,0.9107300312506894,0,Instructed
464,64,0,0.4679357358220816,0.8767268173912446,0,Instructed
465,65,0,0.600715096408608,0.7970892317915523,0,Instructed
466,66,0,0.9764410193217737,1.0072260055423403,0,Instructed
467,67,0,0.07136522672392928,0.9337852196697858,0,Instructed
468,68,0,0.8374772338781222,1.2725464747631348,0,Instructed
469,69,0,0.09318846853176624,1.1695047534896723,0,Instructed
470,70,0,0.8924895486029576,0.8412459700746986,0,Instructed
471,71,0,0.5004750769968639,0.8947044177562307,0,Instructed
472,72,0,0.03866184410407384,0.9051884611283025,0,Instructed
473,73,0,0.4993966402373833,1.1264313298504072,0,Instructed
474,74,0,0.8394411297918607,0.7854522368300911,0,Instructed
475,75,0,0.5088905182825079,0.9393372219854403,0,Instructed
476,76,0,0.50884004988573,1.1019149027987085,0,Instructed
477,77,0,0.5295868733001216,0.8877052613921301,0,Instructed
478,78,0,0.9362702443292356,0.8171299916748758,0,Instructed
479,79,0,0.24187066804071264,0.6155620194115341,0,Instructed
480,80,0,0.7223651778160253,0.6902343823956038,0,Instructed
481,81,0,0.449933099424101,0.8710276997157497,0,Instructed
482,82,0,0.8524836619781883,0.9159340358834096,0,Instructed
483,83,0,0.9697454647647477,0.9432898923528836,0,Instructed
484,84,0,0.3064047853469379,1.1154995062685868,0,Instructed
485,85,0,0.6019983037094639,0.995065083673246,0,Instructed
486,86,0,0.6439535046336405,0.9322471658778688,0,Instructed
487,87,0,0.6943584349288704,0.6135401683240841,0,Instructed
488,88,0,0.3039489069940278,0.5803271938261814,0,Instructed
489,89,0,0.5580859059483767,0.5904105738205927,0,Instructed
490,90,0,0.8117193919259682,0.5710524278897607,0,Instructed
491,91,0,0.6867765930044168,0.4068539371015297,0,Instructed
492,92,0,0.07684458905425304,0.706097176328689,0,Instructed
493,93,0,0.49730607752939904,0.6808658277502879,0,Instructed
494,94,0,0.32890368345512694,0.8201155266714755,0,Instructed
495,95,0,0.5309579463140457,1.5097639294189973,0,Instructed
496,96,0,0.30807240770380595,1.0571449917691738,0,Instructed
497,97,0,0.500304369121126,0.873898850410817,0,Instructed
498,98,0,0.9623448629022224,0.9406939338688389,0,Instructed
499,99,0,0.62605651297025,0.8333843273037264,0,Instructed
500,100,0,0.45624427274271395,1.7423969299987476,0,Instructed
501,101,0,0.504436415990164,0.8456823504745227,0,Instructed
502,102,0,0.8356899469144111,0.7328936314506487,0,Instructed
503,103,0,0.49885200829901416,1.198412963955973,0,Instructed
504,104,0,0.9422978755873481,1.172505777269545,0,Instructed
505,105,0,0.6194627412416784,1.3191243719545422,0,Instructed
506,106,0,0.004942938426583562,2.411505231836264,0,Instructed
507,107,0,0.5024214760456422,1.40078952833978,0,Instructed
508,108,0,0.3428405357580501,1.3689772329106629,0,Instructed
509,109,0,0.6089097862981376,1.3205030690333808,0,Instructed
510,110,0,0.8841344652199625,2.4613756997398792,0,Instructed
511,111,0,0.9403790331266144,1.5180973328613805,0,Instructed
512,112,0,0.43833308200027826,1.172865729279179,0,Instructed
513,113,0,0.44375678302340343,1.3678520762468904,0,Instructed
514,114,0,0.19025668039777907,1.3226869744118517,0,Instructed
515,115,0,0.5001726967260876,2.235443428730865,0,Instructed
516,116,0,0.06349309316263221,1.2398277888939373,0,Instructed
517,117,0,0.5541049871479267,0.9065061799936098,0,Instructed
518,118,0,0.27949703277752613,0.8834669670817603,0,Instructed
519,119,0,0.39136775245335614,0.6684289831896718,0,Instructed
520,120,0,0.5075566145658452,1.4727346869118083,0,Instructed
521,121,0,0.5002307587826249,1.7130290355757372,0,Instructed
522,122,0,0.004671499992247773,1.1178761396629464,0,Instructed
523,123,0,0.5022671808779345,1.5812886047538808,0,Instructed
524,124,0,0.42429192923806813,1.1908973554016369,0,Instructed
525,125,0,0.5018981093128816,1.5395318446737676,0,Instructed
526,126,0,0.030424641265892928,1.4135877755165716,0,Instructed
527,127,0,0.4995932142646022,1.2241041139816788,0,Instructed
528,128,0,0.35438854953430576,1.113241621104094,0,Instructed
529,129,0,0.3210033632347433,1.0462965968034061,0,Instructed
530,130,0,0.4469742921708505,0.6895745632754606,0,Instructed
531,131,0,0.4892756929637138,0.6322986421913936,0,Instructed
532,132,0,0.2326529941359512,0.7841511405276701,0,Instructed
533,133,0,0.4734297482342103,0.7636944920387367,0,Instructed
534,134,0,0.40034277953404734,0.8340121643608125,0,Instructed
535,135,0,0.4464489481121169,0.7997890104818157,0,Instructed
536,136,0,0.39690184276402046,0.8058468793327084,0,Instructed
537,137,0,0.8361676853212536,0.9575966146880509,0,Instructed
538,138,0,0.03160863773203661,1.1878716310658741,0,Instructed
539,139,0,0.17433921069409236,0.9058464897069547,0,Instructed
540,140,0,0.1332378733525318,0.9969351123606014,0,Instructed
541,141,0,0.44235859363322544,0.9804585448976377,0,Instructed
542,142,0,0.5954012807847762,0.8264869514689503,0,Instructed
543,143,0,0.7493660602011499,0.5862114268870036,0,Instructed
544,144,0,0.7250422249030385,0.860418093805397,0,Instructed
545,145,0,0.4911438581168129,0.7442345231256982,0,Instructed
546,146,0,0.2944952731590412,0.8941297513440598,0,Instructed
547,147,0,0.411250211818,0.8740635154825611,0,Instructed
548,148,0,0.015133174812614964,0.9692016659268357,0,Instructed
549,149,0,0.2044624224401292,0.8512938919477652,0,Instructed
550,150,0,0.606734015821162,1.002094500460621,0,Instructed
551,151,0,0.44098384861405154,0.8637458323879514,0,Instructed
552,152,0,0.696479484471169,1.1084983132905637,0,Instructed
553,153,0,0.49949825754674126,1.020574593067037,0,Instructed
554,154,0,0.9603821067478722,0.8882819063506819,0,Instructed
555,155,0,0.5049518917117849,0.9825751410383146,0,Instructed
556,156,0,0.5112316631121555,1.2500708497014748,0,Instructed
557,157,0,0.5178499994301075,0.7512481821946548,0,Instructed
558,158,0,0.6098911282351542,0.8803104550109678,0,Instructed
559,159,0,0.4139254589811171,0.9610459761154362,0,Instructed
560,160,0,0.7008740881867863,0.623381642515491,0,Instructed
561,161,0,0.32292642850359393,0.5685205391611508,0,Instructed
562,162,0,0.49516160367442824,0.5430114989594217,0,Instructed
563,163,0,0.8211086894722673,0.5264934833755742,0,Instructed
564,164,0,0.9111924334801718,0.849238053465678,0,Instructed
565,165,0,0.44645675651475103,0.8370797240009964,0,Instructed
566,166,0,0.5611261809326746,0.9206802328114765,0,Instructed
567,167,0,0.062177341064163436,0.6754937960307743,0,Instructed
568,168,0,0.5007533698455061,0.5574526722233853,0,Instructed
569,169,0,0.9450553371788948,0.6112778886496204,0,Instructed
570,170,0,0.00407524653656704,0.7100782824976027,0,Instructed
571,171,0,0.4736492712297844,0.7799152897321981,0,Instructed
572,172,0,0.9699636487043612,0.5640280153006967,0,Instructed
573,173,0,0.03985707826049175,0.619812660944907,0,Instructed
574,174,0,0.01635109297570675,0.6430329720832583,0,Instructed
575,175,0,0.0032209450742845596,0.7164575259546624,0,Instructed
576,176,0,0.4685450377901021,0.6003710260890154,0,Instructed
577,177,0,0.22565258553204243,0.8889060027065601,0,Instructed
578,178,0,0.1190448226985594,0.9102133572490919,0,Instructed
579,179,0,0.61932608451679,1.052444753756599,0,Instructed
580,180,0,0.8418672755244867,0.43357871707394824,0,Instructed
581,181,0,0.5501341494530078,0.6876985857865179,0,Instructed
582,182,0,0.061195456715367316,0.8417265338992841,0,Instructed
583,183,0,0.659026430677773,0.8977673083710387,0,Instructed
584,184,0,0.9166119746732055,0.5490022527405822,0,Instructed
585,185,0,0.4979321339793036,0.6016266272077682,0,Instructed
586,186,0,0.30441020691575393,0.6641429193935766,0,Instructed
587,187,0,0.05662022936736392,0.7562304660536563,0,Instructed
588,188,0,0.35129193581827195,0.8604877899209751,0,Instructed
589,189,0,0.01340780400991428,0.6534595408447126,0,Instructed
590,190,0,0.4458867631597642,0.7465589145553491,0,Instructed
591,191,0,0.7705991147083745,0.4379085016682766,0,Instructed
592,192,0,0.4522386597527384,0.5775971341406575,0,Instructed
593,193,0,0.36405762593200475,0.6650101961020929,0,Instructed
594,194,0,0.8609674107654735,0.5620607508445328,0,Instructed
595,195,0,0.19549668859742886,0.8093393196547016,0,Instructed
596,196,0,0.39493121147069477,0.7916347521687856,0,Instructed
597,197,0,0.24197985497389302,0.6838110639225972,0,Instructed
598,198,0,0.3406360183886352,0.4386006022379785,0,Instructed
599,199,0,0.45182077749097826,0.7430647456847568,0,Instructed
600,0,0,0.29766713771482883,0.6749120007486823,1,Blocked
601,1,0,0.018419100583521857,0.8823549210991033,1,Blocked
602,2,0,0.3317715423687968,0.502391569861726,1,Blocked
603,3,0,0.7892697130159216,0.5837827283850299,1,Blocked
604,4,0,0.5834953049931152,0.6316319660455553,1,Blocked
605,5,0,0.05092775609287558,0.6065089659445957,1,Blocked
606,6,0,0.7422969512207978,0.6215556229298991,1,Blocked
607,7,0,0.3136415424826817,1.6090544711750505,1,Blocked
608,8,0,0.3994762672288128,0.9983417561365866,1,Blocked
609,9,0,0.0009174621962127385,1.0596076843236615,1,Blocked
610,10,0,0.004070427142573286,0.6627919720786992,1,Blocked
611,11,0,0.6386613361606439,0.5000082745686015,1,Blocked
612,12,0,0.22150703626900267,0.8328623870898875,1,Blocked
613,13,0,0.9971398379345541,0.6107399706842174,1,Blocked
614,14,0,0.14121161204356844,1.2303350876547856,1,Blocked
615,15,0,0.08816002528359694,0.5194726137944199,1,Blocked
616,16,0,0.9703372078807984,1.1006881115386498,1,Blocked
617,17,0,0.45960208200758923,0.8178837779502087,1,Blocked
618,18,0,0.5548058896717476,0.7241784981024306,1,Blocked
619,19,0,0.4969464007644727,0.8324031526485247,1,Blocked
620,20,0,0.5260833513996345,0.7514279754344122,1,Blocked
621,21,0,0.44490119094743724,0.6884711947877704,1,Blocked
622,22,0,0.49403347360556227,0.6468554027337445,1,Blocked
623,23,0,0.5059789759368631,0.6719315171094407,1,Blocked
624,24,0,0.7092531564506408,0.5212219596814092,1,Blocked
625,25,0,0.9705332965125374,0.45743249527418317,1,Blocked
626,26,0,0.12193219747833262,0.8272667720688403,1,Blocked
627,27,0,0.8366526252952987,0.6628225521490577,1,Blocked
628,28,0,0.9889683264145501,0.4337960384929043,1,Blocked
629,29,0,0.5538585841559901,0.6843534391041004,1,Blocked
630,30,0,0.7137598173179538,0.7423178629988849,1,Blocked
631,31,0,0.3880852159061095,1.36632480454387,1,Blocked
632,32,0,0.4575311637734513,0.5959497012823286,1,Blocked
633,33,0,0.8696910651328281,0.5425563597182174,1,Blocked
634,34,0,0.5767698411331637,0.5166411198598346,1,Blocked
635,35,0,0.0028203374356121835,0.8561267177089618,1,Blocked
636,36,0,0.9131029013117926,0.7162882113674918,1,Blocked
637,37,0,0.5355983409942435,0.5164983271381043,1,Blocked
638,38,0,0.15516472745716664,0.7359046986736701,1,Blocked
639,39,0,0.0035366946092370032,0.90561851119564,1,Blocked
640,40,0,0.8429800126022756,0.6160213000435193,1,Blocked
641,41,0,0.931647672777212,0.43374223142324675,1,Blocked
642,42,0,0.9584804041569033,0.7245239313984978,1,Blocked
643,43,0,0.23862179326745578,0.5184826591285232,1,Blocked
644,44,0,0.1109067288628435,0.7290723130578175,1,Blocked
645,45,0,0.26924711257335765,0.8521098111540911,1,Blocked
646,46,0,0.8169909910592436,0.6993933268829815,1,Blocked
647,47,0,0.1635713901248515,0.8595877090682711,1,Blocked
648,48,0,0.5010656567666029,0.5591669698944138,1,Blocked
649,49,0,0.061191225196520656,0.7751891445298995,1,Blocked
650,50,0,0.04762057693486353,0.9204008722349819,1,Blocked
651,51,0,0.002044021403076047,0.749188316931334,1,Blocked
652,52,0,0.48647237179689456,0.6219305860675803,1,Blocked
653,53,0,0.6329600934554216,0.4872648170575792,1,Blocked
654,54,0,0.5085021405066658,0.7894498157478773,1,Blocked
655,55,0,0.30158701565213103,0.7644270191705078,1,Blocked
656,56,0,0.7916718307506789,0.704308339482661,1,Blocked
657,57,0,0.45958076444837376,0.5209557772895785,1,Blocked
658,58,0,0.5237565646342566,0.5852043807655545,1,Blocked
659,59,0,0.4992412361597223,0.6477442024555335,1,Blocked
660,60,0,0.9065594326115645,0.8647467416393262,1,Blocked
661,61,0,0.6708300575560078,0.9421599234435087,1,Blocked
662,62,0,0.5835969385916453,0.5966407394663398,1,Blocked
663,63,0,0.5030830083473554,0.6812092128067417,1,Blocked
664,64,0,0.6604303992113361,0.5226048672470076,1,Blocked
665,65,0,0.2232429732308262,0.5885572357535952,1,Blocked
666,66,0,0.4318247320098779,0.707109711401603,1,Blocked
667,67,0,0.9520859573384736,0.5496828785539882,1,Blocked
668,68,0,0.8680632149527168,0.5830498496139054,1,Blocked
669,69,0,0.4018308393558913,0.8718813947216651,1,Blocked
670,70,0,0.9993308807796331,1.0126683785673252,1,Blocked
671,71,0,0.5652639279040331,0.5835410883556281,1,Blocked
672,72,0,0.586861525339226,0.4983601446990622,1,Blocked
673,73,0,0.7012332618891489,0.5048826551097944,1,Blocked
674,74,0,0.8307186564453937,0.5356179645111516,1,Blocked
675,75,0,0.46210093647802897,0.5870128740198038,1,Blocked
676,76,0,0.42901730666850946,0.4787817737850887,1,Blocked
677,77,0,0.19737750546637634,0.580357174736189,1,Blocked
678,78,0,0.9949462995198874,0.5597099836844984,1,Blocked
679,79,0,0.272519750782925,0.7000697725459202,1,Blocked
680,80,0,0.00010841517293226878,1.6891843290453623,1,Blocked
681,81,0,0.9937148539720702,0.7049306605501768,1,Blocked
682,82,0,0.09252882766569283,0.707871198027126,1,Blocked
683,83,0,0.9534110099081174,0.6073463444085159,1,Blocked
684,84,0,0.5044680816895749,0.6575558994732887,1,Blocked
685,85,0,0.06108231692534123,0.8855258560226831,1,Blocked
686,86,0,0.9734120125623759,0.8331635787539915,1,Blocked
687,87,0,0.9696040110951487,0.47399781774936517,1,Blocked
688,88,0,0.21559274964115088,0.4867382597730496,1,Blocked
689,89,0,0.36024654338892326,0.6881478411252258,1,Blocked
690,90,0,0.06665674731355764,0.8321654317440753,1,Blocked
691,91,0,0.1268811161617454,0.6664487597328267,1,Blocked
692,92,0,0.7000757798263872,0.4719340106226725,1,Blocked
693,93,0,0.8035033522653431,0.6250378182782261,1,Blocked
694,94,0,0.5997864526517139,0.7262061017187629,1,Blocked
695,95,0,0.3040815044550524,0.5451386657631323,1,Blocked
696,96,0,0.4008335536377156,0.6639410866273725,1,Blocked
697,97,0,0.5444106472207546,0.6368359601053514,1,Blocked
698,98,0,0.19337070676249568,0.8561332483501077,1,Blocked
699,99,0,0.5717961457807076,0.5828072403462126,1,Blocked
700,100,0,0.035463208810548416,0.7434029929949968,1,Blocked
701,101,0,0.09230982328184673,0.5784010336666219,1,Blocked
702,102,0,0.8783094605936546,0.6395895475100748,1,Blocked
703,103,0,0.9409777053472128,0.655255357336302,1,Blocked
704,104,0,0.6904374415938391,0.5754862611953878,1,Blocked
705,105,0,0.029981587216976493,0.6168763905021186,1,Blocked
706,106,0,0.9548331044133981,0.5283615004879736,1,Blocked
707,107,0,0.38044471020067416,0.5858048021131603,1,Blocked
708,108,0,0.006299284065213074,0.762222699408784,1,Blocked
709,109,0,0.9298071781012474,0.5858069695418977,1,Blocked
710,110,0,0.8852890232883969,0.5913786120111263,1,Blocked
711,111,0,0.8242055862264147,0.5388793574209267,1,Blocked
712,112,0,0.9156386439115762,0.7764912129988271,1,Blocked
713,113,0,0.05568480514288485,0.7508994156801652,1,Blocked
714,114,0,0.972743296913953,0.7305458150218274,1,Blocked
715,115,0,0.6237496174383574,0.5160701384933251,1,Blocked
716,116,0,0.5819278268030094,0.6695518823981131,1,Blocked
717,117,0,0.2308433853756001,0.8627663277302786,1,Blocked
718,118,0,0.3377800386452486,0.8352663695946604,1,Blocked
719,119,0,0.4573914711801918,0.6474132840971949,1,Blocked
720,120,0,0.4829943840703201,0.6974060768739869,1,Blocked
721,121,0,0.5182770347191507,0.6805967800139912,1,Blocked
722,122,0,0.35843006812759287,0.6043585199291406,1,Blocked
723,123,0,0.2887867523732912,0.6320989717619989,1,Blocked
724,124,0,0.08471982632993183,0.4520499970651638,1,Blocked
725,125,0,0.5115560933779137,0.620542152675476,1,Blocked
726,126,0,0.9975309466840432,1.825005793497318,1,Blocked
727,127,0,0.49766955925232487,0.8125718948343149,1,Blocked
728,128,0,0.11026319894108881,0.5778679939000853,1,Blocked
729,129,0,0.7444458898670239,0.7195894531973113,1,Blocked
730,130,0,0.4655360745690143,0.6733129412285144,1,Blocked
731,131,0,0.5001817108879437,0.5449718264833663,1,Blocked
732,132,0,0.9026012165426396,0.4892684553825002,1,Blocked
733,133,0,0.53922006312862,0.6200478477826292,1,Blocked
734,134,0,0.08565444506488755,0.6719782885287591,1,Blocked
735,135,0,0.9633760666520172,0.5420942875181656,1,Blocked
736,136,0,0.2419082942891072,0.6285615321799276,1,Blocked
737,137,0,0.7419515555001266,0.6754033362968668,1,Blocked
738,138,0,0.49412934798571784,0.7174881135965969,1,Blocked
739,139,0,0.8123156696982957,0.5758427616941647,1,Blocked
740,140,0,0.22778410536514637,0.7124224820189892,1,Blocked
741,141,0,0.7852427483994021,0.5275158302015936,1,Blocked
742,142,0,0.2015935769255226,0.7581789320220769,1,Blocked
743,143,0,0.053085204058719644,0.8627892303704281,1,Blocked
744,144,0,0.012221509116041874,0.9139951398857307,1,Blocked
745,145,0,0.9966926220653087,0.637359530541861,1,Blocked
746,146,0,0.4907728817885422,0.7538063510495321,1,Blocked
747,147,0,0.046859023540773224,0.7260010857779989,1,Blocked
748,148,0,0.8826741188497557,0.5699907076612637,1,Blocked
749,149,0,0.9935670534182439,0.6103596373476872,1,Blocked
750,150,0,0.9802159538730124,0.6912986823346037,1,Blocked
751,151,0,0.07949907324123817,0.622800836588109,1,Blocked
752,152,0,0.16033760952345882,0.596790217114948,1,Blocked
753,153,0,0.37263494627344224,0.8951082143947393,1,Blocked
754,154,0,0.03254109558198056,0.6444943775123482,1,Blocked
755,155,0,0.21070945417513984,0.7751851615902281,1,Blocked
756,156,0,0.022916145143655964,0.8719421786177929,1,Blocked
757,157,0,0.904803877911116,0.5487529644608076,1,Blocked
758,158,0,0.2840916072188561,0.6215946099122447,1,Blocked
759,159,0,0.5320396666387495,0.7051610104431796,1,Blocked
760,160,0,0.49943121153460684,0.8816949059787191,1,Blocked
761,161,0,0.440998063926866,0.7783687386449825,1,Blocked
762,162,0,0.5102459896225955,0.7101780950707748,1,Blocked
763,163,0,0.4997457525233123,1.0046588550705249,1,Blocked
764,164,0,0.04202341932711809,0.723818866840369,1,Blocked
765,165,0,0.539381162260494,0.5663382137329447,1,Blocked
766,166,0,0.3767996713000402,0.7189524686024933,1,Blocked
767,167,0,0.13093199862705784,0.6209794591650308,1,Blocked
768,168,0,0.7065468231325114,0.7771302185386602,1,Blocked
769,169,0,0.9684121268605825,0.4285643373407533,1,Blocked
770,170,0,0.031951897510198723,0.7663592653336786,1,Blocked
771,171,0,0.45118015738414735,1.0237584931689052,1,Blocked
772,172,0,0.9945450181513562,0.4715427262645088,1,Blocked
773,173,0,0.3917400810744733,0.5474553751115436,1,Blocked
774,174,0,0.48172701352153446,0.8836008336857843,1,Blocked
775,175,0,0.9969168262756408,0.7822926531588272,1,Blocked
776,176,0,0.37039237273131803,0.8121070957034535,1,Blocked
777,177,0,0.4571269121489652,0.8848589508547833,1,Blocked
778,178,0,0.45985024594539725,0.6945321012353094,1,Blocked
779,179,0,0.9792717274286562,0.6778587077324414,1,Blocked
780,180,0,0.7314180362841832,0.45680588386185883,1,Blocked
781,181,0,0.6408251297942221,0.5859952654879956,1,Blocked
782,182,0,0.5709185596273894,0.5044250113146622,1,Blocked
783,183,0,0.4259193592282704,0.7091428165954159,1,Blocked
784,184,0,0.7072662524248237,0.6551030548447325,1,Blocked
785,185,0,0.6499692984446743,0.5100683262530944,1,Blocked
786,186,0,0.7059404980295253,0.4511516307913603,1,Blocked
787,187,0,0.9929740206948867,0.6131722448060268,1,Blocked
788,188,0,0.21040406062218941,0.6007257526808742,1,Blocked
789,189,0,0.4911291292335722,0.4980017931843796,1,Blocked
790,190,0,0.292495630440481,0.7129620374831789,1,Blocked
791,191,0,0.7755004069071427,0.47814432633448645,1,Blocked
792,192,0,0.13608147160946082,0.6760235002031847,1,Blocked
793,193,0,0.06075876397053961,0.7999311671323854,1,Blocked
794,194,0,0.4888608528048116,0.6331867946508376,1,Blocked
795,195,0,0.8006335830779328,0.4112327138056949,1,Blocked
796,196,0,0.9340366832814295,0.646329273119457,1,Blocked
797,197,0,0.17145148531695265,0.6444766293188635,1,Blocked
798,198,0,0.4479393026594872,0.48865773775311033,1,Blocked
799,199,0,0.4710449464457925,0.8673648903755167,1,Blocked
800,0,0,0.0547006109201216,0.6878337855934302,1,Interleaved
801,1,0,0.10847841414683765,0.7558447455343034,1,Interleaved
802,2,0,0.5274346014188448,0.6162841944322341,1,Interleaved
803,3,0,0.5572592364052196,0.5631110284772605,1,Interleaved
804,4,0,0.4944544594937995,0.5711760513144567,1,Interleaved
805,5,0,0.479818978087957,0.5258773394060018,1,Interleaved
806,6,0,0.31825800792218656,0.46050300772168057,1,Interleaved
807,7,0,0.5261508730164804,0.4421721716756352,1,Interleaved
808,8,0,0.3682406186690265,0.43931330251221096,1,Interleaved
809,9,0,0.4441968589638487,0.6064454754574784,1,Interleaved
810,10,0,0.5086885363615292,0.4777135977228837,1,Interleaved
811,11,0,0.95192676733982,0.5011483692797882,1,Interleaved
812,12,0,0.2367179111617307,0.5721592189018803,1,Interleaved
813,13,0,0.5547596797082033,0.6905469740335188,1,Interleaved
814,14,0,0.7706179635100364,0.7258754779646823,1,Interleaved
815,15,0,0.47070944418387234,0.8153820416268617,1,Interleaved
816,16,0,0.21945973557252996,0.764369504170731,1,Interleaved
817,17,0,0.4994421481487406,0.9756058867642352,1,Interleaved
818,18,0,0.5169473025903235,0.7257082419960366,1,Interleaved
819,19,0,0.5023742982548332,0.722592485968498,1,Interleaved
820,20,0,0.5345005276754985,0.8738685278231181,1,Interleaved
821,21,0,0.7364594796098465,0.7777746104275272,1,Interleaved
822,22,0,0.4793033831650497,0.9704822023283624,1,Interleaved
823,23,0,0.5024367513149282,0.5452702919036023,1,Interleaved
824,24,0,0.19246033088963355,0.7417787259863023,1,Interleaved
825,25,0,0.4932032043166897,0.7079496708131001,1,Interleaved
826,26,0,0.3228583793759789,0.6385658955542891,1,Interleaved
827,27,0,0.48442763023685936,0.6324963067237144,1,Interleaved
828,28,0,0.5908506873068977,0.574286355786981,1,Interleaved
829,29,0,0.526090285333459,0.8067179402521738,1,Interleaved
830,30,0,0.5951852176153876,0.7697786016548811,1,Interleaved
831,31,0,0.5110006014089225,0.7692154417032739,1,Interleaved
832,32,0,0.1158144554848214,0.72481601538458,1,Interleaved
833,33,0,0.6403296522924433,0.672342109366119,1,Interleaved
834,34,0,0.42987687118967816,0.5250527904385984,1,Interleaved
835,35,0,0.47134318352757615,0.5999620614445437,1,Interleaved
836,36,0,0.41927521492729575,0.9425363218844354,1,Interleaved
837,37,0,0.4866662349454844,0.7618332307421621,1,Interleaved
838,38,0,0.8568605086295992,0.518061499571792,1,Interleaved
839,39,0,0.07127440787333228,0.8963173990558161,1,Interleaved
840,40,0,0.017637143099256146,0.7602039269606712,1,Interleaved
841,41,0,0.49553545646666236,0.6332139216554291,1,Interleaved
842,42,0,0.2591138639584579,0.5722948970974147,1,Interleaved
843,43,0,0.5027729941468209,0.551047342813234,1,Interleaved
844,44,0,0.21263179537525678,0.6976531998102403,1,Interleaved
845,45,0,0.49093278222222864,0.8920777408914212,1,Interleaved
846,46,0,0.10605600262411707,1.0414126931427667,1,Interleaved
847,47,0,0.4997466571282713,0.9766335055042302,1,Interleaved
848,48,0,0.5266223217502938,0.7005168112595512,1,Interleaved
849,49,0,0.5177019350880682,0.5559587483377989,1,Interleaved
850,50,0,0.2694050225409923,0.8173779681339528,1,Interleaved
851,51,0,0.4971664950642561,0.6399718000621728,1,Interleaved
852,52,0,0.9856058195799067,0.5717702266169369,1,Interleaved
853,53,0,0.5058941361132181,0.6683003110869432,1,Interleaved
854,54,0,0.5002024033605676,0.6716874445804728,1,Interleaved
855,55,0,0.6664849783428477,0.6936318805672046,1,Interleaved
856,56,0,0.9343662881922132,0.7193303388274095,1,Interleaved
857,57,0,0.500601153016058,0.6968909761633251,1,Interleaved
858,58,0,0.4256747006723043,0.5023648239848495,1,Interleaved
859,59,0,0.5959532368396353,0.5844406297086846,1,Interleaved
860,60,0,0.4593464577939335,0.5250609979949332,1,Interleaved
861,61,0,0.5125111398552606,0.6264464920965829,1,Interleaved
862,62,0,0.5913407350315677,0.7183954944258572,1,Interleaved
863,63,0,0.504274247813378,0.4915015152750312,1,Interleaved
864,64,0,0.4219350679296717,0.48497055585462673,1,Interleaved
865,65,0,0.46848528607997475,0.8213237839696629,1,Interleaved
866,66,0,0.19904276942207969,0.5529438487858251,1,Interleaved
867,67,0,0.7234716507185679,0.48320448538860006,1,Interleaved
868,68,0,0.031192365890320716,0.8606258316115964,1,Interleaved
869,69,0,0.5096908559288447,0.8656538383243224,1,Interleaved
870,70,0,0.3615017026639788,0.6064369057062071,1,Interleaved
871,71,0,0.4112662641381171,0.8295304892759958,1,Interleaved
872,72,0,0.015239594736944891,0.7718256941896711,1,Interleaved
873,73,0,0.499909278445578,0.7500105818894802,1,Interleaved
874,74,0,0.9633620955236786,0.6052242755669502,1,Interleaved
875,75,0,0.5080304525613047,0.8707488523799443,1,Interleaved
876,76,0,0.7284178882130807,0.45754713074477926,1,Interleaved
877,77,0,0.5077714485761292,0.4860644577367942,1,Interleaved
878,78,0,0.8366369671917238,0.5353048278592447,1,Interleaved
879,79,0,0.42812356744361374,0.6627872106600412,1,Interleaved
880,80,0,0.016694970928836646,0.8003295827521918,1,Interleaved
881,81,0,0.3488448361193442,0.767012150949706,1,Interleaved
882,82,0,0.19883509973542612,0.7604731454142324,1,Interleaved
883,83,0,0.16695862588972496,0.8588392664271361,1,Interleaved
884,84,0,0.5224189094604541,0.5689318222389387,1,Interleaved
885,85,0,0.49930870129611893,0.5414814101340901,1,Interleaved
886,86,0,0.8253965803785769,0.6339282575352583,1,Interleaved
887,87,0,0.6132780744560709,0.4674042954815823,1,Interleaved
888,88,0,0.38621303011487623,0.7123468478171724,1,Interleaved
889,89,0,0.501154787441847,0.6556193798976137,1,Interleaved
890,90,0,0.4144999391187844,0.7316496278613291,1,Interleaved
891,91,0,0.4767389864158059,0.6646752984820945,1,Interleaved
892,92,0,0.014734504800397903,0.6272673623139418,1,Interleaved
893,93,0,0.3753918347534673,0.9757866121072947,1,Interleaved
894,94,0,0.012099493115118598,0.7197457771423221,1,Interleaved
895,95,0,0.552369097883368,0.49115907824935773,1,Interleaved
896,96,0,0.9129705510153995,0.7209330077953872,1,Interleaved
897,97,0,0.728349881612608,0.6416266231157972,1,Interleaved
898,98,0,0.46343912311098645,0.5284480420376281,1,Interleaved
899,99,0,0.9331889225068126,0.7918652564470334,1,Interleaved
900,100,0,0.1266529655797508,0.8472677774910814,1,Interleaved
901,101,0,0.4427608450577158,0.4090177905973979,1,Interleaved
902,102,0,0.4860183291674454,0.782756575871377,1,Interleaved
903,103,0,0.04630136515335093,0.8517691200956952,1,Interleaved
904,104,0,0.6504447106933077,0.5050147107356054,1,Interleaved
905,105,0,0.4361173684501487,0.6389837987431535,1,Interleaved
906,106,0,0.4404446817871003,0.7354745799095688,1,Interleaved
907,107,0,0.4991791978289083,0.7651652106160214,1,Interleaved
908,108,0,0.32711828433996964,0.6776378922913138,1,Interleaved
909,109,0,0.49188814289946764,0.6349525075196552,1,Interleaved
910,110,0,0.5921489987502103,0.5949006606967087,1,Interleaved
911,111,0,0.3140193820379448,0.7867343920559242,1,Interleaved
912,112,0,0.9927016355286152,0.5481498354930073,1,Interleaved
913,113,0,0.4981597283077346,0.7928133430544861,1,Interleaved
914,114,0,0.14571287818323567,0.7882625687275857,1,Interleaved
915,115,0,0.32940292935929455,0.6769525235107976,1,Interleaved
916,116,0,0.20046236132784526,0.6623352872552493,1,Interleaved
917,117,0,0.38437106709374436,0.6629837779251366,1,Interleaved
918,118,0,0.9831993795565381,0.3731996552505549,1,Interleaved
919,119,0,0.5307883427315819,0.5456170284813634,1,Interleaved
920,120,0,0.3908034923923043,0.661153435248784,1,Interleaved
921,121,0,0.5234715660227246,0.6616815230330377,1,Interleaved
922,122,0,0.9856544822018123,0.4192103210415428,1,Interleaved
923,123,0,0.155872617824904,0.8102965290014813,1,Interleaved
924,124,0,0.7624506888689156,0.5216965820125952,1,Interleaved
925,125,0,0.4192170475921828,0.5510972903529567,1,Interleaved
926,126,0,0.6725257749650289,0.4454762754065825,1,Interleaved
927,127,0,0.5004788951120936,0.7390201253332427,1,Interleaved
928,128,0,0.27839384068589407,0.9299033204625718,1,Interleaved
929,129,0,0.5153360809825832,0.7165426625081235,1,Interleaved
930,130,0,0.9826116018324994,0.6570972645085146,1,Interleaved
931,131,0,0.16174084641966113,0.732033916535643,1,Interleaved
932,132,0,0.6529196214952633,0.7561239212476336,1,Interleaved
933,133,0,0.47334317635662004,0.6909965422555563,1,Interleaved
934,134,0,0.06222988551310468,0.5723930648899891,1,Interleaved
935,135,0,0.29994451659498034,0.6064611891649375,1,Interleaved
936,136,0,0.511933611098035,1.0535942811200592,1,Interleaved
937,137,0,0.37979768822348875,0.8548235726085571,1,Interleaved
938,138,0,0.0018094603708431643,1.0139452283997383,1,Interleaved
939,139,0,0.4980182646437662,0.6405828863129563,1,Interleaved
940,140,0,0.06304539512168547,0.5847190064779106,1,Interleaved
941,141,0,0.6503984042443987,0.5838477386142348,1,Interleaved
942,142,0,0.5073781618968922,5.109536934842853,1,Interleaved
943,143,0,0.49856003095613144,0.7475651426584737,1,Interleaved
944,144,0,0.6242667792489687,0.7724893029297839,1,Interleaved
945,145,0,0.5649161271122008,0.7533615146675067,1,Interleaved
946,146,0,0.3938346280989121,0.6114280150822522,1,Interleaved
947,147,0,0.5022119387187767,0.6878465329485478,1,Interleaved
948,148,0,0.20385240770915874,0.7654216073488134,1,Interleaved
949,149,0,0.5013324568443623,0.6317064782328022,1,Interleaved
950,150,0,0.6264386369504072,0.6418962492203053,1,Interleaved
951,151,0,0.6587688405607605,0.7092457208170713,1,Interleaved
952,152,0,0.4780215178075716,0.6771435021774284,1,Interleaved
953,153,0,0.4327328507395263,0.7269513234913666,1,Interleaved
954,154,0,0.5229720070973025,0.6074005588091275,1,Interleaved
955,155,0,0.3640982876273565,0.7951377581709331,1,Interleaved
956,156,0,0.5188499293060794,0.5377205883017765,1,Interleaved
957,157,0,0.2634893205068579,0.6478094888565571,1,Interleaved
958,158,0,0.8815279129640312,0.5289852196797997,1,Interleaved
959,159,0,0.6605129763218405,0.5261825109253483,1,Interleaved
960,160,0,0.005953867833753499,0.5964175846122534,1,Interleaved
961,161,0,0.47289558975762014,0.5598675886921773,1,Interleaved
962,162,0,0.38568713111140257,0.8850134151503438,1,Interleaved
963,163,0,0.21082747017609804,0.6811445248330571,1,Interleaved
964,164,0,0.350834037272946,0.707900188115197,1,Interleaved
965,165,0,0.4877956246727013,0.49403283437192697,1,Interleaved
966,166,0,0.13878597242271168,0.6641793503971257,1,Interleaved
967,167,0,0.5035330595164124,0.6532889661985448,1,Interleaved
968,168,0,0.5039144079538866,0.7745801165949491,1,Interleaved
969,169,0,0.1346300701769233,0.8808629535091665,1,Interleaved
970,170,0,0.9998403860882757,0.4020879516878446,1,Interleaved
971,171,0,0.9722301533368689,0.43717848403107173,1,Interleaved
972,172,0,0.5561641896729056,0.5826097957496346,1,Interleaved
973,173,0,0.4958500709793351,0.710899850384445,1,Interleaved
974,174,0,0.500006692351471,0.9211799632919226,1,Interleaved
975,175,0,0.6670048536025063,0.4257030657060129,1,Interleaved
976,176,0,0.2314424174040324,0.4980504483159646,1,Interleaved
977,177,0,0.4715589909379643,0.9547801222253124,1,Interleaved
978,178,0,0.7628725579845228,0.6388330769737537,1,Interleaved
979,179,0,0.6419633399208574,0.5510592461022418,1,Interleaved
980,180,0,0.5023672645371042,0.7210195558990482,1,Interleaved
981,181,0,0.5861238168115653,0.6651613691377407,1,Interleaved
982,182,0,0.4175052560701574,0.8286697342520271,1,Interleaved
983,183,0,0.016691319174460654,0.8453213769829444,1,Interleaved
984,184,0,0.5000209554287808,0.7799388056703754,1,Interleaved
985,185,0,0.5391604099014732,0.513268390547903,1,Interleaved
986,186,0,0.16844892128435288,0.7987775018017849,1,Interleaved
987,187,0,0.061067024769389786,0.7437856157990363,1,Interleaved
988,188,0,0.41161071466694626,0.6014488848580981,1,Interleaved
989,189,0,0.8350640502761475,0.5704852639847064,1,Interleaved
990,190,0,0.8505524786548813,0.5272040414878183,1,Interleaved
991,191,0,0.5030419951081022,0.8433406003295982,1,Interleaved
992,192,0,0.3198700691150658,0.7965503554440411,1,Interleaved
993,193,0,0.5017376403886498,0.6902472605964807,1,Interleaved
994,194,0,0.24676422921908284,0.7795597839088467,1,Interleaved
995,195,0,0.9645631486413508,0.7024178425651322,1,Interleaved
996,196,0,0.04841031975453011,0.8094640983932248,1,Interleaved
997,197,0,0.4971971530286955,0.5808682220186867,1,Interleaved
998,198,0,0.9764398327773276,0.7275159759565163,1,Interleaved
999,199,0,0.5403146739745561,0.44613320492905334,1,Interleaved
1000,0,0,0.017307999156191533,0.6652062416925157,1,Instructed
1001,1,0,0.5646499422256709,0.7744692200187906,1,Instructed
1002,2,0,0.5267619391049072,0.6437085989524531,1,Instructed
1003,3,0,0.18186196815015218,0.7074124135472242,1,Instructed
1004,4,0,0.8571160729330765,0.5079361966947555,1,Instructed
1005,5,0,0.8336988128942526,0.5496848720822796,1,Instructed
1006,6,0,0.5137373472460094,0.7620084121589256,1,Instructed
1007,7,0,0.497920648027082,0.749460930000093,1,Instructed
1008,8,0,0.4959435507957633,0.8703607662691575,1,Instructed
1009,9,0,0.5000387634878922,1.341154381158694,1,Instructed
1010,10,0,0.47218600081565076,0.7829862988594569,1,Instructed
1011,11,0,0.5031852083521677,0.7863236194648089,1,Instructed
1012,12,0,0.5921446091587244,0.5705963552755813,1,Instructed
1013,13,0,0.4989391872937971,0.8296661971224223,1,Instructed
1014,14,0,0.4920053144494247,0.6583451689280471,1,Instructed
1015,15,0,0.5985946881150082,0.3838852826972724,1,Instructed
1016,16,0,0.49734242460554984,0.7554679620685785,1,Instructed
1017,17,0,0.5079365090214032,0.6473016662737713,1,Instructed
1018,18,0,0.3789280135691028,0.502439188986768,1,Instructed
1019,19,0,0.49821855885899147,0.4770017449920022,1,Instructed
1020,20,0,0.13839261251171922,0.5044728441797512,1,Instructed
1021,21,0,0.9521510459213435,0.6795699103425261,1,Instructed
1022,22,0,0.4980149374595246,1.0748792416798283,1,Instructed
1023,23,0,0.5025759766551711,0.9470399136569858,1,Instructed
1024,24,0,0.0020307495476674627,1.048637407472888,1,Instructed
1025,25,0,0.4960452634720651,1.0357097662740218,1,Instructed
1026,26,0,0.5140826429303658,0.8388044522675312,1,Instructed
1027,27,0,0.5047778508165156,0.7436748768659311,1,Instructed
1028,28,0,0.6428983426272029,0.41842027525479875,1,Instructed
1029,29,0,0.0499486721236887,0.6457682600803645,1,Instructed
1030,30,0,0.5927119288150627,0.859479785636367,1,Instructed
1031,31,0,0.2285431482717148,0.8868684805290318,1,Instructed
1032,32,0,0.4795399544927597,0.8258770583614266,1,Instructed
1033,33,0,0.7782601675787604,0.8453326244649533,1,Instructed
1034,34,0,0.5013251561468259,0.7274647839478772,1,Instructed
1035,35,0,0.30718581486021584,0.951776697352928,1,Instructed
1036,36,0,0.5660642356649248,1.1213064066118779,1,Instructed
1037,37,0,0.4967271498001095,0.7861151168132087,1,Instructed
1038,38,0,0.6884832992949215,0.7017934832373215,1,Instructed
1039,39,0,0.7000833234311631,1.0954139772572709,1,Instructed
1040,40,0,0.5251433294881153,0.7457136566852118,1,Instructed
1041,41,0,0.6469032012910758,0.5879052210417856,1,Instructed
1042,42,0,0.7143346204729781,0.6616593232162402,1,Instructed
1043,43,0,0.49275190562394056,1.1045741333214871,1,Instructed
1044,44,0,0.00040382709061772995,1.2195381062191262,1,Instructed
1045,45,0,0.4996066488610807,1.0168797097504285,1,Instructed
1046,46,0,0.42216245884978754,0.9502679987590237,1,Instructed
1047,47,0,0.4907303664851499,0.9104167592402921,1,Instructed
1048,48,0,0.4600936345706232,1.1598777700217897,1,Instructed
1049,49,0,0.7692142527232992,1.0771703344041623,1,Instructed
1050,50,0,0.007346602406259659,0.9960810449217776,1,Instructed
1051,51,0,0.519645355944764,1.0856849826584214,1,Instructed
1052,52,0,0.45622438035742424,0.9922442976321779,1,Instructed
1053,53,0,0.5019024508434329,0.8120658012370674,1,Instructed
1054,54,0,0.49921451558205443,0.7372651495087885,1,Instructed
1055,55,0,0.5038836634212339,0.829618091206504,1,Instructed
1056,56,0,0.3184382364507991,0.8421949765372252,1,Instructed
1057,57,0,0.44636208685638,0.9334222594791752,1,Instructed
1058,58,0,0.6431482492564006,0.9129512803316667,1,Instructed
1059,59,0,0.5221012827112615,0.9629161610365955,1,Instructed
1060,60,0,0.11792609559168757,1.0976839507703788,1,Instructed
1061,61,0,0.5000000202351612,1.4230163067464199,1,Instructed
1062,62,0,0.5734238544534869,0.8484236065437532,1,Instructed
1063,63,0,0.30362623746166506,0.7545014481444059,1,Instructed
1064,64,0,0.6476522787882208,0.9388306616536266,1,Instructed
1065,65,0,0.5103468275668296,0.8719625575713044,1,Instructed
1066,66,0,0.3821845216540705,0.6819694632528631,1,Instructed
1067,67,0,0.522185788331971,0.9411362590930927,1,Instructed
1068,68,0,0.5000469528560929,0.9664103346362134,1,Instructed
1069,69,0,0.5742479663626618,0.8332772151768013,1,Instructed
1070,70,0,0.4332443012786962,0.8492481499996947,1,Instructed
1071,71,0,0.5105729456022641,0.838918075570932,1,Instructed
1072,72,0,0.11578150254319584,0.7873165750960498,1,Instructed
1073,73,0,0.7816681167240936,0.7719390813125708,1,Instructed
1074,74,0,0.5279048290072357,0.8061800281222582,1,Instructed
1075,75,0,0.4481052875518447,0.8461577043810313,1,Instructed
1076,76,0,0.24938103123440394,1.007096006687654,1,Instructed
1077,77,0,0.4766182059222908,1.0401305553051454,1,Instructed
1078,78,0,0.824577982273283,0.7929856925983865,1,Instructed
1079,79,0,0.46298137719688387,0.769301660785642,1,Instructed
1080,80,0,0.1686030374975095,0.8761531355581775,1,Instructed
1081,81,0,0.5023125221521054,0.9376830855227364,1,Instructed
1082,82,0,0.43376886662354036,0.9497381638843904,1,Instructed
1083,83,0,0.4889043540228139,0.8991627764715027,1,Instructed
1084,84,0,0.09516908318700079,0.9006955976341633,1,Instructed
1085,85,0,0.3165852741205054,0.794338678056121,1,Instructed
1086,86,0,0.7905429003989732,0.6744437301350028,1,Instructed
1087,87,0,0.6201115750645446,0.8297917844985663,1,Instructed
1088,88,0,0.5103092475561476,1.1474498482351652,1,Instructed
1089,89,0,0.5061748348234447,0.9606206290884777,1,Instructed
1090,90,0,0.45915623951835205,0.5481442348720864,1,Instructed
1091,91,0,0.8295484519071356,0.6651705389420606,1,Instructed
1092,92,0,0.500729130863129,1.8352953842251198,1,Instructed
1093,93,0,0.9760478825130843,1.0622498158141447,1,Instructed
1094,94,0,0.8752860583211268,1.0010588162696883,1,Instructed
1095,95,0,0.5620789898018168,0.8449561472312406,1,Instructed
1096,96,0,0.4617189435287896,0.8005579015367349,1,Instructed
1097,97,0,0.48746399232334625,1.0024597664291068,1,Instructed
1098,98,0,0.9977883281016574,0.8557969549976188,1,Instructed
1099,99,0,0.500028114152111,1.136311351507874,1,Instructed
1100,100,0,0.4260550353237583,1.1357028326152248,1,Instructed
1101,101,0,0.5044079282461428,1.2197653554176733,1,Instructed
1102,102,0,0.8563568895285285,0.8644607339554355,1,Instructed
1103,103,0,0.9425504809387587,0.7605805879834991,1,Instructed
1104,104,0,0.4518793444352459,0.6610979099582799,1,Instructed
1105,105,0,0.7799702435480305,0.7462472007436856,1,Instructed
1106,106,0,0.505408491137045,0.6315006228123565,1,Instructed
1107,107,0,0.6907393375853621,0.6111285259341984,1,Instructed
1108,108,0,0.24283894204453935,0.6704775585899255,1,Instructed
1109,109,0,0.5015059137081275,0.6527106405785061,1,Instructed
1110,110,0,0.9458053855694181,0.5641268733404089,1,Instructed
1111,111,0,0.4713211088243518,0.660056618102698,1,Instructed
1112,112,0,0.46445425411419294,0.6297082042299229,1,Instructed
1113,113,0,0.5039908685143625,0.82130070230451,1,Instructed
1114,114,0,0.6951247076066845,0.7160449566285052,1,Instructed
1115,115,0,0.512356821141206,0.8649159020816857,1,Instructed
1116,116,0,0.5615278408721792,0.7320102192365732,1,Instructed
1117,117,0,0.5002329419849609,0.9015255564348532,1,Instructed
1118,118,0,0.3653119455117044,0.8424294982597365,1,Instructed
1119,119,0,0.5083213488546207,0.8173352553209544,1,Instructed
1120,120,0,0.8538484437134548,0.7191633618157882,1,Instructed
1121,121,0,0.5006279090712406,0.8827982195612388,1,Instructed
1122,122,0,0.5513795165433341,0.5489350463806657,1,Instructed
1123,123,0,0.08037049260056221,0.7581462283624449,1,Instructed
1124,124,0,0.9679394901660493,0.7296473853887421,1,Instructed
1125,125,0,0.45751982718595785,0.7535579523974305,1,Instructed
1126,126,0,0.26497395356055725,0.684079670571516,1,Instructed
1127,127,0,0.40880456185152536,0.6460824067030277,1,Instructed
1128,128,0,0.5976990872481277,0.7187557485074949,1,Instructed
1129,129,0,0.41209946391760455,0.9047632923943403,1,Instructed
1130,130,0,0.05075385982011247,0.9764010251228217,1,Instructed
1131,131,0,0.5047359103786615,1.0047628049286064,1,Instructed
1132,132,0,0.9340632758593641,0.9162317685511239,1,Instructed
1133,133,0,0.49966870410672654,1.0086188464051293,1,Instructed
1134,134,0,0.7324677160984366,0.9049193531622182,1,Instructed
1135,135,0,0.4945273450801018,0.9206258417425064,1,Instructed
1136,136,0,0.5241698065511219,0.9703202769443393,1,Instructed
1137,137,0,0.5035010134607583,0.7863485800192764,1,Instructed
1138,138,0,3.126531999331497e-08,4.127667554917139,1,Instructed
1139,139,0,0.6480825497237848,0.6596129384317211,1,Instructed
1140,140,0,0.0004909502051571685,0.9415549420591562,1,Instructed
1141,141,0,0.6876841255627881,0.7401231579534794,1,Instructed
1142,142,0,0.32725013686308074,0.8742372063706172,1,Instructed
1143,143,0,0.813111247222529,0.7952492580912902,1,Instructed
1144,144,0,0.34095536035413027,0.859328510299769,1,Instructed
1145,145,0,0.8078644907790212,0.9245160608826346,1,Instructed
1146,146,0,0.49740791693001124,0.7933527866255445,1,Instructed
1147,147,0,0.4575742960892091,0.7071791129201745,1,Instructed
1148,148,0,0.3711596210664431,0.7671611053415902,1,Instructed
1149,149,0,0.5374731197136614,0.9025751307889747,1,Instructed
1150,150,0,0.4418588831494486,0.951568023404834,1,Instructed
1151,151,0,0.5071298655408787,0.9873664814438382,1,Instructed
1152,152,0,0.4986877671885621,0.745858864230023,1,Instructed
1153,153,0,0.5478207076164127,0.6984227345534648,1,Instructed
1154,154,0,0.028420348840280607,0.7881547242094369,1,Instructed
1155,155,0,0.5165558319204082,0.6275157944303276,1,Instructed
1156,156,0,0.34132315155204507,0.4754113283324101,1,Instructed
1157,157,0,0.5277836270669356,0.6211185845168281,1,Instructed
1158,158,0,0.47703932060090143,0.9737527649245842,1,Instructed
1159,159,0,0.3501718159495606,1.0782155260194848,1,Instructed
1160,160,0,0.13015604398560585,0.8366743345727695,1,Instructed
1161,161,0,0.48018494551804225,0.660281549906343,1,Instructed
1162,162,0,0.06931349597274986,0.44012187425534344,1,Instructed
1163,163,0,0.13922156019300283,0.5762074917576189,1,Instructed
1164,164,0,0.37065203158720944,0.7155820684481367,1,Instructed
1165,165,0,0.3940856204810194,0.70568873367156,1,Instructed
1166,166,0,0.5955170615681171,0.771744399813741,1,Instructed
1167,167,0,0.7602286041561348,0.8199318057004722,1,Instructed
1168,168,0,0.48974477696559926,0.816912077794387,1,Instructed
1169,169,0,0.2520868582430202,0.6268795524818607,1,Instructed
1170,170,0,0.3766759443429256,0.487995304794682,1,Instructed
1171,171,0,0.27073419495651824,0.6097367770074629,1,Instructed
1172,172,0,0.10556235823731602,0.7151693848276492,1,Instructed
1173,173,0,0.634796177926513,0.7063124215654151,1,Instructed
1174,174,0,0.2305068087394041,0.681853199864195,1,Instructed
1175,175,0,0.01339169901598842,0.5691165540275043,1,Instructed
1176,176,0,0.334348713246185,0.4866019507617459,1,Instructed
1177,177,0,0.2528280896790957,0.664172086005729,1,Instructed
1178,178,0,0.0429121135736147,0.8197273809398087,1,Instructed
1179,179,0,0.5116168351239269,0.5564777074688916,1,Instructed
1180,180,0,0.7745109315546181,0.5354879287815986,1,Instructed
1181,181,0,0.42007438823216214,0.560144909591885,1,Instructed
1182,182,0,0.2559403048797174,0.6269551922498262,1,Instructed
1183,183,0,0.5454073289032555,0.6267254425824678,1,Instructed
1184,184,0,0.5788617627428977,0.63283050207468,1,Instructed
1185,185,0,0.00567556773008088,0.6490898759575903,1,Instructed
1186,186,0,0.14361995988450793,0.473401922420584,1,Instructed
1187,187,0,0.5066662119828848,0.37919699234872195,1,Instructed
1188,188,0,0.4725006587392156,0.78521795622039,1,Instructed
1189,189,0,0.3722762837892111,0.8896023629447449,1,Instructed
1190,190,0,0.8559229833027242,0.6042922549841765,1,Instructed
1191,191,0,0.4541421396298582,0.7852548470498222,1,Instructed
1192,192,0,0.5927567343760931,0.7062866831414099,1,Instructed
1193,193,0,0.942847128247776,0.38463849948280754,1,Instructed
1194,194,0,0.5000724677827999,0.5458594166585979,1,Instructed
1195,195,0,0.9973186493360854,0.6179961571187738,1,Instructed
1196,196,0,0.7666308641259018,0.5034498253456274,1,Instructed
1197,197,0,0.27288546601886604,0.5212616112699359,1,Instructed
1198,198,0,0.3093513013963221,0.8128525421758409,1,Instructed
1199,199,0,0.4953500486373712,1.0024596155433196,1,Instructed
