,t,e_hat,Accuracy,pe,batch,Condition
0,0,0,0.5400627914926457,0.6727530202321856,0,Blocked
1,1,0,0.4789874858513262,0.551751419985111,0,Blocked
2,2,0,0.7039008492637536,0.5617878987274274,0,Blocked
3,3,0,0.13353250062311756,0.6174243066342491,0,Blocked
4,4,0,0.23727616728488585,0.5704811085667263,0,Blocked
5,5,0,0.3449078357505079,0.41854862960013095,0,Blocked
6,6,0,0.5837573918950605,0.4865219493550917,0,Blocked
7,7,0,0.625224767193079,0.5714349250916815,0,Blocked
8,8,0,0.48126234513413424,0.45279198334483645,0,Blocked
9,9,0,0.5633161277082853,0.6903801166758585,0,Blocked
10,10,0,0.7304829166793836,0.6393653359763577,0,Blocked
11,11,0,0.2459922838868967,0.4185284834121707,0,Blocked
12,12,0,0.9288689559962814,0.5151326702070889,0,Blocked
13,13,0,0.9315955036738424,0.5245202317892158,0,Blocked
14,14,0,0.07257174791423468,0.5760832280511496,0,Blocked
15,15,0,0.9283920241077379,0.43143993349767207,0,Blocked
16,16,0,0.03841279880112329,0.5869674977356943,0,Blocked
17,17,0,0.03785639282795505,0.419036326989617,0,Blocked
18,18,0,0.9699545262839946,0.46148040010515173,0,Blocked
19,19,0,0.05819910828869755,0.6052461548006611,0,Blocked
20,20,0,0.04696289263903778,0.5823331466725488,0,Blocked
21,21,0,0.1531295067027091,0.594912815944501,0,Blocked
22,22,0,0.2552796046215766,0.5628874215952012,0,Blocked
23,23,0,0.42692454955035575,0.48186401830623005,0,Blocked
24,24,0,0.7155878233971564,0.41361645035816763,0,Blocked
25,25,0,0.6002848927816424,0.6463532399865024,0,Blocked
26,26,0,0.7169148415379565,0.5002289340605336,0,Blocked
27,27,0,0.2636899230162264,0.5110481087385712,0,Blocked
28,28,0,0.7498644851038248,0.41313052212489865,0,Blocked
29,29,0,0.9262066762137022,0.3716384699455544,0,Blocked
30,30,0,0.07311619871146617,0.39760442880622865,0,Blocked
31,31,0,0.8523687724483525,0.4979237921192104,0,Blocked
32,32,0,0.07071337152815735,0.542184786569066,0,Blocked
33,33,0,0.08625447824298976,0.5106106029379256,0,Blocked
34,34,0,0.9694265685422636,0.3317838011423887,0,Blocked
35,35,0,0.9486386483510987,0.39050502435258294,0,Blocked
36,36,0,0.17404288511362,0.4098223360810477,0,Blocked
37,37,0,0.9518906696603187,0.40882068512306624,0,Blocked
38,38,0,0.871899441098375,0.519996563610194,0,Blocked
39,39,0,0.8838725716945115,0.25445132109295704,0,Blocked
40,40,0,0.5152372275951609,0.5322350298740668,0,Blocked
41,41,0,0.45596933295755465,0.5032985492214987,0,Blocked
42,42,0,0.5015638964745348,0.3825835725605874,0,Blocked
43,43,0,0.3329755602084539,0.47540454996815407,0,Blocked
44,44,0,0.6504628656539919,0.40236633727430166,0,Blocked
45,45,0,0.5313922998745709,0.4757314855315819,0,Blocked
46,46,0,0.3648000401009758,0.4762420729553366,0,Blocked
47,47,0,0.5251122826726037,0.4737928103758454,0,Blocked
48,48,0,0.5520204496011052,0.4265289559964578,0,Blocked
49,49,0,0.5001939471715888,0.44778258680649874,0,Blocked
50,50,0,0.3684934511658881,0.638067366856345,0,Blocked
51,51,0,0.4586647712694365,0.5221101667464255,0,Blocked
52,52,0,0.47833098151285086,0.3976621196802884,0,Blocked
53,53,0,0.509297192191243,0.45930205698993953,0,Blocked
54,54,0,0.48788372565513527,0.42083207865570055,0,Blocked
55,55,0,0.5079230923113377,0.4176587592802295,0,Blocked
56,56,0,0.5002445476574724,0.3089601345469838,0,Blocked
57,57,0,0.5595260452265663,0.4341966889291395,0,Blocked
58,58,0,0.35999846048310397,0.47690633533612725,0,Blocked
59,59,0,0.5815870414770595,0.38213076292206805,0,Blocked
60,60,0,0.33925478244559315,0.571955488249182,0,Blocked
61,61,0,0.47414173821061373,0.5220037706741442,0,Blocked
62,62,0,0.5181817859469414,0.4089074414410354,0,Blocked
63,63,0,0.3938165952804311,0.5277331248036523,0,Blocked
64,64,0,0.48341924746006687,0.3614510855591326,0,Blocked
65,65,0,0.4109504116065184,0.45775079375424554,0,Blocked
66,66,0,0.5036802856753171,0.5113573935492676,0,Blocked
67,67,0,0.516283425554231,0.4087346544895185,0,Blocked
68,68,0,0.5441713789556974,0.35492873389684537,0,Blocked
69,69,0,0.43977001943901267,0.35771308985028577,0,Blocked
70,70,0,0.6614235942078495,0.40606679781002725,0,Blocked
71,71,0,0.5764789094670408,0.48533860224995823,0,Blocked
72,72,0,0.46572820941230386,0.48245595912279793,0,Blocked
73,73,0,0.41049441507012624,0.4150898227267019,0,Blocked
74,74,0,0.43901263893333314,0.5206734999679566,0,Blocked
75,75,0,0.44632870823184184,0.5552383206776492,0,Blocked
76,76,0,0.49764680111017173,0.5605593982563276,0,Blocked
77,77,0,0.5146776648121345,0.35315347045030954,0,Blocked
78,78,0,0.36235275071479023,0.4797251602416478,0,Blocked
79,79,0,0.7564550305618101,0.41864666969996156,0,Blocked
80,80,0,0.7542462694085728,0.5406755641381145,0,Blocked
81,81,0,0.8299253654585057,0.3221480721638483,0,Blocked
82,82,0,0.23349781857436888,0.47178983104092886,0,Blocked
83,83,0,0.9298956973715706,0.3377610008587286,0,Blocked
84,84,0,0.9355069034147911,0.5333416691490631,0,Blocked
85,85,0,0.12676411682591618,0.4237750579871171,0,Blocked
86,86,0,0.1507209042457093,0.4479107009246997,0,Blocked
87,87,0,0.8378241985521941,0.4559300997299487,0,Blocked
88,88,0,0.14047593170106334,0.5058172110129937,0,Blocked
89,89,0,0.9744137387037154,0.349100808213503,0,Blocked
90,90,0,0.9842685193798553,0.3220217648576354,0,Blocked
91,91,0,0.9807695396577812,0.3432285734281987,0,Blocked
92,92,0,0.018536874129367005,0.6714085959092353,0,Blocked
93,93,0,0.018154815931467116,0.5542052921891674,0,Blocked
94,94,0,0.40281921370889845,0.47662938035892977,0,Blocked
95,95,0,0.20148509646079513,0.5384119199021997,0,Blocked
96,96,0,0.27936109843211404,0.41676163083375783,0,Blocked
97,97,0,0.622634182219621,0.5676251611821637,0,Blocked
98,98,0,0.33218411619497445,0.4469495204309676,0,Blocked
99,99,0,0.9226174953372557,0.3498688548047385,0,Blocked
100,100,0,0.8215803103655928,0.3275187684404549,0,Blocked
101,101,0,0.34492215098723533,0.3713172977781658,0,Blocked
102,102,0,0.39853942204898696,0.4393870458902481,0,Blocked
103,103,0,0.9533856977069903,0.36158139934725536,0,Blocked
104,104,0,0.05483226345017963,0.5161129169075183,0,Blocked
105,105,0,0.8945041586209097,0.4523817009306538,0,Blocked
106,106,0,0.2733302168154596,0.4428117440327718,0,Blocked
107,107,0,0.9836349141634857,0.3321812590362158,0,Blocked
108,108,0,0.9837985628031432,0.3575149168756574,0,Blocked
109,109,0,0.12939329271470723,0.4841458416259755,0,Blocked
110,110,0,0.9545709253100593,0.3054129649716807,0,Blocked
111,111,0,0.8487981051488992,0.2973454216437311,0,Blocked
112,112,0,0.9363533198632998,0.2773317172935545,0,Blocked
113,113,0,0.7593375161938072,0.39977629595515696,0,Blocked
114,114,0,0.925537246511836,0.6437953168238848,0,Blocked
115,115,0,0.9947590454545665,0.3608477991188681,0,Blocked
116,116,0,0.022769322970307957,0.5391767336575303,0,Blocked
117,117,0,0.9701518935527735,0.27511746425101274,0,Blocked
118,118,0,0.981776777442066,0.40454042182233274,0,Blocked
119,119,0,0.9704597790696095,0.25633240711256844,0,Blocked
120,120,0,0.49441102820872945,0.3763338579379907,0,Blocked
121,121,0,0.5007948261535574,0.40126361803552446,0,Blocked
122,122,0,0.5405933870392187,0.33658811665930477,0,Blocked
123,123,0,0.5751898566950961,0.3517410442643727,0,Blocked
124,124,0,0.6271104154216864,0.35436722647698954,0,Blocked
125,125,0,0.05469317924455549,0.5705383378649408,0,Blocked
126,126,0,0.7221946719402221,0.3688910776264466,0,Blocked
127,127,0,0.21783075101846697,0.4272401514519411,0,Blocked
128,128,0,0.5789452566198564,0.35534847664201774,0,Blocked
129,129,0,0.5703594766764221,0.3486479934344632,0,Blocked
130,130,0,0.38365899536719583,0.41292053941480844,0,Blocked
131,131,0,0.3107461287881665,0.3929044016763009,0,Blocked
132,132,0,0.6582173511754146,0.39388667166155317,0,Blocked
133,133,0,0.6355007867876948,0.3274597359461122,0,Blocked
134,134,0,0.19317584676367813,0.3913790874903442,0,Blocked
135,135,0,0.6387339398466843,0.4456506941303472,0,Blocked
136,136,0,0.7552400789013416,0.346490567296964,0,Blocked
137,137,0,0.12871949696539708,0.42671555127987854,0,Blocked
138,138,0,0.7405481058077126,0.35578895874826577,0,Blocked
139,139,0,0.7137159779711049,0.29310256795881195,0,Blocked
140,140,0,0.8190965852863417,0.2893908595236138,0,Blocked
141,141,0,0.14950361514082633,0.3870832092521694,0,Blocked
142,142,0,0.22303885009042912,0.427786826691844,0,Blocked
143,143,0,0.3394764541331473,0.4788890479403582,0,Blocked
144,144,0,0.42966969636404473,0.3464151852503069,0,Blocked
145,145,0,0.538745663626942,0.3325058871400054,0,Blocked
146,146,0,0.5805825142645034,0.39316844680895435,0,Blocked
147,147,0,0.4150012727775602,0.5645091401020609,0,Blocked
148,148,0,0.7022149034465843,0.36546063440205756,0,Blocked
149,149,0,0.3365254564293091,0.3348601497416782,0,Blocked
150,150,0,0.6573383696704986,0.323581437802671,0,Blocked
151,151,0,0.6530774898574159,0.3186678854013516,0,Blocked
152,152,0,0.8202512285369647,0.4758947247159483,0,Blocked
153,153,0,0.38495723391947906,0.3548227623487278,0,Blocked
154,154,0,0.43123655997855337,0.4604080848919369,0,Blocked
155,155,0,0.2756370840496661,0.32030426679396096,0,Blocked
156,156,0,0.5495242249286892,0.38947612747609917,0,Blocked
157,157,0,0.5501250139564904,0.327659424558134,0,Blocked
158,158,0,0.683141038928097,0.45351121297201885,0,Blocked
159,159,0,0.5901975170279175,0.4508440218444032,0,Blocked
160,160,0,0.20106876369224314,0.5189990219424117,0,Blocked
161,161,0,0.8752530009306072,0.2857784818775099,0,Blocked
162,162,0,0.28515052695096926,0.4221221281256647,0,Blocked
163,163,0,0.6584045255313353,0.24855670527565185,0,Blocked
164,164,0,0.32885162032953147,0.406442971361642,0,Blocked
165,165,0,0.6430004388022943,0.44576261609286627,0,Blocked
166,166,0,0.3706020174839004,0.41641818018490684,0,Blocked
167,167,0,0.5219044009997685,0.3327635245981453,0,Blocked
168,168,0,0.49996861355648253,0.3539367887393126,0,Blocked
169,169,0,0.014779133297112512,0.4935229592829933,0,Blocked
170,170,0,0.2471962876367082,0.4373217055064831,0,Blocked
171,171,0,0.927557060894501,0.23296382787830291,0,Blocked
172,172,0,0.5195956417083178,0.4587389912495371,0,Blocked
173,173,0,0.10838498528557265,0.44692415917696093,0,Blocked
174,174,0,0.4404192575514024,0.51351824597861,0,Blocked
175,175,0,0.5906991657088266,0.3241533667423837,0,Blocked
176,176,0,0.37474427212361083,0.3796855864201154,0,Blocked
177,177,0,0.47116753520796917,0.28425276567229957,0,Blocked
178,178,0,0.28587618549005994,0.3847905755061589,0,Blocked
179,179,0,0.6384720551002618,0.38725945068182865,0,Blocked
180,180,0,0.6854474492021501,0.42982783950481884,0,Blocked
181,181,0,0.17945310750949675,0.37110248685933334,0,Blocked
182,182,0,0.9054785289939488,0.25344788756140996,0,Blocked
183,183,0,0.3624882717236343,0.3991590823554906,0,Blocked
184,184,0,0.08102371290624402,0.4145450220936061,0,Blocked
185,185,0,0.261923596432846,0.43220529200526914,0,Blocked
186,186,0,0.6031047302763219,0.33448802152133306,0,Blocked
187,187,0,0.9332377399619021,0.5514220228948326,0,Blocked
188,188,0,0.13796176253048517,0.4857207593988122,0,Blocked
189,189,0,0.3838755616627922,0.613320182501923,0,Blocked
190,190,0,0.17241636419802323,0.44494751094384477,0,Blocked
191,191,0,0.5011629985652298,0.45251215834981123,0,Blocked
192,192,0,0.47237603391963323,0.3275289012206245,0,Blocked
193,193,0,0.42295559532456883,0.4039269851047159,0,Blocked
194,194,0,0.5246681297387839,0.33128496535293284,0,Blocked
195,195,0,0.11236419512310042,0.527530772570685,0,Blocked
196,196,0,0.4531152733267434,0.33863561837997724,0,Blocked
197,197,0,0.9942571037744976,0.42304708761013055,0,Blocked
198,198,0,0.8396857278568393,0.2841659967019012,0,Blocked
199,199,0,0.09649119021628513,0.42175752246621145,0,Blocked
200,0,0,0.5012885824851634,0.788494335673698,0,Interleaved
201,1,0,0.8891203349443019,0.546425754663666,0,Interleaved
202,2,0,0.4943179780042611,0.6677804563348124,0,Interleaved
203,3,0,0.3318207603632714,0.6196771662994336,0,Interleaved
204,4,0,0.12542582728506285,0.5956857952504607,0,Interleaved
205,5,0,0.4884089011106812,0.5541512281662065,0,Interleaved
206,6,0,0.05571678056586866,0.6455751123133199,0,Interleaved
207,7,0,0.40386067714568963,0.5089014697144179,0,Interleaved
208,8,0,0.4854121767590792,0.5620334204946765,0,Interleaved
209,9,0,0.10051728753482375,0.669182285813396,0,Interleaved
210,10,0,0.27687534844971734,0.3889801736463596,0,Interleaved
211,11,0,0.5620744305141033,0.45124364952925594,0,Interleaved
212,12,0,0.7873700839820741,0.46568544342734075,0,Interleaved
213,13,0,0.5792073233965447,0.6124437942297538,0,Interleaved
214,14,0,0.1775085589767198,0.5345300446356644,0,Interleaved
215,15,0,0.7462041548232512,0.42366131907990967,0,Interleaved
216,16,0,0.5765962596626841,0.4791948509963484,0,Interleaved
217,17,0,0.16656530967621352,0.6181201520416197,0,Interleaved
218,18,0,0.568882216745479,0.5602915886056078,0,Interleaved
219,19,0,0.8479243441768127,0.5294655020062531,0,Interleaved
220,20,0,0.4629425597699872,0.4001453920172976,0,Interleaved
221,21,0,0.22366110407068873,0.5123434787040153,0,Interleaved
222,22,0,0.38144969307270643,0.4718953610825452,0,Interleaved
223,23,0,0.47922982620984844,0.44800661577901135,0,Interleaved
224,24,0,0.4798184077850586,0.5915405146949266,0,Interleaved
225,25,0,0.2545485144135032,0.4830584433765317,0,Interleaved
226,26,0,0.4547446304065613,0.5243072675271101,0,Interleaved
227,27,0,0.7717492474397177,0.6081142608087409,0,Interleaved
228,28,0,0.3262854894077067,0.6500326306788241,0,Interleaved
229,29,0,0.46949345252090785,0.4847850774972666,0,Interleaved
230,30,0,0.2776683313448874,0.514933189955058,0,Interleaved
231,31,0,0.6636447396757554,0.4290018174592658,0,Interleaved
232,32,0,0.6219826839111803,0.6086994884133083,0,Interleaved
233,33,0,0.6784940914613897,0.6008470072636936,0,Interleaved
234,34,0,0.39295424750173347,0.4825252555440941,0,Interleaved
235,35,0,0.3171939603756802,0.5294093628601126,0,Interleaved
236,36,0,0.5681625442470252,0.4195403132916053,0,Interleaved
237,37,0,0.5392701559425117,0.4341454439994302,0,Interleaved
238,38,0,0.5541846902574107,0.5314868865100855,0,Interleaved
239,39,0,0.41554047223838747,0.5988180107850531,0,Interleaved
240,40,0,0.3542648990271905,0.44190227226570655,0,Interleaved
241,41,0,0.46626942474460664,0.47560936023455447,0,Interleaved
242,42,0,0.3488788546806094,0.4802982746572501,0,Interleaved
243,43,0,0.6773761958478737,0.4013169791334492,0,Interleaved
244,44,0,0.44095227696803374,0.4384492513646795,0,Interleaved
245,45,0,0.33174973920647344,0.5289349198921112,0,Interleaved
246,46,0,0.4963982747564866,0.4025642354123622,0,Interleaved
247,47,0,0.36562852102161963,0.4357675185593547,0,Interleaved
248,48,0,0.4566039029097331,0.424235053998096,0,Interleaved
249,49,0,0.6242836534360556,0.4647000466565093,0,Interleaved
250,50,0,0.7142162432998234,0.5792823809116547,0,Interleaved
251,51,0,0.2017672182002549,0.3687494829067781,0,Interleaved
252,52,0,0.6777205506619357,0.5403108986057541,0,Interleaved
253,53,0,0.7803974519870112,0.5510783430492585,0,Interleaved
254,54,0,0.6931112072676437,0.42760970275220894,0,Interleaved
255,55,0,0.4967806449103456,0.4072527356815513,0,Interleaved
256,56,0,0.248888844521994,0.6422299473672429,0,Interleaved
257,57,0,0.5723405258968118,0.42690650759841064,0,Interleaved
258,58,0,0.5742788495751439,0.4123427770165473,0,Interleaved
259,59,0,0.34240208606055145,0.42200844120687814,0,Interleaved
260,60,0,0.4703092446795731,0.45944382925669347,0,Interleaved
261,61,0,0.5898840833648401,0.44758364846356175,0,Interleaved
262,62,0,0.5305284338728848,0.3755506528952447,0,Interleaved
263,63,0,0.4983512496346192,0.49757218556246796,0,Interleaved
264,64,0,0.6885572427206402,0.5256101323790142,0,Interleaved
265,65,0,0.889785836439787,0.5465732286381916,0,Interleaved
266,66,0,0.1577705910580791,0.5890178180200693,0,Interleaved
267,67,0,0.4913565966093747,0.47588885716536644,0,Interleaved
268,68,0,0.3002687059714621,0.4325583632484368,0,Interleaved
269,69,0,0.7503636121422719,0.41254583819686635,0,Interleaved
270,70,0,0.6457381896540295,0.5382844497913498,0,Interleaved
271,71,0,0.2820739487180265,0.495755397314183,0,Interleaved
272,72,0,0.6015083191016519,0.5288768677983973,0,Interleaved
273,73,0,0.6231058765818798,0.45937302678650316,0,Interleaved
274,74,0,0.6912670389855066,0.4115006854743818,0,Interleaved
275,75,0,0.7838713574418229,0.4686256699710779,0,Interleaved
276,76,0,0.3726965694190514,0.49132980619212513,0,Interleaved
277,77,0,0.5649057383422589,0.45217914574389473,0,Interleaved
278,78,0,0.7412539583297566,0.4683610315718907,0,Interleaved
279,79,0,0.5249597905893935,0.6929552360993062,0,Interleaved
280,80,0,0.9564359322750737,0.5309383947385424,0,Interleaved
281,81,0,0.3015517458864152,0.4416703924256761,0,Interleaved
282,82,0,0.9151935926341537,0.4301329138002436,0,Interleaved
283,83,0,0.27941866820998595,0.613926298329015,0,Interleaved
284,84,0,0.46489352749746377,0.5026749588246757,0,Interleaved
285,85,0,0.35274778412928953,0.5899494685999562,0,Interleaved
286,86,0,0.8314650105174124,0.4151289091890451,0,Interleaved
287,87,0,0.6514663447188829,0.46177721317931153,0,Interleaved
288,88,0,0.45862357605259435,0.29118440599981393,0,Interleaved
289,89,0,0.59080153816156,0.5032145511792183,0,Interleaved
290,90,0,0.5158182882185354,0.47384759867017634,0,Interleaved
291,91,0,0.164686504730983,0.47453856089724195,0,Interleaved
292,92,0,0.5387714460978672,0.30570933974292214,0,Interleaved
293,93,0,0.4581974008125459,0.520438044373527,0,Interleaved
294,94,0,0.4754598752482055,0.3975618935025403,0,Interleaved
295,95,0,0.6098840388052524,0.36675121910001585,0,Interleaved
296,96,0,0.5074162425185894,0.5092082844555845,0,Interleaved
297,97,0,0.280787807712427,0.4295092974723349,0,Interleaved
298,98,0,0.39324699013287673,0.44033553079751997,0,Interleaved
299,99,0,0.7357983502908689,0.407704281347538,0,Interleaved
300,100,0,0.6025612614009969,0.35893878155657394,0,Interleaved
301,101,0,0.3006313511340425,0.5119887243854426,0,Interleaved
302,102,0,0.8914360722514083,0.3932160826525123,0,Interleaved
303,103,0,0.416271445953972,0.40595671828087176,0,Interleaved
304,104,0,0.2714706002972045,0.491258146375668,0,Interleaved
305,105,0,0.5075761722977953,0.42377784178871997,0,Interleaved
306,106,0,0.37297913796424564,0.5009017591939654,0,Interleaved
307,107,0,0.5295120063744118,0.43339249780104505,0,Interleaved
308,108,0,0.42487786137375694,0.4229352836402058,0,Interleaved
309,109,0,0.5554415855022432,0.5773762474640394,0,Interleaved
310,110,0,0.3249713262072589,0.48622117645848306,0,Interleaved
311,111,0,0.6666459773817912,0.49168399798272067,0,Interleaved
312,112,0,0.6895496501329357,0.5229840472094506,0,Interleaved
313,113,0,0.6352042042985833,0.43466118176206536,0,Interleaved
314,114,0,0.6221920232506896,0.44029047466340043,0,Interleaved
315,115,0,0.8640124925046677,0.40691560724171494,0,Interleaved
316,116,0,0.7421736385770821,0.3755568702229173,0,Interleaved
317,117,0,0.84722988235333,0.437354506429219,0,Interleaved
318,118,0,0.5329058650975519,0.37181863742989585,0,Interleaved
319,119,0,0.8556028003487537,0.3399239070953871,0,Interleaved
320,120,0,0.3168560969995759,0.5043801195903744,0,Interleaved
321,121,0,0.8627445783141203,0.39149693715024525,0,Interleaved
322,122,0,0.842096565262119,0.4213534730236018,0,Interleaved
323,123,0,0.2562926474621283,0.5482931903160716,0,Interleaved
324,124,0,0.5162194083479125,0.38732388763918707,0,Interleaved
325,125,0,0.8374208197745361,0.34185908565797696,0,Interleaved
326,126,0,0.6927340089622922,0.4015667506596052,0,Interleaved
327,127,0,0.7714715050645409,0.4486413253666155,0,Interleaved
328,128,0,0.6951016878396694,0.35003781648940796,0,Interleaved
329,129,0,0.2155935889569605,0.43420365132778604,0,Interleaved
330,130,0,0.19319937615757748,0.5377092899550798,0,Interleaved
331,131,0,0.39890700730500983,0.4559441149991895,0,Interleaved
332,132,0,0.7427283787347674,0.4437816024308958,0,Interleaved
333,133,0,0.6772837548046491,0.4069543663104962,0,Interleaved
334,134,0,0.7991800836092746,0.46059732762610894,0,Interleaved
335,135,0,0.5923307197593322,0.5185939404357776,0,Interleaved
336,136,0,0.21903907658385682,0.4118988566390315,0,Interleaved
337,137,0,0.28276666310985943,0.4240020366815569,0,Interleaved
338,138,0,0.5955021855064679,0.450345888765069,0,Interleaved
339,139,0,0.43348584452594013,0.3555601515318942,0,Interleaved
340,140,0,0.8361313528892015,0.4658997979174345,0,Interleaved
341,141,0,0.7322220478958723,0.3929493339491188,0,Interleaved
342,142,0,0.6018115986573569,0.4768122377562745,0,Interleaved
343,143,0,0.31037231607402205,0.40638041783396023,0,Interleaved
344,144,0,0.25869105427614625,0.4019586714938046,0,Interleaved
345,145,0,0.8081858807295016,0.3909034273292886,0,Interleaved
346,146,0,0.7916174780625935,0.41163631931091754,0,Interleaved
347,147,0,0.2361595035906244,0.524021868641689,0,Interleaved
348,148,0,0.5623211245816336,0.32425826050844375,0,Interleaved
349,149,0,0.8404816604747241,0.27138780015257014,0,Interleaved
350,150,0,0.7806817948237911,0.45504058629481353,0,Interleaved
351,151,0,0.5359109073881938,0.3851132380338205,0,Interleaved
352,152,0,0.5405104178890896,0.398284447757624,0,Interleaved
353,153,0,0.6887574966482963,0.40257172988333245,0,Interleaved
354,154,0,0.3006619197871691,0.356597382958584,0,Interleaved
355,155,0,0.8031962882603577,0.5247824576545013,0,Interleaved
356,156,0,0.5987693529028851,0.2805558552658858,0,Interleaved
357,157,0,0.4367961871200515,0.38642883122073945,0,Interleaved
358,158,0,0.9006394053715532,0.32929920896513487,0,Interleaved
359,159,0,0.6821377162420708,0.3429099556373778,0,Interleaved
360,160,0,0.653386510377651,0.3382831346089612,0,Interleaved
361,161,0,0.2895277960079535,0.47011302476121736,0,Interleaved
362,162,0,0.5733901153948171,0.6161138253645839,0,Interleaved
363,163,0,0.7156255303039034,0.4481816687816256,0,Interleaved
364,164,0,0.5537811500825325,0.386298836652216,0,Interleaved
365,165,0,0.5468447785547959,0.48232163010074225,0,Interleaved
366,166,0,0.6512665264886496,0.3877427676281985,0,Interleaved
367,167,0,0.4372629303875449,0.36410835019508003,0,Interleaved
368,168,0,0.3760709262216861,0.4483002972149171,0,Interleaved
369,169,0,0.6485114821744568,0.3566856779444719,0,Interleaved
370,170,0,0.7829039949217482,0.4171882695121838,0,Interleaved
371,171,0,0.61697483511521,0.5324972327948085,0,Interleaved
372,172,0,0.6994350401450956,0.34617420221856243,0,Interleaved
373,173,0,0.6867912495795889,0.3853042587050852,0,Interleaved
374,174,0,0.6531710723616831,0.4495597202782033,0,Interleaved
375,175,0,0.6347261716199533,0.5002016037973097,0,Interleaved
376,176,0,0.8904796992273439,0.34945570290282935,0,Interleaved
377,177,0,0.6679328982622896,0.3898303885996788,0,Interleaved
378,178,0,0.9345154879828201,0.6971281876775451,0,Interleaved
379,179,0,0.8235671298457139,0.30860325778623454,0,Interleaved
380,180,0,0.5061372517664935,0.4811780106409974,0,Interleaved
381,181,0,0.9646030930877874,0.34846431442879544,0,Interleaved
382,182,0,0.9598380180517174,0.3460448188191735,0,Interleaved
383,183,0,0.5484217859557534,0.627974127620781,0,Interleaved
384,184,0,0.4285229127863875,0.5456850388025597,0,Interleaved
385,185,0,0.5374692438637999,0.4484225689771086,0,Interleaved
386,186,0,0.699483367153682,0.3877493841983157,0,Interleaved
387,187,0,0.42704340831778426,0.5096301637550196,0,Interleaved
388,188,0,0.47304797681931254,0.5297448058982636,0,Interleaved
389,189,0,0.9311697932154299,0.34707631500165526,0,Interleaved
390,190,0,0.7585920884525362,0.351164616739528,0,Interleaved
391,191,0,0.15364642182827207,0.3109191594340591,0,Interleaved
392,192,0,0.6844634902049596,0.4213974333351398,0,Interleaved
393,193,0,0.595465291483926,0.5291955398204911,0,Interleaved
394,194,0,0.6361820057758836,0.4420168279158237,0,Interleaved
395,195,0,0.7848711895865144,0.3729738491216666,0,Interleaved
396,196,0,0.37685930714316584,0.4166607840218326,0,Interleaved
397,197,0,0.6965555143609237,0.3501712751618228,0,Interleaved
398,198,0,0.7305656814630405,0.4117153282941326,0,Interleaved
399,199,0,0.7785518848383206,0.37882139817994437,0,Interleaved
400,0,0,0.5018195992277122,0.6073045254935967,0,Instructed
401,1,0,0.28178040035444485,0.8540342809003649,0,Instructed
402,2,0,0.48682298435460525,0.6826313185415509,0,Instructed
403,3,0,0.7023288340825267,0.38593735743358,0,Instructed
404,4,0,0.6762597524333525,0.3366990820566366,0,Instructed
405,5,0,0.6409005218620691,0.5985361265431678,0,Instructed
406,6,0,0.6130332141182843,0.4885445027636367,0,Instructed
407,7,0,0.8165862762203433,0.40237792144408857,0,Instructed
408,8,0,0.3693152551743151,0.44521333662713025,0,Instructed
409,9,0,0.09443370340417238,0.4387340103695685,0,Instructed
410,10,0,0.5692220560487857,0.3671294640135867,0,Instructed
411,11,0,0.5747727494855872,0.4850510741135338,0,Instructed
412,12,0,0.6937356298023316,0.4484375354147738,0,Instructed
413,13,0,0.4180428214703461,0.34357552931505564,0,Instructed
414,14,0,0.895254062508594,0.522278218171805,0,Instructed
415,15,0,0.6608947128231797,0.44262700857055987,0,Instructed
416,16,0,0.07702762020825932,0.40288685590252676,0,Instructed
417,17,0,0.4059120557921907,0.5344125329519395,0,Instructed
418,18,0,0.8956827134021498,0.4295314275139309,0,Instructed
419,19,0,0.44231673062145577,0.49127883040469367,0,Instructed
420,20,0,0.2745545348034222,0.516562698437971,0,Instructed
421,21,0,0.8510706724335214,0.38258569817006277,0,Instructed
422,22,0,0.4990108843465191,0.4432379748599986,0,Instructed
423,23,0,0.7773451185672837,0.38758067693083387,0,Instructed
424,24,0,0.4097518493788727,0.573306760086789,0,Instructed
425,25,0,0.9247416744913082,0.33196649037552606,0,Instructed
426,26,0,0.5226012605685493,0.6534910936892329,0,Instructed
427,27,0,0.7593059849223207,0.39651882604608873,0,Instructed
428,28,0,0.5999757479506951,0.37638311843830086,0,Instructed
429,29,0,0.27324507899344325,0.3933254401985642,0,Instructed
430,30,0,0.5813677205969913,0.3056718548720385,0,Instructed
431,31,0,0.929399658135649,0.36777982223090033,0,Instructed
432,32,0,0.5218562441730573,0.4056062345802154,0,Instructed
433,33,0,0.19271191378803074,0.5058730534468031,0,Instructed
434,34,0,0.6766395951511572,0.2976841574785166,0,Instructed
435,35,0,0.5132915984208837,0.37346731897074337,0,Instructed
436,36,0,0.8127965466509757,0.514910547873704,0,Instructed
437,37,0,0.12303906640926023,0.49621622203220894,0,Instructed
438,38,0,0.17458670112455799,0.3687321063254494,0,Instructed
439,39,0,0.5894753342452804,0.38947916129307103,0,Instructed
440,40,0,0.22946024511657903,0.3777079163020764,0,Instructed
441,41,0,0.38554348574815944,0.3820807796994323,0,Instructed
442,42,0,0.6204009145924528,0.2994912307770514,0,Instructed
443,43,0,0.732763027641472,0.2903187775720373,0,Instructed
444,44,0,0.3954861850788598,0.502153652641707,0,Instructed
445,45,0,0.7279934353480493,0.4142393552050577,0,Instructed
446,46,0,0.40081688989782915,0.44783504970497,0,Instructed
447,47,0,0.4603988103625275,0.4570111049654771,0,Instructed
448,48,0,0.50840224403338,0.5145334549965684,0,Instructed
449,49,0,0.14246866409873846,0.5062098692869652,0,Instructed
450,50,0,0.2212124753997422,0.3451229502417676,0,Instructed
451,51,0,0.45413121444653315,0.24922752514375812,0,Instructed
452,52,0,0.23025158312753286,0.3957148417382732,0,Instructed
453,53,0,0.8280228905240644,0.3477506087639063,0,Instructed
454,54,0,0.7778776413969942,0.28988463906387096,0,Instructed
455,55,0,0.9080883353480169,0.30528972996240217,0,Instructed
456,56,0,0.2534876516335412,0.2782038693882135,0,Instructed
457,57,0,0.8470553041718352,0.44066770035690184,0,Instructed
458,58,0,0.3538646971053185,0.35496681677825204,0,Instructed
459,59,0,0.1771120685660899,0.2703065450174677,0,Instructed
460,60,0,0.5226400823172832,0.39538119630490526,0,Instructed
461,61,0,0.32721826749794664,0.3237993765989109,0,Instructed
462,62,0,0.41387516508764977,0.3941727108798275,0,Instructed
463,63,0,0.2666311907384954,0.37125817921194976,0,Instructed
464,64,0,0.47516822086069904,0.3414174503518488,0,Instructed
465,65,0,0.5931947847645598,0.4105771730058344,0,Instructed
466,66,0,0.6077486218316823,0.435727411491308,0,Instructed
467,67,0,0.37768129059191363,0.3401028948543703,0,Instructed
468,68,0,0.31259546503174146,0.2969661354983839,0,Instructed
469,69,0,0.6335366955552746,0.24753004071833803,0,Instructed
470,70,0,0.5838130252963192,0.3289196393725991,0,Instructed
471,71,0,0.8535907127420503,0.43267395585125334,0,Instructed
472,72,0,0.5599657130213742,0.3922322756490899,0,Instructed
473,73,0,0.8890178477470319,0.2746270626736852,0,Instructed
474,74,0,0.42499049593027666,0.43578854739625816,0,Instructed
475,75,0,0.14476818553578527,0.5425272832992573,0,Instructed
476,76,0,0.6828533523978412,0.4520315109010081,0,Instructed
477,77,0,0.899466216915072,0.4029459241524508,0,Instructed
478,78,0,0.8366773023729053,0.2542493972767297,0,Instructed
479,79,0,0.7734887934923889,0.3698072585957154,0,Instructed
480,80,0,0.8502299252197763,0.4094453521447797,0,Instructed
481,81,0,0.7110355658761504,0.3382931382169054,0,Instructed
482,82,0,0.3362743443459013,0.3273192546047066,0,Instructed
483,83,0,0.8832043327172556,0.28236444996785637,0,Instructed
484,84,0,0.39768518252999185,0.36301435719115405,0,Instructed
485,85,0,0.8977779495990751,0.30879444928236144,0,Instructed
486,86,0,0.16535205864263916,0.3422445856718515,0,Instructed
487,87,0,0.17309614469820217,0.3674358701856886,0,Instructed
488,88,0,0.23406752042495763,0.26235860397564353,0,Instructed
489,89,0,0.47475774788304226,0.41256194689687237,0,Instructed
490,90,0,0.8298489439101042,0.43882626949103687,0,Instructed
491,91,0,0.4713129366135036,0.3243411278197442,0,Instructed
492,92,0,0.862632862313433,0.3946794194363077,0,Instructed
493,93,0,0.5112190281990705,0.502572877292869,0,Instructed
494,94,0,0.8363270320723033,0.41087740490222713,0,Instructed
495,95,0,0.39656624297013676,0.3767895214940171,0,Instructed
496,96,0,0.9248089057703281,0.3247442027297881,0,Instructed
497,97,0,0.8294072444514758,0.33734047585436355,0,Instructed
498,98,0,0.7960299268291695,0.316627299124652,0,Instructed
499,99,0,0.6936001402668506,0.31886441752060846,0,Instructed
500,100,0,0.876723951198356,0.4501733187842923,0,Instructed
501,101,0,0.4093192352241109,0.4722331375363167,0,Instructed
502,102,0,0.18413206307759966,0.4003739652040725,0,Instructed
503,103,0,0.3978886257334583,0.5089943140190355,0,Instructed
504,104,0,0.1415290632282055,0.3397718838476356,0,Instructed
505,105,0,0.6232392040446579,0.4221092720195676,0,Instructed
506,106,0,0.6473930574582865,0.3645239951251841,0,Instructed
507,107,0,0.8795294283785792,0.361117400775242,0,Instructed
508,108,0,0.8154389447183114,0.26148570647490516,0,Instructed
509,109,0,0.4018548530165859,0.3877370711743319,0,Instructed
510,110,0,0.14807396197402053,0.406139244327383,0,Instructed
511,111,0,0.5641673108951812,0.2685097318820026,0,Instructed
512,112,0,0.24388605158597712,0.44420412806220433,0,Instructed
513,113,0,0.5590828357021306,0.3545275933318919,0,Instructed
514,114,0,0.8121567571675932,0.4481000279990677,0,Instructed
515,115,0,0.7887472643955458,0.2907810049021677,0,Instructed
516,116,0,0.22119459105683428,0.36428452206665046,0,Instructed
517,117,0,0.3239173910561536,0.36834989341798896,0,Instructed
518,118,0,0.26332162407153265,0.4046984749378306,0,Instructed
519,119,0,0.6098597927787648,0.22006716797448841,0,Instructed
520,120,0,0.6311208688807828,0.28943421399217184,0,Instructed
521,121,0,0.2003857624044501,0.3716228896239782,0,Instructed
522,122,0,0.7415791736877236,0.27100439847839686,0,Instructed
523,123,0,0.6506092518455411,0.29631952577389703,0,Instructed
524,124,0,0.8696696207777477,0.3075393229784923,0,Instructed
525,125,0,0.6259643687252632,0.2550473990707457,0,Instructed
526,126,0,0.2845767642565613,0.31294186462743734,0,Instructed
527,127,0,0.9074184328771392,0.2993934094202398,0,Instructed
528,128,0,0.2897571844959433,0.2470771683752549,0,Instructed
529,129,0,0.3555667311789192,0.3037327733637838,0,Instructed
530,130,0,0.6487779377110133,0.32955306908743165,0,Instructed
531,131,0,0.5871668169465881,0.41495999287750823,0,Instructed
532,132,0,0.8340263845626661,0.34842557626414666,0,Instructed
533,133,0,0.7978073916280415,0.38573107278998914,0,Instructed
534,134,0,0.3398638664304613,0.36763025846446307,0,Instructed
535,135,0,0.30785802237655585,0.3410169577686535,0,Instructed
536,136,0,0.28644944455441845,0.3669862393690576,0,Instructed
537,137,0,0.3226963524696873,0.3740620249782686,0,Instructed
538,138,0,0.627798716265958,0.3140059603981988,0,Instructed
539,139,0,0.5115631609547143,0.36506786995533475,0,Instructed
540,140,0,0.5379205577858168,0.252706174568714,0,Instructed
541,141,0,0.9398957860281087,0.33509672052494865,0,Instructed
542,142,0,0.4028016527162797,0.34354520652928605,0,Instructed
543,143,0,0.7730639916539706,0.28384274176451596,0,Instructed
544,144,0,0.8468485207882299,0.35970493267800174,0,Instructed
545,145,0,0.15539603954894232,0.3505810762520605,0,Instructed
546,146,0,0.407335595060328,0.35672978757674023,0,Instructed
547,147,0,0.8083959937206426,0.2658547575675676,0,Instructed
548,148,0,0.613323579114081,0.2880157919596983,0,Instructed
549,149,0,0.7544430419561664,0.3701045436781918,0,Instructed
550,150,0,0.7490748505986327,0.26568836079413516,0,Instructed
551,151,0,0.911570614215427,0.3997283397917163,0,Instructed
552,152,0,0.148090277348308,0.4413935785945008,0,Instructed
553,153,0,0.5589367099589369,0.28690424214650156,0,Instructed
554,154,0,0.5739722051245888,0.3875198160918018,0,Instructed
555,155,0,0.9571885199671182,0.24935980821177833,0,Instructed
556,156,0,0.26400473769963895,0.3761444967724651,0,Instructed
557,157,0,0.6665880145316722,0.40196477495199,0,Instructed
558,158,0,0.2479348319225385,0.298553434768056,0,Instructed
559,159,0,0.262667665855392,0.3349787953917641,0,Instructed
560,160,0,0.6977471720577229,0.31392445142083925,0,Instructed
561,161,0,0.2749432650902188,0.37857895387561674,0,Instructed
562,162,0,0.5874776753722384,0.32052578278026755,0,Instructed
563,163,0,0.4139843837101477,0.27508446281080273,0,Instructed
564,164,0,0.8152746949706836,0.27530817895947524,0,Instructed
565,165,0,0.7873039055030151,0.29457163110737494,0,Instructed
566,166,0,0.2874080766540266,0.2683045496441115,0,Instructed
567,167,0,0.7965525879734784,0.4050120896778067,0,Instructed
568,168,0,0.7759493195674603,0.3215242043610541,0,Instructed
569,169,0,0.6078238743877745,0.31001584957486844,0,Instructed
570,170,0,0.23766145460987304,0.3106231892925465,0,Instructed
571,171,0,0.8051359514736123,0.3127007907143814,0,Instructed
572,172,0,0.9077915088857442,0.24384538245432627,0,Instructed
573,173,0,0.8330566367136603,0.3676903731167741,0,Instructed
574,174,0,0.6437757615569037,0.35649238385230986,0,Instructed
575,175,0,0.6722734242066251,0.34621788773042006,0,Instructed
576,176,0,0.46584142990246513,0.2378497995918027,0,Instructed
577,177,0,0.3932505610255646,0.32054454004907834,0,Instructed
578,178,0,0.6320601909826483,0.379405856944245,0,Instructed
579,179,0,0.8260845133645809,0.43377261314495374,0,Instructed
580,180,0,0.16315170392604417,0.26641470795124567,0,Instructed
581,181,0,0.2609344268039216,0.31759507016973,0,Instructed
582,182,0,0.9005588091404495,0.2592252118900785,0,Instructed
583,183,0,0.9049428400084784,0.2912485395386001,0,Instructed
584,184,0,0.5557918182992119,0.26755688680659095,0,Instructed
585,185,0,0.7367377319694494,0.43100223957490497,0,Instructed
586,186,0,0.6916156379331946,0.2700090287082091,0,Instructed
587,187,0,0.9327676282947479,0.26349008617075437,0,Instructed
588,188,0,0.3880460910243583,0.28983912772649856,0,Instructed
589,189,0,0.4632693321945933,0.3341224426650223,0,Instructed
590,190,0,0.19113376500185442,0.4202226472017233,0,Instructed
591,191,0,0.10528032200768554,0.2773057340435231,0,Instructed
592,192,0,0.8263291468492745,0.30833097946789134,0,Instructed
593,193,0,0.7034492724989122,0.2821036070743243,0,Instructed
594,194,0,0.8420702492928623,0.3234218468778377,0,Instructed
595,195,0,0.25164523685619605,0.36947879668982153,0,Instructed
596,196,0,0.6516241713099238,0.34107768191834076,0,Instructed
597,197,0,0.9495462849678442,0.33312893921522285,0,Instructed
598,198,0,0.5946129331080033,0.34165270340551135,0,Instructed
599,199,0,0.1146434926721981,0.37768651750617055,0,Instructed
600,0,0,0.631407161279587,0.5681319801902365,1,Blocked
601,1,0,0.26130999572093455,0.5729678732295544,1,Blocked
602,2,0,0.8428337780759281,0.5057147147712637,1,Blocked
603,3,0,0.4762306305701005,0.5017717536343012,1,Blocked
604,4,0,0.36944326984307974,0.5098259041222182,1,Blocked
605,5,0,0.6909724266912327,0.4678506101090137,1,Blocked
606,6,0,0.536888638684609,0.55750153536414,1,Blocked
607,7,0,0.8596207955254216,0.38680337589061536,1,Blocked
608,8,0,0.8163546999359718,0.611947605328057,1,Blocked
609,9,0,0.3549044142438499,0.5547836720145092,1,Blocked
610,10,0,0.5633460109067105,0.6504903657618704,1,Blocked
611,11,0,0.9676382461563828,0.4803722446782891,1,Blocked
612,12,0,0.9673966270368985,0.3309256807338592,1,Blocked
613,13,0,0.9648118434492017,0.4041195795841055,1,Blocked
614,14,0,0.9885673625776086,0.5773546208874549,1,Blocked
615,15,0,0.06845301523472119,0.560996862412738,1,Blocked
616,16,0,0.047338371585333744,0.621306317472764,1,Blocked
617,17,0,0.07958199367930831,0.5146471927496113,1,Blocked
618,18,0,0.2029826832454077,0.6707172158979005,1,Blocked
619,19,0,0.4119060675622731,0.3679205083266369,1,Blocked
620,20,0,0.7203553958658768,0.6380483462776682,1,Blocked
621,21,0,0.7391035901617944,0.4928158222048207,1,Blocked
622,22,0,0.6240453281649578,0.5105882685574618,1,Blocked
623,23,0,0.7350092151322023,0.6407317910665127,1,Blocked
624,24,0,0.7124367983151814,0.32658535001748823,1,Blocked
625,25,0,0.8757218741118432,0.4563909707008472,1,Blocked
626,26,0,0.449294315498871,0.39153512408214164,1,Blocked
627,27,0,0.7478770573288223,0.3459149906566634,1,Blocked
628,28,0,0.8707560629182344,0.6243394962440456,1,Blocked
629,29,0,0.9140834612628039,0.5971377983657202,1,Blocked
630,30,0,0.8640076144973332,0.32933998144162246,1,Blocked
631,31,0,0.338439675724107,0.4262607415057392,1,Blocked
632,32,0,0.5173058874374707,0.5816331056295125,1,Blocked
633,33,0,0.503901613443708,0.3584270756135354,1,Blocked
634,34,0,0.5334467419676941,0.39707585978029775,1,Blocked
635,35,0,0.6200639926343916,0.35244034193749174,1,Blocked
636,36,0,0.8313908507191644,0.4853887894524006,1,Blocked
637,37,0,0.8643781557839674,0.37195392830765783,1,Blocked
638,38,0,0.8542656553215279,0.4923059759973383,1,Blocked
639,39,0,0.2115754447352185,0.4960121658037626,1,Blocked
640,40,0,0.4227419015845804,0.5109958660472544,1,Blocked
641,41,0,0.44976278801345093,0.43781558716114977,1,Blocked
642,42,0,0.22448559366543938,0.5031695405526875,1,Blocked
643,43,0,0.38692309875891107,0.5018080542166977,1,Blocked
644,44,0,0.461236278951179,0.5021058942185946,1,Blocked
645,45,0,0.4065296068038363,0.5165483839319307,1,Blocked
646,46,0,0.39516734406234166,0.3219039644393859,1,Blocked
647,47,0,0.3620962528643191,0.4030892281270153,1,Blocked
648,48,0,0.4796419150340161,0.5085498220517658,1,Blocked
649,49,0,0.48275746351910725,0.5216412708526259,1,Blocked
650,50,0,0.4974174233735179,0.6948412875328738,1,Blocked
651,51,0,0.5409927563695812,0.4076811412186201,1,Blocked
652,52,0,0.2969338379054021,0.5809635615923231,1,Blocked
653,53,0,0.42454480842796105,0.44118359942678115,1,Blocked
654,54,0,0.5344221880231249,0.44282630446292504,1,Blocked
655,55,0,0.4325229462499422,0.37568057428991003,1,Blocked
656,56,0,0.5104852937999027,0.4902243044993202,1,Blocked
657,57,0,0.1736198480298938,0.5208200076322048,1,Blocked
658,58,0,0.5270618334257154,0.519154764345767,1,Blocked
659,59,0,0.484575651846221,0.47378481113314913,1,Blocked
660,60,0,0.5074659144232644,0.46918352378183936,1,Blocked
661,61,0,0.560686700564675,0.4894716034672195,1,Blocked
662,62,0,0.5509309595985447,0.3985817873878253,1,Blocked
663,63,0,0.691448230216929,0.43489985481360705,1,Blocked
664,64,0,0.6040000508656146,0.3760639743927493,1,Blocked
665,65,0,0.34579655421481187,0.5087191767954238,1,Blocked
666,66,0,0.6637386090926966,0.4775172453272962,1,Blocked
667,67,0,0.5780613474106102,0.3473514860954321,1,Blocked
668,68,0,0.38630342250148747,0.36237410282210303,1,Blocked
669,69,0,0.2632152771424912,0.41947244296241004,1,Blocked
670,70,0,0.3083161417224884,0.45316557327812657,1,Blocked
671,71,0,0.6202889825578748,0.4114297052016711,1,Blocked
672,72,0,0.5939613000004902,0.37430288116749716,1,Blocked
673,73,0,0.8265279160371353,0.5235768489399901,1,Blocked
674,74,0,0.6813264875244649,0.5108313733174649,1,Blocked
675,75,0,0.4905519455926509,0.521041061131641,1,Blocked
676,76,0,0.4888973157554012,0.537927247092397,1,Blocked
677,77,0,0.5851826250643234,0.4364789845926449,1,Blocked
678,78,0,0.6152928025195821,0.436018541044291,1,Blocked
679,79,0,0.7881912898403018,0.4897494633214743,1,Blocked
680,80,0,0.8340439250097741,0.2822706762933652,1,Blocked
681,81,0,0.07083627909072146,0.6300076980120791,1,Blocked
682,82,0,0.5379186030282345,0.35154967005792115,1,Blocked
683,83,0,0.7327019311540983,0.5652277382374394,1,Blocked
684,84,0,0.4526618347446765,0.4362005416113178,1,Blocked
685,85,0,0.44210433996422327,0.38910042829159575,1,Blocked
686,86,0,0.7642836437784987,0.4003881707656267,1,Blocked
687,87,0,0.6330826177553658,0.33481768219551405,1,Blocked
688,88,0,0.6170438028389695,0.3684588387595781,1,Blocked
689,89,0,0.48619480794375713,0.4083610376670645,1,Blocked
690,90,0,0.31821893106250143,0.5362328354292367,1,Blocked
691,91,0,0.8205848419404225,0.35185472552281777,1,Blocked
692,92,0,0.1151338750039507,0.4889736493794844,1,Blocked
693,93,0,0.13113414935173606,0.5220172182514851,1,Blocked
694,94,0,0.8649138549172699,0.3841661685156925,1,Blocked
695,95,0,0.3658654103065607,0.4620107296895146,1,Blocked
696,96,0,0.1170005254084512,0.45293116833885333,1,Blocked
697,97,0,0.807808734476078,0.4310323511323123,1,Blocked
698,98,0,0.8735877949629052,0.35103286117066224,1,Blocked
699,99,0,0.6691522859237417,0.34381870044903196,1,Blocked
700,100,0,0.6553407849125878,0.3660082304659953,1,Blocked
701,101,0,0.8888504670965907,0.35643479529385835,1,Blocked
702,102,0,0.8421445279967026,0.32741410371890833,1,Blocked
703,103,0,0.9199741012912699,0.44719408681428435,1,Blocked
704,104,0,0.5117423984825096,0.36918825218188156,1,Blocked
705,105,0,0.9648350564609864,0.44222873447433186,1,Blocked
706,106,0,0.5496025850133058,0.47884901306903466,1,Blocked
707,107,0,0.9942450950785251,0.305778192288247,1,Blocked
708,108,0,0.004897226353235839,0.700798192940531,1,Blocked
709,109,0,0.2839198836971226,0.4526864751833779,1,Blocked
710,110,0,0.5152530008880241,0.2919422280530117,1,Blocked
711,111,0,0.5563997951740779,0.27995363458040645,1,Blocked
712,112,0,0.5949580218784393,0.29152676460452087,1,Blocked
713,113,0,0.6203557857298592,0.4739544277381881,1,Blocked
714,114,0,0.4943427109491011,0.42661297575748475,1,Blocked
715,115,0,0.43917308228810514,0.5477120447937223,1,Blocked
716,116,0,0.8523529855855745,0.34501124907444114,1,Blocked
717,117,0,0.5525791080883962,0.44373823694418013,1,Blocked
718,118,0,0.370706298000557,0.4520406276176822,1,Blocked
719,119,0,0.529189441162554,0.46777245358047026,1,Blocked
720,120,0,0.07673913832174133,0.532761117446477,1,Blocked
721,121,0,0.4221978837556443,0.3077237984169364,1,Blocked
722,122,0,0.5958492035300398,0.36699232714067054,1,Blocked
723,123,0,0.30777554627955483,0.4648719402980809,1,Blocked
724,124,0,0.38877773318811837,0.5075415965578942,1,Blocked
725,125,0,0.38586207427959884,0.45451079564159336,1,Blocked
726,126,0,0.23076398064022108,0.4674531722675047,1,Blocked
727,127,0,0.31679883182982965,0.3846206427105793,1,Blocked
728,128,0,0.3150256609338143,0.3918058060315094,1,Blocked
729,129,0,0.5501542712183727,0.4039534317459994,1,Blocked
730,130,0,0.4914440715627503,0.31196638438175744,1,Blocked
731,131,0,0.5158592314771313,0.3346561688696267,1,Blocked
732,132,0,0.5259760632418294,0.42502457817894607,1,Blocked
733,133,0,0.5697954158617271,0.3829609792363313,1,Blocked
734,134,0,0.37636914240172403,0.46618688284614196,1,Blocked
735,135,0,0.5583147379880706,0.5165044569650123,1,Blocked
736,136,0,0.7103529151549304,0.46578857240031146,1,Blocked
737,137,0,0.34860690582388765,0.39805889131834743,1,Blocked
738,138,0,0.6396117937966186,0.336095959515027,1,Blocked
739,139,0,0.29877026836727416,0.37023927762984365,1,Blocked
740,140,0,0.70381791045111,0.37205300382345113,1,Blocked
741,141,0,0.6079637975803698,0.45385298755375936,1,Blocked
742,142,0,0.45664204195162617,0.31160829923650946,1,Blocked
743,143,0,0.875871655992712,0.4255766547585811,1,Blocked
744,144,0,0.39521894573221533,0.3794112185177496,1,Blocked
745,145,0,0.46008893080240587,0.35962732968247546,1,Blocked
746,146,0,0.1864808903898911,0.538677470420293,1,Blocked
747,147,0,0.48482973108176763,0.28445064962853794,1,Blocked
748,148,0,0.6886046208354195,0.38240089096098756,1,Blocked
749,149,0,0.5390544753363788,0.42004856320984246,1,Blocked
750,150,0,0.44693378811608153,0.3824538155593027,1,Blocked
751,151,0,0.7101121371919608,0.36755383694220733,1,Blocked
752,152,0,0.676905097550512,0.41539757488915674,1,Blocked
753,153,0,0.6954508665354514,0.3810209839029281,1,Blocked
754,154,0,0.4573662744478978,0.40034913576396636,1,Blocked
755,155,0,0.3097311696342862,0.46039073019760607,1,Blocked
756,156,0,0.638573974345622,0.5103228568905962,1,Blocked
757,157,0,0.8276696931670149,0.2585849879404104,1,Blocked
758,158,0,0.5155576897456442,0.3087746048232719,1,Blocked
759,159,0,0.37645999497432286,0.34765058376487756,1,Blocked
760,160,0,0.2917981818265596,0.41852105878150203,1,Blocked
761,161,0,0.09510755524396326,0.34432829066428267,1,Blocked
762,162,0,0.5928619881026743,0.3637632956398097,1,Blocked
763,163,0,0.29584842517128784,0.3148069367168191,1,Blocked
764,164,0,0.5726950750079907,0.44700287917352316,1,Blocked
765,165,0,0.5997665300482679,0.40154910659409504,1,Blocked
766,166,0,0.4965446279801037,0.3846223882442205,1,Blocked
767,167,0,0.5735318571738788,0.41700318656769797,1,Blocked
768,168,0,0.6827135850940619,0.2860506396651834,1,Blocked
769,169,0,0.8730066604761768,0.42422486259921804,1,Blocked
770,170,0,0.5531127593951898,0.4821870981122165,1,Blocked
771,171,0,0.7385526819621366,0.41709918887976405,1,Blocked
772,172,0,0.43233972573070006,0.3676735346241377,1,Blocked
773,173,0,0.8530480357292254,0.5429887863124051,1,Blocked
774,174,0,0.9240372285437981,0.3336155630526386,1,Blocked
775,175,0,0.5273718815313428,0.27548756531675045,1,Blocked
776,176,0,0.07889759550518319,0.41078173330116863,1,Blocked
777,177,0,0.896582297368599,0.20024193669350263,1,Blocked
778,178,0,0.3854714262350453,0.42501502221377896,1,Blocked
779,179,0,0.8041010349210613,0.3076246466848858,1,Blocked
780,180,0,0.1381455416126434,0.4160403150634523,1,Blocked
781,181,0,0.46643333912763696,0.36334846394691733,1,Blocked
782,182,0,0.5419534203868699,0.33275025836151245,1,Blocked
783,183,0,0.8966378529234682,0.3607653909759502,1,Blocked
784,184,0,0.4983300887047145,0.4364735783826941,1,Blocked
785,185,0,0.9071197952727963,0.2849607224954893,1,Blocked
786,186,0,0.4111739032920476,0.46551095615824284,1,Blocked
787,187,0,0.5213538375273461,0.3340242198306686,1,Blocked
788,188,0,0.7835121237680666,0.3342726037366597,1,Blocked
789,189,0,0.41171884991353874,0.5076153544495425,1,Blocked
790,190,0,0.6015195533635707,0.3488708365473231,1,Blocked
791,191,0,0.3663170761316287,0.49237660499191405,1,Blocked
792,192,0,0.43323453733237893,0.4349727420329467,1,Blocked
793,193,0,0.15102260793651706,0.44982636054843317,1,Blocked
794,194,0,0.7489715513320552,0.3541565641208603,1,Blocked
795,195,0,0.37718941735046185,0.45736154520992445,1,Blocked
796,196,0,0.686959939768883,0.3619122216243161,1,Blocked
797,197,0,0.49257308929342636,0.3660570795173369,1,Blocked
798,198,0,0.7745933116114337,0.40368110125359524,1,Blocked
799,199,0,0.6190900474569193,0.4040297139657951,1,Blocked
800,0,0,0.6448539710534288,0.6909860949154862,1,Interleaved
801,1,0,0.2061232331680598,0.7563101652796469,1,Interleaved
802,2,0,0.8905733389394795,0.5191066814398051,1,Interleaved
803,3,0,0.2414233768036112,0.5015107383953653,1,Interleaved
804,4,0,0.7765899342318826,0.5393061143603906,1,Interleaved
805,5,0,0.5375153120286515,0.5799204488008604,1,Interleaved
806,6,0,0.6703734803099692,0.4810717471398692,1,Interleaved
807,7,0,0.6010889506611188,0.47734110420015025,1,Interleaved
808,8,0,0.7112798042848378,0.367677160162666,1,Interleaved
809,9,0,0.3317816422836932,0.6123192098098231,1,Interleaved
810,10,0,0.3040885240713502,0.5977266034796926,1,Interleaved
811,11,0,0.5761794402508563,0.5346543153441297,1,Interleaved
812,12,0,0.30534384062498343,0.4113529807476034,1,Interleaved
813,13,0,0.23438757594110626,0.43709086948881154,1,Interleaved
814,14,0,0.263876398677046,0.506263152693895,1,Interleaved
815,15,0,0.8112790410973126,0.4201644558269032,1,Interleaved
816,16,0,0.5658581952536736,0.40994452126287506,1,Interleaved
817,17,0,0.25637449571814386,0.37295003181274444,1,Interleaved
818,18,0,0.510895845497094,0.3978941617648989,1,Interleaved
819,19,0,0.7439186193597493,0.44469973190016016,1,Interleaved
820,20,0,0.8043647019970777,0.4532117822151209,1,Interleaved
821,21,0,0.6468911159169819,0.43401074295325615,1,Interleaved
822,22,0,0.55883221517636,0.4349763689235735,1,Interleaved
823,23,0,0.37049430904297653,0.4670334543221943,1,Interleaved
824,24,0,0.8450844735195064,0.4630184000171057,1,Interleaved
825,25,0,0.38151101536172494,0.4532510455955199,1,Interleaved
826,26,0,0.15399901220219595,0.4294677090296826,1,Interleaved
827,27,0,0.44725399555789147,0.43852991601316926,1,Interleaved
828,28,0,0.501762433182867,0.44715073787644666,1,Interleaved
829,29,0,0.4386924848287238,0.3891241559978337,1,Interleaved
830,30,0,0.5816247177855229,0.42343958945678495,1,Interleaved
831,31,0,0.5934998443041327,0.4776949672306742,1,Interleaved
832,32,0,0.5460236716032837,0.5156724813759025,1,Interleaved
833,33,0,0.4559551617451777,0.3354778891033587,1,Interleaved
834,34,0,0.6045694459307179,0.389186219485957,1,Interleaved
835,35,0,0.5817173187794391,0.3836096281052512,1,Interleaved
836,36,0,0.6863288959499855,0.34349196155507095,1,Interleaved
837,37,0,0.45192564278742514,0.3460883371656893,1,Interleaved
838,38,0,0.3120377787427645,0.3790823638162475,1,Interleaved
839,39,0,0.316678419632977,0.3472660056035163,1,Interleaved
840,40,0,0.7635058674231734,0.38141258027702646,1,Interleaved
841,41,0,0.5552600896704687,0.3723794176209553,1,Interleaved
842,42,0,0.6292931116631375,0.44551969397006896,1,Interleaved
843,43,0,0.6136349424706761,0.2994128106011949,1,Interleaved
844,44,0,0.6610414189634867,0.24245263186718652,1,Interleaved
845,45,0,0.4756051800045378,0.44089675588598876,1,Interleaved
846,46,0,0.6939807644916209,0.32672637631654267,1,Interleaved
847,47,0,0.7097383853925487,0.3765864219815743,1,Interleaved
848,48,0,0.5079098596993528,0.3468751947714741,1,Interleaved
849,49,0,0.7701221399654339,0.39496797702054975,1,Interleaved
850,50,0,0.686446640298606,0.3127976581273787,1,Interleaved
851,51,0,0.8018459977192391,0.30093473974709173,1,Interleaved
852,52,0,0.3125622385469842,0.34631656844203684,1,Interleaved
853,53,0,0.6256089211579351,0.28654270016597483,1,Interleaved
854,54,0,0.4124107750770904,0.36899262064140276,1,Interleaved
855,55,0,0.6514186207479142,0.29695789416832363,1,Interleaved
856,56,0,0.40704698014761564,0.30974913803511583,1,Interleaved
857,57,0,0.25797803777643313,0.3179158445435829,1,Interleaved
858,58,0,0.7548547768201357,0.3113450376053499,1,Interleaved
859,59,0,0.6589368056487503,0.29712729777005215,1,Interleaved
860,60,0,0.7947335475872085,0.3299356481105624,1,Interleaved
861,61,0,0.5462178916190793,0.33762242155526073,1,Interleaved
862,62,0,0.8858735489563887,0.37192042952855753,1,Interleaved
863,63,0,0.5655221866807789,0.4744043831106467,1,Interleaved
864,64,0,0.37623237700547657,0.34268868590423196,1,Interleaved
865,65,0,0.28347817764324235,0.44490534770226875,1,Interleaved
866,66,0,0.9340202497338408,0.3068320999549598,1,Interleaved
867,67,0,0.4288908444929973,0.34081652142091456,1,Interleaved
868,68,0,0.23758380584686822,0.3569514706135225,1,Interleaved
869,69,0,0.4307231578372008,0.268991030352929,1,Interleaved
870,70,0,0.6598765416342174,0.34496757328806993,1,Interleaved
871,71,0,0.7172339504476826,0.3575102570275084,1,Interleaved
872,72,0,0.9246705566855364,0.2914911693410952,1,Interleaved
873,73,0,0.3298436640499304,0.40259924703139616,1,Interleaved
874,74,0,0.5904406710676369,0.3791659421597601,1,Interleaved
875,75,0,0.6781043794957814,0.3542030057601563,1,Interleaved
876,76,0,0.4102350936974467,0.33209336735996065,1,Interleaved
877,77,0,0.7576786705558993,0.3230804811293979,1,Interleaved
878,78,0,0.4368046892561419,0.3619733145489581,1,Interleaved
879,79,0,0.4672107995806634,0.4468757021562906,1,Interleaved
880,80,0,0.31526534953646945,0.27300766826503564,1,Interleaved
881,81,0,0.3442441663326143,0.33626694629475384,1,Interleaved
882,82,0,0.7204500611586168,0.29416371038071343,1,Interleaved
883,83,0,0.8743311244337619,0.35815802543317515,1,Interleaved
884,84,0,0.4612076208003546,0.3117621421836077,1,Interleaved
885,85,0,0.5425932007292001,0.41458691736481484,1,Interleaved
886,86,0,0.2093922273225948,0.4380170363745539,1,Interleaved
887,87,0,0.5995518309453308,0.3049666600984505,1,Interleaved
888,88,0,0.4755477206151619,0.3971242126125767,1,Interleaved
889,89,0,0.8442583309229369,0.35386064099775416,1,Interleaved
890,90,0,0.11435335090525187,0.3002245830709226,1,Interleaved
891,91,0,0.31866275512126213,0.28252889012265636,1,Interleaved
892,92,0,0.6564755343142373,0.29327615313655486,1,Interleaved
893,93,0,0.5835998683264341,0.23154008649651925,1,Interleaved
894,94,0,0.45983717585102707,0.4264193013401875,1,Interleaved
895,95,0,0.33260313217611104,0.4251455380627114,1,Interleaved
896,96,0,0.1654118106662741,0.4210362687050868,1,Interleaved
897,97,0,0.4700502659795999,0.4016444333215884,1,Interleaved
898,98,0,0.5160373571287009,0.2969743337255174,1,Interleaved
899,99,0,0.6227730940815424,0.4216269288892125,1,Interleaved
900,100,0,0.915275900070952,0.29693948468396514,1,Interleaved
901,101,0,0.6443140073981749,0.29700457080701265,1,Interleaved
902,102,0,0.8239276562890561,0.34919552790537167,1,Interleaved
903,103,0,0.6831062237037089,0.2779896590195504,1,Interleaved
904,104,0,0.20367987115418476,0.33489837627719976,1,Interleaved
905,105,0,0.2584135637672924,0.28767053589641767,1,Interleaved
906,106,0,0.3536744039592043,0.3404193289472561,1,Interleaved
907,107,0,0.43177446941792674,0.4175220407816156,1,Interleaved
908,108,0,0.7124313495732516,0.3774803130862425,1,Interleaved
909,109,0,0.8590389754183423,0.3263320040471991,1,Interleaved
910,110,0,0.8145125497272819,0.25014792000967834,1,Interleaved
911,111,0,0.6953861618962399,0.2525518556661681,1,Interleaved
912,112,0,0.19676309994889282,0.3851483563463079,1,Interleaved
913,113,0,0.2766617325397776,0.21880427246201953,1,Interleaved
914,114,0,0.6774147261439734,0.39269915801265515,1,Interleaved
915,115,0,0.7894871706897262,0.26067367835432725,1,Interleaved
916,116,0,0.0893425593458338,0.3770182323479689,1,Interleaved
917,117,0,0.41727408900774193,0.2643331153535188,1,Interleaved
918,118,0,0.2835269380401867,0.5586927564300066,1,Interleaved
919,119,0,0.7662356496176874,0.4336442300561847,1,Interleaved
920,120,0,0.2397630111912965,0.3384912446981312,1,Interleaved
921,121,0,0.7328325937450562,0.3504092370295875,1,Interleaved
922,122,0,0.6174438044759075,0.4464696527880886,1,Interleaved
923,123,0,0.6390380144899311,0.37559628363518904,1,Interleaved
924,124,0,0.6578118576952459,0.20226571407764143,1,Interleaved
925,125,0,0.5448261560067961,0.3046100883924242,1,Interleaved
926,126,0,0.3359642904194749,0.23947803869491063,1,Interleaved
927,127,0,0.4667838281274425,0.2797644170878375,1,Interleaved
928,128,0,0.6664890127539825,0.3835388132025417,1,Interleaved
929,129,0,0.44220777937679456,0.21266878096012717,1,Interleaved
930,130,0,0.6301183134088206,0.3315658373182948,1,Interleaved
931,131,0,0.5761651062325241,0.36900678329953596,1,Interleaved
932,132,0,0.34266047513531417,0.2924963564141689,1,Interleaved
933,133,0,0.6203145731103235,0.33510150329840455,1,Interleaved
934,134,0,0.7404043387044578,0.38482069934213237,1,Interleaved
935,135,0,0.2909980687487999,0.2848953563819572,1,Interleaved
936,136,0,0.8926222394844447,0.28256429989932363,1,Interleaved
937,137,0,0.9664488072986548,0.36477884928305815,1,Interleaved
938,138,0,0.2381231611427979,0.3147214451329166,1,Interleaved
939,139,0,0.7433702371575686,0.3557614748239307,1,Interleaved
940,140,0,0.3111838317830179,0.39365017423961934,1,Interleaved
941,141,0,0.9300610805509942,0.35125430899831733,1,Interleaved
942,142,0,0.6109094278185225,0.22589452857463108,1,Interleaved
943,143,0,0.3227678123106781,0.3046766263058659,1,Interleaved
944,144,0,0.4731604784907441,0.2849214028062004,1,Interleaved
945,145,0,0.594751099587898,0.29044357189648723,1,Interleaved
946,146,0,0.5895592358330995,0.38657779805716774,1,Interleaved
947,147,0,0.4470698007101679,0.3979734540085626,1,Interleaved
948,148,0,0.538662238492616,0.3304859897485354,1,Interleaved
949,149,0,0.8703560643289918,0.29147606614170657,1,Interleaved
950,150,0,0.4251332855711042,0.3195911375515327,1,Interleaved
951,151,0,0.4732166260649262,0.4409972856312546,1,Interleaved
952,152,0,0.457334877258872,0.3586112874551566,1,Interleaved
953,153,0,0.3569227784158826,0.3216728943109438,1,Interleaved
954,154,0,0.31570305009544863,0.3483642606277182,1,Interleaved
955,155,0,0.39651254392613394,0.4529316903120132,1,Interleaved
956,156,0,0.5409391534863212,0.2698264506956531,1,Interleaved
957,157,0,0.8155832295861964,0.24482507995785505,1,Interleaved
958,158,0,0.6964210653507898,0.31515491072454477,1,Interleaved
959,159,0,0.6996825421934899,0.3051396177886178,1,Interleaved
960,160,0,0.7011636424715098,0.257077730371388,1,Interleaved
961,161,0,0.2885990656948012,0.30500760308726227,1,Interleaved
962,162,0,0.2878466692491926,0.33769838323677476,1,Interleaved
963,163,0,0.44104222266204385,0.32695404901482233,1,Interleaved
964,164,0,0.47469077768419515,0.27284341080806407,1,Interleaved
965,165,0,0.2638253080783765,0.2546946076282398,1,Interleaved
966,166,0,0.7645102330191285,0.18262184415154778,1,Interleaved
967,167,0,0.5780108230057366,0.17725529799881246,1,Interleaved
968,168,0,0.2463758128657598,0.26796798198929883,1,Interleaved
969,169,0,0.6311448518823144,0.3645720215279899,1,Interleaved
970,170,0,0.5463274476380349,0.2633684826444086,1,Interleaved
971,171,0,0.13717435417573812,0.4340574924221873,1,Interleaved
972,172,0,0.6528940518252704,0.3048371286822574,1,Interleaved
973,173,0,0.6718807984065136,0.4744216255925743,1,Interleaved
974,174,0,0.9236256145888264,0.2749846686997549,1,Interleaved
975,175,0,0.061738029917607934,0.37916668684488264,1,Interleaved
976,176,0,0.6983696972166036,0.3985136342786185,1,Interleaved
977,177,0,0.23728071163174258,0.31171350667122055,1,Interleaved
978,178,0,0.4053893162202228,0.3296871518080963,1,Interleaved
979,179,0,0.3910238199200651,0.36384231781587717,1,Interleaved
980,180,0,0.782009995443301,0.2101634417028443,1,Interleaved
981,181,0,0.7129897194301098,0.2947511988372309,1,Interleaved
982,182,0,0.36803223203027036,0.33247732658954254,1,Interleaved
983,183,0,0.6699921795206644,0.3601144729670154,1,Interleaved
984,184,0,0.4812247519619861,0.25869335946858435,1,Interleaved
985,185,0,0.2326578090421567,0.49520239954390766,1,Interleaved
986,186,0,0.4003736359524714,0.3948589093153114,1,Interleaved
987,187,0,0.5585783430651979,0.3044009775425156,1,Interleaved
988,188,0,0.5142999582057721,0.2950348923761949,1,Interleaved
989,189,0,0.6723790602065988,0.3765202730703016,1,Interleaved
990,190,0,0.6279082893155572,0.2386424534614352,1,Interleaved
991,191,0,0.2919251027084454,0.26318089306173176,1,Interleaved
992,192,0,0.8423497547999876,0.19329236068475944,1,Interleaved
993,193,0,0.6317298671662956,0.28266907117174983,1,Interleaved
994,194,0,0.5128446807911928,0.30744084875301897,1,Interleaved
995,195,0,0.4700716023734787,0.34262759294222067,1,Interleaved
996,196,0,0.5983053075362481,0.30307908605586875,1,Interleaved
997,197,0,0.5665518841707006,0.2964194435866592,1,Interleaved
998,198,0,0.42298136156690896,0.2861430814322066,1,Interleaved
999,199,0,0.8351420159572869,0.25931091183325694,1,Interleaved
1000,0,0,0.49985767909132706,0.5642129504922108,1,Instructed
1001,1,0,0.0028041866426915243,0.6578742403942671,1,Instructed
1002,2,0,0.5532231261584345,0.43676732811376057,1,Instructed
1003,3,0,0.8414963823244813,0.5539682807097174,1,Instructed
1004,4,0,0.3524997844652831,0.46376929297878844,1,Instructed
1005,5,0,0.8767630354033992,0.38157667061663825,1,Instructed
1006,6,0,0.3018566609325938,0.5117152164482819,1,Instructed
1007,7,0,0.8792470565870056,0.39931944872722025,1,Instructed
1008,8,0,0.5038103481702465,0.38940466558977116,1,Instructed
1009,9,0,0.040769008519889474,0.49523273370376486,1,Instructed
1010,10,0,0.3241949582281061,0.5333228478940468,1,Instructed
1011,11,0,0.24238120753985948,0.5077692085621772,1,Instructed
1012,12,0,0.21416916897090887,0.5536653900642329,1,Instructed
1013,13,0,0.45397122465767337,0.5351029616659881,1,Instructed
1014,14,0,0.7301140893292113,0.46883456963861464,1,Instructed
1015,15,0,0.4534665049234885,0.3846564985196812,1,Instructed
1016,16,0,0.47381891045212243,0.40274945270889473,1,Instructed
1017,17,0,0.8597906764964902,0.3936281589553796,1,Instructed
1018,18,0,0.34782581456483497,0.41108343680381326,1,Instructed
1019,19,0,0.2672728329187736,0.3620619312677681,1,Instructed
1020,20,0,0.34631218213171966,0.3962456424513426,1,Instructed
1021,21,0,0.5603162965110342,0.38931609176973136,1,Instructed
1022,22,0,0.23809265709356475,0.44499486784483294,1,Instructed
1023,23,0,0.3101092985976531,0.4394157318147819,1,Instructed
1024,24,0,0.3774863582873201,0.45026416132425334,1,Instructed
1025,25,0,0.5428675161427999,0.352694242515608,1,Instructed
1026,26,0,0.49277085469262305,0.4352929424134505,1,Instructed
1027,27,0,0.9225083145993912,0.4347697057463843,1,Instructed
1028,28,0,0.4861079592260279,0.31296565794474096,1,Instructed
1029,29,0,0.22331917622500067,0.29664063298022014,1,Instructed
1030,30,0,0.47228462702294904,0.39019983257100854,1,Instructed
1031,31,0,0.8375743656660144,0.3969318168719589,1,Instructed
1032,32,0,0.4161180539425051,0.4572363614562984,1,Instructed
1033,33,0,0.5370745997909477,0.338640176059819,1,Instructed
1034,34,0,0.5867444245065001,0.40279436676986125,1,Instructed
1035,35,0,0.36546814419476953,0.39979465049811946,1,Instructed
1036,36,0,0.5496496960523624,0.4231615097020446,1,Instructed
1037,37,0,0.9186292312176347,0.3273783941695496,1,Instructed
1038,38,0,0.5043802804900498,0.34675464764770686,1,Instructed
1039,39,0,0.9606806222477705,0.23462721098949377,1,Instructed
1040,40,0,0.3499706115104469,0.33863221373875446,1,Instructed
1041,41,0,0.6068114846992718,0.3477549901407665,1,Instructed
1042,42,0,0.47673029178048376,0.37469755114886183,1,Instructed
1043,43,0,0.5546789189999316,0.380134660841728,1,Instructed
1044,44,0,0.39919159929405795,0.4734581579064473,1,Instructed
1045,45,0,0.6728204891662967,0.4144394775314286,1,Instructed
1046,46,0,0.441415280514663,0.36279200149740015,1,Instructed
1047,47,0,0.25335554631267293,0.43891535024212247,1,Instructed
1048,48,0,0.516960904974207,0.34273563874258905,1,Instructed
1049,49,0,0.7309660170050525,0.37236518875062363,1,Instructed
1050,50,0,0.21059891418784277,0.376415391044025,1,Instructed
1051,51,0,0.7176630473263623,0.450143115066736,1,Instructed
1052,52,0,0.23515675906080202,0.35062136215235795,1,Instructed
1053,53,0,0.9149296260887421,0.36780831130917224,1,Instructed
1054,54,0,0.4219402541206808,0.4009322705296,1,Instructed
1055,55,0,0.7359540414161094,0.3444620903132507,1,Instructed
1056,56,0,0.4382058843459759,0.47386023305593383,1,Instructed
1057,57,0,0.650665807145524,0.3154776286567298,1,Instructed
1058,58,0,0.4960944549530386,0.4330177488898364,1,Instructed
1059,59,0,0.7638376120850252,0.34055055669194845,1,Instructed
1060,60,0,0.5013297404364846,0.46349600177018935,1,Instructed
1061,61,0,0.13387998245916366,0.3435183630852916,1,Instructed
1062,62,0,0.46429227380145827,0.45852799386284665,1,Instructed
1063,63,0,0.8856306201625546,0.33940477746626474,1,Instructed
1064,64,0,0.4197585243104192,0.44095986241385493,1,Instructed
1065,65,0,0.9024168753550226,0.23775128109740845,1,Instructed
1066,66,0,0.6164322185999569,0.3976545158731778,1,Instructed
1067,67,0,0.52829595882693,0.5093400898952578,1,Instructed
1068,68,0,0.557826992285292,0.32388219476910807,1,Instructed
1069,69,0,0.904562527702598,0.28148810809448677,1,Instructed
1070,70,0,0.5587672439988769,0.339285803270561,1,Instructed
1071,71,0,0.18151257330565557,0.5049072790161397,1,Instructed
1072,72,0,0.4306976467581977,0.5775843721037488,1,Instructed
1073,73,0,0.5817128715370995,0.39309520478951443,1,Instructed
1074,74,0,0.4538005494013365,0.3450179224371614,1,Instructed
1075,75,0,0.5823055852320499,0.3112557369366899,1,Instructed
1076,76,0,0.7133556057883699,0.3201940609131368,1,Instructed
1077,77,0,0.6416033965589739,0.4300499383096116,1,Instructed
1078,78,0,0.7844384705071403,0.299797011873562,1,Instructed
1079,79,0,0.6727126747072103,0.2569125564349102,1,Instructed
1080,80,0,0.4605963267807199,0.31484235069071154,1,Instructed
1081,81,0,0.5522112193527345,0.3978179702432487,1,Instructed
1082,82,0,0.43960900906184897,0.3649749828324871,1,Instructed
1083,83,0,0.8923625065823366,0.37423997048352625,1,Instructed
1084,84,0,0.3694073370603,0.4622660853209254,1,Instructed
1085,85,0,0.6014589328247859,0.3600040362248186,1,Instructed
1086,86,0,0.5430853484244987,0.5089717685502412,1,Instructed
1087,87,0,0.7821120250688427,0.309030785772278,1,Instructed
1088,88,0,0.4031982370620262,0.41358399132104995,1,Instructed
1089,89,0,0.4583029242748101,0.3828482127743216,1,Instructed
1090,90,0,0.5694398001833041,0.3680170981927485,1,Instructed
1091,91,0,0.799601311145977,0.36126685416133375,1,Instructed
1092,92,0,0.6205849009380993,0.30705063931709986,1,Instructed
1093,93,0,0.14869586543166735,0.34377496413199704,1,Instructed
1094,94,0,0.525133477440969,0.31885078737721906,1,Instructed
1095,95,0,0.5480675035944677,0.3811105889327028,1,Instructed
1096,96,0,0.3366472132441616,0.4914870806666347,1,Instructed
1097,97,0,0.7522115054744629,0.33904168807270224,1,Instructed
1098,98,0,0.37068411102130594,0.31885960993026846,1,Instructed
1099,99,0,0.8804934500866404,0.2897451856242629,1,Instructed
1100,100,0,0.44629015082277373,0.31530867902518467,1,Instructed
1101,101,0,0.7468028730357547,0.25235387822058736,1,Instructed
1102,102,0,0.43154871654744387,0.3866937177359964,1,Instructed
1103,103,0,0.47208470404452135,0.40550523394199844,1,Instructed
1104,104,0,0.4383092968110366,0.3373194470681928,1,Instructed
1105,105,0,0.33357814314206846,0.29361790013829436,1,Instructed
1106,106,0,0.4184213830597756,0.5365126018347389,1,Instructed
1107,107,0,0.4874707477158851,0.34572923317172377,1,Instructed
1108,108,0,0.4969614673331938,0.3862546789509542,1,Instructed
1109,109,0,0.575714530686955,0.42027812059386294,1,Instructed
1110,110,0,0.309840860714585,0.34519404439725365,1,Instructed
1111,111,0,0.4828206571604398,0.30943146930200804,1,Instructed
1112,112,0,0.28643907966467436,0.3358318397943579,1,Instructed
1113,113,0,0.705764112270279,0.28998764113010556,1,Instructed
1114,114,0,0.7116972017072571,0.35747401255120737,1,Instructed
1115,115,0,0.3180260907472551,0.37275221214968557,1,Instructed
1116,116,0,0.5444499383869249,0.29875144601064085,1,Instructed
1117,117,0,0.41523898521984026,0.29174807572755124,1,Instructed
1118,118,0,0.3398945100484645,0.43503330768489257,1,Instructed
1119,119,0,0.7235997799229162,0.26196603500831017,1,Instructed
1120,120,0,0.43350234983001,0.4322595971447921,1,Instructed
1121,121,0,0.9302611306979259,0.3071075095653738,1,Instructed
1122,122,0,0.5219749301035567,0.3733063260622395,1,Instructed
1123,123,0,0.8223335850514943,0.35992326653418993,1,Instructed
1124,124,0,0.5502996811058354,0.24919741708870824,1,Instructed
1125,125,0,0.917445981638886,0.3373406455833122,1,Instructed
1126,126,0,0.5233484556538399,0.260151792153752,1,Instructed
1127,127,0,0.8380667189626606,0.29775765719345537,1,Instructed
1128,128,0,0.4736243934955721,0.4441348982058769,1,Instructed
1129,129,0,0.5475804078299147,0.3254288636516465,1,Instructed
1130,130,0,0.4902386380425836,0.36663471459883845,1,Instructed
1131,131,0,0.9223360372629741,0.29720411387952095,1,Instructed
1132,132,0,0.471214313172043,0.343800625737001,1,Instructed
1133,133,0,0.4998841703971985,0.31102458877613537,1,Instructed
1134,134,0,0.5323924663282524,0.3650322075275834,1,Instructed
1135,135,0,0.8906796721290895,0.31489410400413126,1,Instructed
1136,136,0,0.48504053320181695,0.3307988037801871,1,Instructed
1137,137,0,0.7118383588838062,0.2677306483034725,1,Instructed
1138,138,0,0.62929039596583,0.36173315829445707,1,Instructed
1139,139,0,0.6245874984995425,0.30815060563255914,1,Instructed
1140,140,0,0.6887970490612395,0.3153898069100973,1,Instructed
1141,141,0,0.5211932764946031,0.3620242786012141,1,Instructed
1142,142,0,0.35763895268789725,0.4571371905947022,1,Instructed
1143,143,0,0.7522303425500143,0.2765103405052111,1,Instructed
1144,144,0,0.42168481526214074,0.28697593972539204,1,Instructed
1145,145,0,0.442399811631775,0.29749286460855695,1,Instructed
1146,146,0,0.4451376586660373,0.2645394663936571,1,Instructed
1147,147,0,0.9161541069029531,0.29691787730050695,1,Instructed
1148,148,0,0.5014460061824139,0.30413654720069094,1,Instructed
1149,149,0,0.5276412835096539,0.3900935658913226,1,Instructed
1150,150,0,0.23748098124751005,0.321588827831396,1,Instructed
1151,151,0,0.7534905508369529,0.35135865381640907,1,Instructed
1152,152,0,0.7380791985512858,0.4000436478394688,1,Instructed
1153,153,0,0.8090285333663629,0.3307063496220285,1,Instructed
1154,154,0,0.6699553019448041,0.3761450479946107,1,Instructed
1155,155,0,0.9619732147020169,0.3870192037766994,1,Instructed
1156,156,0,0.19196986113659065,0.36058711004713473,1,Instructed
1157,157,0,0.7293631403432075,0.4581804998567358,1,Instructed
1158,158,0,0.8577415608656918,0.398925816649664,1,Instructed
1159,159,0,0.6632312322063538,0.32396402621977616,1,Instructed
1160,160,0,0.7298398617865312,0.3421161319453332,1,Instructed
1161,161,0,0.8295991432868768,0.2911698814095853,1,Instructed
1162,162,0,0.7532374241602815,0.3809420371130535,1,Instructed
1163,163,0,0.4986151754521646,0.3875666661588601,1,Instructed
1164,164,0,0.4951363852158819,0.2881869877936659,1,Instructed
1165,165,0,0.9841599457399477,0.23150158721436775,1,Instructed
1166,166,0,0.3766902027177951,0.3273794731090067,1,Instructed
1167,167,0,0.848124668179139,0.25770249410245205,1,Instructed
1168,168,0,0.46054334837463873,0.2124460017405138,1,Instructed
1169,169,0,0.6981543451758367,0.4318929488361867,1,Instructed
1170,170,0,0.4886175659729006,0.33573452703787077,1,Instructed
1171,171,0,0.2581707638291232,0.3467070175768304,1,Instructed
1172,172,0,0.8273403613986869,0.2957591315411662,1,Instructed
1173,173,0,0.6953077928963741,0.25396955130868615,1,Instructed
1174,174,0,0.9612010989424173,0.30751844591849686,1,Instructed
1175,175,0,0.32518681711588865,0.4068306332451843,1,Instructed
1176,176,0,0.7861301415650873,0.34711994580775374,1,Instructed
1177,177,0,0.43132527729923054,0.3038178784749198,1,Instructed
1178,178,0,0.49662242835812587,0.23489148390986841,1,Instructed
1179,179,0,0.5365820767161369,0.5119059379549319,1,Instructed
1180,180,0,0.5435491875407141,0.2885264150388595,1,Instructed
1181,181,0,0.6042177326688515,0.37696068291976204,1,Instructed
1182,182,0,0.7786150102550746,0.22823740381120639,1,Instructed
1183,183,0,0.25872700048112324,0.34132105335283,1,Instructed
1184,184,0,0.8265493614505115,0.3027240989286461,1,Instructed
1185,185,0,0.2692699616233614,0.4042274410562143,1,Instructed
1186,186,0,0.22457663967910174,0.28720581303284987,1,Instructed
1187,187,0,0.46735019935585514,0.5093740416037118,1,Instructed
1188,188,0,0.5317418666079405,0.4456615392762514,1,Instructed
1189,189,0,0.7205894872767006,0.19232875776081115,1,Instructed
1190,190,0,0.7695917076866456,0.2889904960983247,1,Instructed
1191,191,0,0.4568605487624591,0.4634647781287972,1,Instructed
1192,192,0,0.605806026610251,0.2905415910715988,1,Instructed
1193,193,0,0.5409404254903454,0.44094759153508867,1,Instructed
1194,194,0,0.9767810265756165,0.4071266881636832,1,Instructed
1195,195,0,0.6996266471837549,0.32504458618147297,1,Instructed
1196,196,0,0.22035587581576843,0.25399484152159846,1,Instructed
1197,197,0,0.43744756215288316,0.5254863533450218,1,Instructed
1198,198,0,0.6393111525331526,0.3290931686729195,1,Instructed
1199,199,0,0.44335837664004224,0.47249047101247976,1,Instructed
