,t,e_hat,Accuracy,pe,batch,Condition
0,0,0,0.6325000661456825,0.44676332501719235,0,Blocked
1,1,0,0.3350318227104529,0.7187978755645008,0,Blocked
2,2,0,0.8188746079947371,0.5552013719397448,0,Blocked
3,3,0,0.4919138163394418,0.8676619905183292,0,Blocked
4,4,0,0.9992012911213026,0.5167389755189148,0,Blocked
5,5,0,0.0759597001849099,0.6164175683255492,0,Blocked
6,6,0,0.6384790475906365,0.5920494575558664,0,Blocked
7,7,0,0.1493699653138552,0.7562481009270492,0,Blocked
8,8,0,0.2799866563860689,0.5531308576488302,0,Blocked
9,9,0,0.8470118088533019,0.46435143810146384,0,Blocked
10,10,0,0.02006443622150391,0.5995293376752275,0,Blocked
11,11,0,0.8316825150834667,0.5120486659802435,0,Blocked
12,12,0,0.653781816015234,0.5854269360403989,0,Blocked
13,13,0,0.4740452287511653,0.7165363594665809,0,Blocked
14,14,0,0.23900625352561478,0.5686351961397965,0,Blocked
15,15,0,0.4396030615833347,0.665824105142123,0,Blocked
16,16,0,0.4111395239097171,0.5508856301787515,0,Blocked
17,17,0,0.36120039883759997,0.5304138428197345,0,Blocked
18,18,0,0.2810752575209649,0.6262524895459103,0,Blocked
19,19,0,0.3095386654371579,0.5836490771213849,0,Blocked
20,20,0,0.4309746054448128,0.5719191883283534,0,Blocked
21,21,0,0.8836557413670587,0.7026268787844434,0,Blocked
22,22,0,0.6648264489249236,0.49679850136453735,0,Blocked
23,23,0,0.5553045986073848,0.7395059224872191,0,Blocked
24,24,0,0.5496802023404093,0.6178590397518859,0,Blocked
25,25,0,0.23159920194549777,0.6575534392053435,0,Blocked
26,26,0,0.48912084975422454,0.566297435983532,0,Blocked
27,27,0,0.1829964097186097,0.3631434510445095,0,Blocked
28,28,0,0.19190028938949427,0.4925906327048233,0,Blocked
29,29,0,0.5503001842433702,0.42401339579379255,0,Blocked
30,30,0,0.6792381690686143,0.6854354420192814,0,Blocked
31,31,0,0.5945479788629885,0.5271093969026668,0,Blocked
32,32,0,0.5518993969596115,0.5621548333120849,0,Blocked
33,33,0,0.7015184349989101,0.6677190054056634,0,Blocked
34,34,0,0.08443613448706178,0.670288855084032,0,Blocked
35,35,0,0.9145183016232337,0.5035336471490015,0,Blocked
36,36,0,0.435067938054743,0.6987811999202835,0,Blocked
37,37,0,0.05279574384438546,0.7053093534668479,0,Blocked
38,38,0,0.882051188743257,0.5374257108548235,0,Blocked
39,39,0,0.43813685913890477,0.5103895886137539,0,Blocked
40,40,0,0.43430016924388176,0.6911470216957651,0,Blocked
41,41,0,0.5130726451617147,0.6822716404608193,0,Blocked
42,42,0,0.5652871589279861,0.47988255023393633,0,Blocked
43,43,0,0.16181108698207647,0.5397365133337487,0,Blocked
44,44,0,0.6027915483545025,0.5965480405800971,0,Blocked
45,45,0,0.23753495813290557,0.677729090713469,0,Blocked
46,46,0,0.7465043209001558,0.5477284761807579,0,Blocked
47,47,0,0.5173974896826538,0.5354914132565776,0,Blocked
48,48,0,0.5829735820903079,0.5968978933810875,0,Blocked
49,49,0,0.5905745261690474,0.7149239600415889,0,Blocked
50,50,0,0.7460746559282785,0.4687869343014058,0,Blocked
51,51,0,0.09169639597238519,0.6011723264840994,0,Blocked
52,52,0,0.07793278549256852,0.7721637869499425,0,Blocked
53,53,0,0.4875246607665103,0.588348159161102,0,Blocked
54,54,0,0.03216846127968866,0.6225970856734464,0,Blocked
55,55,0,0.833791044166729,0.4422040930364156,0,Blocked
56,56,0,0.6571636606401916,0.5694672244358072,0,Blocked
57,57,0,0.5564520436279665,0.48087135651638047,0,Blocked
58,58,0,0.6123456192990069,0.42586302560321254,0,Blocked
59,59,0,0.7106317643208286,0.34202525529095573,0,Blocked
60,60,0,0.9049672742258077,0.44800813484578994,0,Blocked
61,61,0,0.3827345446631168,0.45429984704354653,0,Blocked
62,62,0,0.7449357420401196,0.5052559781098866,0,Blocked
63,63,0,0.7379844047271802,0.5320155487039941,0,Blocked
64,64,0,0.820440063458485,0.5902134650913861,0,Blocked
65,65,0,0.7670235604697277,0.4851036863350109,0,Blocked
66,66,0,0.3323480652922663,0.5389832337796606,0,Blocked
67,67,0,0.6859495351835663,0.605434150473212,0,Blocked
68,68,0,0.6688716521190039,0.4416879393401123,0,Blocked
69,69,0,0.6954567198605204,0.33991022829335693,0,Blocked
70,70,0,0.43595869303199175,0.6281863502758109,0,Blocked
71,71,0,0.7373727388888331,0.5444881907057328,0,Blocked
72,72,0,0.40486065064911003,0.5762478982448087,0,Blocked
73,73,0,0.8057751391621018,0.41042472402982144,0,Blocked
74,74,0,0.1755596753233365,0.5852926923430664,0,Blocked
75,75,0,0.9207782587722909,0.45702924791209015,0,Blocked
76,76,0,0.23313501434758,0.5333583762105029,0,Blocked
77,77,0,0.48097250082508436,0.7089380004729902,0,Blocked
78,78,0,0.6437498288095123,0.5972730211548102,0,Blocked
79,79,0,0.8921836329286638,0.35814230325547003,0,Blocked
80,80,0,0.4332010409762101,0.6596294765092975,0,Blocked
81,81,0,0.4225564334179815,0.8182171032133585,0,Blocked
82,82,0,0.13241743468254188,0.6375386927495217,0,Blocked
83,83,0,0.3909709452695909,0.7268974995115833,0,Blocked
84,84,0,0.909999872378326,0.5327738539836109,0,Blocked
85,85,0,0.17139139717294344,0.5321107596768706,0,Blocked
86,86,0,0.5272509774147788,0.4999286161573243,0,Blocked
87,87,0,0.4983408690429564,0.6184987720814791,0,Blocked
88,88,0,0.689931755409473,0.3596252481208907,0,Blocked
89,89,0,0.22954535410870106,0.5718165773351747,0,Blocked
90,90,0,0.05139920444035034,0.6046573443442103,0,Blocked
91,91,0,0.5433955549275074,0.5991521231500322,0,Blocked
92,92,0,0.4025749185872888,0.5597535083327987,0,Blocked
93,93,0,0.7397074627039203,0.6133012055067764,0,Blocked
94,94,0,0.14455502832239725,0.6542194863368047,0,Blocked
95,95,0,0.6472334344857489,0.5856302499579288,0,Blocked
96,96,0,0.03793754715036557,0.5660526978779862,0,Blocked
97,97,0,0.5261682257970591,0.4582391022988206,0,Blocked
98,98,0,0.10851293690237956,0.6095105347479383,0,Blocked
99,99,0,0.8754603061842593,0.37367721821443195,0,Blocked
100,100,0,0.41037998047464785,0.501538648281668,0,Blocked
101,101,0,0.7572262106437249,0.4194346008886118,0,Blocked
102,102,0,0.6307569490355462,0.40042202566944074,0,Blocked
103,103,0,0.3249900528840159,0.6292573912981081,0,Blocked
104,104,0,0.5837021881910718,0.43381973429020065,0,Blocked
105,105,0,0.43716396855516304,0.6263151424638509,0,Blocked
106,106,0,0.7709244899942826,0.5075013318143694,0,Blocked
107,107,0,0.49046946473764946,0.6496958414323906,0,Blocked
108,108,0,0.3258117615970109,0.4434751032786889,0,Blocked
109,109,0,0.7079208947499397,0.48350158275476884,0,Blocked
110,110,0,0.7869661092571643,0.3497569569991667,0,Blocked
111,111,0,0.3736667697268541,0.6201572247034016,0,Blocked
112,112,0,0.6316500720913211,0.5336938142733059,0,Blocked
113,113,0,0.9251041439093144,0.4079492118502439,0,Blocked
114,114,0,0.9641531083605401,0.459880945105862,0,Blocked
115,115,0,0.850542517503883,0.5245388256495571,0,Blocked
116,116,0,0.6486762878036972,0.41058494008948665,0,Blocked
117,117,0,0.5591727536380309,0.4350628159430765,0,Blocked
118,118,0,0.8479163910771785,0.45698656149068684,0,Blocked
119,119,0,0.9413153969635408,0.40253185124397994,0,Blocked
120,120,0,0.6511483131326625,0.4521661989686844,0,Blocked
121,121,0,0.34911189938322706,0.6277273222690078,0,Blocked
122,122,0,0.41835532103061057,0.5500526176581666,0,Blocked
123,123,0,0.7173780631396836,0.6017143240707405,0,Blocked
124,124,0,0.8595143885389311,0.4209245113930885,0,Blocked
125,125,0,0.6548961009963112,0.5847122775957888,0,Blocked
126,126,0,0.3698970906070896,0.7689945708583208,0,Blocked
127,127,0,0.5967564643582971,0.5119270075861411,0,Blocked
128,128,0,0.820705150893229,0.49899855503579904,0,Blocked
129,129,0,0.36523359753377016,0.5024201357556698,0,Blocked
130,130,0,0.6068572519741101,0.3745665854244489,0,Blocked
131,131,0,0.6000226270383768,0.48030715324028395,0,Blocked
132,132,0,0.7005416402701294,0.5913455859634558,0,Blocked
133,133,0,0.30128479172488093,0.5546245324815944,0,Blocked
134,134,0,0.5653809080031645,0.5564480890084167,0,Blocked
135,135,0,0.5183837307470823,0.4414750395716595,0,Blocked
136,136,0,0.4938488220496394,0.8321306953045102,0,Blocked
137,137,0,0.5627817450463493,0.5618071798753252,0,Blocked
138,138,0,0.8081618994106174,0.5379964956445178,0,Blocked
139,139,0,0.45740810045381575,0.470904237224617,0,Blocked
140,140,0,0.5203919304294852,0.4854417776881359,0,Blocked
141,141,0,0.526805806905268,0.5324406583926706,0,Blocked
142,142,0,0.44345792324383904,0.7375337971708339,0,Blocked
143,143,0,0.19412474320265596,0.7574928949804968,0,Blocked
144,144,0,0.44385889127199263,0.5662610720273932,0,Blocked
145,145,0,0.4754368160202114,0.47092221534049467,0,Blocked
146,146,0,0.30398866324715773,0.5261975557281693,0,Blocked
147,147,0,0.688958138646047,0.4540549494153605,0,Blocked
148,148,0,0.3784311702678212,0.6603778254949013,0,Blocked
149,149,0,0.45473507333227353,0.36217801361590557,0,Blocked
150,150,0,0.5894318524780742,0.49370152711137527,0,Blocked
151,151,0,0.9467306529597314,0.5379127609476827,0,Blocked
152,152,0,0.9707563164880608,0.3712291565969167,0,Blocked
153,153,0,0.7727680706820272,0.4717815032339409,0,Blocked
154,154,0,0.47394005918341925,0.6290628280780783,0,Blocked
155,155,0,0.8770991386160029,0.5830244016356043,0,Blocked
156,156,0,0.9112208808865863,0.4237547248731124,0,Blocked
157,157,0,0.19540141767295477,0.5623534056831916,0,Blocked
158,158,0,0.7242811521029784,0.579973806227339,0,Blocked
159,159,0,0.165403887604688,0.7263428022989508,0,Blocked
160,160,0,0.46918671436146425,0.5518800371556503,0,Blocked
161,161,0,0.5051589619543957,0.6498019191057979,0,Blocked
162,162,0,0.5000483925783928,0.5814082512678691,0,Blocked
163,163,0,0.18544272023294645,0.6169818221410781,0,Blocked
164,164,0,0.21144141175282374,0.5026855350065692,0,Blocked
165,165,0,0.9891418218314084,0.6255863698825298,0,Blocked
166,166,0,0.514853371321743,0.5725514822308502,0,Blocked
167,167,0,0.39479040529612364,0.5358170231240309,0,Blocked
168,168,0,0.4077935586611999,0.6333191147608797,0,Blocked
169,169,0,0.37600304349197444,0.5169123765385228,0,Blocked
170,170,0,0.6134872047560085,0.3712266695289399,0,Blocked
171,171,0,0.4611010245838719,0.5671203808501971,0,Blocked
172,172,0,0.34552785731431007,0.3525572549694492,0,Blocked
173,173,0,0.24832731645962003,0.5611892904914686,0,Blocked
174,174,0,0.10931407126483551,0.6886752750933394,0,Blocked
175,175,0,0.39836615180010415,0.5770589121601359,0,Blocked
176,176,0,0.5473066578793103,0.4585950779276833,0,Blocked
177,177,0,0.6678054718166829,0.5038231939305543,0,Blocked
178,178,0,0.8460876138999869,0.6517132706431055,0,Blocked
179,179,0,0.8424177007544685,0.5956174859615335,0,Blocked
180,180,0,0.9238246729044564,0.5878766440857113,0,Blocked
181,181,0,0.1458876169023276,0.6063618583859607,0,Blocked
182,182,0,0.24775599598613715,0.6207000943614364,0,Blocked
183,183,0,0.12077591612926697,0.5073561787649971,0,Blocked
184,184,0,0.7251451061220026,0.6728400263364878,0,Blocked
185,185,0,0.5106499167777575,0.7907844140711529,0,Blocked
186,186,0,0.5994153080970704,1.0183830221324026,0,Blocked
187,187,0,0.7875367652415362,0.5214216385356214,0,Blocked
188,188,0,0.019822509167097706,0.8117733950375867,0,Blocked
189,189,0,0.10810401609935098,0.4083467803048518,0,Blocked
190,190,0,0.12383484870872496,0.6455439830458802,0,Blocked
191,191,0,0.48144295852551217,0.7429496332457592,0,Blocked
192,192,0,0.9421944088951357,0.48910231883571187,0,Blocked
193,193,0,0.6763299322463414,0.44421068713369316,0,Blocked
194,194,0,0.8262774977877282,0.6054678171646577,0,Blocked
195,195,0,0.4740358712959438,0.5182154941375869,0,Blocked
196,196,0,0.757543818258372,0.522553138633403,0,Blocked
197,197,0,0.7389345587076557,0.4212409936279541,0,Blocked
198,198,0,0.35725422870516194,0.5258596218490303,0,Blocked
199,199,0,0.5690725126575567,0.38241974218481756,0,Blocked
200,0,0,0.5178573357992552,0.6766409965615696,0,Interleaved
201,1,0,0.10192756998680713,0.8142479170488658,0,Interleaved
202,2,0,0.43451998423807436,0.7238576951316691,0,Interleaved
203,3,0,0.7233181605483443,0.8075593670782485,0,Interleaved
204,4,0,0.7026402449729462,0.4119887498021466,0,Interleaved
205,5,0,0.715015780664977,0.4078806684524071,0,Interleaved
206,6,0,0.684739802935067,0.40956239627183955,0,Interleaved
207,7,0,0.051856365134106824,0.5768857138473374,0,Interleaved
208,8,0,0.6409379560399506,0.6179120905340862,0,Interleaved
209,9,0,0.11508615645096784,0.7802189895881083,0,Interleaved
210,10,0,0.6007415639352663,0.5405438109192824,0,Interleaved
211,11,0,0.6573240240880266,0.33043370845928255,0,Interleaved
212,12,0,0.9485012948633151,0.5322380716450383,0,Interleaved
213,13,0,0.49258632632369864,0.4373512110092891,0,Interleaved
214,14,0,0.3248988489057503,0.460068139716415,0,Interleaved
215,15,0,0.024523810714600934,0.7408342723983007,0,Interleaved
216,16,0,0.8484866006480984,0.6424053384695436,0,Interleaved
217,17,0,0.6856376835997302,0.6252020729242987,0,Interleaved
218,18,0,0.2745142226983706,0.6326212583585692,0,Interleaved
219,19,0,0.057824450107835254,0.5351198992220387,0,Interleaved
220,20,0,0.18884738752442495,0.8636007962867125,0,Interleaved
221,21,0,0.48140151082042504,0.4601728883384798,0,Interleaved
222,22,0,0.9487782490086245,0.4875653539667145,0,Interleaved
223,23,0,0.49557952111953735,0.5570640810161769,0,Interleaved
224,24,0,0.9433554565532978,0.6166860551505482,0,Interleaved
225,25,0,0.4915489315502896,0.5706000853565976,0,Interleaved
226,26,0,0.8988430899750806,0.49420438070428996,0,Interleaved
227,27,0,0.6330118710735546,0.5618302030709142,0,Interleaved
228,28,0,0.5416136368632751,0.4040171068937372,0,Interleaved
229,29,0,0.1866183069061768,0.6339340692711972,0,Interleaved
230,30,0,0.030192139702301557,0.625433315142074,0,Interleaved
231,31,0,0.6400326266877199,0.6229507029999815,0,Interleaved
232,32,0,0.8584332886329562,0.32713110807602575,0,Interleaved
233,33,0,0.5125167915325487,0.488944776993463,0,Interleaved
234,34,0,0.02335874866189678,0.6137926892552865,0,Interleaved
235,35,0,0.5184081469053746,0.484107606132552,0,Interleaved
236,36,0,0.369491489961836,0.5110444951319738,0,Interleaved
237,37,0,0.3223799449651996,0.436073202958273,0,Interleaved
238,38,0,0.412694652924443,0.5953117192375647,0,Interleaved
239,39,0,0.20975351438784728,0.4331065968457677,0,Interleaved
240,40,0,0.9498136145946365,0.46364094440422365,0,Interleaved
241,41,0,0.4601858886406639,0.6032374814251753,0,Interleaved
242,42,0,0.5787131206783852,0.46191429171737397,0,Interleaved
243,43,0,0.706129924641852,0.5348535094317102,0,Interleaved
244,44,0,0.42347612531562057,0.4573707699487227,0,Interleaved
245,45,0,0.10240431934626248,0.4582205246910901,0,Interleaved
246,46,0,0.6217458898217681,0.5008888712879148,0,Interleaved
247,47,0,0.8967272081687905,0.5281741531985171,0,Interleaved
248,48,0,0.3595496187131617,0.7511658199868856,0,Interleaved
249,49,0,0.7074124155390784,0.491294838900014,0,Interleaved
250,50,0,0.3378233371012065,0.40103263645170284,0,Interleaved
251,51,0,0.7396604054174203,0.5803483865209353,0,Interleaved
252,52,0,0.9897036380006965,0.5295036398713824,0,Interleaved
253,53,0,0.8380143690603912,0.4164913995451268,0,Interleaved
254,54,0,0.28343759502182475,0.6406778591569355,0,Interleaved
255,55,0,0.9445999990711929,0.5382789415003464,0,Interleaved
256,56,0,0.17335114267799204,0.580352486952961,0,Interleaved
257,57,0,0.5075423390297596,0.4730575098041069,0,Interleaved
258,58,0,0.9814783593901967,0.3707712284041619,0,Interleaved
259,59,0,0.5863159339904807,0.5856178382512363,0,Interleaved
260,60,0,0.525547427074504,0.4221388621034523,0,Interleaved
261,61,0,0.6400682916765713,0.6185673514140448,0,Interleaved
262,62,0,0.6432187808902876,0.5741964130782014,0,Interleaved
263,63,0,0.44481924101219933,0.5930473214372767,0,Interleaved
264,64,0,0.9848656089937438,0.534496724249398,0,Interleaved
265,65,0,0.6203634833961611,0.5644985759706339,0,Interleaved
266,66,0,0.7698864863837256,0.4443986650084968,0,Interleaved
267,67,0,0.11289744597703186,0.7341546962853469,0,Interleaved
268,68,0,0.7960324532023448,0.6212201970175333,0,Interleaved
269,69,0,0.4912836269307065,0.5714538755146014,0,Interleaved
270,70,0,0.04610920972463502,0.45270687679137256,0,Interleaved
271,71,0,0.46946984742829917,0.4095322516915918,0,Interleaved
272,72,0,0.2701338212385152,0.6641180742127616,0,Interleaved
273,73,0,0.2379952062637124,0.6967639026191024,0,Interleaved
274,74,0,0.04340906615079812,0.6074622823570932,0,Interleaved
275,75,0,0.7012675236928116,0.59308250341165,0,Interleaved
276,76,0,0.6216843029202451,0.48145597466865664,0,Interleaved
277,77,0,0.47142004101350177,0.5286301113821055,0,Interleaved
278,78,0,0.7134666965746255,0.38645634249764227,0,Interleaved
279,79,0,0.8668068485739011,0.5669851114232922,0,Interleaved
280,80,0,0.4920863810551519,0.6266256879156904,0,Interleaved
281,81,0,0.8269200520393821,0.5427176850190939,0,Interleaved
282,82,0,0.6346628323737991,0.627739305505995,0,Interleaved
283,83,0,0.42708524660595737,0.5021256127611872,0,Interleaved
284,84,0,0.9450605286010447,0.6467049599717932,0,Interleaved
285,85,0,0.504177125550533,0.46922735006196237,0,Interleaved
286,86,0,0.9735560434548767,0.5278350322917187,0,Interleaved
287,87,0,0.498705895939732,0.4695353174324156,0,Interleaved
288,88,0,0.20279648565602354,0.38337256682412457,0,Interleaved
289,89,0,0.5099360792332319,0.49828975605795267,0,Interleaved
290,90,0,0.19592906574578922,0.7961656884829313,0,Interleaved
291,91,0,0.5184357337035956,0.48039711141496444,0,Interleaved
292,92,0,0.1344748033503876,0.7236096332035322,0,Interleaved
293,93,0,0.24409560410532635,0.5479180526278582,0,Interleaved
294,94,0,0.35730539231524683,0.3816445101405831,0,Interleaved
295,95,0,0.7556998712314881,0.5270133224683694,0,Interleaved
296,96,0,0.5797143624583436,0.31092671152798396,0,Interleaved
297,97,0,0.20520404513504042,0.6094657134389083,0,Interleaved
298,98,0,0.6801937002962813,0.5040980307495408,0,Interleaved
299,99,0,0.36912837117791564,0.560811332617302,0,Interleaved
300,100,0,0.7417734693314127,0.5774806842046271,0,Interleaved
301,101,0,0.16330050949038005,0.6683493918552199,0,Interleaved
302,102,0,0.448192458087926,0.5851694788055626,0,Interleaved
303,103,0,0.3107763574323825,0.6069284220242654,0,Interleaved
304,104,0,0.5385415741166356,0.5205488203246851,0,Interleaved
305,105,0,0.39553582922775277,0.702339149091405,0,Interleaved
306,106,0,0.516632030019986,0.5534145610090794,0,Interleaved
307,107,0,0.08032558194610638,0.5408232865182655,0,Interleaved
308,108,0,0.5465661102510665,0.36089165506079535,0,Interleaved
309,109,0,0.7329690191181998,0.6760816085230532,0,Interleaved
310,110,0,0.4267611083068547,0.4442650542572623,0,Interleaved
311,111,0,0.6369364874460534,0.6304504016710806,0,Interleaved
312,112,0,0.4482212862973385,0.5028308041718296,0,Interleaved
313,113,0,0.08446953050463817,0.4651913356949178,0,Interleaved
314,114,0,0.677068334916184,0.3664766935512942,0,Interleaved
315,115,0,0.5215937721319085,0.5257034812520591,0,Interleaved
316,116,0,0.4536608499983753,0.4428917989406245,0,Interleaved
317,117,0,0.12827842687453442,0.7160674089834735,0,Interleaved
318,118,0,0.9238029996572088,0.4793388831980838,0,Interleaved
319,119,0,0.8035387720929993,0.5969936176713018,0,Interleaved
320,120,0,0.5734419721142512,0.7529888817947235,0,Interleaved
321,121,0,0.47999547025151,0.38835851748622213,0,Interleaved
322,122,0,0.5509673723502808,0.5897086958691905,0,Interleaved
323,123,0,0.13653385863271095,0.4962313376274613,0,Interleaved
324,124,0,0.5252511040401475,0.43731856644403394,0,Interleaved
325,125,0,0.9784143247932872,0.3868749261192572,0,Interleaved
326,126,0,0.41280696632298775,0.49459066012394726,0,Interleaved
327,127,0,0.48749842297779167,0.5169637476459562,0,Interleaved
328,128,0,0.8878540219515112,0.3994741160874179,0,Interleaved
329,129,0,0.7870154435709442,0.3881195263836583,0,Interleaved
330,130,0,0.653696401922924,0.39950085636579163,0,Interleaved
331,131,0,0.4900282337629214,0.37202748618734927,0,Interleaved
332,132,0,0.059593819056422796,0.41766713078948975,0,Interleaved
333,133,0,0.5001461852259093,0.5709506338482694,0,Interleaved
334,134,0,0.6276898975317216,0.49760409035777,0,Interleaved
335,135,0,0.6078096960695317,0.5756858057056506,0,Interleaved
336,136,0,0.640962208656851,0.5138404920340272,0,Interleaved
337,137,0,0.8926022216989661,0.526366168207837,0,Interleaved
338,138,0,0.6965285764396828,0.4725864371845707,0,Interleaved
339,139,0,0.5108089968873724,0.6274951057418108,0,Interleaved
340,140,0,0.4740274843059949,0.5721080008757977,0,Interleaved
341,141,0,0.7882623991024255,0.5548164885337049,0,Interleaved
342,142,0,0.23194653523773712,0.7147275554431326,0,Interleaved
343,143,0,0.1606005234950115,0.5832578962767211,0,Interleaved
344,144,0,0.9658357004531115,0.5631790679455138,0,Interleaved
345,145,0,0.5139565074613531,0.4155411378867909,0,Interleaved
346,146,0,0.25059181616164505,0.5620847244245017,0,Interleaved
347,147,0,0.2948452568490141,0.46063584861336104,0,Interleaved
348,148,0,0.20231520269216136,0.47551304078354517,0,Interleaved
349,149,0,0.2550572918632487,0.6622388283295656,0,Interleaved
350,150,0,0.8924205969097659,0.4157884831172919,0,Interleaved
351,151,0,0.9183250970182107,0.4866772078989876,0,Interleaved
352,152,0,0.28616411226674143,0.8014639709775399,0,Interleaved
353,153,0,0.23212593057914954,0.47894933667962514,0,Interleaved
354,154,0,0.8166250719775531,0.40269577904648846,0,Interleaved
355,155,0,0.5491622926742115,0.5154062927435666,0,Interleaved
356,156,0,0.847098038170093,0.6405675687166437,0,Interleaved
357,157,0,0.3664082315601964,0.44400702874827125,0,Interleaved
358,158,0,0.5638729542748473,0.5485748851312392,0,Interleaved
359,159,0,0.4550319054295148,0.7191729222240082,0,Interleaved
360,160,0,0.7103795271148692,0.5482747976888747,0,Interleaved
361,161,0,0.5210090202294377,0.3360715631747875,0,Interleaved
362,162,0,0.9751045072608155,0.4619735499948181,0,Interleaved
363,163,0,0.4081814759413792,0.38272741072217287,0,Interleaved
364,164,0,0.857784712225572,0.426716300419154,0,Interleaved
365,165,0,0.4316308774064001,0.6311051669889327,0,Interleaved
366,166,0,0.12745355199905087,0.3197374623476726,0,Interleaved
367,167,0,0.0744031995170999,0.6397187013521437,0,Interleaved
368,168,0,0.1801513070773359,0.5823520521770958,0,Interleaved
369,169,0,0.6659876783303942,0.3855477488422431,0,Interleaved
370,170,0,0.13370689669549607,0.5792248380506899,0,Interleaved
371,171,0,0.15003153433827957,0.6259326971972448,0,Interleaved
372,172,0,0.40044407711925895,0.4278585978343754,0,Interleaved
373,173,0,0.9470651552505893,0.45507366219107714,0,Interleaved
374,174,0,0.059557626791112185,0.6086991326198594,0,Interleaved
375,175,0,0.9101828035883183,0.5648758587783096,0,Interleaved
376,176,0,0.23614250082029548,0.5109869806918957,0,Interleaved
377,177,0,0.20350837840040814,0.41315508022652325,0,Interleaved
378,178,0,0.9078901541797826,0.47268304159386487,0,Interleaved
379,179,0,0.23830971665919506,0.6731444676735152,0,Interleaved
380,180,0,0.06345068076630589,0.5190458232410867,0,Interleaved
381,181,0,0.13227015102538497,0.7168659921756595,0,Interleaved
382,182,0,0.5064657642988751,0.7130590872136133,0,Interleaved
383,183,0,0.7843751310018461,0.45479862371209756,0,Interleaved
384,184,0,0.8087895234008167,0.45550595762558943,0,Interleaved
385,185,0,0.33306316491234256,0.602404997935162,0,Interleaved
386,186,0,0.9495765014516808,0.540549956882991,0,Interleaved
387,187,0,0.35161187612184797,0.7997253647847686,0,Interleaved
388,188,0,0.2784145540746712,0.7089236377839179,0,Interleaved
389,189,0,0.5405756725315738,0.6865171548094563,0,Interleaved
390,190,0,0.8124915465875084,0.5112605965802771,0,Interleaved
391,191,0,0.11517944793949278,0.4551003709523128,0,Interleaved
392,192,0,0.30977454249793,0.5024698021584949,0,Interleaved
393,193,0,0.24496900083749074,0.7731629918494847,0,Interleaved
394,194,0,0.7647609313899326,0.3993093667396037,0,Interleaved
395,195,0,0.6192315710355157,0.3958457404930851,0,Interleaved
396,196,0,0.7666246688395594,0.5211292116199855,0,Interleaved
397,197,0,0.25139276376231123,0.6615239134791677,0,Interleaved
398,198,0,0.51769279639897,0.5477185153766989,0,Interleaved
399,199,0,0.5352992626608475,0.5472568750980996,0,Interleaved
400,0,0,0.4750799375023223,0.6566364311472882,0,Instructed
401,1,0,0.4727436151202631,0.5359752015641861,0,Instructed
402,2,0,0.5953219415440558,0.7557380197979302,0,Instructed
403,3,0,0.768759109790387,0.5553256786017602,0,Instructed
404,4,0,0.4051830414426042,0.45831237747475506,0,Instructed
405,5,0,0.4861485132174459,0.7173140178860393,0,Instructed
406,6,0,0.9098959139718019,0.5499810886648231,0,Instructed
407,7,0,0.5102130001557204,0.42770669064010525,0,Instructed
408,8,0,0.9166776826632478,0.5081068168495977,0,Instructed
409,9,0,0.8620521662557599,0.4871342811245493,0,Instructed
410,10,0,0.35965756059765874,0.5223454795138608,0,Instructed
411,11,0,0.5474347809591,0.5052722987107121,0,Instructed
412,12,0,0.0211417237494308,0.6818073496680999,0,Instructed
413,13,0,0.08247577958213766,0.7702363874211418,0,Instructed
414,14,0,0.3704989134376857,0.5814531191718757,0,Instructed
415,15,0,0.5424996104057417,0.5203702849355294,0,Instructed
416,16,0,0.38905406350237165,0.532611916911888,0,Instructed
417,17,0,0.000624996379909344,0.8781228827881786,0,Instructed
418,18,0,0.12081297834229622,0.44460860264911095,0,Instructed
419,19,0,0.012478761497115656,0.8250647099981003,0,Instructed
420,20,0,0.0682762597905262,0.6693865338400601,0,Instructed
421,21,0,0.44895449611716925,0.6877674767524413,0,Instructed
422,22,0,0.04006843045115526,0.5829907664410221,0,Instructed
423,23,0,0.4720790912513189,0.47618855779365166,0,Instructed
424,24,0,0.6420017414965987,0.3925682304913143,0,Instructed
425,25,0,0.9798979849931555,0.5841023358705044,0,Instructed
426,26,0,0.8751557040887414,0.46095237099193903,0,Instructed
427,27,0,0.5245932766044434,0.590798136144197,0,Instructed
428,28,0,0.3266666043621671,0.6397675856635563,0,Instructed
429,29,0,0.785382597837963,0.3994919457555666,0,Instructed
430,30,0,0.3246769760595603,0.6722961484389975,0,Instructed
431,31,0,0.6326935465496883,0.38515427621244214,0,Instructed
432,32,0,0.06975907423663387,0.6828215712322332,0,Instructed
433,33,0,0.5634750094442146,0.4617028069705821,0,Instructed
434,34,0,0.7852158973137939,0.5666004712412402,0,Instructed
435,35,0,0.48282522448795284,0.4997164760024697,0,Instructed
436,36,0,0.9196651545671444,0.48118829924907963,0,Instructed
437,37,0,0.7361510283948826,0.5092711186495839,0,Instructed
438,38,0,0.5500189337704908,0.517064540728353,0,Instructed
439,39,0,0.24066913843023566,1.2506067144597748,0,Instructed
440,40,0,0.3629335824807059,0.5262888667248646,0,Instructed
441,41,0,0.37118229524892155,0.7077361465543768,0,Instructed
442,42,0,0.6215224150336045,0.5252654321656676,0,Instructed
443,43,0,0.2571639058512139,0.44584526063859375,0,Instructed
444,44,0,0.7947303286258249,0.5701329338814456,0,Instructed
445,45,0,0.7303473389634025,0.4758359442116957,0,Instructed
446,46,0,0.7203172566128975,0.4000768781780495,0,Instructed
447,47,0,0.1548384132444517,0.6087938477742114,0,Instructed
448,48,0,0.12051748250305434,0.5904078108583763,0,Instructed
449,49,0,0.5174249256624175,0.45943639208741677,0,Instructed
450,50,0,0.6115148529885454,0.4679921160358484,0,Instructed
451,51,0,0.3032794250013749,0.42135977164210325,0,Instructed
452,52,0,0.5780697659943647,0.4345102160857032,0,Instructed
453,53,0,0.5017967884750092,0.4893593442512816,0,Instructed
454,54,0,0.9851343127157146,0.3592705533479935,0,Instructed
455,55,0,0.4971535594458629,0.5250247393632885,0,Instructed
456,56,0,0.9988394788714838,0.6242859155647744,0,Instructed
457,57,0,0.6158623115963358,0.3701335754922167,0,Instructed
458,58,0,0.40501242863452064,0.4424767657993054,0,Instructed
459,59,0,0.558692226175877,0.4924950463423151,0,Instructed
460,60,0,0.5049681318600017,0.4925178099650247,0,Instructed
461,61,0,0.6251752041591799,0.38196033658849077,0,Instructed
462,62,0,0.029507717510487905,0.6368170627961778,0,Instructed
463,63,0,0.47303617301535567,0.6564900485358439,0,Instructed
464,64,0,0.20122387424307797,0.511039777412283,0,Instructed
465,65,0,0.7130515595639141,0.583514939544687,0,Instructed
466,66,0,0.20262875128888352,0.49161181275345567,0,Instructed
467,67,0,0.30827107772102347,0.5303178439364453,0,Instructed
468,68,0,0.25476998505078907,0.5059147823516126,0,Instructed
469,69,0,0.3197799986509213,0.4588003182231792,0,Instructed
470,70,0,0.5152043448497843,0.486125443106683,0,Instructed
471,71,0,0.26728253027436005,0.4249869426119829,0,Instructed
472,72,0,0.03137026116867342,0.6721435316316948,0,Instructed
473,73,0,0.47672114681417127,0.44631758610895633,0,Instructed
474,74,0,0.11732074779139401,0.5651683294602077,0,Instructed
475,75,0,0.2494506342322425,0.4907605941022726,0,Instructed
476,76,0,0.8916531026933171,0.46406712887457036,0,Instructed
477,77,0,0.23367787980428387,0.43597591602979546,0,Instructed
478,78,0,0.568814233686018,0.39863446962451743,0,Instructed
479,79,0,0.42523649983926154,0.3577716481276726,0,Instructed
480,80,0,0.45783627653324066,0.45075041723003695,0,Instructed
481,81,0,0.4164339155466495,0.6142901024440752,0,Instructed
482,82,0,0.12704882992381483,0.7179453375934486,0,Instructed
483,83,0,0.9548085750376758,0.29493843650420876,0,Instructed
484,84,0,0.40873520483435954,0.6712512575742577,0,Instructed
485,85,0,0.15710783678842632,0.5159915450067649,0,Instructed
486,86,0,0.77247192332246,0.4547927190544232,0,Instructed
487,87,0,0.5890242416404496,0.6129596244467449,0,Instructed
488,88,0,0.9422590913733564,0.5207633158349819,0,Instructed
489,89,0,0.5725197910238544,0.43127138748758476,0,Instructed
490,90,0,0.8695046366844111,0.6383580893004606,0,Instructed
491,91,0,0.8902336062632163,0.3887075795179066,0,Instructed
492,92,0,0.4715001417624648,0.569760438308804,0,Instructed
493,93,0,0.9509763909170218,0.37316189925374055,0,Instructed
494,94,0,0.4044100904762735,0.46556976412422174,0,Instructed
495,95,0,0.814180011304243,0.4612556168376975,0,Instructed
496,96,0,0.44607503005858073,0.5210536828622068,0,Instructed
497,97,0,0.4479055098307789,0.5209248096869877,0,Instructed
498,98,0,0.7001681090003669,0.47836276243229026,0,Instructed
499,99,0,0.4456541317058843,0.5965826611937154,0,Instructed
500,100,0,0.13070903275673532,0.6884297250870379,0,Instructed
501,101,0,0.3324332971534824,0.5227046315494756,0,Instructed
502,102,0,0.6811646795720704,0.5141661873723041,0,Instructed
503,103,0,0.5104236161816613,0.5356779652873271,0,Instructed
504,104,0,0.626751171221101,0.4861519198015296,0,Instructed
505,105,0,0.5183523080997704,0.4342706793232384,0,Instructed
506,106,0,0.38992092457697,1.0641778845265724,0,Instructed
507,107,0,0.07073429565661082,0.7177002359684501,0,Instructed
508,108,0,0.16129821991384577,0.6545798977172298,0,Instructed
509,109,0,0.811929746382374,0.3739898733468541,0,Instructed
510,110,0,0.466987252185843,0.6379960129814518,0,Instructed
511,111,0,0.1610317077991932,0.662973909616656,0,Instructed
512,112,0,0.601477226948956,0.32940807449391873,0,Instructed
513,113,0,0.12267350428107061,0.5075642555723858,0,Instructed
514,114,0,0.5751804353590358,0.6350709610001757,0,Instructed
515,115,0,0.45131276232080025,0.43295430318901285,0,Instructed
516,116,0,0.05240396067804412,0.7729559144256386,0,Instructed
517,117,0,0.7740560423634351,0.7461510814119146,0,Instructed
518,118,0,0.8485996338289101,0.5762075849268615,0,Instructed
519,119,0,0.5509310900629157,0.5736334000377181,0,Instructed
520,120,0,0.517128514841108,0.508811347130664,0,Instructed
521,121,0,0.20078933275935645,0.5378468376126856,0,Instructed
522,122,0,0.8873453473445476,0.5362852140222767,0,Instructed
523,123,0,0.5042488459368408,0.515885064361172,0,Instructed
524,124,0,0.898917314845391,0.5162801446949912,0,Instructed
525,125,0,0.5775039007589551,0.5626421717174055,0,Instructed
526,126,0,0.3665249260746121,0.5529744833810482,0,Instructed
527,127,0,0.6492675209880067,0.6235511313050293,0,Instructed
528,128,0,0.6747679258210163,0.43844833423372254,0,Instructed
529,129,0,0.804283069848339,0.437831032798581,0,Instructed
530,130,0,0.43223024886489375,0.6726299610547442,0,Instructed
531,131,0,0.6878210432162777,0.5314508602244989,0,Instructed
532,132,0,0.7392252254998168,0.5231189705923367,0,Instructed
533,133,0,0.557070170264554,0.5372436123294498,0,Instructed
534,134,0,0.39341736120251025,0.5120566466282213,0,Instructed
535,135,0,0.4815182265812116,0.4527212293046725,0,Instructed
536,136,0,0.6472978286301172,0.6921615302607316,0,Instructed
537,137,0,0.8880740076595477,0.36620848939388295,0,Instructed
538,138,0,0.3724205571289133,0.493979020475818,0,Instructed
539,139,0,0.47843456586847943,0.46917725253845344,0,Instructed
540,140,0,0.8732020506427258,0.46306733173942427,0,Instructed
541,141,0,0.5121971991373608,0.37374742725800747,0,Instructed
542,142,0,0.25356778531133156,0.749157046086377,0,Instructed
543,143,0,0.5047504598702452,0.39818806406116514,0,Instructed
544,144,0,0.7539621663177093,0.47780901080520993,0,Instructed
545,145,0,0.11680941794422185,0.7584570133139947,0,Instructed
546,146,0,0.03194383416929125,0.7012096051025956,0,Instructed
547,147,0,0.6352795512194533,0.41115906743807273,0,Instructed
548,148,0,0.7343436971313508,0.703748489825974,0,Instructed
549,149,0,0.3064378288002271,0.7079012225082826,0,Instructed
550,150,0,0.17363108607243366,0.36259597343581496,0,Instructed
551,151,0,0.33690716126702197,0.5437474286256235,0,Instructed
552,152,0,0.9682652607192395,0.5095157776011221,0,Instructed
553,153,0,0.5518775969280586,0.5215407663607893,0,Instructed
554,154,0,0.2929552180234784,0.5256676359053075,0,Instructed
555,155,0,0.26317043035895993,0.5514737599694699,0,Instructed
556,156,0,0.45744685981756683,0.49621574480356057,0,Instructed
557,157,0,0.7963294597622808,0.45772096324462985,0,Instructed
558,158,0,0.8114315340365467,0.6870422856430456,0,Instructed
559,159,0,0.537497268111717,0.3688249434345903,0,Instructed
560,160,0,0.4734822858473197,0.754434298002048,0,Instructed
561,161,0,0.20385906284584976,0.6329850972389393,0,Instructed
562,162,0,0.7123347243428145,0.5473211346949267,0,Instructed
563,163,0,0.25711276752777523,0.5634485585332922,0,Instructed
564,164,0,0.8216602595336426,0.6559354333097513,0,Instructed
565,165,0,0.07126523956789593,0.5756814916017949,0,Instructed
566,166,0,0.810903890578617,0.4900984674386373,0,Instructed
567,167,0,0.6030227023251623,0.6024417302721253,0,Instructed
568,168,0,0.33352423274076776,0.46047357425759206,0,Instructed
569,169,0,0.49509241185167213,0.7635319322546923,0,Instructed
570,170,0,0.6656474409936319,0.47758599089219067,0,Instructed
571,171,0,0.11151450145717938,0.5711510509067346,0,Instructed
572,172,0,0.9525826445461286,0.8169296783580853,0,Instructed
573,173,0,0.2665413099249112,0.5197810923162054,0,Instructed
574,174,0,0.9087086091871472,0.5532049458067042,0,Instructed
575,175,0,0.03753693722697146,0.6014501061607436,0,Instructed
576,176,0,0.36218371280049844,0.4064652204038438,0,Instructed
577,177,0,0.455609898080763,0.4495600199737214,0,Instructed
578,178,0,0.5083125882312034,0.4915112480613264,0,Instructed
579,179,0,0.5914509700183582,0.45473947890449373,0,Instructed
580,180,0,0.7485114082121893,0.6393325408789268,0,Instructed
581,181,0,0.8730095417658871,0.5235403631680466,0,Instructed
582,182,0,0.6440628391383074,0.49549202806919507,0,Instructed
583,183,0,0.23092606920446584,0.4855861813466961,0,Instructed
584,184,0,0.7888643509796489,0.3450691003402582,0,Instructed
585,185,0,0.1390371521178107,0.5197928142260485,0,Instructed
586,186,0,0.44301233444379096,0.8634263733704277,0,Instructed
587,187,0,0.6250101017400314,0.4915447947787574,0,Instructed
588,188,0,0.2546583976487106,0.7041776851314567,0,Instructed
589,189,0,0.9806784239912729,0.6679803050728778,0,Instructed
590,190,0,0.4734361298960918,0.7039300542889283,0,Instructed
591,191,0,0.4120285802784475,0.4677355622375995,0,Instructed
592,192,0,0.22887462612739162,0.44895288567076874,0,Instructed
593,193,0,0.41892073333053687,0.890000292719086,0,Instructed
594,194,0,0.2730596269514398,0.45556165520816194,0,Instructed
595,195,0,0.8049889465219549,0.37063080393057296,0,Instructed
596,196,0,0.2325546065633452,0.5457723872462219,0,Instructed
597,197,0,0.19397082630700083,0.31089108290356854,0,Instructed
598,198,0,0.32461826321652765,0.7051126556187417,0,Instructed
599,199,0,0.8435566845512836,0.5522104590160468,0,Instructed
600,0,0,0.9175100948379826,0.6602286726963895,1,Blocked
601,1,0,0.07948847239851108,0.6808576306576171,1,Blocked
602,2,0,0.5007355049178845,0.7770902863563961,1,Blocked
603,3,0,0.6298059672610048,0.5258709258223847,1,Blocked
604,4,0,0.19302387127106485,0.748962143193618,1,Blocked
605,5,0,0.7432704335801049,0.48730584169959323,1,Blocked
606,6,0,0.4550235975202882,0.7085589659305338,1,Blocked
607,7,0,0.4864815580078392,0.6827174462049301,1,Blocked
608,8,0,0.9880787618381328,0.6490414823036879,1,Blocked
609,9,0,0.8364207371900663,0.6674721440373158,1,Blocked
610,10,0,0.9079604608763187,0.5829699442695713,1,Blocked
611,11,0,0.813096439589299,0.6737046768070485,1,Blocked
612,12,0,0.5754332834138108,0.5500824102177242,1,Blocked
613,13,0,0.43691841246830393,0.5881067662045721,1,Blocked
614,14,0,0.5231437307881054,0.5367289110717686,1,Blocked
615,15,0,0.8899396517656211,0.8128000851677781,1,Blocked
616,16,0,0.5373218532345639,0.5628585520672095,1,Blocked
617,17,0,0.16342238835947415,0.8768556445122209,1,Blocked
618,18,0,0.557783631225903,0.5166408030774048,1,Blocked
619,19,0,0.6419349585836096,0.501526547131259,1,Blocked
620,20,0,0.7200824267275765,0.5789444181643457,1,Blocked
621,21,0,0.5368989812367342,0.534186115510319,1,Blocked
622,22,0,0.6712476226095614,0.35594755026910974,1,Blocked
623,23,0,0.44312713740789966,0.5480358423753122,1,Blocked
624,24,0,0.4423033938635553,0.4251682703298574,1,Blocked
625,25,0,0.358459069019372,0.3440290985045755,1,Blocked
626,26,0,0.18491993571854584,0.6239633330139911,1,Blocked
627,27,0,0.4303190969126887,0.4641812544248193,1,Blocked
628,28,0,0.06452713159093466,0.561603351869558,1,Blocked
629,29,0,0.925980730092796,0.48392730283458124,1,Blocked
630,30,0,0.5203022562774091,0.5723971716899225,1,Blocked
631,31,0,0.8659761492593123,0.4896221836539005,1,Blocked
632,32,0,0.8268119303904284,0.8978081217691712,1,Blocked
633,33,0,0.779459540794984,0.381913491784847,1,Blocked
634,34,0,0.4648384482555475,0.6465290325661233,1,Blocked
635,35,0,0.688426439268917,0.6447117320123334,1,Blocked
636,36,0,0.2584511709921442,0.6403432596741551,1,Blocked
637,37,0,0.42508757561313815,0.5168290192894169,1,Blocked
638,38,0,0.32485271355396406,0.5869473331679517,1,Blocked
639,39,0,0.7017906794097925,0.6533001982372979,1,Blocked
640,40,0,0.7402195835170302,0.37470219699764584,1,Blocked
641,41,0,0.08457693519414931,0.5751621293119208,1,Blocked
642,42,0,0.07192876657911808,0.4608390093107396,1,Blocked
643,43,0,0.5006009260192213,0.45800794836384695,1,Blocked
644,44,0,0.5269927271048588,0.5799350061931673,1,Blocked
645,45,0,0.6053367649860399,0.5132033005623806,1,Blocked
646,46,0,0.7710904363029965,0.6109509862455083,1,Blocked
647,47,0,0.46378528004131003,0.42354635429837323,1,Blocked
648,48,0,0.3391921611137148,0.6330308067166178,1,Blocked
649,49,0,0.44221597195328455,0.5300200938367743,1,Blocked
650,50,0,0.7668595289110605,0.6744484058212485,1,Blocked
651,51,0,0.1501940105088826,0.7030968569248752,1,Blocked
652,52,0,0.5448764596694852,0.5359716673936341,1,Blocked
653,53,0,0.23118959076301948,0.46725046838529816,1,Blocked
654,54,0,0.9210451894021747,0.560219832865632,1,Blocked
655,55,0,0.8760058603109198,0.4877800291052188,1,Blocked
656,56,0,0.590946159219877,0.5528032064136023,1,Blocked
657,57,0,0.661787365105764,0.5012981116833441,1,Blocked
658,58,0,0.5374379439949111,0.759094992966092,1,Blocked
659,59,0,0.7412806072604594,0.45416706207967816,1,Blocked
660,60,0,0.268827945556718,0.5212191240158746,1,Blocked
661,61,0,0.6157047976294521,0.6224685936500197,1,Blocked
662,62,0,0.06600815019000664,0.596488098648497,1,Blocked
663,63,0,0.1269466816119783,0.4719892158470801,1,Blocked
664,64,0,0.07786186617041932,0.5396416292787578,1,Blocked
665,65,0,0.1114014646190089,0.5474147643285614,1,Blocked
666,66,0,0.6510620689297992,0.594208102536395,1,Blocked
667,67,0,0.9658831416709892,0.5722724721665474,1,Blocked
668,68,0,0.8673943021835129,0.6648068999634351,1,Blocked
669,69,0,0.4641835003582354,0.6077934326176935,1,Blocked
670,70,0,0.3490365289865525,0.7036384343782083,1,Blocked
671,71,0,0.12052761670036126,0.6891844760090962,1,Blocked
672,72,0,0.19355209674334142,1.2150182717297355,1,Blocked
673,73,0,0.0774206834315708,0.628104172101692,1,Blocked
674,74,0,0.4950123131534159,1.0393421976677157,1,Blocked
675,75,0,0.15751413749768958,0.49892837444814275,1,Blocked
676,76,0,0.3155389739647641,0.4982272075180832,1,Blocked
677,77,0,0.8652050822463716,0.6791706148534074,1,Blocked
678,78,0,0.6951906590215591,0.5851594287184484,1,Blocked
679,79,0,0.5902600173076451,0.5111562037655002,1,Blocked
680,80,0,0.7883750625450839,0.5622891908845045,1,Blocked
681,81,0,0.330719813257843,0.5694484447892585,1,Blocked
682,82,0,0.6671488499251386,0.3986176672782071,1,Blocked
683,83,0,0.14712721144390517,0.6912500341228045,1,Blocked
684,84,0,0.17102374737984008,0.6042751592978046,1,Blocked
685,85,0,0.4339120554437872,1.5136310058633806,1,Blocked
686,86,0,0.6109711279702749,0.5877598718257087,1,Blocked
687,87,0,0.581239870902666,0.5062044600689644,1,Blocked
688,88,0,0.2986525462828482,0.7195828813221069,1,Blocked
689,89,0,0.6796999308236676,0.626240719083553,1,Blocked
690,90,0,0.10656531999343832,0.612394119910646,1,Blocked
691,91,0,0.18892026926402694,0.45875654744092287,1,Blocked
692,92,0,0.579414145694735,0.5937367414425843,1,Blocked
693,93,0,0.6204942203458087,0.516221532491298,1,Blocked
694,94,0,0.41331921795080856,0.39853272866370293,1,Blocked
695,95,0,0.35505208520301645,0.658850344203461,1,Blocked
696,96,0,0.6525020454528053,0.6291337874217846,1,Blocked
697,97,0,0.9601602462220162,0.41898978498735484,1,Blocked
698,98,0,0.9318459189388468,0.47045370385282836,1,Blocked
699,99,0,0.8975074353246268,0.44802373801450246,1,Blocked
700,100,0,0.08066042383436565,0.5654988390191095,1,Blocked
701,101,0,0.7017084700240663,0.6130479359733685,1,Blocked
702,102,0,0.49237161663437146,0.6525334093136015,1,Blocked
703,103,0,0.334312791743092,0.4461887025169701,1,Blocked
704,104,0,0.844434671219884,0.48077795101139853,1,Blocked
705,105,0,0.1832345623463454,0.5322150483581555,1,Blocked
706,106,0,0.39559627377274503,0.5912664870266378,1,Blocked
707,107,0,0.10232138583827441,0.7275570763310946,1,Blocked
708,108,0,0.24348017169190084,0.6879566913366049,1,Blocked
709,109,0,0.8750071947475558,0.42342268483943535,1,Blocked
710,110,0,0.963712807362032,0.6471496329321333,1,Blocked
711,111,0,0.06979112709194138,0.7034764564954263,1,Blocked
712,112,0,0.5084762715830421,0.6889361117827568,1,Blocked
713,113,0,0.5180060629113503,0.5177872888757835,1,Blocked
714,114,0,0.34236642891583247,0.5253480325176181,1,Blocked
715,115,0,0.6473280554685366,0.42293713012451384,1,Blocked
716,116,0,0.6538274811202456,0.48893561483122777,1,Blocked
717,117,0,0.44121293894296365,0.4123578058617213,1,Blocked
718,118,0,0.5126891816202115,0.5037410515260494,1,Blocked
719,119,0,0.4424357915427305,0.5825753906639916,1,Blocked
720,120,0,0.47748555182489927,0.3993349088075463,1,Blocked
721,121,0,0.46741200834682073,0.6437116191471723,1,Blocked
722,122,0,0.48407165578801675,0.5292115159099393,1,Blocked
723,123,0,0.3896228938591138,0.5264392337061123,1,Blocked
724,124,0,0.6729753113030307,0.6956349554311909,1,Blocked
725,125,0,0.4221920655054236,0.5937226697071891,1,Blocked
726,126,0,0.49292948008107856,0.4897610744208404,1,Blocked
727,127,0,0.31168794516104614,0.5328787877475362,1,Blocked
728,128,0,0.6294470735659592,0.5973294113049691,1,Blocked
729,129,0,0.21868281031570222,0.6309049053299507,1,Blocked
730,130,0,0.475938841872806,0.5473399422987371,1,Blocked
731,131,0,0.17087344889268546,0.7183373476084567,1,Blocked
732,132,0,0.7191923239757105,0.3949075197456653,1,Blocked
733,133,0,0.2536230098896376,0.7264702596329838,1,Blocked
734,134,0,0.6753042196581607,0.4750656338303956,1,Blocked
735,135,0,0.4356875487324755,0.5701821399004096,1,Blocked
736,136,0,0.3505448578088254,0.45671758267662044,1,Blocked
737,137,0,0.8841014199382051,0.6296102741818457,1,Blocked
738,138,0,0.2104040252082225,0.5157271635664114,1,Blocked
739,139,0,0.3848114173098215,0.6650466791935954,1,Blocked
740,140,0,0.7214030936758196,0.5734713622413771,1,Blocked
741,141,0,0.4034551654512456,0.5757895370592443,1,Blocked
742,142,0,0.4025095640179228,0.538960972066502,1,Blocked
743,143,0,0.714345103071371,0.5389036994823645,1,Blocked
744,144,0,0.4734102440972902,0.3789578982218813,1,Blocked
745,145,0,0.45551599739113224,0.3837357236649289,1,Blocked
746,146,0,0.6977055172501025,0.3575733037180932,1,Blocked
747,147,0,0.2697350459011556,0.576132816751757,1,Blocked
748,148,0,0.7891831059874804,0.5463197260524715,1,Blocked
749,149,0,0.5722962491275307,0.6489775337239742,1,Blocked
750,150,0,0.4517525130536365,0.5469595968996543,1,Blocked
751,151,0,0.2710834074818539,0.4337631670951838,1,Blocked
752,152,0,0.39585684854642594,0.6274273481027262,1,Blocked
753,153,0,0.7839147006604803,0.4582813295269388,1,Blocked
754,154,0,0.9040698564011121,0.4971227095829986,1,Blocked
755,155,0,0.24901908808577405,0.6287117019058381,1,Blocked
756,156,0,0.4975923537962821,0.5270070507539566,1,Blocked
757,157,0,0.46099645169793524,0.7422429560552557,1,Blocked
758,158,0,0.8793862881744108,0.4222963420693078,1,Blocked
759,159,0,0.7636527665808123,0.5308712702052145,1,Blocked
760,160,0,0.7023190592114047,0.7460351167596146,1,Blocked
761,161,0,0.5085613002276815,0.46973265788819085,1,Blocked
762,162,0,0.4408403466905296,0.5458642917687097,1,Blocked
763,163,0,0.9260179092618381,0.5735811775180674,1,Blocked
764,164,0,0.9648817415664123,0.6177808038661037,1,Blocked
765,165,0,0.5756633129088629,0.3889803047068572,1,Blocked
766,166,0,0.5296317355464057,0.45268012754777454,1,Blocked
767,167,0,0.2397828306064693,0.6741813091385508,1,Blocked
768,168,0,0.7733730902752349,0.5769415265767412,1,Blocked
769,169,0,0.03699568449343697,0.720406555660142,1,Blocked
770,170,0,0.4646064443311074,0.745476743884451,1,Blocked
771,171,0,0.645739498764599,0.4848891302280739,1,Blocked
772,172,0,0.9906649430898727,0.6743570624097381,1,Blocked
773,173,0,0.19232956318686964,0.6036400083565906,1,Blocked
774,174,0,0.48270177627164074,0.4059877180355021,1,Blocked
775,175,0,0.4804136658745276,0.6193772173978854,1,Blocked
776,176,0,0.4103944155919602,0.5985966411027472,1,Blocked
777,177,0,0.5496717989509277,0.7230745973962381,1,Blocked
778,178,0,0.8723103182265642,0.49926925972959824,1,Blocked
779,179,0,0.6741010877528306,0.476456945126007,1,Blocked
780,180,0,0.15035125149447623,0.6583989312591814,1,Blocked
781,181,0,0.8661597328841053,0.6168843744258884,1,Blocked
782,182,0,0.7538530515747064,0.5891322443227691,1,Blocked
783,183,0,0.4352822961634092,0.7467725415510993,1,Blocked
784,184,0,0.5005570663608953,0.43007442497842996,1,Blocked
785,185,0,0.9419425945609022,0.565598131990606,1,Blocked
786,186,0,0.5052833086426521,0.31406287792304366,1,Blocked
787,187,0,0.472409345235726,0.6704081942620044,1,Blocked
788,188,0,0.7895814456969024,0.5147839062999275,1,Blocked
789,189,0,0.6059994363472301,0.7015080039846142,1,Blocked
790,190,0,0.5996585636069643,0.5618732769473591,1,Blocked
791,191,0,0.4877775637651484,0.6393132056947772,1,Blocked
792,192,0,0.8253922115115802,0.5914764066373566,1,Blocked
793,193,0,0.9164135159043183,0.6240171178260963,1,Blocked
794,194,0,0.8759665768234992,0.47980588022863857,1,Blocked
795,195,0,0.17070797633060067,0.5809636523628925,1,Blocked
796,196,0,0.5519119562457441,0.5487552598256553,1,Blocked
797,197,0,0.5184364886989199,0.5735468576206647,1,Blocked
798,198,0,0.47747285773209425,0.4225672861530862,1,Blocked
799,199,0,0.6792655577462215,0.5117004045229566,1,Blocked
800,0,0,0.540459462138124,0.6529107211739518,1,Interleaved
801,1,0,0.48474547941433593,0.7384159555141276,1,Interleaved
802,2,0,0.524025595845317,0.6077845611617503,1,Interleaved
803,3,0,0.9972161102454691,0.469203606731305,1,Interleaved
804,4,0,0.9166905506808388,0.6681709088332616,1,Interleaved
805,5,0,0.13826897776283936,0.5186768960713368,1,Interleaved
806,6,0,0.3249069848743422,0.5982475498955432,1,Interleaved
807,7,0,0.10665189639666313,0.46864953811577226,1,Interleaved
808,8,0,0.32534257452646265,0.4290680647532265,1,Interleaved
809,9,0,0.7873779313087333,0.4372405726761045,1,Interleaved
810,10,0,0.567834337275725,0.4347061653844039,1,Interleaved
811,11,0,0.16138214054861508,0.4759463639833492,1,Interleaved
812,12,0,0.5979282382590129,0.38517063307659705,1,Interleaved
813,13,0,0.8171293574016316,0.47594870402679845,1,Interleaved
814,14,0,0.6019662851268145,0.535918018628314,1,Interleaved
815,15,0,0.8430515293611565,0.5237635052932226,1,Interleaved
816,16,0,0.05003866653549469,0.5210532751220769,1,Interleaved
817,17,0,0.8098619603885145,0.6021617386635731,1,Interleaved
818,18,0,0.4375853909475582,0.5603132701964593,1,Interleaved
819,19,0,0.8503516562751403,0.6350410167084186,1,Interleaved
820,20,0,0.057266530702068615,0.5569518751818021,1,Interleaved
821,21,0,0.5904425243038833,0.4127297154421514,1,Interleaved
822,22,0,0.15608204161402725,0.6467370891185369,1,Interleaved
823,23,0,0.19408444199484792,0.6958999400315256,1,Interleaved
824,24,0,0.08823687518710652,0.7211315617834164,1,Interleaved
825,25,0,0.7780470594219546,0.5112072912365866,1,Interleaved
826,26,0,0.014531359213214641,0.6578183383441703,1,Interleaved
827,27,0,0.47459082711080136,0.7077675925631581,1,Interleaved
828,28,0,0.9569304083209407,0.5634369066895769,1,Interleaved
829,29,0,0.49615357194425475,0.5391144670128154,1,Interleaved
830,30,0,0.2888374114649132,0.6026439511124129,1,Interleaved
831,31,0,0.3911307110026399,0.6758941357152395,1,Interleaved
832,32,0,0.9010562535769251,0.7243106115681885,1,Interleaved
833,33,0,0.0950799693767038,0.593460663219006,1,Interleaved
834,34,0,0.5415785720406965,0.5825249578598172,1,Interleaved
835,35,0,0.43365887312777074,0.4580221986473594,1,Interleaved
836,36,0,0.4607948130651785,0.6068559626039256,1,Interleaved
837,37,0,0.7637128344168849,0.43105060235200254,1,Interleaved
838,38,0,0.4112100921030445,0.7588734012685177,1,Interleaved
839,39,0,0.06527209978524087,0.47742611104965316,1,Interleaved
840,40,0,0.8549045193663072,0.6086723544152086,1,Interleaved
841,41,0,0.4794406562515446,0.6478285811635586,1,Interleaved
842,42,0,0.7846872670398763,0.3822022809221728,1,Interleaved
843,43,0,0.466459125590026,0.6541331152710936,1,Interleaved
844,44,0,0.32559270562628895,0.577841358311166,1,Interleaved
845,45,0,0.32605495331604384,0.5267832673402861,1,Interleaved
846,46,0,0.08918728399139766,0.5912416577470097,1,Interleaved
847,47,0,0.6968873951826603,0.5040510095646369,1,Interleaved
848,48,0,0.22150124160712567,0.6191882480481827,1,Interleaved
849,49,0,0.5805427228914791,0.44666582091598767,1,Interleaved
850,50,0,0.9205654114912551,0.5401222826779085,1,Interleaved
851,51,0,0.3693415224897281,0.45017871372249146,1,Interleaved
852,52,0,0.119567782534074,0.5879763355624403,1,Interleaved
853,53,0,0.5917633899903592,0.46399148849994326,1,Interleaved
854,54,0,0.56706131227232,0.4811017475252538,1,Interleaved
855,55,0,0.1012337222857784,0.8339358348719219,1,Interleaved
856,56,0,0.09121774202504755,0.47160366647798974,1,Interleaved
857,57,0,0.893405558315854,0.6326410608647657,1,Interleaved
858,58,0,0.47185984577165807,0.6212226991541111,1,Interleaved
859,59,0,0.574700880715258,0.5102031265590053,1,Interleaved
860,60,0,0.5374255716944507,0.6616461722878438,1,Interleaved
861,61,0,0.847534717268308,0.42057148345903916,1,Interleaved
862,62,0,0.4491469666691684,0.7814838954870896,1,Interleaved
863,63,0,0.28943804413541324,0.5158152998001019,1,Interleaved
864,64,0,0.28889254049858887,0.5609072146889237,1,Interleaved
865,65,0,0.540270638014295,0.4967196596013096,1,Interleaved
866,66,0,0.6096559267385223,0.7159168029644494,1,Interleaved
867,67,0,0.22034239432093725,0.5895667496605926,1,Interleaved
868,68,0,0.2707127201183225,0.7053996160543966,1,Interleaved
869,69,0,0.7030861925214051,0.35380298266090354,1,Interleaved
870,70,0,0.054757186202153446,0.49838327278006017,1,Interleaved
871,71,0,0.5314091979091607,0.4583373169978099,1,Interleaved
872,72,0,0.5268405674365676,0.7508324072873522,1,Interleaved
873,73,0,0.20797642833824043,0.4646670799861424,1,Interleaved
874,74,0,0.09339936932205138,0.6864144894161075,1,Interleaved
875,75,0,0.47859731739805617,0.5051483788178691,1,Interleaved
876,76,0,0.7945383217531174,0.4046138873014178,1,Interleaved
877,77,0,0.4470439250974521,0.4937532784784157,1,Interleaved
878,78,0,0.7723631905355774,0.35381184108185115,1,Interleaved
879,79,0,0.7165187998953255,0.3361981405924701,1,Interleaved
880,80,0,0.5261078138669205,0.4392268858040116,1,Interleaved
881,81,0,0.518538200044595,0.4173721255075826,1,Interleaved
882,82,0,0.5945676918462075,0.7498542840847391,1,Interleaved
883,83,0,0.3694024001619958,0.4585712141124861,1,Interleaved
884,84,0,0.24994110345309442,0.7126322911345491,1,Interleaved
885,85,0,0.4016540768334234,0.5879301818924216,1,Interleaved
886,86,0,0.39843357525464634,0.4791807194450514,1,Interleaved
887,87,0,0.4542482900291802,0.5963188997977971,1,Interleaved
888,88,0,0.7414617320488127,0.5822064220285291,1,Interleaved
889,89,0,0.35721170119910906,0.8141138882624,1,Interleaved
890,90,0,0.023585217612901818,0.8567122947018133,1,Interleaved
891,91,0,0.48733334735892253,0.8313152035410111,1,Interleaved
892,92,0,0.5291481817429741,0.5336497064188732,1,Interleaved
893,93,0,0.5048346157809483,0.6432407115330334,1,Interleaved
894,94,0,0.0018864878822463353,0.7271615819040689,1,Interleaved
895,95,0,0.7492673637924646,0.46834820995635484,1,Interleaved
896,96,0,0.8453009730574257,0.5035331876467075,1,Interleaved
897,97,0,0.37723489058938453,0.7163439895329526,1,Interleaved
898,98,0,0.7929723987663574,0.5310984437804582,1,Interleaved
899,99,0,0.26188350712992986,0.5814480972288654,1,Interleaved
900,100,0,0.4671377780771816,0.5311678028462882,1,Interleaved
901,101,0,0.7116217132158073,0.4812311706911271,1,Interleaved
902,102,0,0.3674582168883236,0.6047668681828954,1,Interleaved
903,103,0,0.5518399049777163,0.34812347562347673,1,Interleaved
904,104,0,0.951027278902572,0.41426348708936855,1,Interleaved
905,105,0,0.5082381681120751,0.5134914613805681,1,Interleaved
906,106,0,0.7453047373298705,0.5653812972330328,1,Interleaved
907,107,0,0.11007600123119145,0.6458418363595129,1,Interleaved
908,108,0,0.43702751085502334,0.6465382303394458,1,Interleaved
909,109,0,0.46374528057405495,0.4095488504287805,1,Interleaved
910,110,0,0.46626372859125764,0.5145430405376454,1,Interleaved
911,111,0,0.9154734243696128,0.6861501996980537,1,Interleaved
912,112,0,0.32987003646175383,0.6792937104734638,1,Interleaved
913,113,0,0.4776325488486871,0.6876645801657295,1,Interleaved
914,114,0,0.7355518306106155,0.7606383158469474,1,Interleaved
915,115,0,0.18883272491892927,0.5484010068390632,1,Interleaved
916,116,0,0.8725732590541978,0.5177725892048941,1,Interleaved
917,117,0,0.685964058203465,0.6311688949420533,1,Interleaved
918,118,0,0.32528322687717814,0.6795810196541547,1,Interleaved
919,119,0,0.55552682754697,0.6089923607880467,1,Interleaved
920,120,0,0.6746485661866193,0.5659534853642152,1,Interleaved
921,121,0,0.9417766854281837,0.5407312982209928,1,Interleaved
922,122,0,0.2938183320903274,0.382258341560877,1,Interleaved
923,123,0,0.3316662436095364,0.62051919138177,1,Interleaved
924,124,0,0.42717682294568304,0.48587053184256124,1,Interleaved
925,125,0,0.673315036594669,0.5482506935488147,1,Interleaved
926,126,0,0.2842676525241009,0.6728462972481899,1,Interleaved
927,127,0,0.7921484400163641,0.5449685977523342,1,Interleaved
928,128,0,0.6930368725399486,0.4970441486397684,1,Interleaved
929,129,0,0.6586798420289001,0.47548670162040124,1,Interleaved
930,130,0,0.27301940068382846,0.5055020765620136,1,Interleaved
931,131,0,0.17135194481351781,0.4112268625137985,1,Interleaved
932,132,0,0.7389810440184739,0.5098052837082439,1,Interleaved
933,133,0,0.3866825232372898,0.4709077868366147,1,Interleaved
934,134,0,0.48920122163998586,0.5228526888213496,1,Interleaved
935,135,0,0.34353532602282366,0.4799240180862987,1,Interleaved
936,136,0,0.8316074450146056,0.4716889113863214,1,Interleaved
937,137,0,0.6886436445237402,0.33266417983881524,1,Interleaved
938,138,0,0.6711306468121775,0.7112268580097384,1,Interleaved
939,139,0,0.6641793390999141,0.3486570840172799,1,Interleaved
940,140,0,0.9709217545994205,0.43074522298155027,1,Interleaved
941,141,0,0.489897839440218,0.6550656087408054,1,Interleaved
942,142,0,0.18358825511346083,0.6097178001241239,1,Interleaved
943,143,0,0.4743783622584266,0.42537837390557187,1,Interleaved
944,144,0,0.927817222221625,0.4178242069470754,1,Interleaved
945,145,0,0.2025462721480163,0.4360973515732416,1,Interleaved
946,146,0,0.5149484815060482,0.48466751042889133,1,Interleaved
947,147,0,0.7054298895564336,0.39982725622186543,1,Interleaved
948,148,0,0.9204635626554294,0.4251983835352513,1,Interleaved
949,149,0,0.588183794478335,0.6812296383048289,1,Interleaved
950,150,0,0.503632933078412,0.47968151748430876,1,Interleaved
951,151,0,0.04623613039234319,0.4746238455276147,1,Interleaved
952,152,0,0.1075203114594324,0.5654528362076765,1,Interleaved
953,153,0,0.5821414961269455,0.5990673906474288,1,Interleaved
954,154,0,0.37740712969523593,0.5110309375543236,1,Interleaved
955,155,0,0.6906692280761908,0.5953580550019428,1,Interleaved
956,156,0,0.26590073887411136,0.5325971979565618,1,Interleaved
957,157,0,0.3125119851549236,0.5274234854293469,1,Interleaved
958,158,0,0.33468951602770547,0.5206315330953656,1,Interleaved
959,159,0,0.11038739734249338,0.6471468066280353,1,Interleaved
960,160,0,0.14746474280216446,0.41620955893750156,1,Interleaved
961,161,0,0.6275016685181007,0.5905335884895119,1,Interleaved
962,162,0,0.7100688451204954,0.543647869821832,1,Interleaved
963,163,0,0.5608784174295987,0.4095224415597989,1,Interleaved
964,164,0,0.16194607756498675,0.4245480307120483,1,Interleaved
965,165,0,0.371515906398918,0.5983564008913758,1,Interleaved
966,166,0,0.35222408267355865,0.4962715134621377,1,Interleaved
967,167,0,0.24692921929590597,0.5218505358204758,1,Interleaved
968,168,0,0.6560870834586261,0.370966074401736,1,Interleaved
969,169,0,0.42649870785050437,0.5954043528313515,1,Interleaved
970,170,0,0.6961230632253541,0.6398246987533996,1,Interleaved
971,171,0,0.8975607658342085,0.42053481833065964,1,Interleaved
972,172,0,0.9658181887727042,0.7301283124533436,1,Interleaved
973,173,0,0.2914674285617445,0.5781823553890248,1,Interleaved
974,174,0,0.6980513265145785,0.6262216631982569,1,Interleaved
975,175,0,0.6246601035032814,0.4510937901612712,1,Interleaved
976,176,0,0.6265998062755281,0.5000826299900227,1,Interleaved
977,177,0,0.2966745496467305,0.3501418983753951,1,Interleaved
978,178,0,0.81363846017801,0.45907914052129795,1,Interleaved
979,179,0,0.5327090229615896,0.5073162622008396,1,Interleaved
980,180,0,0.4262416497199726,0.7667387308156182,1,Interleaved
981,181,0,0.2648022475038478,0.6954350192737289,1,Interleaved
982,182,0,0.599923014893371,0.4870711619047519,1,Interleaved
983,183,0,0.42565465077373466,0.6103008159386892,1,Interleaved
984,184,0,0.6172649597667117,0.4733351352972494,1,Interleaved
985,185,0,0.04654220864935093,0.6055788211261512,1,Interleaved
986,186,0,0.9251614576247527,0.5208786531600214,1,Interleaved
987,187,0,0.5210921019472862,0.5147215573093838,1,Interleaved
988,188,0,0.9200006878733388,0.36930115634168725,1,Interleaved
989,189,0,0.5077190137322236,0.6102384729794952,1,Interleaved
990,190,0,0.5633088088347591,0.5055749293058698,1,Interleaved
991,191,0,0.5296080898870287,0.4928023001759635,1,Interleaved
992,192,0,0.7664259171877221,0.5057636169888291,1,Interleaved
993,193,0,0.27523682652406906,0.5918921020014543,1,Interleaved
994,194,0,0.4563173659624645,0.4551163788120369,1,Interleaved
995,195,0,0.40131665732297644,0.5168218332838184,1,Interleaved
996,196,0,0.21677901958596074,0.6294674534131686,1,Interleaved
997,197,0,0.3121818033434024,0.4824374856115826,1,Interleaved
998,198,0,0.5903654533508251,0.43545462180696626,1,Interleaved
999,199,0,0.6574793872193372,0.46409080442526535,1,Interleaved
1000,0,0,0.4782038719095936,0.6374710808771652,1,Instructed
1001,1,0,0.5311874733093889,0.7715276053084839,1,Instructed
1002,2,0,0.48749247082755465,1.005562016901352,1,Instructed
1003,3,0,0.6926086194475098,0.6914492930899343,1,Instructed
1004,4,0,0.838223081883466,0.4627643909960809,1,Instructed
1005,5,0,0.31974083763703637,0.6489953271945079,1,Instructed
1006,6,0,0.3191609242616673,0.5339019675961956,1,Instructed
1007,7,0,0.024462394680100943,0.7991464485478339,1,Instructed
1008,8,0,0.4356922840926122,0.568347460700247,1,Instructed
1009,9,0,0.5095379828463799,0.5373772565915724,1,Instructed
1010,10,0,0.2191959310268969,0.5131016753740301,1,Instructed
1011,11,0,0.9124833826970349,0.6189888392119773,1,Instructed
1012,12,0,0.09119642392755464,0.3704072499534514,1,Instructed
1013,13,0,0.5061199235824437,0.4556919471177121,1,Instructed
1014,14,0,0.5204247279073305,0.3669172522068056,1,Instructed
1015,15,0,0.07801810233715308,0.5270583134315615,1,Instructed
1016,16,0,0.4328299017854425,0.7443592732273492,1,Instructed
1017,17,0,0.03630374574356704,1.1115818375622672,1,Instructed
1018,18,0,0.7294658333452512,0.4057633025298293,1,Instructed
1019,19,0,0.7948880503024389,0.6852969139439204,1,Instructed
1020,20,0,0.503148646794489,0.4290708069660589,1,Instructed
1021,21,0,0.3794608104548539,0.6789972943729345,1,Instructed
1022,22,0,0.917325041846415,0.42069061103897576,1,Instructed
1023,23,0,0.2800284732736844,0.6376543074971077,1,Instructed
1024,24,0,0.9122315017703633,0.454386965535304,1,Instructed
1025,25,0,0.9528291867990171,0.44591376999559357,1,Instructed
1026,26,0,0.4604723764572233,0.586832337304529,1,Instructed
1027,27,0,0.08987060548598229,0.7174485193679232,1,Instructed
1028,28,0,0.8298157706780409,0.4012015619001209,1,Instructed
1029,29,0,0.16144881768203748,0.798268025733992,1,Instructed
1030,30,0,0.49944244494112533,0.4244479166181353,1,Instructed
1031,31,0,0.4826172251827077,0.6754055723289913,1,Instructed
1032,32,0,0.3558071651230471,0.420476124964957,1,Instructed
1033,33,0,0.1144173951326167,0.5768425533455146,1,Instructed
1034,34,0,0.7137424493122,0.5578534676875904,1,Instructed
1035,35,0,0.42946965954397676,0.6923579872032739,1,Instructed
1036,36,0,0.576418348027665,0.3064497818971837,1,Instructed
1037,37,0,0.6637622176365463,0.6107789679720081,1,Instructed
1038,38,0,0.4200456032063188,0.47978537697795387,1,Instructed
1039,39,0,0.16882038899516638,0.5618362669070441,1,Instructed
1040,40,0,0.5261542524935603,0.8131991927256351,1,Instructed
1041,41,0,0.2218003141468111,0.6685022499534656,1,Instructed
1042,42,0,0.6887838720504204,0.4380827418798131,1,Instructed
1043,43,0,0.8494590692185636,0.4891781164965724,1,Instructed
1044,44,0,0.5293451433563884,0.4869221571114919,1,Instructed
1045,45,0,0.8859629299465536,0.5298243616499188,1,Instructed
1046,46,0,0.4622543193590865,0.5123199726555803,1,Instructed
1047,47,0,0.9729818424289218,0.5131363195385003,1,Instructed
1048,48,0,0.5883991803956206,0.3805350752881386,1,Instructed
1049,49,0,0.7697276446500789,0.7555389927179887,1,Instructed
1050,50,0,0.6104301562682874,0.4106524045757804,1,Instructed
1051,51,0,0.8625822416801013,0.5560834225521643,1,Instructed
1052,52,0,0.7471676568588711,0.5354639613517964,1,Instructed
1053,53,0,0.5789324872981247,0.4612925207538414,1,Instructed
1054,54,0,0.7699668409018905,0.38972502694322697,1,Instructed
1055,55,0,0.04081698010415294,0.6465828331527718,1,Instructed
1056,56,0,0.5604664542008533,0.49998679333398854,1,Instructed
1057,57,0,0.6829211053042014,0.4792605014635989,1,Instructed
1058,58,0,0.17064556235740663,0.496659628807651,1,Instructed
1059,59,0,0.8710156387342991,0.5324266071290802,1,Instructed
1060,60,0,0.28431090120173685,0.5486981699775209,1,Instructed
1061,61,0,0.5550655337797268,0.6770054285072253,1,Instructed
1062,62,0,0.5239685057792712,0.6975147608856083,1,Instructed
1063,63,0,0.041928376205762063,0.593904132167294,1,Instructed
1064,64,0,0.4991277873860508,0.4761687771847256,1,Instructed
1065,65,0,0.9568031201749624,0.3161794575627461,1,Instructed
1066,66,0,0.09586733974092573,0.42320716613674936,1,Instructed
1067,67,0,0.7031111129184133,0.48210471997454585,1,Instructed
1068,68,0,0.5812917248659817,0.5235452857945181,1,Instructed
1069,69,0,0.7818416398790236,0.6238427995002127,1,Instructed
1070,70,0,0.5144017501432856,0.41019573899487494,1,Instructed
1071,71,0,0.8575173128535106,0.5065508733211448,1,Instructed
1072,72,0,0.3779001288540245,0.4222155387234521,1,Instructed
1073,73,0,0.6263095883564798,0.6250814016553374,1,Instructed
1074,74,0,0.0792759794508738,0.40638096980847516,1,Instructed
1075,75,0,0.8542891144845107,0.6030766397814982,1,Instructed
1076,76,0,0.5567137604087896,0.48647946965228034,1,Instructed
1077,77,0,0.511830810353014,0.37620970609170407,1,Instructed
1078,78,0,0.4414258929285332,0.6231196312944571,1,Instructed
1079,79,0,0.423213608612889,0.5072055486429905,1,Instructed
1080,80,0,0.45717620328092545,0.6448512419883521,1,Instructed
1081,81,0,0.5247804573371838,0.5228685938789656,1,Instructed
1082,82,0,0.04472651534965359,0.7531732852704355,1,Instructed
1083,83,0,0.012457268981911216,0.5801293229677965,1,Instructed
1084,84,0,0.7607614535870812,0.4208418722775835,1,Instructed
1085,85,0,0.7183437183500208,0.6157964936458767,1,Instructed
1086,86,0,0.542155160443754,0.46395400194674574,1,Instructed
1087,87,0,0.35356270427876324,0.5352103657987863,1,Instructed
1088,88,0,0.36910363447911365,0.4703066391817369,1,Instructed
1089,89,0,0.9800273847905191,0.5079609828182906,1,Instructed
1090,90,0,0.8226717015357676,0.3737291455612636,1,Instructed
1091,91,0,0.8807916736988955,0.5129811059546199,1,Instructed
1092,92,0,0.5287272621334765,0.6042870676082552,1,Instructed
1093,93,0,0.44265975752401177,0.4141842461693351,1,Instructed
1094,94,0,0.6744609770861631,0.4771568126570174,1,Instructed
1095,95,0,0.08665361806191008,0.4683849549291418,1,Instructed
1096,96,0,0.5018166731812612,0.7326343948359393,1,Instructed
1097,97,0,0.22443963595580368,0.4172759434312303,1,Instructed
1098,98,0,0.714225462321824,0.7022053524176224,1,Instructed
1099,99,0,0.41591807641591927,0.7184007402340467,1,Instructed
1100,100,0,0.2892679676009157,0.5682332947344099,1,Instructed
1101,101,0,0.4680436801808467,0.6014490251003759,1,Instructed
1102,102,0,0.44173088559453877,0.5665111919456329,1,Instructed
1103,103,0,0.4895736546245723,0.5976084204857532,1,Instructed
1104,104,0,0.9283070316906181,0.3816258730691203,1,Instructed
1105,105,0,0.6579627793755145,0.41896075314844833,1,Instructed
1106,106,0,0.1494834717154609,0.4709598585913327,1,Instructed
1107,107,0,0.5910387586661605,0.5318566536415161,1,Instructed
1108,108,0,0.8313563908803148,0.2942597452426001,1,Instructed
1109,109,0,0.6284138674650128,0.575367262074325,1,Instructed
1110,110,0,0.4065196801691996,0.6109568029760597,1,Instructed
1111,111,0,0.04211678378572792,0.4719112041049372,1,Instructed
1112,112,0,0.7584346043035766,0.5979762458740472,1,Instructed
1113,113,0,0.7979234921832448,0.46659631265491386,1,Instructed
1114,114,0,0.6002647482871031,0.3127802957044818,1,Instructed
1115,115,0,0.499956298076798,1.7315745794352337,1,Instructed
1116,116,0,0.5338437758832011,0.4515364719524101,1,Instructed
1117,117,0,0.9052835557696511,0.7263324053242841,1,Instructed
1118,118,0,0.25655411062115313,0.4596496554164754,1,Instructed
1119,119,0,0.6762184700149805,0.41014999471652874,1,Instructed
1120,120,0,0.7993343618625179,0.45948130709456303,1,Instructed
1121,121,0,0.6450977016971013,0.4382833592016704,1,Instructed
1122,122,0,0.12078161743526537,0.5789194316934629,1,Instructed
1123,123,0,0.4758552700723771,0.4714190331719731,1,Instructed
1124,124,0,0.6346325541448853,0.5635479704172199,1,Instructed
1125,125,0,0.35718990931543393,0.8599760455887955,1,Instructed
1126,126,0,0.23705051401717242,0.44642846204436604,1,Instructed
1127,127,0,0.344099630310312,0.6624068934959413,1,Instructed
1128,128,0,0.22339368800306894,0.5672155046748171,1,Instructed
1129,129,0,0.9066260724553111,0.4079808736900954,1,Instructed
1130,130,0,0.5287465010523054,0.5894439014571298,1,Instructed
1131,131,0,0.8071364345412373,0.46057777217807905,1,Instructed
1132,132,0,0.8047876495577904,0.4893129526219302,1,Instructed
1133,133,0,0.518167680340658,0.5521115909884018,1,Instructed
1134,134,0,0.06485596941408779,0.5781170844272878,1,Instructed
1135,135,0,0.37117328486744094,0.6062593223174209,1,Instructed
1136,136,0,0.477784877668624,0.5710353766152045,1,Instructed
1137,137,0,0.6139647676549829,0.5032545672984788,1,Instructed
1138,138,0,0.21936973925496084,0.5492313411527443,1,Instructed
1139,139,0,0.4985736546572589,0.7784017440591627,1,Instructed
1140,140,0,0.7131055292396165,0.38528820825868637,1,Instructed
1141,141,0,0.10703330809266727,0.6335700705582068,1,Instructed
1142,142,0,0.8375323022672099,0.544539641478292,1,Instructed
1143,143,0,0.2740361194056903,0.47646900296040584,1,Instructed
1144,144,0,0.504899405057653,0.44088024685749483,1,Instructed
1145,145,0,0.26696039424814677,0.8727698935222293,1,Instructed
1146,146,0,0.7369245838917473,0.3690412561702975,1,Instructed
1147,147,0,0.6696528776459737,0.574046812334045,1,Instructed
1148,148,0,0.8743907368153157,0.4460335594308681,1,Instructed
1149,149,0,0.4721746403827149,0.45407159281265613,1,Instructed
1150,150,0,0.5913494489235387,0.4982988550091336,1,Instructed
1151,151,0,0.08448289256153452,0.6140720041229031,1,Instructed
1152,152,0,0.29755343647828764,0.48429936435695914,1,Instructed
1153,153,0,0.5408939648982392,0.6257167800144283,1,Instructed
1154,154,0,0.29688585738742024,0.7210766698596116,1,Instructed
1155,155,0,0.9963574508113623,0.44918740387707556,1,Instructed
1156,156,0,0.8161754595778816,0.4746608266324256,1,Instructed
1157,157,0,0.4913604320926914,0.4526290484433503,1,Instructed
1158,158,0,0.5208177202316459,0.4358427379094898,1,Instructed
1159,159,0,0.5422735834566339,0.494298857372815,1,Instructed
1160,160,0,0.009046285166725655,0.6851181211212833,1,Instructed
1161,161,0,0.7637316488528434,0.532835324381588,1,Instructed
1162,162,0,0.5188023254112728,0.49804508032401956,1,Instructed
1163,163,0,0.3760171294496125,0.4423725155458703,1,Instructed
1164,164,0,0.6476782741277833,0.28037171702828156,1,Instructed
1165,165,0,0.36102362656359577,0.3961133685234413,1,Instructed
1166,166,0,0.09700978555113518,0.4997948623204448,1,Instructed
1167,167,0,0.015606375749332834,0.9517818923281783,1,Instructed
1168,168,0,0.7106756792361903,0.6689993798611812,1,Instructed
1169,169,0,0.19221893756985012,0.6069539226406084,1,Instructed
1170,170,0,0.3062505184824376,0.4766483518788027,1,Instructed
1171,171,0,0.22088996545759043,0.571807298933923,1,Instructed
1172,172,0,0.8414811470421792,0.8796563121748973,1,Instructed
1173,173,0,0.13929302896125392,0.5959525391182507,1,Instructed
1174,174,0,0.8077458992667956,0.5894523831188787,1,Instructed
1175,175,0,0.23533476527968972,1.108828350047375,1,Instructed
1176,176,0,0.6223633803667964,0.5603036334613514,1,Instructed
1177,177,0,0.14693249827835483,0.4833499519053829,1,Instructed
1178,178,0,0.34204121418675887,0.9495987615233639,1,Instructed
1179,179,0,0.08721035771446345,0.4579794940534827,1,Instructed
1180,180,0,0.06661243497519685,0.6664130502571033,1,Instructed
1181,181,0,0.6587524169044121,0.3549196318540764,1,Instructed
1182,182,0,0.5746486271397495,0.3046296087096884,1,Instructed
1183,183,0,0.8827098846373604,0.6714699337248087,1,Instructed
1184,184,0,0.820469379975988,0.6343986334190128,1,Instructed
1185,185,0,0.5120517171145571,0.5453686241279438,1,Instructed
1186,186,0,0.2558113539197011,0.824725951236256,1,Instructed
1187,187,0,0.6116078524925518,0.4631668846200326,1,Instructed
1188,188,0,0.03238490456229799,0.8153337256817836,1,Instructed
1189,189,0,0.6765027868333383,0.5681162973083855,1,Instructed
1190,190,0,0.5571482497472979,0.4794016843449958,1,Instructed
1191,191,0,0.43621986331053525,0.6024369036699813,1,Instructed
1192,192,0,0.5060492398796976,0.42128193359120314,1,Instructed
1193,193,0,0.0666822825116787,0.926776909662161,1,Instructed
1194,194,0,0.6777244243503122,0.5123657799929149,1,Instructed
1195,195,0,0.14352014238982463,0.46564774713214685,1,Instructed
1196,196,0,0.8793286352328674,0.4064977827486709,1,Instructed
1197,197,0,0.6120610412369583,0.6725917359971243,1,Instructed
1198,198,0,0.18985273548448053,0.6435343438376316,1,Instructed
1199,199,0,0.9402172325991509,0.49761156624327746,1,Instructed
