,t,e_hat,Accuracy,pe,batch,Condition
0,0,0,0.9048872196121982,0.5606349190061588,0,Blocked
1,1,0,0.041959166602123864,0.5561473156538833,0,Blocked
2,2,0,0.9883016127161269,0.39107397825909734,0,Blocked
3,3,0,0.12132047487274591,0.711074791944274,0,Blocked
4,4,0,0.8810453237722391,0.5500464871233424,0,Blocked
5,5,0,0.7262207184957952,0.36974247064670535,0,Blocked
6,6,0,0.346778591563297,0.4992946672574828,0,Blocked
7,7,0,0.5748087298564785,0.6441419966380122,0,Blocked
8,8,0,0.5092746941708909,0.6061933559125193,0,Blocked
9,9,0,0.09345734240929364,0.39622641356056976,0,Blocked
10,10,0,0.10886041073648055,0.4952225821225928,0,Blocked
11,11,0,0.9356110061207377,0.449840339637816,0,Blocked
12,12,0,0.5418049008499565,0.4427387779861404,0,Blocked
13,13,0,0.7521399763357812,0.4048108371800969,0,Blocked
14,14,0,0.6378798981920948,0.6507960357673517,0,Blocked
15,15,0,0.8736037920838994,0.4106379700210552,0,Blocked
16,16,0,0.377072054818031,0.5474193999675516,0,Blocked
17,17,0,0.8090282613522715,0.4427718346303162,0,Blocked
18,18,0,0.800302755551963,0.40755644868348384,0,Blocked
19,19,0,0.7641913097233607,0.33250386264516396,0,Blocked
20,20,0,0.7747373126772723,0.42495820314140154,0,Blocked
21,21,0,0.20567281819248828,0.5805259057585829,0,Blocked
22,22,0,0.8857964699743427,0.40397381215849276,0,Blocked
23,23,0,0.8485201321586029,0.4401948507312835,0,Blocked
24,24,0,0.4974102625375724,0.4722216228387014,0,Blocked
25,25,0,0.6698626241038017,0.4892073121546068,0,Blocked
26,26,0,0.6557497978418921,0.465275666598905,0,Blocked
27,27,0,0.6060651481192829,0.4738255418767213,0,Blocked
28,28,0,0.7560973526111427,0.5048048530092895,0,Blocked
29,29,0,0.5886392104494131,0.34965572973756165,0,Blocked
30,30,0,0.31425118218580617,0.5048477700821143,0,Blocked
31,31,0,0.7475105091638246,0.40600599819838973,0,Blocked
32,32,0,0.24220242962224292,0.4793842342498731,0,Blocked
33,33,0,0.5173488491926743,0.44451220170885974,0,Blocked
34,34,0,0.7749669668565007,0.3850036469991859,0,Blocked
35,35,0,0.2906123359707422,0.517957042000325,0,Blocked
36,36,0,0.6900409007029484,0.4472245575475401,0,Blocked
37,37,0,0.7586993677509377,0.4484522178523344,0,Blocked
38,38,0,0.8313023955834586,0.3138535927116227,0,Blocked
39,39,0,0.8739507769701951,0.3516322849546663,0,Blocked
40,40,0,0.45388710245799724,0.6075030354700579,0,Blocked
41,41,0,0.48362468503094974,0.4548340976523212,0,Blocked
42,42,0,0.2674285308687878,0.6954404877824482,0,Blocked
43,43,0,0.6888057660878486,0.5356107640768748,0,Blocked
44,44,0,0.4344507420140971,0.40521462866786534,0,Blocked
45,45,0,0.49925367433356127,0.4191254052479872,0,Blocked
46,46,0,0.5936869624434904,0.6124310631605097,0,Blocked
47,47,0,0.7458564221863087,0.46798755231439493,0,Blocked
48,48,0,0.6907006052239173,0.45241592468376124,0,Blocked
49,49,0,0.8581054591324411,0.4023500867727132,0,Blocked
50,50,0,0.24428506759770802,0.5434518053238284,0,Blocked
51,51,0,0.40041475390371634,0.49536058143958883,0,Blocked
52,52,0,0.0693574542419176,0.46928915908139435,0,Blocked
53,53,0,0.20237132562805993,0.41088535283174055,0,Blocked
54,54,0,0.4372822285898561,0.5098217257093828,0,Blocked
55,55,0,0.3097505248799671,0.4275940551971565,0,Blocked
56,56,0,0.3535953436740231,0.5397310731063754,0,Blocked
57,57,0,0.43593270996030176,0.4832036888587492,0,Blocked
58,58,0,0.4095296730541651,0.5152315277793289,0,Blocked
59,59,0,0.7259496962358535,0.42866588861168226,0,Blocked
60,60,0,0.33054628288405963,0.5491323610583334,0,Blocked
61,61,0,0.5757808943102435,0.43216919861367414,0,Blocked
62,62,0,0.6009901248856423,0.41018052637810926,0,Blocked
63,63,0,0.4050347313645781,0.4761562689762052,0,Blocked
64,64,0,0.5293685434939623,0.4924356315690146,0,Blocked
65,65,0,0.6114818369373436,0.46721322038200197,0,Blocked
66,66,0,0.4230519890100064,0.5818148795590063,0,Blocked
67,67,0,0.7407075693043332,0.4775049595084504,0,Blocked
68,68,0,0.4645489384906856,0.33801242294276057,0,Blocked
69,69,0,0.5078712764281965,0.5526736300925796,0,Blocked
70,70,0,0.9357369106303264,0.4280783250010457,0,Blocked
71,71,0,0.7255143986688785,0.3945456879980191,0,Blocked
72,72,0,0.36574735863714136,0.48184851505215054,0,Blocked
73,73,0,0.48116985435401666,0.4678865483718983,0,Blocked
74,74,0,0.6647980979274151,0.38592901263125373,0,Blocked
75,75,0,0.5274789459350716,0.3998690487731371,0,Blocked
76,76,0,0.7525500893580552,0.4127613803283007,0,Blocked
77,77,0,0.7548980930671821,0.3713470925217105,0,Blocked
78,78,0,0.5590675865180984,0.3729296340281798,0,Blocked
79,79,0,0.7375129244073033,0.5920661364826065,0,Blocked
80,80,0,0.2534909493101693,0.44811078555215245,0,Blocked
81,81,0,0.7089389319093284,0.47366134732114823,0,Blocked
82,82,0,0.6795143377284599,0.46402013624270344,0,Blocked
83,83,0,0.18549555942408166,0.39944014657997506,0,Blocked
84,84,0,0.238378246335191,0.5723642510213522,0,Blocked
85,85,0,0.23289969526757098,0.4289658262155103,0,Blocked
86,86,0,0.42461827537675434,0.4580966387244025,0,Blocked
87,87,0,0.37808337594507646,0.5161500701911315,0,Blocked
88,88,0,0.31910691040345596,0.4457492937831441,0,Blocked
89,89,0,0.5860229377142216,0.4605962481435272,0,Blocked
90,90,0,0.6663182366239508,0.359493955849532,0,Blocked
91,91,0,0.3280800963425573,0.4111591655557977,0,Blocked
92,92,0,0.2325091717160973,0.5100894697051087,0,Blocked
93,93,0,0.6021871571230603,0.37552276590025513,0,Blocked
94,94,0,0.8187497598996043,0.3962308117639131,0,Blocked
95,95,0,0.27569959189748344,0.353171765308586,0,Blocked
96,96,0,0.8684522034004093,0.40447972829458023,0,Blocked
97,97,0,0.14810428398949801,0.6661310896614638,0,Blocked
98,98,0,0.2976839482225615,0.36536068569406555,0,Blocked
99,99,0,0.6403921052557553,0.3919253436745438,0,Blocked
100,100,0,0.6660424914959603,0.39830534407802826,0,Blocked
101,101,0,0.36605928076983735,0.37902340827575376,0,Blocked
102,102,0,0.24587401483926888,0.30395719256415454,0,Blocked
103,103,0,0.29301242174975134,0.33938231970079047,0,Blocked
104,104,0,0.6641032353389701,0.469109088612124,0,Blocked
105,105,0,0.6133589172261446,0.43530921232350606,0,Blocked
106,106,0,0.14667978618365385,0.39090296646180445,0,Blocked
107,107,0,0.8354858557345752,0.46059204178473623,0,Blocked
108,108,0,0.4264790857107058,0.39607298281329895,0,Blocked
109,109,0,0.24100804765654527,0.412720492148242,0,Blocked
110,110,0,0.4822482532882661,0.4483482605382558,0,Blocked
111,111,0,0.7457841162934168,0.3472320662644725,0,Blocked
112,112,0,0.8856213636807857,0.45872759859027223,0,Blocked
113,113,0,0.5214955049070562,0.34919565573287714,0,Blocked
114,114,0,0.3645520288035393,0.4253817305382558,0,Blocked
115,115,0,0.4361918336907442,0.38769106348715504,0,Blocked
116,116,0,0.06867430664763507,0.41792118877868767,0,Blocked
117,117,0,0.49364969010381626,0.2940797373166083,0,Blocked
118,118,0,0.7648065536355841,0.4236464011581462,0,Blocked
119,119,0,0.6928479898406172,0.3518563222876761,0,Blocked
120,120,0,0.3696451594005226,0.3640559061946127,0,Blocked
121,121,0,0.5871638169576869,0.44828769537552365,0,Blocked
122,122,0,0.4728206689535769,0.4561184278814124,0,Blocked
123,123,0,0.35108848082012073,0.34393169737070906,0,Blocked
124,124,0,0.5599143206506116,0.36045904030299647,0,Blocked
125,125,0,0.730046902781798,0.36735826890436785,0,Blocked
126,126,0,0.13151050666648165,0.4027748828319596,0,Blocked
127,127,0,0.7639509416489048,0.3079921388653628,0,Blocked
128,128,0,0.29628169850218583,0.47583614797092033,0,Blocked
129,129,0,0.2810480328951144,0.661448229352408,0,Blocked
130,130,0,0.5840866139241664,0.5005194535756333,0,Blocked
131,131,0,0.34128290102879477,0.3898267409391709,0,Blocked
132,132,0,0.7351105908616347,0.4188491637604686,0,Blocked
133,133,0,0.5434183233400172,0.4566807116279328,0,Blocked
134,134,0,0.8909996707486401,0.4715144688935501,0,Blocked
135,135,0,0.8619993033135396,0.35881886017899167,0,Blocked
136,136,0,0.9750228805482853,0.3251504601632663,0,Blocked
137,137,0,0.904264965107662,0.3738307061048783,0,Blocked
138,138,0,0.8503932049152884,0.35016822671665576,0,Blocked
139,139,0,0.33889980574916856,0.45399683371309646,0,Blocked
140,140,0,0.3358314456697439,0.4992439637001381,0,Blocked
141,141,0,0.6588246063542403,0.4202257275310686,0,Blocked
142,142,0,0.6867417212741964,0.36007358337813333,0,Blocked
143,143,0,0.7693183504084442,0.35347816108741015,0,Blocked
144,144,0,0.6889416768055462,0.34330651299410764,0,Blocked
145,145,0,0.755919609666293,0.32782750585168835,0,Blocked
146,146,0,0.3811065233006706,0.33817370659613394,0,Blocked
147,147,0,0.2973756773680708,0.3735918468895044,0,Blocked
148,148,0,0.574858648552472,0.3687035874119626,0,Blocked
149,149,0,0.27247627394622875,0.312499453683639,0,Blocked
150,150,0,0.6884131889343692,0.3365623140213361,0,Blocked
151,151,0,0.7014726198278886,0.3897273823218772,0,Blocked
152,152,0,0.2373475832077912,0.35191207608932573,0,Blocked
153,153,0,0.11301927122306728,0.33511319937172523,0,Blocked
154,154,0,0.2788259879567295,0.42007767362378623,0,Blocked
155,155,0,0.8723271864053225,0.2487364725478221,0,Blocked
156,156,0,0.13860182192910442,0.45213583580921446,0,Blocked
157,157,0,0.6373496939988164,0.37616711771058176,0,Blocked
158,158,0,0.29925735769564255,0.40026302005474085,0,Blocked
159,159,0,0.6510950367374678,0.34298612013599517,0,Blocked
160,160,0,0.5669545900348316,0.40618896753985173,0,Blocked
161,161,0,0.37483916604052075,0.3684506858986832,0,Blocked
162,162,0,0.5218136628444738,0.4016557628053958,0,Blocked
163,163,0,0.42337593493620806,0.6106885958396221,0,Blocked
164,164,0,0.16188326235496037,0.4161304901720073,0,Blocked
165,165,0,0.5161168431066091,0.3596260593586921,0,Blocked
166,166,0,0.8814854143025901,0.3151436983461475,0,Blocked
167,167,0,0.24958327083784757,0.40100958448429413,0,Blocked
168,168,0,0.5025052750653051,0.41157260031462994,0,Blocked
169,169,0,0.7252417565367186,0.35928039052142524,0,Blocked
170,170,0,0.5186815480959158,0.36258173308642394,0,Blocked
171,171,0,0.6704000578892437,0.3559042119271347,0,Blocked
172,172,0,0.7314202070318035,0.4884354704064429,0,Blocked
173,173,0,0.8672262717748328,0.2787556358818443,0,Blocked
174,174,0,0.16649395464454167,0.5368733033309185,0,Blocked
175,175,0,0.8535253809058224,0.26405247972554746,0,Blocked
176,176,0,0.8443180140902061,0.2875397510559178,0,Blocked
177,177,0,0.2432132376884787,0.49982029211294876,0,Blocked
178,178,0,0.4868207165976486,0.39128333615589905,0,Blocked
179,179,0,0.8235176872206462,0.2669267049636797,0,Blocked
180,180,0,0.45046892668591754,0.43993669108345745,0,Blocked
181,181,0,0.2893518792846943,0.44214871994620053,0,Blocked
182,182,0,0.793634630916469,0.372315356919557,0,Blocked
183,183,0,0.8684177180886146,0.3351339106844452,0,Blocked
184,184,0,0.4796181322373339,0.303427626623494,0,Blocked
185,185,0,0.818343754553845,0.36936349593574413,0,Blocked
186,186,0,0.7049946831355379,0.3388566800603938,0,Blocked
187,187,0,0.5998970573752574,0.4624451507587518,0,Blocked
188,188,0,0.6554162531798169,0.38885558836672435,0,Blocked
189,189,0,0.6743112870922492,0.3931458875827159,0,Blocked
190,190,0,0.4691741556754659,0.4802493483143183,0,Blocked
191,191,0,0.5104790210254837,0.43190766555623594,0,Blocked
192,192,0,0.4417630419182077,0.4319124688101587,0,Blocked
193,193,0,0.04106028642821411,0.5113533083977433,0,Blocked
194,194,0,0.9243029820692918,0.3609195058949143,0,Blocked
195,195,0,0.5757112935530408,0.37286099610388057,0,Blocked
196,196,0,0.6938209807431314,0.43641375477072086,0,Blocked
197,197,0,0.6727599231234034,0.38159466349523463,0,Blocked
198,198,0,0.6681400246654376,0.29331341865481164,0,Blocked
199,199,0,0.43464966398789384,0.36372247778428624,0,Blocked
200,0,0,0.32258068083787805,0.7748200462772439,0,Interleaved
201,1,0,0.2742434484247008,0.6066976113054733,0,Interleaved
202,2,0,0.5032224504416511,0.5108386421567428,0,Interleaved
203,3,0,0.29317427502631765,0.642633141829994,0,Interleaved
204,4,0,0.602253587122736,0.5722413489858224,0,Interleaved
205,5,0,0.8180584761089797,0.47543030644806006,0,Interleaved
206,6,0,0.4856949076938206,0.7055466793000813,0,Interleaved
207,7,0,0.21394629045695604,0.5301834761643694,0,Interleaved
208,8,0,0.3312543580791774,0.46928326082400074,0,Interleaved
209,9,0,0.22131444948054388,0.5800936098745753,0,Interleaved
210,10,0,0.7179127478412417,0.5322488665774696,0,Interleaved
211,11,0,0.48930301657911496,0.5703375290599951,0,Interleaved
212,12,0,0.6102472962561589,0.46950455425492255,0,Interleaved
213,13,0,0.4375158210446176,0.6758539023318095,0,Interleaved
214,14,0,0.32140960928762685,0.41889238497681364,0,Interleaved
215,15,0,0.24516989493491437,0.5086701325418105,0,Interleaved
216,16,0,0.687370141792146,0.5116505505145201,0,Interleaved
217,17,0,0.3977400563367378,0.5521041981471768,0,Interleaved
218,18,0,0.7677880622145457,0.4554002065176628,0,Interleaved
219,19,0,0.5655296327238616,0.5175721610385277,0,Interleaved
220,20,0,0.3520826546495643,0.5148004479700968,0,Interleaved
221,21,0,0.12849188086405577,0.5476698721415207,0,Interleaved
222,22,0,0.6053402985851729,0.4925430836968242,0,Interleaved
223,23,0,0.7167999900602687,0.49451813981736853,0,Interleaved
224,24,0,0.4186143211958523,0.5742815305855913,0,Interleaved
225,25,0,0.5352895947627487,0.41884812418596223,0,Interleaved
226,26,0,0.770676743769572,0.5134748147084814,0,Interleaved
227,27,0,0.2826570572199717,0.6185053732434342,0,Interleaved
228,28,0,0.48304802006448,0.4162329659764361,0,Interleaved
229,29,0,0.42792007102720775,0.4983407106322223,0,Interleaved
230,30,0,0.7075023701826689,0.4733341250843158,0,Interleaved
231,31,0,0.2661591401639411,0.5322621768450303,0,Interleaved
232,32,0,0.7699981482250522,0.4571929487752012,0,Interleaved
233,33,0,0.24350799805277915,0.343168299153282,0,Interleaved
234,34,0,0.30508838674407557,0.4385018334025741,0,Interleaved
235,35,0,0.3578972043663584,0.45899595523511383,0,Interleaved
236,36,0,0.758660953892925,0.4300429529633418,0,Interleaved
237,37,0,0.44203888197349045,0.3787574664764539,0,Interleaved
238,38,0,0.8049472097155794,0.4502275223225721,0,Interleaved
239,39,0,0.28280202454126935,0.6431180607067037,0,Interleaved
240,40,0,0.6945604517114223,0.5109758947230444,0,Interleaved
241,41,0,0.3536342807748618,0.5929899013957366,0,Interleaved
242,42,0,0.25833989470454705,0.5266557131287117,0,Interleaved
243,43,0,0.4478850951939373,0.5632466251318188,0,Interleaved
244,44,0,0.16439257548152603,0.5781533705396242,0,Interleaved
245,45,0,0.20831764972882577,0.5359911145332206,0,Interleaved
246,46,0,0.8644520930181538,0.5088340868439905,0,Interleaved
247,47,0,0.6250089841807633,0.4258252789006235,0,Interleaved
248,48,0,0.8266880255194424,0.44056097309937414,0,Interleaved
249,49,0,0.5438356734661945,0.48605198655731097,0,Interleaved
250,50,0,0.3089571123072884,0.36072826316022677,0,Interleaved
251,51,0,0.5121753135625058,0.4400570901557359,0,Interleaved
252,52,0,0.4922003920382692,0.46219662751633633,0,Interleaved
253,53,0,0.26890312251364934,0.6567812676902977,0,Interleaved
254,54,0,0.7656002301262164,0.5580010344743732,0,Interleaved
255,55,0,0.35375868693036344,0.70212561510078,0,Interleaved
256,56,0,0.9132447709112061,0.32252259564748964,0,Interleaved
257,57,0,0.5788417156200523,0.3382750002952261,0,Interleaved
258,58,0,0.5242020013146441,0.5320712909329783,0,Interleaved
259,59,0,0.3459659817053703,0.5836125910313432,0,Interleaved
260,60,0,0.618752218006246,0.4687547670562719,0,Interleaved
261,61,0,0.5358048809726161,0.41464158585237754,0,Interleaved
262,62,0,0.7038849754608422,0.44718947149514743,0,Interleaved
263,63,0,0.6994558102527523,0.46892210456340655,0,Interleaved
264,64,0,0.22014202551877837,0.4543256123990833,0,Interleaved
265,65,0,0.6646515561471136,0.46933865919562895,0,Interleaved
266,66,0,0.5593789474884169,0.3498868445034765,0,Interleaved
267,67,0,0.23935686361778258,0.4000403866122355,0,Interleaved
268,68,0,0.8780252769583168,0.43278969918816595,0,Interleaved
269,69,0,0.18336184030999525,0.6813951685506621,0,Interleaved
270,70,0,0.5875042970363487,0.5133525096675225,0,Interleaved
271,71,0,0.6483606743001992,0.5199669455951492,0,Interleaved
272,72,0,0.42959461673726845,0.3802618959262821,0,Interleaved
273,73,0,0.19268955078405897,0.5423015776057197,0,Interleaved
274,74,0,0.7567590501412069,0.312907248810119,0,Interleaved
275,75,0,0.2552929335475597,0.5241201727068193,0,Interleaved
276,76,0,0.5733505549899841,0.5038992160239708,0,Interleaved
277,77,0,0.4856337464773665,0.4271169533145417,0,Interleaved
278,78,0,0.6238636780088069,0.5174828571839105,0,Interleaved
279,79,0,0.39969568741039785,0.3795678789797564,0,Interleaved
280,80,0,0.35859749080479975,0.41532736319214864,0,Interleaved
281,81,0,0.5576880224051565,0.38019939815038195,0,Interleaved
282,82,0,0.7470352051073688,0.3219570040612766,0,Interleaved
283,83,0,0.4367526983532434,0.3876543663029774,0,Interleaved
284,84,0,0.5502920303302148,0.579995083609779,0,Interleaved
285,85,0,0.29420143803327475,0.48718657424816314,0,Interleaved
286,86,0,0.7353013660869303,0.39248412666844557,0,Interleaved
287,87,0,0.2762164530771287,0.4174076950595924,0,Interleaved
288,88,0,0.906190801358542,0.37097649735065086,0,Interleaved
289,89,0,0.6508544472729902,0.5767609075588742,0,Interleaved
290,90,0,0.868384880696197,0.35160187074565763,0,Interleaved
291,91,0,0.0987533663357453,0.4740897577266835,0,Interleaved
292,92,0,0.686792529114467,0.5900960547632468,0,Interleaved
293,93,0,0.7206838635347095,0.4732991814817678,0,Interleaved
294,94,0,0.4447397399109326,0.6040137048743658,0,Interleaved
295,95,0,0.23763118001571448,0.4328930978063865,0,Interleaved
296,96,0,0.776401497069179,0.32428354959762934,0,Interleaved
297,97,0,0.5398594773749543,0.39963374951250263,0,Interleaved
298,98,0,0.9806777671565325,0.34547228753844916,0,Interleaved
299,99,0,0.4446316481439116,0.498192033305246,0,Interleaved
300,100,0,0.9349498703456397,0.4764974800345605,0,Interleaved
301,101,0,0.7135054475709041,0.4646225364837947,0,Interleaved
302,102,0,0.7998021979330938,0.49512535298367166,0,Interleaved
303,103,0,0.7529828503087987,0.4167047310966956,0,Interleaved
304,104,0,0.6880543103354266,0.47839778204580974,0,Interleaved
305,105,0,0.3257306118790959,0.7446549964704638,0,Interleaved
306,106,0,0.39891263452902864,0.45354979705766363,0,Interleaved
307,107,0,0.6474907015493876,0.4217535362729408,0,Interleaved
308,108,0,0.779413100028716,0.3763640919999308,0,Interleaved
309,109,0,0.5369214620729605,0.45008534439792497,0,Interleaved
310,110,0,0.34472541296003345,0.29632512693048724,0,Interleaved
311,111,0,0.3160933238827912,0.420800223245014,0,Interleaved
312,112,0,0.3039998886631341,0.39226359174172376,0,Interleaved
313,113,0,0.344070218641356,0.5536808378391702,0,Interleaved
314,114,0,0.5772116860693384,0.40712739448283863,0,Interleaved
315,115,0,0.49615771607226244,0.4135230320729303,0,Interleaved
316,116,0,0.5519096949246244,0.4300036400253059,0,Interleaved
317,117,0,0.39918036394896794,0.39501358992628444,0,Interleaved
318,118,0,0.7046733022219953,0.4525791085294463,0,Interleaved
319,119,0,0.14453477409715826,0.363490978006894,0,Interleaved
320,120,0,0.5982682064119001,0.3659127864793398,0,Interleaved
321,121,0,0.6917388295702198,0.46810806647542935,0,Interleaved
322,122,0,0.9537499190653387,0.48234342224147475,0,Interleaved
323,123,0,0.42129497349738854,0.5522391726913596,0,Interleaved
324,124,0,0.5273508066120136,0.35803739894186337,0,Interleaved
325,125,0,0.4530594517560349,0.34447078413032595,0,Interleaved
326,126,0,0.8326100184184324,0.3277318662210639,0,Interleaved
327,127,0,0.5770380216162585,0.37578290505690304,0,Interleaved
328,128,0,0.664843855988628,0.48194829243139936,0,Interleaved
329,129,0,0.35267733613971436,0.40153584680167004,0,Interleaved
330,130,0,0.6568152155048436,0.4375519301468818,0,Interleaved
331,131,0,0.516244176575541,0.44030355503611546,0,Interleaved
332,132,0,0.7829384387607836,0.38995077840338527,0,Interleaved
333,133,0,0.4907595449839021,0.47261810874307975,0,Interleaved
334,134,0,0.7649174009964241,0.35681893560190303,0,Interleaved
335,135,0,0.5129713269206481,0.5384960780020617,0,Interleaved
336,136,0,0.5556009382767237,0.5750073919336918,0,Interleaved
337,137,0,0.4094815448642166,0.3323617668101686,0,Interleaved
338,138,0,0.9060237151099846,0.3227174956882011,0,Interleaved
339,139,0,0.3921979204414422,0.3447976157146361,0,Interleaved
340,140,0,0.3709785963330252,0.4502864585491803,0,Interleaved
341,141,0,0.6553833046504487,0.3315984729217634,0,Interleaved
342,142,0,0.8286514268839544,0.36892645713893635,0,Interleaved
343,143,0,0.3149090809697588,0.3926985524246148,0,Interleaved
344,144,0,0.8746046404161281,0.37777139479261546,0,Interleaved
345,145,0,0.4651057122666199,0.487673484143613,0,Interleaved
346,146,0,0.8234446921885223,0.3369355205949785,0,Interleaved
347,147,0,0.46922063316011003,0.48412707274136635,0,Interleaved
348,148,0,0.7842438034375464,0.48294099206932833,0,Interleaved
349,149,0,0.3961017992670194,0.43661312463226,0,Interleaved
350,150,0,0.3719434569050832,0.5907036600677561,0,Interleaved
351,151,0,0.380776328108251,0.36373852656909267,0,Interleaved
352,152,0,0.8325019988351385,0.2993614680382569,0,Interleaved
353,153,0,0.6102219460798095,0.36045479146353465,0,Interleaved
354,154,0,0.3065785450455557,0.4610387339946388,0,Interleaved
355,155,0,0.5821836882113577,0.48606843530185057,0,Interleaved
356,156,0,0.9409177431777163,0.45812690828145025,0,Interleaved
357,157,0,0.37845672282034276,0.33032345348610587,0,Interleaved
358,158,0,0.7500018038019333,0.319543754116447,0,Interleaved
359,159,0,0.3623935544729829,0.535128233980987,0,Interleaved
360,160,0,0.863643523497249,0.4067922481419547,0,Interleaved
361,161,0,0.8075000126781127,0.4420342848096789,0,Interleaved
362,162,0,0.8077601415776353,0.3059829796410966,0,Interleaved
363,163,0,0.27090658847063975,0.5601207058368792,0,Interleaved
364,164,0,0.9121125580949427,0.3344890812225645,0,Interleaved
365,165,0,0.02172949081799069,0.5727654530114703,0,Interleaved
366,166,0,0.6562132479775902,0.49146685386354483,0,Interleaved
367,167,0,0.4566685055900729,0.41833512401864903,0,Interleaved
368,168,0,0.6396744926153749,0.38046169476728076,0,Interleaved
369,169,0,0.678089347129322,0.3718052959561378,0,Interleaved
370,170,0,0.468896406760712,0.35878049565036896,0,Interleaved
371,171,0,0.39223979403103065,0.42639848643453515,0,Interleaved
372,172,0,0.7482757349825615,0.3572400996962184,0,Interleaved
373,173,0,0.5368116311074522,0.3481160017059006,0,Interleaved
374,174,0,0.5443409212816003,0.5072118445264229,0,Interleaved
375,175,0,0.4248697200586078,0.5217646467266179,0,Interleaved
376,176,0,0.6284549048650137,0.33386546238449694,0,Interleaved
377,177,0,0.6349717771941181,0.2737216163136227,0,Interleaved
378,178,0,0.5594363245710117,0.510784587795983,0,Interleaved
379,179,0,0.8568801015834305,0.27177352456938575,0,Interleaved
380,180,0,0.8690016129432453,0.2689818213533108,0,Interleaved
381,181,0,0.3350744818258739,0.3540279130958402,0,Interleaved
382,182,0,0.9305754611527841,0.3702582119052811,0,Interleaved
383,183,0,0.9052535376244719,0.5067203836749764,0,Interleaved
384,184,0,0.49217282266785506,0.4610520872647015,0,Interleaved
385,185,0,0.6241184405632253,0.3374479452155906,0,Interleaved
386,186,0,0.17922995317490126,0.5924071299868862,0,Interleaved
387,187,0,0.4582717491091752,0.37384144336794495,0,Interleaved
388,188,0,0.2054751306957872,0.37400108700299706,0,Interleaved
389,189,0,0.3858433490057692,0.36667972273135674,0,Interleaved
390,190,0,0.48733785103374105,0.3978083839711538,0,Interleaved
391,191,0,0.3389217039975242,0.40794207876113864,0,Interleaved
392,192,0,0.6910785118974211,0.49206746280558444,0,Interleaved
393,193,0,0.7831742941635569,0.40130468779982054,0,Interleaved
394,194,0,0.6609473557332682,0.39682939646509063,0,Interleaved
395,195,0,0.762438399172374,0.4244251671653046,0,Interleaved
396,196,0,0.4357663589759968,0.37579883349792276,0,Interleaved
397,197,0,0.45524048726656774,0.42015901990522253,0,Interleaved
398,198,0,0.6724642542354415,0.33025137205446364,0,Interleaved
399,199,0,0.4289180896662768,0.4967751240227896,0,Interleaved
400,0,0,0.5500473943759713,0.4124686166542392,0,Instructed
401,1,0,0.6736600837627196,0.5622327421867597,0,Instructed
402,2,0,0.45414508967196887,0.49515021968772027,0,Instructed
403,3,0,0.17544382818011384,0.36857582412530077,0,Instructed
404,4,0,0.6364514130791166,0.35439622107475444,0,Instructed
405,5,0,0.5964718142324237,0.38936348248410346,0,Instructed
406,6,0,0.09772797659837779,0.4083317561668629,0,Instructed
407,7,0,0.43417065663691373,0.39545823792989276,0,Instructed
408,8,0,0.06413735745142399,0.5078749549632359,0,Instructed
409,9,0,0.40398382378404213,0.44866033010886114,0,Instructed
410,10,0,0.5934791677709541,0.4143189547943129,0,Instructed
411,11,0,0.6126434900744708,0.3681644610889623,0,Instructed
412,12,0,0.8018459593820524,0.3960168372025643,0,Instructed
413,13,0,0.4317882084826173,0.34218686342635685,0,Instructed
414,14,0,0.08374614200214674,0.49435778334686675,0,Instructed
415,15,0,0.56813442093001,0.374465648511052,0,Instructed
416,16,0,0.9275940997702479,0.24501390157263928,0,Instructed
417,17,0,0.4504987422320843,0.42017016417581987,0,Instructed
418,18,0,0.21404537493150783,0.5590650353897232,0,Instructed
419,19,0,0.466942317720111,0.26029199496280797,0,Instructed
420,20,0,0.3793567017413898,0.45616306390247624,0,Instructed
421,21,0,0.28621432241295985,0.3179524592742887,0,Instructed
422,22,0,0.46960830218163085,0.3348433450399931,0,Instructed
423,23,0,0.6231821223999501,0.35231941743675577,0,Instructed
424,24,0,0.4698304209963998,0.3585710277448586,0,Instructed
425,25,0,0.35217440654603305,0.42565824643433425,0,Instructed
426,26,0,0.42685577501831884,0.46498279780237695,0,Instructed
427,27,0,0.5986477222263129,0.4822825205158846,0,Instructed
428,28,0,0.5616576163682359,0.3117271731541319,0,Instructed
429,29,0,0.4331252555657711,0.45780537399833465,0,Instructed
430,30,0,0.36298996621928226,0.28457993698684914,0,Instructed
431,31,0,0.42675520196542005,0.34560959567892735,0,Instructed
432,32,0,0.4907446597144298,0.3149004947063129,0,Instructed
433,33,0,0.5332299989414621,0.320695841887758,0,Instructed
434,34,0,0.7195141666288517,0.2531354994836407,0,Instructed
435,35,0,0.5761571577419972,0.34041678935380804,0,Instructed
436,36,0,0.9283705128086301,0.3666102433873501,0,Instructed
437,37,0,0.3526619602272512,0.584133731981954,0,Instructed
438,38,0,0.3632420866653315,0.3917840742305795,0,Instructed
439,39,0,0.5913468805969778,0.4543509079544361,0,Instructed
440,40,0,0.7492784316998325,0.3690198302074036,0,Instructed
441,41,0,0.28398037478718885,0.3804150460992599,0,Instructed
442,42,0,0.7238782087063038,0.36955221442248964,0,Instructed
443,43,0,0.5888506266487972,0.3048655073356914,0,Instructed
444,44,0,0.70009805256411,0.3076241274710697,0,Instructed
445,45,0,0.7655162703458323,0.23324709304958308,0,Instructed
446,46,0,0.9092901901330752,0.4650576515664969,0,Instructed
447,47,0,0.22732148983790829,0.318306000643509,0,Instructed
448,48,0,0.4630101489173527,0.3013129778315785,0,Instructed
449,49,0,0.6258097670143183,0.37968541855058796,0,Instructed
450,50,0,0.9132501847832459,0.40277822471835856,0,Instructed
451,51,0,0.7026362205668084,0.34810396850124936,0,Instructed
452,52,0,0.8963052912973846,0.4773761738593376,0,Instructed
453,53,0,0.6457042595625924,0.39050727066324276,0,Instructed
454,54,0,0.7461510448873105,0.28086189419675844,0,Instructed
455,55,0,0.32180226440530313,0.3956973437495499,0,Instructed
456,56,0,0.44989930056394917,0.3038658946835846,0,Instructed
457,57,0,0.5123995760597012,0.2995115586427448,0,Instructed
458,58,0,0.6483810055316417,0.35605876714724366,0,Instructed
459,59,0,0.46424584326631874,0.22900041936931784,0,Instructed
460,60,0,0.8928295368789891,0.33226815810498245,0,Instructed
461,61,0,0.46764622234740316,0.2522109908651148,0,Instructed
462,62,0,0.9325354745291374,0.3513361909396209,0,Instructed
463,63,0,0.2256533833224994,0.34091083674240197,0,Instructed
464,64,0,0.8225982905649336,0.3529072682528184,0,Instructed
465,65,0,0.6710319494475434,0.3892375360867296,0,Instructed
466,66,0,0.9691827859251255,0.3486052430200935,0,Instructed
467,67,0,0.5959562802938198,0.2899611597560007,0,Instructed
468,68,0,0.8347864741616132,0.2592371070562854,0,Instructed
469,69,0,0.6837838929294745,0.39150802600170964,0,Instructed
470,70,0,0.6870573822545057,0.29811492680384677,0,Instructed
471,71,0,0.8810204460671691,0.2621764057507567,0,Instructed
472,72,0,0.5775126605612508,0.33550058325681514,0,Instructed
473,73,0,0.1186952614529299,0.38320867703981437,0,Instructed
474,74,0,0.48448933214181134,0.3705408130215315,0,Instructed
475,75,0,0.6717662850337319,0.41572509341614394,0,Instructed
476,76,0,0.43046007234459027,0.35379365014526565,0,Instructed
477,77,0,0.186148866076845,0.4449647578553819,0,Instructed
478,78,0,0.5286721795926295,0.26140183018812874,0,Instructed
479,79,0,0.5497657495853469,0.3444111106627621,0,Instructed
480,80,0,0.25368792401313045,0.30788796649618766,0,Instructed
481,81,0,0.442564468214276,0.33134512373655545,0,Instructed
482,82,0,0.5181303768488222,0.25243848644026873,0,Instructed
483,83,0,0.43702233395293194,0.41564920885516576,0,Instructed
484,84,0,0.47559943095274493,0.26513103237118213,0,Instructed
485,85,0,0.40816977009852157,0.33297597689454767,0,Instructed
486,86,0,0.5972804057303815,0.28602970018771723,0,Instructed
487,87,0,0.36846766510579054,0.321527143992582,0,Instructed
488,88,0,0.4305281799379269,0.40050723130071386,0,Instructed
489,89,0,0.5465048045111087,0.3438925553247554,0,Instructed
490,90,0,0.6738680100724084,0.3239626895594794,0,Instructed
491,91,0,0.42397927003066294,0.396403219624157,0,Instructed
492,92,0,0.6414976980062477,0.4622666426731925,0,Instructed
493,93,0,0.48750973132857384,0.25203585735934025,0,Instructed
494,94,0,0.8362490660031389,0.2765178676147858,0,Instructed
495,95,0,0.4846001868958979,0.44872726454857054,0,Instructed
496,96,0,0.646051519080203,0.2193705163031017,0,Instructed
497,97,0,0.5952952988103113,0.31656370033795145,0,Instructed
498,98,0,0.8563602316639581,0.2439947333773057,0,Instructed
499,99,0,0.869658735072941,0.3545529806271758,0,Instructed
500,100,0,0.9194494299152307,0.24610062672084937,0,Instructed
501,101,0,0.46927464366741,0.27176333431835026,0,Instructed
502,102,0,0.569470352437683,0.2737452947107584,0,Instructed
503,103,0,0.3789853456327268,0.34813032400308486,0,Instructed
504,104,0,0.712754448924713,0.2798765131004206,0,Instructed
505,105,0,0.5424908605865042,0.30883771949717675,0,Instructed
506,106,0,0.8950291706976623,0.2126604829486216,0,Instructed
507,107,0,0.4479979686267661,0.36988810877422684,0,Instructed
508,108,0,0.45154871774043764,0.34082041295634946,0,Instructed
509,109,0,0.4561407028783148,0.37102740550399493,0,Instructed
510,110,0,0.8580980542826451,0.2737868726748977,0,Instructed
511,111,0,0.44656970225471904,0.26149977560236726,0,Instructed
512,112,0,0.16517400724527087,0.30622628182944944,0,Instructed
513,113,0,0.3970396385195344,0.2346798139843546,0,Instructed
514,114,0,0.8419013675713117,0.26198002805010273,0,Instructed
515,115,0,0.5236355061087435,0.25004876600330395,0,Instructed
516,116,0,0.6911841067877382,0.22778044767290212,0,Instructed
517,117,0,0.5388606144843486,0.2803175374612964,0,Instructed
518,118,0,0.771020509124972,0.29187026511647063,0,Instructed
519,119,0,0.4461001955584242,0.3300753073694213,0,Instructed
520,120,0,0.22581929794229677,0.41259235276225514,0,Instructed
521,121,0,0.44715408510401283,0.2839535840435907,0,Instructed
522,122,0,0.5390554467416852,0.41134483387999693,0,Instructed
523,123,0,0.3206316426421789,0.28019327150388795,0,Instructed
524,124,0,0.8353499442893043,0.28674354038064565,0,Instructed
525,125,0,0.29217227396199175,0.2705100044066215,0,Instructed
526,126,0,0.7220075064511882,0.19335606704295244,0,Instructed
527,127,0,0.4485418472153689,0.3077073840738921,0,Instructed
528,128,0,0.774332126707997,0.2917851994780624,0,Instructed
529,129,0,0.5213068367205276,0.3442565197971173,0,Instructed
530,130,0,0.8836192689587097,0.2792561150868501,0,Instructed
531,131,0,0.4652158534948451,0.25983913721216256,0,Instructed
532,132,0,0.8555634216333929,0.26301537810551173,0,Instructed
533,133,0,0.34852751710797747,0.24593641537470856,0,Instructed
534,134,0,0.34409319284294604,0.3907049590304178,0,Instructed
535,135,0,0.3639129891028106,0.31465327581603664,0,Instructed
536,136,0,0.40391493009424206,0.3588634432588915,0,Instructed
537,137,0,0.46298495044036425,0.36961203948975146,0,Instructed
538,138,0,0.6258285399369423,0.3771849861111751,0,Instructed
539,139,0,0.5667618153862798,0.2398805336240586,0,Instructed
540,140,0,0.26753014893593685,0.21959133100640854,0,Instructed
541,141,0,0.3128170334201208,0.3395251749056471,0,Instructed
542,142,0,0.3162620579097389,0.41667391892232125,0,Instructed
543,143,0,0.24790927873773883,0.48329584787935564,0,Instructed
544,144,0,0.6334083617177428,0.2077035790763999,0,Instructed
545,145,0,0.6798382604790957,0.269751518271008,0,Instructed
546,146,0,0.16501312290606981,0.29628848902987803,0,Instructed
547,147,0,0.5787232561291293,0.3008665282505376,0,Instructed
548,148,0,0.49196997580403085,0.3205607319035306,0,Instructed
549,149,0,0.8555830365183615,0.21643512982918056,0,Instructed
550,150,0,0.7045943798502616,0.2010019812926374,0,Instructed
551,151,0,0.5820358149636432,0.27823293814006156,0,Instructed
552,152,0,0.37577401123442,0.19814164547777635,0,Instructed
553,153,0,0.25351504008705417,0.379106777186055,0,Instructed
554,154,0,0.4062377903051202,0.3068333737048962,0,Instructed
555,155,0,0.5374610004326362,0.2340891929501066,0,Instructed
556,156,0,0.7498820644255618,0.23598511989311244,0,Instructed
557,157,0,0.7881065294216426,0.28600824716314566,0,Instructed
558,158,0,0.5374946216795469,0.3614538746680878,0,Instructed
559,159,0,0.43708947407124504,0.3561243441932349,0,Instructed
560,160,0,0.27169052447461584,0.30698233923013585,0,Instructed
561,161,0,0.8982451403807545,0.27970853175277344,0,Instructed
562,162,0,0.48035692493360493,0.28272849463157335,0,Instructed
563,163,0,0.5235731432951072,0.17664196395556064,0,Instructed
564,164,0,0.3532281035863961,0.25893460424861237,0,Instructed
565,165,0,0.5982069545926061,0.28003509294383744,0,Instructed
566,166,0,0.6587287194376157,0.3391977298505672,0,Instructed
567,167,0,0.9251209002102578,0.29002724191309914,0,Instructed
568,168,0,0.7308797041379695,0.23129661033832621,0,Instructed
569,169,0,0.7032621713135992,0.3308322625469924,0,Instructed
570,170,0,0.3349806133991533,0.25663172051533656,0,Instructed
571,171,0,0.6717309511918019,0.2148853989274394,0,Instructed
572,172,0,0.18106716492373684,0.3477243035937726,0,Instructed
573,173,0,0.7300777293338064,0.2136950532499256,0,Instructed
574,174,0,0.5071205354780806,0.2252985653431666,0,Instructed
575,175,0,0.3007291092340794,0.20350936686327264,0,Instructed
576,176,0,0.5476251185302299,0.25627683806043766,0,Instructed
577,177,0,0.513995212591859,0.26284702268403093,0,Instructed
578,178,0,0.5680700117123175,0.31044304986781923,0,Instructed
579,179,0,0.8656826575515288,0.29689647289768073,0,Instructed
580,180,0,0.4030413910842136,0.2524381194069008,0,Instructed
581,181,0,0.8057774045116737,0.3256062396965986,0,Instructed
582,182,0,0.47011706444905027,0.3602484720646011,0,Instructed
583,183,0,0.4857457688160496,0.23220995889282464,0,Instructed
584,184,0,0.3722115098688285,0.33782628978688367,0,Instructed
585,185,0,0.1061523206234305,0.3756817921547039,0,Instructed
586,186,0,0.9378045598096358,0.2763084414687732,0,Instructed
587,187,0,0.5833539087751792,0.31905474155100144,0,Instructed
588,188,0,0.647398542351988,0.30281807799141763,0,Instructed
589,189,0,0.5498396845101929,0.35099908821473425,0,Instructed
590,190,0,0.432689876675141,0.2026436580930821,0,Instructed
591,191,0,0.8012131047762376,0.22548093122384022,0,Instructed
592,192,0,0.506137137073061,0.23232762732850953,0,Instructed
593,193,0,0.40701009580881614,0.22443774094077049,0,Instructed
594,194,0,0.3580518821053392,0.30120792861165563,0,Instructed
595,195,0,0.6538118261757291,0.17936004727214683,0,Instructed
596,196,0,0.4876347578394518,0.32022662384334843,0,Instructed
597,197,0,0.2063486889254353,0.3335498305173238,0,Instructed
598,198,0,0.6537465778379896,0.31105586742828384,0,Instructed
599,199,0,0.7170451701444238,0.3560321767329417,0,Instructed
600,0,0,0.2744443335075463,0.755738399948839,1,Blocked
601,1,0,0.021082284850580762,0.9010497242717513,1,Blocked
602,2,0,0.039389636221482324,0.6310377887216029,1,Blocked
603,3,0,0.03266988690039059,0.47828591211732663,1,Blocked
604,4,0,0.15177310905907282,0.6933153993863516,1,Blocked
605,5,0,0.626740565409549,0.3925419454446917,1,Blocked
606,6,0,0.5090580255895917,0.6928226861577625,1,Blocked
607,7,0,0.49637071317055487,0.6485481481862866,1,Blocked
608,8,0,0.5007579408477844,0.4386543706443965,1,Blocked
609,9,0,0.5285207604539082,0.47438468562114766,1,Blocked
610,10,0,0.5662718909104223,0.5615831447887727,1,Blocked
611,11,0,0.32413646198394863,0.6724947985994313,1,Blocked
612,12,0,0.33018790819498595,0.6180863874122072,1,Blocked
613,13,0,0.3003650172049782,0.4515290562951424,1,Blocked
614,14,0,0.36334546789519145,0.5679021049908535,1,Blocked
615,15,0,0.4573208788324024,0.6304932414511352,1,Blocked
616,16,0,0.643023780353536,0.5331972682727019,1,Blocked
617,17,0,0.406705533579816,0.43092011220474424,1,Blocked
618,18,0,0.6079925772871096,0.5057250609859232,1,Blocked
619,19,0,0.3627602894319914,0.49805770516427494,1,Blocked
620,20,0,0.6632706621506566,0.4032912111340578,1,Blocked
621,21,0,0.40790016888189434,0.46141628762223197,1,Blocked
622,22,0,0.5309844546581238,0.518046617330699,1,Blocked
623,23,0,0.519004794941426,0.424551336252136,1,Blocked
624,24,0,0.5371026497887337,0.46393707974599085,1,Blocked
625,25,0,0.5587165656087615,0.4351272620810548,1,Blocked
626,26,0,0.5296436426032392,0.49507151872589683,1,Blocked
627,27,0,0.7382941395316542,0.5808588731568078,1,Blocked
628,28,0,0.46942532184312635,0.5103046897126906,1,Blocked
629,29,0,0.49027539288919303,0.4593009004448285,1,Blocked
630,30,0,0.45947549609788907,0.5171301289504213,1,Blocked
631,31,0,0.4572450534380763,0.4611277771751359,1,Blocked
632,32,0,0.4605111425354683,0.42110237518667115,1,Blocked
633,33,0,0.23126063427409266,0.595994188022728,1,Blocked
634,34,0,0.6506869980774961,0.3512259861003856,1,Blocked
635,35,0,0.4969437306611816,0.4804418604716606,1,Blocked
636,36,0,0.6352172606209305,0.4444683445448708,1,Blocked
637,37,0,0.34858070573585304,0.3628481561421969,1,Blocked
638,38,0,0.6547549820770471,0.4134926040859857,1,Blocked
639,39,0,0.5358330817439312,0.40250464927904606,1,Blocked
640,40,0,0.01972990371978024,0.5404129365804085,1,Blocked
641,41,0,0.011130121558507037,0.5799039468013639,1,Blocked
642,42,0,0.8555064543280662,0.4141196730463762,1,Blocked
643,43,0,0.5277141513421801,0.5893679989798588,1,Blocked
644,44,0,0.24591755387865305,0.5308574265779431,1,Blocked
645,45,0,0.9107037880720223,0.5883169949343002,1,Blocked
646,46,0,0.03294973848446301,0.538379156404253,1,Blocked
647,47,0,0.05228847222300028,0.6290049264783937,1,Blocked
648,48,0,0.8947196953168779,0.312802670540102,1,Blocked
649,49,0,0.1434757063128946,0.39846835144445736,1,Blocked
650,50,0,0.6284056912595295,0.5106359413542472,1,Blocked
651,51,0,0.08184760598638105,0.48457126821903285,1,Blocked
652,52,0,0.07942807623632955,0.5923694012646199,1,Blocked
653,53,0,0.08807207770687306,0.45275170299669354,1,Blocked
654,54,0,0.904878184694728,0.3682839609571791,1,Blocked
655,55,0,0.8262463933542823,0.4236917832419603,1,Blocked
656,56,0,0.8401863605447495,0.4334803060384779,1,Blocked
657,57,0,0.8828961915885912,0.44831334954138047,1,Blocked
658,58,0,0.9665291553963753,0.4573360506713285,1,Blocked
659,59,0,0.9616040224633802,0.5028638836633547,1,Blocked
660,60,0,0.9551373679894237,0.4821121789561923,1,Blocked
661,61,0,0.02343216897080125,0.4948739830023511,1,Blocked
662,62,0,0.12262523412121984,0.5811208432544356,1,Blocked
663,63,0,0.15467517580079992,0.4802365521587578,1,Blocked
664,64,0,0.24682253147819377,0.4105981663380622,1,Blocked
665,65,0,0.37358192865760065,0.44968351082205954,1,Blocked
666,66,0,0.48218468114608104,0.37802939616576314,1,Blocked
667,67,0,0.6708405607126533,0.44482563680056153,1,Blocked
668,68,0,0.6660012575037142,0.38371739923918663,1,Blocked
669,69,0,0.9824792234052528,0.5598594394111384,1,Blocked
670,70,0,0.802476334067609,0.41511881169616677,1,Blocked
671,71,0,0.9821621180295859,0.44342000485514366,1,Blocked
672,72,0,0.11707058896699832,0.48061719617026805,1,Blocked
673,73,0,0.044611479836632606,0.5275207984067262,1,Blocked
674,74,0,0.10219463163160686,0.4410995068932965,1,Blocked
675,75,0,0.14221276744355893,0.4464472020399773,1,Blocked
676,76,0,0.18616866824047754,0.40010593951737683,1,Blocked
677,77,0,0.27879852886383605,0.43412111800868586,1,Blocked
678,78,0,0.569757982037723,0.5574927813406525,1,Blocked
679,79,0,0.4578351931097936,0.43102972993259336,1,Blocked
680,80,0,0.4857946327326166,0.40745480048997795,1,Blocked
681,81,0,0.3534612106040909,0.38555966240696005,1,Blocked
682,82,0,0.6170129627341618,0.49096387673569175,1,Blocked
683,83,0,0.4361341044512901,0.4909456481650767,1,Blocked
684,84,0,0.44880485459682795,0.3899439896503062,1,Blocked
685,85,0,0.5888061391856024,0.5134300253872961,1,Blocked
686,86,0,0.3763630189580339,0.5103130002373084,1,Blocked
687,87,0,0.611378564973343,0.4133295150609848,1,Blocked
688,88,0,0.5529353600167327,0.4486025972665506,1,Blocked
689,89,0,0.463767543935321,0.3175616662868693,1,Blocked
690,90,0,0.6772853720166823,0.4233922461787467,1,Blocked
691,91,0,0.4868964382949958,0.41047552113919,1,Blocked
692,92,0,0.3873272131253125,0.43858306335270425,1,Blocked
693,93,0,0.388835930859022,0.34833667366735177,1,Blocked
694,94,0,0.679555654521588,0.5541942713013931,1,Blocked
695,95,0,0.7278422097306105,0.3955284961848931,1,Blocked
696,96,0,0.5129359351354015,0.41322910192619344,1,Blocked
697,97,0,0.4051814255384569,0.4344516975995607,1,Blocked
698,98,0,0.45450462594638197,0.6045245146780418,1,Blocked
699,99,0,0.5055591610480952,0.4621572601957491,1,Blocked
700,100,0,0.6546842149342403,0.31649564819900067,1,Blocked
701,101,0,0.2846715299193909,0.5873721524796818,1,Blocked
702,102,0,0.29850349610123594,0.4853001187967703,1,Blocked
703,103,0,0.4805135581563228,0.5213264311290025,1,Blocked
704,104,0,0.5232291696426398,0.40323950106623996,1,Blocked
705,105,0,0.4036507283079923,0.42696594194929394,1,Blocked
706,106,0,0.7884856702736335,0.31191374957962564,1,Blocked
707,107,0,0.3941340845147135,0.4245177583891081,1,Blocked
708,108,0,0.720163244788919,0.376345449977434,1,Blocked
709,109,0,0.537622168026591,0.4820541344920509,1,Blocked
710,110,0,0.4959006348714305,0.3841962054635727,1,Blocked
711,111,0,0.6307839236399579,0.39442928981072733,1,Blocked
712,112,0,0.3868094381556274,0.42719046894063495,1,Blocked
713,113,0,0.7657801899940716,0.3733101140398021,1,Blocked
714,114,0,0.5696402512777519,0.3542806623728202,1,Blocked
715,115,0,0.6986085772835954,0.37699406911636424,1,Blocked
716,116,0,0.5194233418328021,0.4732011574363686,1,Blocked
717,117,0,0.702168139559126,0.4884687119133575,1,Blocked
718,118,0,0.8177278616825885,0.2918160685106882,1,Blocked
719,119,0,0.522903028149724,0.5168620415570684,1,Blocked
720,120,0,0.08774992788976403,0.5817959963041822,1,Blocked
721,121,0,0.23183130400573104,0.4609122078025055,1,Blocked
722,122,0,0.2795301724905345,0.4714029720545583,1,Blocked
723,123,0,0.13971147447305193,0.5862625106886437,1,Blocked
724,124,0,0.03902196362969815,0.5599049021119376,1,Blocked
725,125,0,0.18566421955820508,0.39309986917431067,1,Blocked
726,126,0,0.252712159397543,0.42226755413665673,1,Blocked
727,127,0,0.7265212292308822,0.3570106907130717,1,Blocked
728,128,0,0.7796079980428057,0.3599186006482977,1,Blocked
729,129,0,0.07886788839772746,0.4057176997014871,1,Blocked
730,130,0,0.21533394797062372,0.4692310797060899,1,Blocked
731,131,0,0.4047305372356975,0.40435285653318165,1,Blocked
732,132,0,0.773572861896354,0.39547215341713776,1,Blocked
733,133,0,0.8965921050918109,0.42956140899442263,1,Blocked
734,134,0,0.06587055646688657,0.4475296961983733,1,Blocked
735,135,0,0.8818936872913864,0.38399392461216997,1,Blocked
736,136,0,0.03338573146864235,0.5825094098878141,1,Blocked
737,137,0,0.02169429364611878,0.5461382003722314,1,Blocked
738,138,0,0.9084814656219629,0.4664344319523729,1,Blocked
739,139,0,0.07236253484392206,0.5609740132412963,1,Blocked
740,140,0,0.34050645723682926,0.4256228389087952,1,Blocked
741,141,0,0.4299578945347872,0.42740030981220667,1,Blocked
742,142,0,0.21532727519368328,0.36014215854586085,1,Blocked
743,143,0,0.6264395715552671,0.35725780939363405,1,Blocked
744,144,0,0.3297354516357903,0.4443251999159489,1,Blocked
745,145,0,0.49562661912732664,0.4076589574461904,1,Blocked
746,146,0,0.24064945840485163,0.29424463390724276,1,Blocked
747,147,0,0.2797157230032329,0.42608667366715525,1,Blocked
748,148,0,0.6696132965010316,0.2921608484756359,1,Blocked
749,149,0,0.7191237399870498,0.3243917423245513,1,Blocked
750,150,0,0.9443713842806639,0.3795415034721474,1,Blocked
751,151,0,0.9886984614854315,0.3787272789403009,1,Blocked
752,152,0,0.9766066808408107,0.272858346754969,1,Blocked
753,153,0,0.9713054268829922,0.4000290495553747,1,Blocked
754,154,0,0.09592844630111273,0.5437962959860757,1,Blocked
755,155,0,0.9371562090309884,0.2778336031333038,1,Blocked
756,156,0,0.8851906522528507,0.3281689814236085,1,Blocked
757,157,0,0.03215456579799787,0.4079418748305843,1,Blocked
758,158,0,0.9868419981531396,0.3816341911115294,1,Blocked
759,159,0,0.7934049900408338,0.37219627805954764,1,Blocked
760,160,0,0.4911026846477516,0.3821708032933935,1,Blocked
761,161,0,0.4762178536942203,0.45372267821269086,1,Blocked
762,162,0,0.3837734090300393,0.3796616251968633,1,Blocked
763,163,0,0.4753440539105222,0.4955956194701493,1,Blocked
764,164,0,0.3175106126937423,0.3571168918096101,1,Blocked
765,165,0,0.4115211971098709,0.5630336162959685,1,Blocked
766,166,0,0.8061411636916735,0.4522756481322301,1,Blocked
767,167,0,0.3861186697679169,0.3816397649318081,1,Blocked
768,168,0,0.6266390098783511,0.347712155984713,1,Blocked
769,169,0,0.36973626084045735,0.3703689676068561,1,Blocked
770,170,0,0.9506393720529993,0.38131769973309904,1,Blocked
771,171,0,0.9480929990385085,0.3031967122867925,1,Blocked
772,172,0,0.49077022042281765,0.3832999262374347,1,Blocked
773,173,0,0.5540615775191071,0.3662800197605983,1,Blocked
774,174,0,0.0594734004422641,0.43351165464498775,1,Blocked
775,175,0,0.604862910046061,0.4929042259122293,1,Blocked
776,176,0,0.29339040250240994,0.32837930418065886,1,Blocked
777,177,0,0.45440516789802865,0.3264891325011307,1,Blocked
778,178,0,0.20958658140884023,0.319895611770209,1,Blocked
779,179,0,0.7554591807559882,0.4157445622486696,1,Blocked
780,180,0,0.4757996610283164,0.36223619930823536,1,Blocked
781,181,0,0.3635425057160241,0.4582471438590767,1,Blocked
782,182,0,0.4800373022495153,0.2784438029563908,1,Blocked
783,183,0,0.8664964548027623,0.2681364071929497,1,Blocked
784,184,0,0.9708855926767244,0.23095148630324958,1,Blocked
785,185,0,0.4718527703952323,0.4323159864290994,1,Blocked
786,186,0,0.5676781219764475,0.46824152145530484,1,Blocked
787,187,0,0.4912252877353867,0.2992122798340391,1,Blocked
788,188,0,0.1508895730257105,0.36036063106776006,1,Blocked
789,189,0,0.14257041194475667,0.3750354744080288,1,Blocked
790,190,0,0.5052038074315925,0.42793391249122986,1,Blocked
791,191,0,0.5658960748511173,0.28504753513498593,1,Blocked
792,192,0,0.32628468962889035,0.39483022312710936,1,Blocked
793,193,0,0.8400615954072053,0.28984558604117516,1,Blocked
794,194,0,0.9007364590034113,0.36844334994979544,1,Blocked
795,195,0,0.19822864841167204,0.33780634969931644,1,Blocked
796,196,0,0.4324426854829622,0.23939474171042344,1,Blocked
797,197,0,0.5556641700745719,0.2605659586351206,1,Blocked
798,198,0,0.3545186937271255,0.3503748947023122,1,Blocked
799,199,0,0.4748127140338721,0.31867479918813846,1,Blocked
800,0,0,0.49507812812932905,0.9623058154738031,1,Interleaved
801,1,0,0.7402915349253545,0.3753799791186525,1,Interleaved
802,2,0,0.547933110864266,0.6943871828292779,1,Interleaved
803,3,0,0.6425394680246745,0.4126361633874843,1,Interleaved
804,4,0,0.2742474095703181,0.7018251832685207,1,Interleaved
805,5,0,0.81016518092774,0.578870521775807,1,Interleaved
806,6,0,0.5018159707514712,0.5671556284979336,1,Interleaved
807,7,0,0.20530434572523926,0.7602955143091942,1,Interleaved
808,8,0,0.37522355446857275,0.40139832962549854,1,Interleaved
809,9,0,0.15007237374239513,0.568751483689789,1,Interleaved
810,10,0,0.33307106800066233,0.48965457138837376,1,Interleaved
811,11,0,0.5219721009588798,0.4863384009892691,1,Interleaved
812,12,0,0.47289743968939235,0.6252343422434236,1,Interleaved
813,13,0,0.7857256464568829,0.590463398367179,1,Interleaved
814,14,0,0.5917248204654126,0.5826202372815742,1,Interleaved
815,15,0,0.7764382348030823,0.5079076293216387,1,Interleaved
816,16,0,0.5718016753685,0.55910274699326,1,Interleaved
817,17,0,0.7744876102469385,0.5712306448886153,1,Interleaved
818,18,0,0.23953801510423867,0.5625766331024227,1,Interleaved
819,19,0,0.24466032655248313,0.4748928902345232,1,Interleaved
820,20,0,0.37450116868747857,0.48027996819237484,1,Interleaved
821,21,0,0.23604986471704348,0.5973445988317142,1,Interleaved
822,22,0,0.3000783564381724,0.6076178341354284,1,Interleaved
823,23,0,0.6692075902456154,0.5798793907042257,1,Interleaved
824,24,0,0.4983036735541738,0.5307277353831896,1,Interleaved
825,25,0,0.49935276762175185,0.5471981657580696,1,Interleaved
826,26,0,0.5540478526003876,0.48137477906872406,1,Interleaved
827,27,0,0.21288733295422727,0.42573896085994334,1,Interleaved
828,28,0,0.43923708741670736,0.42823205332192227,1,Interleaved
829,29,0,0.7712659704623048,0.44741660376192316,1,Interleaved
830,30,0,0.5645515074276773,0.5796724284003397,1,Interleaved
831,31,0,0.9244987157487501,0.41211057004786344,1,Interleaved
832,32,0,0.6462793785625531,0.4069399632798618,1,Interleaved
833,33,0,0.3357192433100081,0.5288807102943428,1,Interleaved
834,34,0,0.3596256704300278,0.8206490105622051,1,Interleaved
835,35,0,0.2691611240894573,0.5223878609179763,1,Interleaved
836,36,0,0.3109041524683951,0.4964884613315734,1,Interleaved
837,37,0,0.5313132704360803,0.5389155140833819,1,Interleaved
838,38,0,0.581360448269034,0.4353073808245558,1,Interleaved
839,39,0,0.46206907957209653,0.42897864689327353,1,Interleaved
840,40,0,0.7517025048921541,0.4895812132042325,1,Interleaved
841,41,0,0.6030015359067107,0.4788916543114913,1,Interleaved
842,42,0,0.8327676233888888,0.6037066196385805,1,Interleaved
843,43,0,0.4680093285607549,0.5938020444206995,1,Interleaved
844,44,0,0.7815235722415788,0.5102355647046751,1,Interleaved
845,45,0,0.5966842811114043,0.48419365058350894,1,Interleaved
846,46,0,0.7467225548131585,0.5717643451003658,1,Interleaved
847,47,0,0.5695022169588448,0.43220165071004535,1,Interleaved
848,48,0,0.8171997283645636,0.418005073831691,1,Interleaved
849,49,0,0.3332794772355665,0.4194645962350604,1,Interleaved
850,50,0,0.6050624783787739,0.5344815313070361,1,Interleaved
851,51,0,0.4614223591831662,0.6223105950691568,1,Interleaved
852,52,0,0.18421754669838955,0.40388187209402304,1,Interleaved
853,53,0,0.6937844766559218,0.4414191118689841,1,Interleaved
854,54,0,0.808260754113808,0.49790566802700886,1,Interleaved
855,55,0,0.8534326546539048,0.43870427948443813,1,Interleaved
856,56,0,0.6492811750331879,0.4438402805577705,1,Interleaved
857,57,0,0.5936706728707845,0.596693561128796,1,Interleaved
858,58,0,0.296283732862788,0.45099974685165606,1,Interleaved
859,59,0,0.7028344816425804,0.4489869694808569,1,Interleaved
860,60,0,0.2787538990376002,0.5414580929802454,1,Interleaved
861,61,0,0.6539195915150218,0.414069271242516,1,Interleaved
862,62,0,0.6227773909773228,0.48966430337584677,1,Interleaved
863,63,0,0.14976848095389222,0.39576417645457024,1,Interleaved
864,64,0,0.394719741448227,0.4797509887291945,1,Interleaved
865,65,0,0.9505529387106508,0.3572507943625781,1,Interleaved
866,66,0,0.49025603429493014,0.6759276767223589,1,Interleaved
867,67,0,0.7498801484694931,0.35329146766992336,1,Interleaved
868,68,0,0.30409408287126677,0.45196458499296055,1,Interleaved
869,69,0,0.7266409390677384,0.41382285280810627,1,Interleaved
870,70,0,0.49193671074747564,0.48262217467620894,1,Interleaved
871,71,0,0.5171112192257433,0.4745769124926239,1,Interleaved
872,72,0,0.46288226105395075,0.5167773969127873,1,Interleaved
873,73,0,0.7881700419239457,0.5267845078998492,1,Interleaved
874,74,0,0.6487030836479801,0.44552390857366664,1,Interleaved
875,75,0,0.8615368796945755,0.5749865340790019,1,Interleaved
876,76,0,0.4540251764332778,0.42238618993662336,1,Interleaved
877,77,0,0.9209083518589369,0.354377657308715,1,Interleaved
878,78,0,0.5365258475827626,0.42675020737227437,1,Interleaved
879,79,0,0.07247394739941551,0.5502820246036905,1,Interleaved
880,80,0,0.3278380583546256,0.6148811157522325,1,Interleaved
881,81,0,0.20371561332297144,0.4529371279932889,1,Interleaved
882,82,0,0.45994860615060423,0.5727389736853534,1,Interleaved
883,83,0,0.5452093572566995,0.4819435537674637,1,Interleaved
884,84,0,0.7544733040691671,0.43168912246610525,1,Interleaved
885,85,0,0.26623841940969045,0.4158424521918817,1,Interleaved
886,86,0,0.8864578589820864,0.43068419541713,1,Interleaved
887,87,0,0.4152087068108338,0.4701114859336465,1,Interleaved
888,88,0,0.7552154375144433,0.4077539570077716,1,Interleaved
889,89,0,0.5206128794321038,0.450707444518048,1,Interleaved
890,90,0,0.2312952210734765,0.5111595866066191,1,Interleaved
891,91,0,0.4366961977449425,0.3371387024484186,1,Interleaved
892,92,0,0.32944970459529327,0.39016566031778144,1,Interleaved
893,93,0,0.21150590890819448,0.5687092727941493,1,Interleaved
894,94,0,0.7317888738190348,0.5213527949530925,1,Interleaved
895,95,0,0.1313743185488946,0.5224403319985556,1,Interleaved
896,96,0,0.7195112992280274,0.44418717859605894,1,Interleaved
897,97,0,0.4556595679602852,0.4679261638930631,1,Interleaved
898,98,0,0.7908309598586307,0.2965705218799906,1,Interleaved
899,99,0,0.3512334752015462,0.5314524681660882,1,Interleaved
900,100,0,0.2534920506399827,0.4721155471138978,1,Interleaved
901,101,0,0.5423640402064114,0.553040133657877,1,Interleaved
902,102,0,0.6258033529500867,0.4319630753517778,1,Interleaved
903,103,0,0.4272848934081046,0.35474197549268727,1,Interleaved
904,104,0,0.5365347077129824,0.40242499830900813,1,Interleaved
905,105,0,0.1500965230698618,0.4874156356070035,1,Interleaved
906,106,0,0.4056236625623092,0.531045023046842,1,Interleaved
907,107,0,0.492138366840418,0.37498254132873404,1,Interleaved
908,108,0,0.542853714753142,0.46434900539917084,1,Interleaved
909,109,0,0.5248596266003691,0.4842177138307776,1,Interleaved
910,110,0,0.43597639337335403,0.37128293463782436,1,Interleaved
911,111,0,0.15789430445640995,0.3493920925260903,1,Interleaved
912,112,0,0.23244214244874997,0.5000978477010519,1,Interleaved
913,113,0,0.43084902954672766,0.36222759807505067,1,Interleaved
914,114,0,0.4405826900550023,0.45777783227896396,1,Interleaved
915,115,0,0.5953289076155428,0.3867690374709236,1,Interleaved
916,116,0,0.721139565406931,0.3735291301455117,1,Interleaved
917,117,0,0.28719310640674184,0.3838862428710678,1,Interleaved
918,118,0,0.23023045078001997,0.34083018617486277,1,Interleaved
919,119,0,0.6496738390058939,0.3728134003950946,1,Interleaved
920,120,0,0.5803708163897239,0.3500745708586047,1,Interleaved
921,121,0,0.8029143544273358,0.5686268600492816,1,Interleaved
922,122,0,0.6152298030589731,0.44623657934695676,1,Interleaved
923,123,0,0.3392840772321859,0.4776039011797296,1,Interleaved
924,124,0,0.3128057220473013,0.48178341960009125,1,Interleaved
925,125,0,0.3418388457999131,0.42803412072861047,1,Interleaved
926,126,0,0.2247876882092123,0.5367902826098776,1,Interleaved
927,127,0,0.6823796531124788,0.44053473524566,1,Interleaved
928,128,0,0.6295869257243709,0.2880277642845103,1,Interleaved
929,129,0,0.3710530580975808,0.571164482646915,1,Interleaved
930,130,0,0.510642118452033,0.6001026037656368,1,Interleaved
931,131,0,0.6343342639438379,0.35107280233584687,1,Interleaved
932,132,0,0.7860509422404633,0.43027487391998936,1,Interleaved
933,133,0,0.5320545150096658,0.3081567597787988,1,Interleaved
934,134,0,0.7843859893372507,0.30395493412631025,1,Interleaved
935,135,0,0.5266452684224191,0.39917214768912945,1,Interleaved
936,136,0,0.39333339245305027,0.3996903645290809,1,Interleaved
937,137,0,0.3631352685365001,0.3949076540096643,1,Interleaved
938,138,0,0.7194826384712563,0.4205478485616082,1,Interleaved
939,139,0,0.18293754788660566,0.48093047031093306,1,Interleaved
940,140,0,0.6315114444112933,0.3420139162296286,1,Interleaved
941,141,0,0.4934984869645679,0.4406111179802913,1,Interleaved
942,142,0,0.6694694601557606,0.4786124773082324,1,Interleaved
943,143,0,0.725402282006893,0.4286718838210636,1,Interleaved
944,144,0,0.6233784228940593,0.5528554668652619,1,Interleaved
945,145,0,0.22506289917203506,0.4623859820474273,1,Interleaved
946,146,0,0.2299149991649914,0.32067595297023277,1,Interleaved
947,147,0,0.33272421279176534,0.3072086957183999,1,Interleaved
948,148,0,0.5126582439788637,0.5308463953294371,1,Interleaved
949,149,0,0.6089186645487761,0.38131226871632484,1,Interleaved
950,150,0,0.9146894952209466,0.31671809213818075,1,Interleaved
951,151,0,0.4634562689720383,0.47320441750695785,1,Interleaved
952,152,0,0.9768220289783756,0.3516737417745761,1,Interleaved
953,153,0,0.526787380175065,0.4984194881118771,1,Interleaved
954,154,0,0.8837249886986507,0.34365695314817235,1,Interleaved
955,155,0,0.48619000251643346,0.3677261747173715,1,Interleaved
956,156,0,0.5908087609534578,0.4482962809736776,1,Interleaved
957,157,0,0.693487301245189,0.38166817629265193,1,Interleaved
958,158,0,0.6576041503661957,0.32818151008691654,1,Interleaved
959,159,0,0.5681104632338747,0.552328452647392,1,Interleaved
960,160,0,0.8195278650893731,0.3719079815558569,1,Interleaved
961,161,0,0.598631115342271,0.4301310491407675,1,Interleaved
962,162,0,0.4760227578710311,0.35871369446378143,1,Interleaved
963,163,0,0.8801406863642922,0.28409457783922987,1,Interleaved
964,164,0,0.6073037717774796,0.5375366907652706,1,Interleaved
965,165,0,0.5682624034368103,0.376682129321643,1,Interleaved
966,166,0,0.39809453746641976,0.38484637250220666,1,Interleaved
967,167,0,0.20226358085903112,0.3610672811307122,1,Interleaved
968,168,0,0.44289011888606905,0.4120117737501505,1,Interleaved
969,169,0,0.47730475538564404,0.41593424226214815,1,Interleaved
970,170,0,0.7382661442960816,0.41977269134824546,1,Interleaved
971,171,0,0.6045945305805466,0.2884869523372619,1,Interleaved
972,172,0,0.4593630685116266,0.2972060812073052,1,Interleaved
973,173,0,0.6857499428983993,0.4318539135613757,1,Interleaved
974,174,0,0.30875325775898177,0.4389169595085535,1,Interleaved
975,175,0,0.5857522713342711,0.36430490420447176,1,Interleaved
976,176,0,0.6969972200721493,0.35581439392855185,1,Interleaved
977,177,0,0.44146024558935787,0.4686364905389724,1,Interleaved
978,178,0,0.7484781669461407,0.32410075356944323,1,Interleaved
979,179,0,0.8161597973408418,0.3295143740964839,1,Interleaved
980,180,0,0.5003428732730123,0.3811177140454094,1,Interleaved
981,181,0,0.7372051920691731,0.43784066311891257,1,Interleaved
982,182,0,0.4743470083217547,0.36309468749055296,1,Interleaved
983,183,0,0.44926109169071266,0.35554064980854805,1,Interleaved
984,184,0,0.17569911766266647,0.3850420993352893,1,Interleaved
985,185,0,0.6779317411137704,0.45079935769227525,1,Interleaved
986,186,0,0.956317088575495,0.5340888017202883,1,Interleaved
987,187,0,0.6867251880321167,0.4329854764277657,1,Interleaved
988,188,0,0.9167184161285309,0.25554473727268073,1,Interleaved
989,189,0,0.6646926812498399,0.3964509531448466,1,Interleaved
990,190,0,0.871552277412226,0.4162360723261038,1,Interleaved
991,191,0,0.4562464058160277,0.44358626827931,1,Interleaved
992,192,0,0.9339379906382569,0.2401541939919665,1,Interleaved
993,193,0,0.898635762813359,0.25533925416546355,1,Interleaved
994,194,0,0.90956730893033,0.32787563067745096,1,Interleaved
995,195,0,0.21866939117850237,0.5714269769829569,1,Interleaved
996,196,0,0.7920315761266516,0.4680146166481961,1,Interleaved
997,197,0,0.5487253633319589,0.4477622093155793,1,Interleaved
998,198,0,0.36110936245711883,0.3578298021385578,1,Interleaved
999,199,0,0.8479832280136907,0.33479928453307234,1,Interleaved
1000,0,0,0.6360809579074755,1.0934880052038092,1,Instructed
1001,1,0,0.6063481563800421,0.5608071173569065,1,Instructed
1002,2,0,0.039110973026939465,0.5946262848757148,1,Instructed
1003,3,0,0.6084852413437148,0.4329098756200294,1,Instructed
1004,4,0,0.235559540142142,0.5538537870099698,1,Instructed
1005,5,0,0.22039454877711723,0.5810234923418969,1,Instructed
1006,6,0,0.8515006472887822,0.3010126379263246,1,Instructed
1007,7,0,0.41982742963102815,0.7023798330660462,1,Instructed
1008,8,0,0.1350731729175012,0.45565836709124885,1,Instructed
1009,9,0,0.5284359833181415,0.35576042603245717,1,Instructed
1010,10,0,0.7534691871170542,0.5322558424570226,1,Instructed
1011,11,0,0.3991056216542301,0.5045674511643655,1,Instructed
1012,12,0,0.6206789834127883,0.4685760568916104,1,Instructed
1013,13,0,0.5751420405458179,0.4864748198729588,1,Instructed
1014,14,0,0.7511202738168531,0.43025035715594573,1,Instructed
1015,15,0,0.4879071633594904,0.4647506435472943,1,Instructed
1016,16,0,0.4451192642028,0.4608777344002841,1,Instructed
1017,17,0,0.7543252008661572,0.5238447955285861,1,Instructed
1018,18,0,0.4026398133067713,0.44730032470691883,1,Instructed
1019,19,0,0.8008901964239019,0.38155025809638254,1,Instructed
1020,20,0,0.6526722660287084,0.583490872688379,1,Instructed
1021,21,0,0.7155534322626859,0.41705924877105105,1,Instructed
1022,22,0,0.5600508657109549,0.44084804530487015,1,Instructed
1023,23,0,0.3419422880734015,0.4940178554716135,1,Instructed
1024,24,0,0.839053740632205,0.4619681715645736,1,Instructed
1025,25,0,0.5303237865088168,0.42611394747283116,1,Instructed
1026,26,0,0.03605185802691238,0.6075347538683695,1,Instructed
1027,27,0,0.6048941915092023,0.4473639518065201,1,Instructed
1028,28,0,0.49254591158184025,0.4174637703042291,1,Instructed
1029,29,0,0.6034616293849179,0.37110032880276567,1,Instructed
1030,30,0,0.22944710602872567,0.42093330560572795,1,Instructed
1031,31,0,0.15301649884727664,0.4757390927061163,1,Instructed
1032,32,0,0.7006332179994819,0.309536493426743,1,Instructed
1033,33,0,0.26088366132371527,0.5549852919797726,1,Instructed
1034,34,0,0.0854779591134874,0.5854762990063369,1,Instructed
1035,35,0,0.6553146721771599,0.42187169076695463,1,Instructed
1036,36,0,0.7074452461136718,0.2787507762530997,1,Instructed
1037,37,0,0.5277610357788612,0.31404344362950165,1,Instructed
1038,38,0,0.46582567083827775,0.3800787251712753,1,Instructed
1039,39,0,0.6018550464436268,0.4571481969911255,1,Instructed
1040,40,0,0.42574412086495617,0.5165318041029686,1,Instructed
1041,41,0,0.30780882225225303,0.43968389444693257,1,Instructed
1042,42,0,0.7525969749032915,0.41936908138313367,1,Instructed
1043,43,0,0.6706257531431243,0.3241724271139506,1,Instructed
1044,44,0,0.7886638974026081,0.3556010050033013,1,Instructed
1045,45,0,0.6507270064628274,0.33113000974733553,1,Instructed
1046,46,0,0.2199444314907483,0.479434927090404,1,Instructed
1047,47,0,0.6499617071878216,0.49353819213121397,1,Instructed
1048,48,0,0.7179686820082604,0.3177324324344755,1,Instructed
1049,49,0,0.2458058222432253,0.5055292640550486,1,Instructed
1050,50,0,0.5822775111350702,0.6139602350763576,1,Instructed
1051,51,0,0.318513448481759,0.4163671255369594,1,Instructed
1052,52,0,0.8211707475330424,0.38436473750307054,1,Instructed
1053,53,0,0.623615761681846,0.37469187672377324,1,Instructed
1054,54,0,0.24783253646991188,0.5538816878332478,1,Instructed
1055,55,0,0.731766033777123,0.459307001894808,1,Instructed
1056,56,0,0.49490183295864393,0.33962263734829534,1,Instructed
1057,57,0,0.22713162993485927,0.44677791698270425,1,Instructed
1058,58,0,0.463242027280945,0.5324619117506798,1,Instructed
1059,59,0,0.7876791147717221,0.3028841774099959,1,Instructed
1060,60,0,0.6519406113897936,0.5253488962975824,1,Instructed
1061,61,0,0.2434644879857531,0.41591928879599854,1,Instructed
1062,62,0,0.8588455382859176,0.3674565568003072,1,Instructed
1063,63,0,0.37206896616468754,0.4129453869060059,1,Instructed
1064,64,0,0.134660961757171,0.37874722262359917,1,Instructed
1065,65,0,0.5558704239717954,0.37852691765192426,1,Instructed
1066,66,0,0.05298138055098793,0.5817899566919773,1,Instructed
1067,67,0,0.5335623510092865,0.3205968204209766,1,Instructed
1068,68,0,0.8321452368487108,0.38196808872115967,1,Instructed
1069,69,0,0.6847962424805524,0.43308002360701237,1,Instructed
1070,70,0,0.3481946892296503,0.3858866877106284,1,Instructed
1071,71,0,0.6467592729090147,0.45199213784383613,1,Instructed
1072,72,0,0.4029531455281421,0.4189268685456904,1,Instructed
1073,73,0,0.7098320595850232,0.38015401419719486,1,Instructed
1074,74,0,0.5189881070085423,0.28250750213814474,1,Instructed
1075,75,0,0.8069624873474053,0.4381220123991646,1,Instructed
1076,76,0,0.4815190772126828,0.3879922431095316,1,Instructed
1077,77,0,0.18981244432951777,0.520756703885075,1,Instructed
1078,78,0,0.3911085353176322,0.4322061345682813,1,Instructed
1079,79,0,0.3020818481479849,0.40645512892622215,1,Instructed
1080,80,0,0.7392392016902427,0.4464803292813537,1,Instructed
1081,81,0,0.31905334573062805,0.5588185524148259,1,Instructed
1082,82,0,0.732742309645922,0.33449155886848725,1,Instructed
1083,83,0,0.3034857241112906,0.44189192927953513,1,Instructed
1084,84,0,0.2807248718035751,0.38131200519305175,1,Instructed
1085,85,0,0.35520785019537066,0.44076619640820336,1,Instructed
1086,86,0,0.2808029199840036,0.34606577661535176,1,Instructed
1087,87,0,0.40544961387679884,0.3664518055613183,1,Instructed
1088,88,0,0.6723017361781629,0.35842326198305396,1,Instructed
1089,89,0,0.40332646148338375,0.4062556518272906,1,Instructed
1090,90,0,0.4604978833209321,0.49443603961449956,1,Instructed
1091,91,0,0.5329732634526285,0.4414646058869125,1,Instructed
1092,92,0,0.3150728013947978,0.44597055133663205,1,Instructed
1093,93,0,0.4280765182978591,0.49513841034091116,1,Instructed
1094,94,0,0.4458063520655251,0.5547776920058525,1,Instructed
1095,95,0,0.4936753199420299,0.29031397976720663,1,Instructed
1096,96,0,0.6387262201148902,0.4208772884723069,1,Instructed
1097,97,0,0.42692266998294165,0.533291995794392,1,Instructed
1098,98,0,0.289764699328844,0.3418108339931243,1,Instructed
1099,99,0,0.5276412072395058,0.39345082875029225,1,Instructed
1100,100,0,0.5958808791662265,0.3293781860616856,1,Instructed
1101,101,0,0.4424637779183409,0.3993426714482011,1,Instructed
1102,102,0,0.46387633808153816,0.4192069330868753,1,Instructed
1103,103,0,0.34350818126183796,0.36583786388566325,1,Instructed
1104,104,0,0.503060520416339,0.3531634051973257,1,Instructed
1105,105,0,0.5602776567986891,0.33147325545245504,1,Instructed
1106,106,0,0.6790551909181718,0.44647681055197425,1,Instructed
1107,107,0,0.39169320524379925,0.4232869817064351,1,Instructed
1108,108,0,0.29786047181159603,0.43515659737300894,1,Instructed
1109,109,0,0.39354997635682876,0.43008483325238456,1,Instructed
1110,110,0,0.8326267063355905,0.30100331512737405,1,Instructed
1111,111,0,0.5595189254969983,0.44391905182018476,1,Instructed
1112,112,0,0.35092172012047923,0.34328784502930576,1,Instructed
1113,113,0,0.29006026170367083,0.5009019388230925,1,Instructed
1114,114,0,0.774593685455028,0.42553749084686,1,Instructed
1115,115,0,0.6932161916645043,0.35403753604121535,1,Instructed
1116,116,0,0.7604547491953673,0.3811072778948454,1,Instructed
1117,117,0,0.4053756801053761,0.4372759181383137,1,Instructed
1118,118,0,0.1573455342194071,0.4088826233867432,1,Instructed
1119,119,0,0.4208362792604779,0.43564695979610535,1,Instructed
1120,120,0,0.7389376003048274,0.3167983050262621,1,Instructed
1121,121,0,0.5165529294087079,0.4096035572229013,1,Instructed
1122,122,0,0.826632365674796,0.3928101485667817,1,Instructed
1123,123,0,0.46048530859220205,0.37675335538723137,1,Instructed
1124,124,0,0.0680125269559778,0.3104203799863421,1,Instructed
1125,125,0,0.5014908072058174,0.40159479118494823,1,Instructed
1126,126,0,0.8533123130024142,0.29207912134710307,1,Instructed
1127,127,0,0.6059377536923531,0.4582185722095697,1,Instructed
1128,128,0,0.23562652461656575,0.41001445963256483,1,Instructed
1129,129,0,0.5748136213452215,0.4159575547768787,1,Instructed
1130,130,0,0.7242603878367617,0.3140791200320558,1,Instructed
1131,131,0,0.6737572384755866,0.3342833488311141,1,Instructed
1132,132,0,0.6211729195017806,0.3976661993489406,1,Instructed
1133,133,0,0.6925644188253421,0.2834693496999636,1,Instructed
1134,134,0,0.5718611709187194,0.42603441465686565,1,Instructed
1135,135,0,0.33656051351864474,0.4328199713744244,1,Instructed
1136,136,0,0.521280964262633,0.42523758672315826,1,Instructed
1137,137,0,0.5716257915112727,0.3058082053804795,1,Instructed
1138,138,0,0.6157123284137305,0.4618516340951432,1,Instructed
1139,139,0,0.6153401549541532,0.3497652562023712,1,Instructed
1140,140,0,0.7998078282465981,0.374501949091976,1,Instructed
1141,141,0,0.3852556138813206,0.4216836498698581,1,Instructed
1142,142,0,0.17796880609338603,0.4253549118106884,1,Instructed
1143,143,0,0.271898938516251,0.43975712441137726,1,Instructed
1144,144,0,0.5111945253233979,0.41321808325126697,1,Instructed
1145,145,0,0.7744350939679596,0.45775754222714504,1,Instructed
1146,146,0,0.20405375596011927,0.3103323150439763,1,Instructed
1147,147,0,0.786637083153007,0.37496595679653844,1,Instructed
1148,148,0,0.7471147102254918,0.29025976070859705,1,Instructed
1149,149,0,0.8739164037539636,0.39298929760939316,1,Instructed
1150,150,0,0.41569418474160497,0.3970578292200376,1,Instructed
1151,151,0,0.19550816067529686,0.42597546993069135,1,Instructed
1152,152,0,0.5770414517091683,0.3844065065219253,1,Instructed
1153,153,0,0.7048714506938971,0.3466043841735136,1,Instructed
1154,154,0,0.5510083185706176,0.31705090749437387,1,Instructed
1155,155,0,0.22948739934559953,0.4134004845089446,1,Instructed
1156,156,0,0.7180931494739302,0.396768964038659,1,Instructed
1157,157,0,0.8169936984013351,0.3252009230507624,1,Instructed
1158,158,0,0.31674828540307043,0.4593350691853826,1,Instructed
1159,159,0,0.23809706563690258,0.4423116749355471,1,Instructed
1160,160,0,0.8245173906810699,0.36390723737728004,1,Instructed
1161,161,0,0.7658153595057711,0.47648463915283557,1,Instructed
1162,162,0,0.8102587991752415,0.33794344547663924,1,Instructed
1163,163,0,0.6995603060856053,0.35386673733204455,1,Instructed
1164,164,0,0.8204308467941942,0.2586980156104916,1,Instructed
1165,165,0,0.934072870520317,0.39343468758332883,1,Instructed
1166,166,0,0.9853737298201732,0.4100309816157077,1,Instructed
1167,167,0,0.526090381248648,0.2997512567638878,1,Instructed
1168,168,0,0.9544617273248255,0.3670891853810456,1,Instructed
1169,169,0,0.4454341033941184,0.4306578192142157,1,Instructed
1170,170,0,0.8923952580302429,0.3811430313800196,1,Instructed
1171,171,0,0.9541105603779094,0.3246900921109635,1,Instructed
1172,172,0,0.9719513872075967,0.42981642676514675,1,Instructed
1173,173,0,0.46314328665469906,0.38200960226840286,1,Instructed
1174,174,0,0.17515003617575353,0.4235206689509279,1,Instructed
1175,175,0,0.998830013774451,0.4142690901814253,1,Instructed
1176,176,0,0.4957347986835653,0.3883342531737416,1,Instructed
1177,177,0,0.5534235893517506,0.4705218535208766,1,Instructed
1178,178,0,0.4361438159467201,0.5060002248636695,1,Instructed
1179,179,0,0.4534018067424739,0.32021357381698157,1,Instructed
1180,180,0,0.6601684065289799,0.33450502781619196,1,Instructed
1181,181,0,0.6985923371968471,0.39982328004089673,1,Instructed
1182,182,0,0.6801205431419214,0.3948680583154235,1,Instructed
1183,183,0,0.5499001311846303,0.2854573475099628,1,Instructed
1184,184,0,0.6029031493938712,0.33092575690614623,1,Instructed
1185,185,0,0.6466488278482614,0.3130065213622185,1,Instructed
1186,186,0,0.9879079481567579,0.3418973935151214,1,Instructed
1187,187,0,0.5577453011415692,0.39481161756819105,1,Instructed
1188,188,0,0.7173246115674645,0.3572445510238318,1,Instructed
1189,189,0,0.2826740093660951,0.4290357829695697,1,Instructed
1190,190,0,0.6347999251221901,0.49085238076911886,1,Instructed
1191,191,0,0.3309391010147526,0.49697839965779694,1,Instructed
1192,192,0,0.8859627039590515,0.2767080545667351,1,Instructed
1193,193,0,0.37014059806435473,0.4210842091571241,1,Instructed
1194,194,0,0.6128017936753727,0.3639418220645846,1,Instructed
1195,195,0,0.5729490223179884,0.3391281555531097,1,Instructed
1196,196,0,0.3864058439883339,0.45385163594464606,1,Instructed
1197,197,0,0.6626613985555247,0.3618865385698544,1,Instructed
1198,198,0,0.8294861485225684,0.34746702286983355,1,Instructed
1199,199,0,0.8073341343074911,0.34616362050623306,1,Instructed
