,t,e_hat,Accuracy,pe,batch,Condition
0,0,0,0.12163031628775718,0.9163488643821212,0,Blocked
1,1,0,0.9909986736951606,0.5410387575226012,0,Blocked
2,2,0,0.0592549747276371,0.8034715109599753,0,Blocked
3,3,0,0.12387410729278946,0.7045024867369356,0,Blocked
4,4,0,0.17984845421333895,0.6944520210597902,0,Blocked
5,5,0,0.3500351326855051,0.5954915690996828,0,Blocked
6,6,0,0.29485079579531526,0.8714748711482252,0,Blocked
7,7,0,0.7671668366244668,0.8422630328317735,0,Blocked
8,8,0,0.004957980686277556,0.8819925684601531,0,Blocked
9,9,0,0.5317260731189359,0.6103293595837687,0,Blocked
10,10,0,0.783753706730941,0.5475240303229676,0,Blocked
11,11,0,0.5173272508172101,0.6066405921964144,0,Blocked
12,12,0,0.6902232086944935,0.5783563585749933,0,Blocked
13,13,0,0.3789819404545997,0.5564511157072118,0,Blocked
14,14,0,0.9263788368451188,0.5390510142809324,0,Blocked
15,15,0,0.6433213747661704,0.6928210562750077,0,Blocked
16,16,0,0.19054524389207234,0.7751993126384682,0,Blocked
17,17,0,0.5529691008697939,0.5408207459495671,0,Blocked
18,18,0,0.7654378121899786,0.6716954798346748,0,Blocked
19,19,0,0.2005170385333108,0.6768796191932556,0,Blocked
20,20,0,0.6579569157454743,0.5634294544418128,0,Blocked
21,21,0,0.8031368651189745,0.5037073619572243,0,Blocked
22,22,0,0.9586963792872939,0.4987410315191972,0,Blocked
23,23,0,0.35104056761695324,0.5762263032049183,0,Blocked
24,24,0,0.9434889448845754,0.48670790351583565,0,Blocked
25,25,0,0.14797729031177362,0.6878544395507871,0,Blocked
26,26,0,0.14939773340397064,0.7406410926808505,0,Blocked
27,27,0,0.19371929476456454,0.6671804464193434,0,Blocked
28,28,0,0.7650006805937017,0.5718787470693927,0,Blocked
29,29,0,0.7036150156428767,0.4326832268943932,0,Blocked
30,30,0,0.8877470699350629,0.3865939902922838,0,Blocked
31,31,0,0.6225198747733885,0.5721200986932505,0,Blocked
32,32,0,0.8022284421047807,0.42947571986117516,0,Blocked
33,33,0,0.8403212340695624,0.4728737736157368,0,Blocked
34,34,0,0.9917400432601269,0.5371884495684546,0,Blocked
35,35,0,0.8900740308369484,0.5586257596802345,0,Blocked
36,36,0,0.7020617171717569,0.4530462303101882,0,Blocked
37,37,0,0.8686531284131542,0.5468974732594971,0,Blocked
38,38,0,0.9828171249268138,0.4551415548626666,0,Blocked
39,39,0,0.9828340442723256,0.5227646539015223,0,Blocked
40,40,0,0.4885491140840309,0.5373593481506493,0,Blocked
41,41,0,0.32551295898174293,0.5870312023057014,0,Blocked
42,42,0,0.32440671695483475,0.499931469559326,0,Blocked
43,43,0,0.5284992182137845,0.5461386523307693,0,Blocked
44,44,0,0.6747685186819542,0.6714163846603656,0,Blocked
45,45,0,0.40447869052386143,0.6921856845385493,0,Blocked
46,46,0,0.3963339901917248,0.606287354153167,0,Blocked
47,47,0,0.39747991992763326,0.8085012500725318,0,Blocked
48,48,0,0.265113917317418,0.5808968317322103,0,Blocked
49,49,0,0.9389233859779237,0.5109837016624537,0,Blocked
50,50,0,0.6339751638159559,0.7127563687149019,0,Blocked
51,51,0,0.3056797512016499,0.5014633326132882,0,Blocked
52,52,0,0.5239132164020784,0.6245623795844149,0,Blocked
53,53,0,0.4109553803461963,0.5745816334104377,0,Blocked
54,54,0,0.7302838092496462,0.7214962837735721,0,Blocked
55,55,0,0.018963461448817585,0.6466359506378725,0,Blocked
56,56,0,0.0788970329212593,0.5573388919334457,0,Blocked
57,57,0,0.6172243160129793,0.5271401578151842,0,Blocked
58,58,0,0.5652505275502618,0.587921973718447,0,Blocked
59,59,0,0.4078744571845144,0.5353957740941495,0,Blocked
60,60,0,0.5098845901431769,0.6753632495190781,0,Blocked
61,61,0,0.587961275734021,0.8274615794660872,0,Blocked
62,62,0,0.42610324910696684,0.7517868888184356,0,Blocked
63,63,0,0.4987828478328635,0.7216636783619381,0,Blocked
64,64,0,0.09671704631891857,0.9939422550948034,0,Blocked
65,65,0,0.3471090443184462,0.6403422030126714,0,Blocked
66,66,0,0.8902303470476264,0.5917051687174617,0,Blocked
67,67,0,0.6341463882404877,0.5167219209105905,0,Blocked
68,68,0,0.1886718583740252,0.7477268769406475,0,Blocked
69,69,0,0.6119128389827713,0.49499475636157375,0,Blocked
70,70,0,0.5272172227804656,0.5876567097749883,0,Blocked
71,71,0,0.1861074021423127,0.6132492509658385,0,Blocked
72,72,0,0.4773213817134239,0.5770845508718627,0,Blocked
73,73,0,0.5223874669432365,0.5562584420810399,0,Blocked
74,74,0,0.39191739557605987,0.56894846797559,0,Blocked
75,75,0,0.3787436235233646,0.5975620048646151,0,Blocked
76,76,0,0.4504013798875741,0.48930100715819075,0,Blocked
77,77,0,0.3253678347296656,0.6074829889430504,0,Blocked
78,78,0,0.6133101843453526,0.6100703485883553,0,Blocked
79,79,0,0.5461007653565487,0.6149146655080349,0,Blocked
80,80,0,0.25928515251409,0.5633000852648737,0,Blocked
81,81,0,0.27302937464377386,0.8224047060013451,0,Blocked
82,82,0,0.5885380956047463,0.5797855989421088,0,Blocked
83,83,0,0.4606535016116379,0.6522277457063161,0,Blocked
84,84,0,0.2906744804238529,0.5676924459970285,0,Blocked
85,85,0,0.504610103948886,0.6029201328788324,0,Blocked
86,86,0,0.9484600616887733,0.43531132900451286,0,Blocked
87,87,0,0.7744716702620096,0.763569120922984,0,Blocked
88,88,0,0.5647589548810584,0.5765335909081759,0,Blocked
89,89,0,0.5420408768443455,0.6592520496711192,0,Blocked
90,90,0,0.751173482369231,0.45019412131338943,0,Blocked
91,91,0,0.9823522199527084,0.5875941033413911,0,Blocked
92,92,0,0.6818735484026682,0.5388203856997141,0,Blocked
93,93,0,0.6159352411201388,0.5317373100179994,0,Blocked
94,94,0,0.8718052148459208,0.45567005097621377,0,Blocked
95,95,0,0.7225443264595588,0.6470473127886642,0,Blocked
96,96,0,0.82718831318025,0.4711278649151023,0,Blocked
97,97,0,0.9819642732245284,0.43984691649346724,0,Blocked
98,98,0,0.9746041859731511,0.5662228903181419,0,Blocked
99,99,0,0.9751586145126148,0.391666385749345,0,Blocked
100,100,0,0.7614133444872428,0.5952010614263508,0,Blocked
101,101,0,0.5332978023347138,0.42180596529057746,0,Blocked
102,102,0,0.8714627410201738,0.5330890938503006,0,Blocked
103,103,0,0.8843335461286739,0.5602626965083908,0,Blocked
104,104,0,0.3505500437892765,0.7061817913964892,0,Blocked
105,105,0,0.9545098970454422,0.44507145649266594,0,Blocked
106,106,0,0.3440266234927007,0.6549169308743558,0,Blocked
107,107,0,0.8576773497442403,0.5672009581156496,0,Blocked
108,108,0,0.1814919256790165,0.5849361034034049,0,Blocked
109,109,0,0.6472324686365543,0.5668021553368884,0,Blocked
110,110,0,0.09173180391887545,0.7406772189695894,0,Blocked
111,111,0,0.42388085137126713,0.7516174680095626,0,Blocked
112,112,0,0.952025051645029,0.5338754341057882,0,Blocked
113,113,0,0.584107668527382,0.5360526949700755,0,Blocked
114,114,0,0.3829709408477006,0.8155705767059396,0,Blocked
115,115,0,0.5622600234255325,0.6531813094111301,0,Blocked
116,116,0,0.9903978614430269,0.7140799878339145,0,Blocked
117,117,0,0.40386844465942384,0.7813573686160531,0,Blocked
118,118,0,0.4182249974288357,0.41031998165973227,0,Blocked
119,119,0,0.8173672157624889,0.5513430713200311,0,Blocked
120,120,0,0.14396424577787342,0.7783549975611233,0,Blocked
121,121,0,0.400508895403871,0.6157555518406859,0,Blocked
122,122,0,0.46129158463710296,0.5337973744519509,0,Blocked
123,123,0,0.5942118290946887,0.5562151157329369,0,Blocked
124,124,0,0.6750450620607367,0.6655580599017668,0,Blocked
125,125,0,0.787057706072493,0.5123526555411462,0,Blocked
126,126,0,0.8659100019412251,0.4409655052431739,0,Blocked
127,127,0,0.39876365699327193,0.5281665372281416,0,Blocked
128,128,0,0.7970698323659937,0.5849348169411068,0,Blocked
129,129,0,0.44459372915577083,0.558897674042131,0,Blocked
130,130,0,0.6545750461275277,0.5755992938064675,0,Blocked
131,131,0,0.09001058842292747,0.5305861397850075,0,Blocked
132,132,0,0.11050896970314718,0.7072569663968619,0,Blocked
133,133,0,0.7201217487217977,0.543168783535408,0,Blocked
134,134,0,0.8867962925341215,0.5997114366917103,0,Blocked
135,135,0,0.30170229618810873,0.6223333115725254,0,Blocked
136,136,0,0.6183200756259999,0.4583580909913625,0,Blocked
137,137,0,0.34506889225264864,0.5372357348343884,0,Blocked
138,138,0,0.7173313166412689,0.4081455677509528,0,Blocked
139,139,0,0.5521694635045117,0.3966683728808369,0,Blocked
140,140,0,0.39344724895450234,0.548017201588848,0,Blocked
141,141,0,0.6036391807288962,0.5561281369234012,0,Blocked
142,142,0,0.4776707211761628,0.5601193991475415,0,Blocked
143,143,0,0.9208423946436051,0.6520518244606899,0,Blocked
144,144,0,0.2572654852205429,0.7012024788271826,0,Blocked
145,145,0,0.5283921598468118,0.46781395104017487,0,Blocked
146,146,0,0.6432817443446459,0.6072906351667704,0,Blocked
147,147,0,0.30528333747620073,0.5670944337435009,0,Blocked
148,148,0,0.31729924444111746,0.585322103866333,0,Blocked
149,149,0,0.5220308021993963,0.9489786723877416,0,Blocked
150,150,0,0.5829068587308719,0.5296677138941901,0,Blocked
151,151,0,0.4114974707808519,0.5348911582899041,0,Blocked
152,152,0,0.6405532451764162,0.4907217889199778,0,Blocked
153,153,0,0.11906355035184839,0.5885279476962413,0,Blocked
154,154,0,0.888688659880847,0.6562037259757652,0,Blocked
155,155,0,0.4936619380464859,0.6191607468555254,0,Blocked
156,156,0,0.5333918372877122,0.5622211836985828,0,Blocked
157,157,0,0.5094261218688496,0.42712611157691704,0,Blocked
158,158,0,0.4673499952862594,0.6504868312959695,0,Blocked
159,159,0,0.8362448852834816,0.513275774356916,0,Blocked
160,160,0,0.3766320775742944,0.6570471744312191,0,Blocked
161,161,0,0.4964539046254648,0.566490383204329,0,Blocked
162,162,0,0.13346996116220525,0.8153550101669724,0,Blocked
163,163,0,0.4420738940745622,0.5172024020881933,0,Blocked
164,164,0,0.7870566217210548,0.44739919729408983,0,Blocked
165,165,0,0.7496799533464922,0.5287486548771233,0,Blocked
166,166,0,0.6682560873012806,0.4666379535572659,0,Blocked
167,167,0,0.8996223155121188,0.6269898272084482,0,Blocked
168,168,0,0.5566195230557968,0.6234437186809016,0,Blocked
169,169,0,0.6414714469278576,0.5256717249905254,0,Blocked
170,170,0,0.25566282228335785,0.5803759093853236,0,Blocked
171,171,0,0.20706676968705537,0.45155392604131156,0,Blocked
172,172,0,0.18214612093072788,0.6476782525541314,0,Blocked
173,173,0,0.5532315745633716,0.51682533584513,0,Blocked
174,174,0,0.08095635593831181,0.6366588959993595,0,Blocked
175,175,0,0.5447503904163125,0.9054035283315105,0,Blocked
176,176,0,0.1838454218362483,0.6765973483795654,0,Blocked
177,177,0,0.4998307673225899,0.7139534259680307,0,Blocked
178,178,0,0.4945361392462959,0.6392213497836574,0,Blocked
179,179,0,0.2590346944917311,0.5065214754402134,0,Blocked
180,180,0,0.6838905024556242,0.5547356320204659,0,Blocked
181,181,0,0.9553706997834783,0.42636131882487827,0,Blocked
182,182,0,0.6726488050521008,0.6169471234817235,0,Blocked
183,183,0,0.294817965419937,0.514658057580882,0,Blocked
184,184,0,0.2830663946866339,0.6714273286428231,0,Blocked
185,185,0,0.2095288421808853,0.769718126814614,0,Blocked
186,186,0,0.4702292140349998,0.5479837127115508,0,Blocked
187,187,0,0.22045456294403973,0.6750183399009376,0,Blocked
188,188,0,0.8292195950793564,0.4806300005502502,0,Blocked
189,189,0,0.6230832333173969,0.49504365792006066,0,Blocked
190,190,0,0.38385211108346046,0.43376699500912264,0,Blocked
191,191,0,0.2662130899711737,0.485040451816823,0,Blocked
192,192,0,0.4006746097041554,0.7135040778010349,0,Blocked
193,193,0,0.4459061504890442,0.5240498736082562,0,Blocked
194,194,0,0.5006474702433287,0.5658315320786294,0,Blocked
195,195,0,0.32796282783039554,0.5956232355121627,0,Blocked
196,196,0,0.5387751415196328,0.6170270925651815,0,Blocked
197,197,0,0.5025214042212183,0.4165878264323968,0,Blocked
198,198,0,0.2952770354919614,0.6077039088329645,0,Blocked
199,199,0,0.1836171171061547,0.6137163590473826,0,Blocked
200,0,0,0.4921005190663329,0.8361987109275747,0,Interleaved
201,1,0,0.6059218405669348,0.7724329534345944,0,Interleaved
202,2,0,0.6620398573122293,0.6683078551249577,0,Interleaved
203,3,0,0.333003842173117,0.49185602428685604,0,Interleaved
204,4,0,0.35671794969995485,0.5619665637591489,0,Interleaved
205,5,0,0.2901521494868243,0.5834718451819011,0,Interleaved
206,6,0,0.04823379651641509,0.7420298512367656,0,Interleaved
207,7,0,0.05552962983958214,0.61174192824487,0,Interleaved
208,8,0,0.8410752835232364,0.7701035021344014,0,Interleaved
209,9,0,0.8265286496998323,0.4279497931711358,0,Interleaved
210,10,0,0.6014686776970815,0.6135519906817546,0,Interleaved
211,11,0,0.9540501489657058,0.48636433902877085,0,Interleaved
212,12,0,0.5544747292407228,0.5172697253966286,0,Interleaved
213,13,0,0.7207285656885882,0.608969271472449,0,Interleaved
214,14,0,0.03697359346245796,0.6038347922168641,0,Interleaved
215,15,0,0.5000318104477606,0.428898859782467,0,Interleaved
216,16,0,0.07524932688761624,0.7893033584592907,0,Interleaved
217,17,0,0.28371485231486054,0.4843635285558252,0,Interleaved
218,18,0,0.5313643645219347,0.35460772113238304,0,Interleaved
219,19,0,0.39950168434068256,0.7185793262052202,0,Interleaved
220,20,0,0.46120784390893277,0.47207288560320726,0,Interleaved
221,21,0,0.057026412084104666,0.5946904834970357,0,Interleaved
222,22,0,0.8337899118325515,0.3730682929129725,0,Interleaved
223,23,0,0.6570192251714666,0.6263798427287598,0,Interleaved
224,24,0,0.5134478473693356,0.5342635129237744,0,Interleaved
225,25,0,0.48572750972113404,0.5522285578035583,0,Interleaved
226,26,0,0.574779847419577,0.4231985275610413,0,Interleaved
227,27,0,0.014286459671824316,0.7307507578145753,0,Interleaved
228,28,0,0.4740131983020673,0.4022881784046297,0,Interleaved
229,29,0,0.009327051398708793,0.9224994204493118,0,Interleaved
230,30,0,0.6284818759507198,0.46842512424599647,0,Interleaved
231,31,0,0.991030806085855,0.4216862458589682,0,Interleaved
232,32,0,0.4632767116098614,0.4813183634082308,0,Interleaved
233,33,0,0.6810770353837996,0.5199794274472727,0,Interleaved
234,34,0,0.2147512146868219,0.5028510145864898,0,Interleaved
235,35,0,0.9187480824781977,0.5780259685890428,0,Interleaved
236,36,0,0.45394480896566636,0.6703267440566593,0,Interleaved
237,37,0,0.9424428986939887,0.5803464741072666,0,Interleaved
238,38,0,0.5272233725680208,0.4624939645133136,0,Interleaved
239,39,0,0.06790723592052389,0.7099118597561572,0,Interleaved
240,40,0,0.49960116578304686,0.3922377471084719,0,Interleaved
241,41,0,0.5642943115243074,0.38236630894337376,0,Interleaved
242,42,0,0.669993475646033,0.5403718792956673,0,Interleaved
243,43,0,0.740194179966739,0.4816538272287526,0,Interleaved
244,44,0,0.4864267328010027,0.5657987059100992,0,Interleaved
245,45,0,0.5128883005973176,0.5042494578468755,0,Interleaved
246,46,0,0.4620989422583058,0.5174787119230468,0,Interleaved
247,47,0,0.9534134635310056,0.4483204975153416,0,Interleaved
248,48,0,0.7787751529325879,0.4491635766619285,0,Interleaved
249,49,0,0.24013342639595425,0.4615634943739517,0,Interleaved
250,50,0,0.47943057556558755,0.45719372898079935,0,Interleaved
251,51,0,0.670356576939437,0.47735266949532024,0,Interleaved
252,52,0,0.1786877334651211,0.4965588407087293,0,Interleaved
253,53,0,0.621124797109232,0.5567566751761788,0,Interleaved
254,54,0,0.4701510677500441,0.47344685261679886,0,Interleaved
255,55,0,0.4496737359737558,0.590796191769863,0,Interleaved
256,56,0,0.6016612854032619,0.4204281235062123,0,Interleaved
257,57,0,0.08270590727809826,0.6602098534600895,0,Interleaved
258,58,0,0.5501542161253201,0.5033690992557175,0,Interleaved
259,59,0,0.12220895846105934,0.5311558710258717,0,Interleaved
260,60,0,0.6741623077086735,0.5757771288986334,0,Interleaved
261,61,0,0.4821045552862267,0.5502057607323924,0,Interleaved
262,62,0,0.2362019759530128,0.3934764243157034,0,Interleaved
263,63,0,0.8797733305181321,0.6232778271705004,0,Interleaved
264,64,0,0.05716267456382209,0.6095468905647681,0,Interleaved
265,65,0,0.4095971466191137,0.7811130271265436,0,Interleaved
266,66,0,0.42111371931498964,0.7662699507218578,0,Interleaved
267,67,0,0.9158577921037065,0.6020366913953469,0,Interleaved
268,68,0,0.3830535389260542,0.4482982940543695,0,Interleaved
269,69,0,0.6332046214192042,0.6412602127141385,0,Interleaved
270,70,0,0.2794912646611085,0.7225668135089456,0,Interleaved
271,71,0,0.9742908163698882,0.650091588332337,0,Interleaved
272,72,0,0.3239083695005649,0.6518477325454934,0,Interleaved
273,73,0,0.9209061719425533,0.5761008279282718,0,Interleaved
274,74,0,0.5227126170828716,0.5957837706706599,0,Interleaved
275,75,0,0.4997004085225184,0.7124067449062008,0,Interleaved
276,76,0,0.2738917633965456,0.5142471419778349,0,Interleaved
277,77,0,0.5839039461225264,0.5695896416577354,0,Interleaved
278,78,0,0.40343681930908815,0.35286911248377134,0,Interleaved
279,79,0,0.7166027696672895,0.5444151775208197,0,Interleaved
280,80,0,0.572013647899789,0.593291904296551,0,Interleaved
281,81,0,0.8926897080486038,0.5096262029262908,0,Interleaved
282,82,0,0.5306782643936313,0.6236303685798679,0,Interleaved
283,83,0,0.9732919638673452,0.5647722992692656,0,Interleaved
284,84,0,0.5450461552549032,0.5095805349756568,0,Interleaved
285,85,0,0.08536030748166244,0.8649890035167331,0,Interleaved
286,86,0,0.6555427426905526,0.5824202398010716,0,Interleaved
287,87,0,0.9608348100480767,0.5901536708125559,0,Interleaved
288,88,0,0.4914001150956907,0.5503059245734931,0,Interleaved
289,89,0,0.6292999053251335,0.7316484892814838,0,Interleaved
290,90,0,0.49909980452197594,0.7069824300508871,0,Interleaved
291,91,0,0.9632413953528511,0.623674554349199,0,Interleaved
292,92,0,0.8529211054941676,0.7320391877211889,0,Interleaved
293,93,0,0.051190183549076625,0.7891911368282977,0,Interleaved
294,94,0,0.1823364712543164,0.6624960009958585,0,Interleaved
295,95,0,0.12972699167286353,0.5673581323348011,0,Interleaved
296,96,0,0.8534757879631536,0.49943842682872985,0,Interleaved
297,97,0,0.3499585582973683,0.5094180820251195,0,Interleaved
298,98,0,0.15776154938840986,0.5974625271745768,0,Interleaved
299,99,0,0.712156517732307,0.4278647094518999,0,Interleaved
300,100,0,0.6424771111002436,0.6261703931852695,0,Interleaved
301,101,0,0.526939159153449,0.6131639688149677,0,Interleaved
302,102,0,0.7881361438288748,0.40600566297424706,0,Interleaved
303,103,0,0.40706303230381313,0.5683181112783264,0,Interleaved
304,104,0,0.6078566354854823,0.45220393815101684,0,Interleaved
305,105,0,0.7678043686829894,0.4405850554282325,0,Interleaved
306,106,0,0.7401468539438656,0.46868246590953755,0,Interleaved
307,107,0,0.8827733233970327,0.49694085342148353,0,Interleaved
308,108,0,0.4710032134793414,0.5260416661954004,0,Interleaved
309,109,0,0.4606540937696128,0.599518934489236,0,Interleaved
310,110,0,0.7122296684954114,0.49156920856580955,0,Interleaved
311,111,0,0.9239641695067755,0.5934326568502948,0,Interleaved
312,112,0,0.4936914230876334,0.5201716492454654,0,Interleaved
313,113,0,0.9151660323748616,0.5924115966511022,0,Interleaved
314,114,0,0.6533373185333441,0.4958789406865844,0,Interleaved
315,115,0,0.20206387667393966,0.5569971610246829,0,Interleaved
316,116,0,0.26212341595243327,0.4537267008776937,0,Interleaved
317,117,0,0.6078747600309667,0.5341340569942284,0,Interleaved
318,118,0,0.47259769191217316,0.46982884219734944,0,Interleaved
319,119,0,0.3679149597493479,0.6053519384293354,0,Interleaved
320,120,0,0.48902405298251417,0.49392217638768043,0,Interleaved
321,121,0,0.021676280178458452,0.7205224688614065,0,Interleaved
322,122,0,0.5939156126078955,0.6440879092103371,0,Interleaved
323,123,0,0.5681629696534801,0.5145514620586642,0,Interleaved
324,124,0,0.7764133099027892,0.4951328471042086,0,Interleaved
325,125,0,0.801826882978149,0.4169669036209408,0,Interleaved
326,126,0,0.09491722701826888,0.6908080818882123,0,Interleaved
327,127,0,0.534479917901861,0.5311498032899409,0,Interleaved
328,128,0,0.7207201998521242,0.638534121041296,0,Interleaved
329,129,0,0.8234473807105243,0.3989035616389135,0,Interleaved
330,130,0,0.39085807023056607,0.5385762203238496,0,Interleaved
331,131,0,0.44309109546680175,0.682775240100635,0,Interleaved
332,132,0,0.7013267592957229,0.5503066898423459,0,Interleaved
333,133,0,0.9448823679569852,0.5316400402593702,0,Interleaved
334,134,0,0.5960932088504542,0.5179852282884043,0,Interleaved
335,135,0,0.4281858318054379,0.8984955205030939,0,Interleaved
336,136,0,0.38591579706456436,0.43837198664734844,0,Interleaved
337,137,0,0.04667965277263777,0.49328737684695156,0,Interleaved
338,138,0,0.44800667684558354,0.5498232642144052,0,Interleaved
339,139,0,0.11600980792601977,0.5565415158739855,0,Interleaved
340,140,0,0.5143167469307426,0.5008194860678581,0,Interleaved
341,141,0,0.3400573736805514,0.6735920210793045,0,Interleaved
342,142,0,0.33940663980843805,0.6541834227912378,0,Interleaved
343,143,0,0.22951858580348922,0.529689510927777,0,Interleaved
344,144,0,0.09914652921519283,0.5417811445289874,0,Interleaved
345,145,0,0.08576906466944328,0.5045601765626746,0,Interleaved
346,146,0,0.16999176909328098,0.5057012141367463,0,Interleaved
347,147,0,0.2820633453781729,0.4552713885602347,0,Interleaved
348,148,0,0.23141395670531167,0.5084230256766893,0,Interleaved
349,149,0,0.0961005238957402,0.42403560925177797,0,Interleaved
350,150,0,0.3815660307916251,0.6911158141650666,0,Interleaved
351,151,0,0.38791820199019617,0.405102355571652,0,Interleaved
352,152,0,0.9384360410573616,0.5749669005805284,0,Interleaved
353,153,0,0.7969686172778789,0.42990697604483114,0,Interleaved
354,154,0,0.512471161582868,0.3673085753719524,0,Interleaved
355,155,0,0.8805140694584657,0.4734269950677795,0,Interleaved
356,156,0,0.5669459096384983,0.477518788366998,0,Interleaved
357,157,0,0.29706590707881836,0.45130180814403364,0,Interleaved
358,158,0,0.6797929792007442,0.5057980174873971,0,Interleaved
359,159,0,0.07875957940479064,0.767739186894121,0,Interleaved
360,160,0,0.747840696363022,0.5393423922059365,0,Interleaved
361,161,0,0.4967890165491382,0.620048922305996,0,Interleaved
362,162,0,0.4911923451414874,0.44408260268722016,0,Interleaved
363,163,0,0.6580801589766205,0.4786088468422121,0,Interleaved
364,164,0,0.660390193668869,0.5952999937733063,0,Interleaved
365,165,0,0.6144504531254303,0.6218770031343586,0,Interleaved
366,166,0,0.8832566827783619,0.4596443886905939,0,Interleaved
367,167,0,0.3498197188883828,0.6598544693973275,0,Interleaved
368,168,0,0.695610469419353,0.631403733319171,0,Interleaved
369,169,0,0.5756791482522037,0.6739923468548606,0,Interleaved
370,170,0,0.21885611260247026,0.7896142802531916,0,Interleaved
371,171,0,0.8262008024174538,0.3316886889353427,0,Interleaved
372,172,0,0.9968424768222397,0.6228578362711162,0,Interleaved
373,173,0,0.10284747751774173,0.5228858915601289,0,Interleaved
374,174,0,0.6075536737782353,0.4055481567781195,0,Interleaved
375,175,0,0.5817336039341446,0.3278469907326699,0,Interleaved
376,176,0,0.45255413684665,0.5260292667074359,0,Interleaved
377,177,0,0.16615379884107612,0.6798476868791843,0,Interleaved
378,178,0,0.5299975933330916,0.48640396772817324,0,Interleaved
379,179,0,0.40974419768087234,0.5383429154319059,0,Interleaved
380,180,0,0.08552948904719256,0.5321793129052683,0,Interleaved
381,181,0,0.33080952463969693,0.5191321530371724,0,Interleaved
382,182,0,0.03589300928191967,0.6813224825139659,0,Interleaved
383,183,0,0.9179395901412377,0.5834946833717893,0,Interleaved
384,184,0,0.9542309017261124,0.5395512345781862,0,Interleaved
385,185,0,0.5938403748947533,0.4446727678708502,0,Interleaved
386,186,0,0.8977163246683108,0.31626398741076694,0,Interleaved
387,187,0,0.8815029126643235,0.5810452999047637,0,Interleaved
388,188,0,0.15662368758865988,0.7039534727908326,0,Interleaved
389,189,0,0.5943987304771049,0.4294734970323749,0,Interleaved
390,190,0,0.29432314942705856,0.49167931456406666,0,Interleaved
391,191,0,0.6975029405380102,0.47335355885386843,0,Interleaved
392,192,0,0.2720486104159239,0.6366001495878268,0,Interleaved
393,193,0,0.1661743165450506,0.6037700651887193,0,Interleaved
394,194,0,0.949749171562438,0.5638711394682718,0,Interleaved
395,195,0,0.7008400717045327,0.6000975472443255,0,Interleaved
396,196,0,0.6278518125113752,0.48980212849835936,0,Interleaved
397,197,0,0.6116818754320167,0.5730480653949154,0,Interleaved
398,198,0,0.6800742267798447,0.4279033081333652,0,Interleaved
399,199,0,0.19509657998279037,0.5078570492735263,0,Interleaved
400,0,0,0.29381187038845863,0.7983773038921393,0,Instructed
401,1,0,0.4581055066967159,0.9419653878315758,0,Instructed
402,2,0,0.5106407777259689,0.9033101201182134,0,Instructed
403,3,0,0.09190743045566033,0.7831244329789686,0,Instructed
404,4,0,0.167745012004897,0.43555312379886896,0,Instructed
405,5,0,0.7809805640063923,0.5293115252428799,0,Instructed
406,6,0,0.44719579407977783,0.4731542398130134,0,Instructed
407,7,0,0.2207128696621507,0.5216363416907808,0,Instructed
408,8,0,0.26862006400086647,0.6107143170298465,0,Instructed
409,9,0,0.39301964675968615,0.5036172540350443,0,Instructed
410,10,0,0.8849732905070036,0.4983041557200917,0,Instructed
411,11,0,0.5474852207453453,0.29327811954931754,0,Instructed
412,12,0,0.4001237125801412,0.5837322265930154,0,Instructed
413,13,0,0.5682697363417564,0.49143476088074733,0,Instructed
414,14,0,0.7998571519012208,0.4503954330477925,0,Instructed
415,15,0,0.13284324047341717,0.569981993011992,0,Instructed
416,16,0,0.7826729217897086,0.4359661940219879,0,Instructed
417,17,0,0.6745495530396,0.546831560888118,0,Instructed
418,18,0,0.19966522543831372,0.4278255928956963,0,Instructed
419,19,0,0.5920346701584455,0.5576074706251598,0,Instructed
420,20,0,0.18188224590605742,0.5334244750432582,0,Instructed
421,21,0,0.4384516583158693,0.6064067677821039,0,Instructed
422,22,0,0.7071759164831455,0.6455464954077559,0,Instructed
423,23,0,0.16104106291807263,0.6026869648792994,0,Instructed
424,24,0,0.5250802749089567,0.49293144094892116,0,Instructed
425,25,0,0.941278296674205,0.4504466158269984,0,Instructed
426,26,0,0.4292000037914443,0.6502938669157632,0,Instructed
427,27,0,0.6615362221622793,0.6227366954254476,0,Instructed
428,28,0,0.07381127987370933,0.6219805370442748,0,Instructed
429,29,0,0.8090637144951507,0.44506031281530306,0,Instructed
430,30,0,0.4549318187135691,0.4012157280112437,0,Instructed
431,31,0,0.6873309170234831,0.5230879593349939,0,Instructed
432,32,0,0.7732756413082319,0.4225849338432478,0,Instructed
433,33,0,0.9418302215555947,0.5425181890455004,0,Instructed
434,34,0,0.6203808823241267,0.4849850845041509,0,Instructed
435,35,0,0.9555742911686861,0.42496027911433676,0,Instructed
436,36,0,0.0622793509632227,0.6203849904717041,0,Instructed
437,37,0,0.655251385153666,0.6560644918410907,0,Instructed
438,38,0,0.09590460389068138,0.667240927040321,0,Instructed
439,39,0,0.5989734807659078,0.5112936743347954,0,Instructed
440,40,0,0.889084936514673,0.4682795817431379,0,Instructed
441,41,0,0.24497765660108578,0.5808692511634005,0,Instructed
442,42,0,0.029738869493171893,0.47254860287835476,0,Instructed
443,43,0,0.9377099944503543,0.3667781542082841,0,Instructed
444,44,0,0.4286628297385978,0.44249448980455536,0,Instructed
445,45,0,0.9108417017586019,0.2897071423852082,0,Instructed
446,46,0,0.15538209990829038,0.49532589606992045,0,Instructed
447,47,0,0.26471886832999386,0.5985542512247872,0,Instructed
448,48,0,0.7034213441003614,0.8057917730211271,0,Instructed
449,49,0,0.6527489686910917,0.5901134769113062,0,Instructed
450,50,0,0.16081184751847774,0.6472733653683507,0,Instructed
451,51,0,0.2305922296309458,0.7813653715691569,0,Instructed
452,52,0,0.30767490289339033,0.8684615336312038,0,Instructed
453,53,0,0.7267638469918848,0.6847434288372575,0,Instructed
454,54,0,0.5811871843994219,0.4873952392995787,0,Instructed
455,55,0,0.22308356906631593,0.43902074853422857,0,Instructed
456,56,0,0.5150846332296211,0.5826037194933638,0,Instructed
457,57,0,0.48066714518074843,0.6871520189579818,0,Instructed
458,58,0,0.6226025692677295,0.430601046148778,0,Instructed
459,59,0,0.9257642520771205,0.6584945939226701,0,Instructed
460,60,0,0.42120491246896263,0.48843307159949034,0,Instructed
461,61,0,0.1627956199929056,0.5357701149278125,0,Instructed
462,62,0,0.7934524640847296,0.41969787976471884,0,Instructed
463,63,0,0.7229531505411273,0.44685264551785825,0,Instructed
464,64,0,0.5981431002359161,0.605529783166182,0,Instructed
465,65,0,0.6947770463218793,0.6415239258876828,0,Instructed
466,66,0,0.8945834171634559,0.4166764415435644,0,Instructed
467,67,0,0.5502682853554366,0.8740444075172176,0,Instructed
468,68,0,0.9602611997899382,0.6021936821108425,0,Instructed
469,69,0,0.14830924563828193,0.691366004215891,0,Instructed
470,70,0,0.6576177780003644,0.7018796660016606,0,Instructed
471,71,0,0.300036721078315,0.8868579393631512,0,Instructed
472,72,0,0.23921284414568555,0.5309727576318831,0,Instructed
473,73,0,0.25204686809189397,1.0917062675040186,0,Instructed
474,74,0,0.9314996787010121,0.4093527573644815,0,Instructed
475,75,0,0.7634750783465789,0.7290067375903746,0,Instructed
476,76,0,0.5123293098560944,0.5385298441595687,0,Instructed
477,77,0,0.4621518789832794,0.7070527667062824,0,Instructed
478,78,0,0.8823439625798526,0.4413873778990007,0,Instructed
479,79,0,0.37597408160487744,0.6492807221479768,0,Instructed
480,80,0,0.3100690108217899,0.47641725783412486,0,Instructed
481,81,0,0.02100718093508925,0.8671870588684663,0,Instructed
482,82,0,0.4502059298076673,0.6018311681968533,0,Instructed
483,83,0,0.35666796219152885,0.5414984172408711,0,Instructed
484,84,0,0.6486014231426324,0.5910316737059127,0,Instructed
485,85,0,0.3992093714849,0.515317606496454,0,Instructed
486,86,0,0.9866691108131009,0.5550497188328138,0,Instructed
487,87,0,0.5601689034467165,0.7199183454982663,0,Instructed
488,88,0,0.525758155747846,0.47113268432102356,0,Instructed
489,89,0,0.05538613966022179,0.6381389788959022,0,Instructed
490,90,0,0.18061127182351472,0.36656748055048616,0,Instructed
491,91,0,0.4051021304366795,0.4069364550179335,0,Instructed
492,92,0,0.24707936718347084,0.4633729048836076,0,Instructed
493,93,0,0.09560069707417265,0.6348836431512415,0,Instructed
494,94,0,0.17601292260883905,0.5855003031106043,0,Instructed
495,95,0,0.6850833176379747,0.48562311517805556,0,Instructed
496,96,0,0.8562543121317768,0.4249347094765935,0,Instructed
497,97,0,0.38773220336619224,0.5050936873566795,0,Instructed
498,98,0,0.44237519891220933,0.5862150597685138,0,Instructed
499,99,0,0.49191176033184186,0.5445547663400375,0,Instructed
500,100,0,0.9020609475956967,0.509654504353536,0,Instructed
501,101,0,0.3128835410269639,0.5688796787512785,0,Instructed
502,102,0,0.4281982180930768,0.6485926632279762,0,Instructed
503,103,0,0.7162175524264793,0.37380689216393714,0,Instructed
504,104,0,0.8648759192849242,0.338284781405047,0,Instructed
505,105,0,0.6497030025117159,0.28622748171241236,0,Instructed
506,106,0,0.08701883883804183,0.5037494368455304,0,Instructed
507,107,0,0.08004878426073168,0.34542569821045255,0,Instructed
508,108,0,0.3731056694290453,0.47792161608520056,0,Instructed
509,109,0,0.9785278955182275,0.47636023927441173,0,Instructed
510,110,0,0.6363277708410875,0.6464422621244377,0,Instructed
511,111,0,0.4757984966165121,0.6127015576715604,0,Instructed
512,112,0,0.8474809851685963,0.5447673556579984,0,Instructed
513,113,0,0.44175318599199964,0.6031468875741924,0,Instructed
514,114,0,0.9354432278973341,0.4845942516152785,0,Instructed
515,115,0,0.546992636434623,0.8526378042864096,0,Instructed
516,116,0,0.8333646202191678,0.574653800503449,0,Instructed
517,117,0,0.4730257791416357,0.5180381286444828,0,Instructed
518,118,0,0.1453502127496358,0.408563425672403,0,Instructed
519,119,0,0.00926567686743496,0.6736482059617408,0,Instructed
520,120,0,0.9903757146406342,0.8056548504730128,0,Instructed
521,121,0,0.9387113285991293,0.41232950816820046,0,Instructed
522,122,0,0.8703047008524958,0.4948056438576071,0,Instructed
523,123,0,0.21515948375614039,0.5532086646427683,0,Instructed
524,124,0,0.7935232301822596,0.5557225637817247,0,Instructed
525,125,0,0.4633490981871968,0.3591104366514426,0,Instructed
526,126,0,0.7455625122924033,0.5440300755842874,0,Instructed
527,127,0,0.31894693177763256,0.6007000525846521,0,Instructed
528,128,0,0.583247512550006,0.4856249557499685,0,Instructed
529,129,0,0.27562623690923127,0.4887109829581048,0,Instructed
530,130,0,0.1712978749162649,0.4317971404229046,0,Instructed
531,131,0,0.31222577582833805,0.5021341874765135,0,Instructed
532,132,0,0.7665096539951006,0.4054813862113036,0,Instructed
533,133,0,0.5147619473942917,0.5802376020970892,0,Instructed
534,134,0,0.07998959743319874,0.43985575243778974,0,Instructed
535,135,0,0.026934613326176117,0.5295109096855379,0,Instructed
536,136,0,0.8160671276777132,0.3768462226198252,0,Instructed
537,137,0,0.6938451875145121,0.354552341512603,0,Instructed
538,138,0,0.05563173345441465,0.5423697826727987,0,Instructed
539,139,0,0.9636015624515284,0.5742038376034667,0,Instructed
540,140,0,0.15313784308667017,0.5667785965139018,0,Instructed
541,141,0,0.3482518778122584,0.5797379059792036,0,Instructed
542,142,0,0.012002554188571032,0.6296806719438701,0,Instructed
543,143,0,0.7702785228141789,0.5870675188476498,0,Instructed
544,144,0,0.9589677635770862,0.6181567815964681,0,Instructed
545,145,0,0.03664850815510797,0.5894350583916494,0,Instructed
546,146,0,0.27458125513606535,0.5332406528461202,0,Instructed
547,147,0,0.2626657612612062,0.39542703815431857,0,Instructed
548,148,0,0.8370060901553438,0.5347669826227265,0,Instructed
549,149,0,0.7413971039726401,0.4482945645710861,0,Instructed
550,150,0,0.9415750748839602,0.623539986343677,0,Instructed
551,151,0,0.4574251291580658,0.3459427996672585,0,Instructed
552,152,0,0.5069689055218634,0.7026743067560214,0,Instructed
553,153,0,0.9388593690349639,0.7228946636818081,0,Instructed
554,154,0,0.7382195781961207,0.5725935650589482,0,Instructed
555,155,0,0.873348118771146,0.3635393830646185,0,Instructed
556,156,0,0.7785376290431032,0.4982620996146676,0,Instructed
557,157,0,0.6227961326934349,0.7431400401702599,0,Instructed
558,158,0,0.9761436157746464,0.6639905777586852,0,Instructed
559,159,0,0.5202841069534121,0.5784171512695807,0,Instructed
560,160,0,0.49853744398449695,0.6405226516616976,0,Instructed
561,161,0,0.9989147927183107,0.4695893695960136,0,Instructed
562,162,0,0.8456229103042543,0.48829986748882404,0,Instructed
563,163,0,0.5208088443389414,0.6863892401319889,0,Instructed
564,164,0,0.9359944200947374,0.5551969513741846,0,Instructed
565,165,0,0.8907674290482146,0.7873836577094802,0,Instructed
566,166,0,0.5430422299660087,0.5383585496116339,0,Instructed
567,167,0,0.5061862813669685,0.44528136033421717,0,Instructed
568,168,0,0.40349071910564954,0.47571163680395673,0,Instructed
569,169,0,0.853855874492162,0.3579745247430814,0,Instructed
570,170,0,0.48402125934548235,0.4703276951512101,0,Instructed
571,171,0,0.8379986343861408,0.41309393909508374,0,Instructed
572,172,0,0.4888620918136941,0.40925861742646874,0,Instructed
573,173,0,0.5677215475219498,0.4165526948937526,0,Instructed
574,174,0,0.6394657429236821,0.5163223519591564,0,Instructed
575,175,0,0.44521485906100217,0.483457117721464,0,Instructed
576,176,0,0.09554334154794343,0.5597789422394561,0,Instructed
577,177,0,0.967097282140744,0.4780937354164776,0,Instructed
578,178,0,0.22359465478180102,0.4937824537294804,0,Instructed
579,179,0,0.07946294213090845,0.6114966356609071,0,Instructed
580,180,0,0.31846327323396695,0.4599629500059831,0,Instructed
581,181,0,0.36877229351502605,0.5213785196067962,0,Instructed
582,182,0,0.6325025471860473,0.41719281266911035,0,Instructed
583,183,0,0.7541360192241244,0.3376013945094464,0,Instructed
584,184,0,0.9414690606953436,0.5126131739205316,0,Instructed
585,185,0,0.8075950193120534,0.3605719993964305,0,Instructed
586,186,0,0.7462038580253223,0.37729769681064196,0,Instructed
587,187,0,0.5762772653550893,0.5673332325783877,0,Instructed
588,188,0,0.36551083152183006,0.45292351797016706,0,Instructed
589,189,0,0.5676855006696605,0.5468377832077058,0,Instructed
590,190,0,0.7055829176923423,0.46476771989822524,0,Instructed
591,191,0,0.1947647373148242,0.405055175521404,0,Instructed
592,192,0,0.4026625195589775,0.38220360777574536,0,Instructed
593,193,0,0.9928349523451041,0.4912256861696767,0,Instructed
594,194,0,0.5015449481652503,0.5229297979881974,0,Instructed
595,195,0,0.7072612158638464,0.6174368684429783,0,Instructed
596,196,0,0.3793230197599773,0.5212852098487274,0,Instructed
597,197,0,0.7064866645777741,0.5420568894251794,0,Instructed
598,198,0,0.17889178113152904,0.4794419462426702,0,Instructed
599,199,0,0.8678049840757629,0.6218682728086171,0,Instructed
600,0,0,0.43122613139429467,0.4397583608744411,1,Blocked
601,1,0,0.22931522072523663,0.8524903738422769,1,Blocked
602,2,0,0.6257716219942928,0.6790581479460456,1,Blocked
603,3,0,0.8974169329892336,0.533586222912608,1,Blocked
604,4,0,0.17673423347030004,0.5833332081969335,1,Blocked
605,5,0,0.5357858087976365,0.725910453055199,1,Blocked
606,6,0,0.5168114080715274,0.6834234132184065,1,Blocked
607,7,0,0.6901430362708663,0.7865266529046444,1,Blocked
608,8,0,0.7177293947209791,0.556550854234704,1,Blocked
609,9,0,0.45109153753551096,0.7431250284254978,1,Blocked
610,10,0,0.6344007844663524,0.41932648641577,1,Blocked
611,11,0,0.6599738871087404,0.6727655030261668,1,Blocked
612,12,0,0.44685789899799633,0.6014790126587297,1,Blocked
613,13,0,0.8913996414126674,0.37720896567860807,1,Blocked
614,14,0,0.798675384781004,0.5091007194399264,1,Blocked
615,15,0,0.39988013824667357,0.4762541547154924,1,Blocked
616,16,0,0.6674901712123,0.462020315116367,1,Blocked
617,17,0,0.9075546871483782,0.36428297641429735,1,Blocked
618,18,0,0.7242763195483302,0.3904322010969442,1,Blocked
619,19,0,0.5929114753217598,0.40776418494392563,1,Blocked
620,20,0,0.47509241924044,0.3697169336188223,1,Blocked
621,21,0,0.6427021294780457,0.614094918880655,1,Blocked
622,22,0,0.4836018969269503,0.6679178711050475,1,Blocked
623,23,0,0.9519633527377191,0.4408896509041069,1,Blocked
624,24,0,0.8339808057236202,0.573864256409467,1,Blocked
625,25,0,0.11455845950523424,0.5997479839591963,1,Blocked
626,26,0,0.4158798935192963,0.6608319492352175,1,Blocked
627,27,0,0.3542621299309972,0.6104540792403921,1,Blocked
628,28,0,0.3806755667083011,0.6675469606474947,1,Blocked
629,29,0,0.5306121435989593,0.9021458997461484,1,Blocked
630,30,0,0.8845027167947346,0.7368666543985887,1,Blocked
631,31,0,0.6193374841187361,0.5174888849615438,1,Blocked
632,32,0,0.7979605883984248,0.5141518082458474,1,Blocked
633,33,0,0.9776369832330022,0.500872559031857,1,Blocked
634,34,0,0.4423296786014102,0.5360160611225074,1,Blocked
635,35,0,0.5158309028896291,0.5275752568266971,1,Blocked
636,36,0,0.8610731156305582,0.5264218064411582,1,Blocked
637,37,0,0.28235333638197924,0.39894532075571887,1,Blocked
638,38,0,0.50357858171455,0.5350797553659663,1,Blocked
639,39,0,0.9786487168265113,0.32376818921800277,1,Blocked
640,40,0,0.46510428465070824,0.629812084546884,1,Blocked
641,41,0,0.04468145285587774,0.6055809479251406,1,Blocked
642,42,0,0.43676624319322926,0.6267399498267587,1,Blocked
643,43,0,0.5182394032694375,0.7935609960910806,1,Blocked
644,44,0,0.9392444691999913,0.6408562755199678,1,Blocked
645,45,0,0.6164878298523411,0.42282456703118,1,Blocked
646,46,0,0.4203304211520861,0.5844096775700403,1,Blocked
647,47,0,0.5066175486948945,0.44604112927356565,1,Blocked
648,48,0,0.7798113207603083,0.5884756684442299,1,Blocked
649,49,0,0.5714734673180972,0.48751700544720705,1,Blocked
650,50,0,0.5155022132088988,0.43506623170328085,1,Blocked
651,51,0,0.7521739050985918,0.653244756233122,1,Blocked
652,52,0,0.9166244631130178,0.5664408116458666,1,Blocked
653,53,0,0.3744901910920816,0.42493154602037575,1,Blocked
654,54,0,0.4545447838398343,0.9364041729753798,1,Blocked
655,55,0,0.9504043172449459,0.63650289752472,1,Blocked
656,56,0,0.9739831028311059,0.5403355926923653,1,Blocked
657,57,0,0.2079783269578629,0.6815734374753801,1,Blocked
658,58,0,0.6225630867224998,0.5639780732642519,1,Blocked
659,59,0,0.8738767481954948,0.7512615457819976,1,Blocked
660,60,0,0.15434023991064205,0.44526961966410233,1,Blocked
661,61,0,0.1361682497477305,0.6140874058566788,1,Blocked
662,62,0,0.5046529608352063,0.6286013568521728,1,Blocked
663,63,0,0.21649722823691808,0.5271937328914533,1,Blocked
664,64,0,0.8061003524902276,0.4091751129503055,1,Blocked
665,65,0,0.7377132595519218,0.4505025997904509,1,Blocked
666,66,0,0.9398315215828554,0.6750464548311483,1,Blocked
667,67,0,0.8268463705912982,0.6264868915982915,1,Blocked
668,68,0,0.9028430742506315,0.47341970740155315,1,Blocked
669,69,0,0.99450919437561,0.6630639279004447,1,Blocked
670,70,0,0.8759393117512253,0.622292617965655,1,Blocked
671,71,0,0.33860801201434154,0.6677862993184622,1,Blocked
672,72,0,0.37309088902606863,0.44777552487409966,1,Blocked
673,73,0,0.8037057962078591,0.4990819561587658,1,Blocked
674,74,0,0.13494549195308345,0.8219386863867508,1,Blocked
675,75,0,0.6353320031276385,0.5864671056888373,1,Blocked
676,76,0,0.8315889107308004,0.43827643813509765,1,Blocked
677,77,0,0.41802011403995754,0.5373306401065461,1,Blocked
678,78,0,0.35297689553517664,0.562735173578514,1,Blocked
679,79,0,0.6265642934028135,0.5922242214302129,1,Blocked
680,80,0,0.14354859576036094,0.5821749459809107,1,Blocked
681,81,0,0.49523216782776125,0.6046243722243961,1,Blocked
682,82,0,0.6383904209686323,0.5493152712587271,1,Blocked
683,83,0,0.36865952611970454,0.720694122947257,1,Blocked
684,84,0,0.9302334334500764,0.3582140708790905,1,Blocked
685,85,0,0.6691394839527676,0.4796884664044193,1,Blocked
686,86,0,0.43145678631798523,0.5332260473301346,1,Blocked
687,87,0,0.8749416546773159,0.504338372501261,1,Blocked
688,88,0,0.08427380757104275,0.5499766289532138,1,Blocked
689,89,0,0.6956101157168086,0.6972908846775824,1,Blocked
690,90,0,0.4371372919273298,0.7528559340924824,1,Blocked
691,91,0,0.2770340554386987,0.4645231281308213,1,Blocked
692,92,0,0.3676927898846323,0.588145393855932,1,Blocked
693,93,0,0.4999093915213703,0.5297263241458781,1,Blocked
694,94,0,0.7625317377732843,0.49825327341726333,1,Blocked
695,95,0,0.3029547768463341,0.4729746634905997,1,Blocked
696,96,0,0.6089226448560575,0.5145693780416776,1,Blocked
697,97,0,0.706000726434385,0.5098204995999385,1,Blocked
698,98,0,0.20943387932224475,0.5665954523291624,1,Blocked
699,99,0,0.6611992830836794,0.6370711213696829,1,Blocked
700,100,0,0.4966656149537892,0.5578383774345061,1,Blocked
701,101,0,0.4885982623086222,0.7058538623138075,1,Blocked
702,102,0,0.48008707149737084,0.4446695836092174,1,Blocked
703,103,0,0.8794159641323551,0.581388599929999,1,Blocked
704,104,0,0.8412182461707636,0.5272215634922631,1,Blocked
705,105,0,0.7219028084929859,0.5180906214077259,1,Blocked
706,106,0,0.610240989496262,0.450979952122598,1,Blocked
707,107,0,0.5116022767395714,1.5774682876584598,1,Blocked
708,108,0,0.5558822435516282,0.5244189305457675,1,Blocked
709,109,0,0.5145943674252115,0.48386073540285285,1,Blocked
710,110,0,0.37905414627605394,0.5809649643841026,1,Blocked
711,111,0,0.710745658787423,0.4153138587105218,1,Blocked
712,112,0,0.3405721027866233,0.6008783200264122,1,Blocked
713,113,0,0.17975119381614896,0.604794369070228,1,Blocked
714,114,0,0.15232562114706638,0.6101318156912184,1,Blocked
715,115,0,0.6698734184984223,0.6079727898123102,1,Blocked
716,116,0,0.36726525220430506,0.5809999961990515,1,Blocked
717,117,0,0.3693240719439999,0.6109464379440935,1,Blocked
718,118,0,0.17891404181159812,0.7005054216596334,1,Blocked
719,119,0,0.6849964301543586,0.6001728787161038,1,Blocked
720,120,0,0.17372962202672945,0.7192500892861889,1,Blocked
721,121,0,0.9043257078602653,0.5581043446565719,1,Blocked
722,122,0,0.036845914312834724,0.6204814980542006,1,Blocked
723,123,0,0.2888729888795683,0.4093459501529746,1,Blocked
724,124,0,0.7961185306454182,0.5656531261453412,1,Blocked
725,125,0,0.8214532105386771,0.3989555668273449,1,Blocked
726,126,0,0.33974543897627835,0.5126106639079191,1,Blocked
727,127,0,0.4768867896446376,0.5479334023491726,1,Blocked
728,128,0,0.7109326288914248,0.33727340322737664,1,Blocked
729,129,0,0.329200416463868,0.5000170934726924,1,Blocked
730,130,0,0.5039783774187916,0.49530901504669894,1,Blocked
731,131,0,0.337827262003701,0.45489337809132036,1,Blocked
732,132,0,0.8619511615980422,0.5438470784752343,1,Blocked
733,133,0,0.3205795318906412,0.493684436886797,1,Blocked
734,134,0,0.3812409637218956,0.6170323833791326,1,Blocked
735,135,0,0.5417169868757149,0.5676891474561541,1,Blocked
736,136,0,0.9520972571771784,0.5523236024366158,1,Blocked
737,137,0,0.7306515547179584,0.7518801526939742,1,Blocked
738,138,0,0.3371206474809354,0.4841620839783939,1,Blocked
739,139,0,0.6370841540937877,0.6681062643425913,1,Blocked
740,140,0,0.7317748917551403,0.6540483798412617,1,Blocked
741,141,0,0.9267919908438406,0.5080029031301418,1,Blocked
742,142,0,0.997287429099387,0.5162197033280868,1,Blocked
743,143,0,0.9658631765837555,0.42437023056547685,1,Blocked
744,144,0,0.3675965651040037,0.631901336026149,1,Blocked
745,145,0,0.4440432335098306,0.4052146565667447,1,Blocked
746,146,0,0.16129151976411785,0.6041194489480372,1,Blocked
747,147,0,0.7684029980606666,0.4517166819782479,1,Blocked
748,148,0,0.35484204075054676,0.6103776779385444,1,Blocked
749,149,0,0.5419640929155016,0.7416275415911491,1,Blocked
750,150,0,0.4718162786193782,0.637423241932647,1,Blocked
751,151,0,0.7748209150360639,0.45629620758355427,1,Blocked
752,152,0,0.89249939128068,0.5380713702315574,1,Blocked
753,153,0,0.24230482102019452,0.5372746107915027,1,Blocked
754,154,0,0.6986100739481722,0.6180196059383745,1,Blocked
755,155,0,0.7398866576194503,0.48494285940769577,1,Blocked
756,156,0,0.17580866253033195,0.5760590633603768,1,Blocked
757,157,0,0.060807524730042216,0.6647496984428231,1,Blocked
758,158,0,0.5166063194813095,0.4618056656316132,1,Blocked
759,159,0,0.7642046756345342,0.4143255055455397,1,Blocked
760,160,0,0.34689616341707724,0.49116971216579186,1,Blocked
761,161,0,0.3925960494198323,0.4747378113602026,1,Blocked
762,162,0,0.47896302797165224,0.4338552589189908,1,Blocked
763,163,0,0.6602542050638546,0.5086120645270782,1,Blocked
764,164,0,0.6665085157807138,0.4268287696118722,1,Blocked
765,165,0,0.03246315637714313,0.68714512132829,1,Blocked
766,166,0,0.58285162739111,0.4291718093431143,1,Blocked
767,167,0,0.4763690842682279,0.7708269315329584,1,Blocked
768,168,0,0.747205898487159,0.766486523729246,1,Blocked
769,169,0,0.5509172576891836,0.5015548187599256,1,Blocked
770,170,0,0.4727475901107167,0.5846307425538475,1,Blocked
771,171,0,0.3453028349540126,0.5128495818139897,1,Blocked
772,172,0,0.47915663801793945,0.4736952205037005,1,Blocked
773,173,0,0.9484547820207616,0.5391662431751868,1,Blocked
774,174,0,0.34992601699141973,0.5672584116357979,1,Blocked
775,175,0,0.44010592351747424,0.588637344816674,1,Blocked
776,176,0,0.05778144790702251,0.5567789506244651,1,Blocked
777,177,0,0.4180510653408503,0.5498856338852693,1,Blocked
778,178,0,0.30017565081994274,0.45894408859735725,1,Blocked
779,179,0,0.5267489600724771,0.5404251549905981,1,Blocked
780,180,0,0.5332499807422103,0.3902045296527148,1,Blocked
781,181,0,0.25208598376814734,0.6437729037720366,1,Blocked
782,182,0,0.5411196136866461,0.4659257575372495,1,Blocked
783,183,0,0.34424578431015995,0.6249329123912314,1,Blocked
784,184,0,0.3165353666766237,0.6425251295612703,1,Blocked
785,185,0,0.6249366920340176,0.7368328128837741,1,Blocked
786,186,0,0.8182885398719334,0.46649245948427587,1,Blocked
787,187,0,0.45240323141678074,0.5220082355498178,1,Blocked
788,188,0,0.46179663260568726,0.6746057779422965,1,Blocked
789,189,0,0.6167875064267216,0.4441749352620251,1,Blocked
790,190,0,0.3687208276661194,0.708030763352146,1,Blocked
791,191,0,0.46636922829729777,0.3658126563902593,1,Blocked
792,192,0,0.5348870708486806,0.5761883237861203,1,Blocked
793,193,0,0.7742169297507541,0.4828912056152834,1,Blocked
794,194,0,0.5399643670096588,0.379886740722407,1,Blocked
795,195,0,0.5543226478416312,0.7235627527871855,1,Blocked
796,196,0,0.8281926861023186,0.5695086789354018,1,Blocked
797,197,0,0.5384768447072636,0.6513724706254281,1,Blocked
798,198,0,0.009486190868516887,0.7425946443674949,1,Blocked
799,199,0,0.47716480369524505,0.6068770546418533,1,Blocked
800,0,0,0.7621788733059982,0.5371251511348396,1,Interleaved
801,1,0,0.49854430563741764,1.0432189343383766,1,Interleaved
802,2,0,0.7324389654546442,0.7076947780680775,1,Interleaved
803,3,0,0.6687537022056413,0.5235680236848359,1,Interleaved
804,4,0,0.9976051251126485,0.3247938465040122,1,Interleaved
805,5,0,0.49932724623458796,0.5539316710106768,1,Interleaved
806,6,0,0.011412667954178729,0.751586342228174,1,Interleaved
807,7,0,0.8148231147322655,0.7664723238992717,1,Interleaved
808,8,0,0.578295630322412,0.5412984222055084,1,Interleaved
809,9,0,0.38212530486986807,0.42512453635654024,1,Interleaved
810,10,0,0.253771301288644,0.7075537153788787,1,Interleaved
811,11,0,0.11718651681102815,0.6816195165542872,1,Interleaved
812,12,0,0.7196116758460145,0.779083321153087,1,Interleaved
813,13,0,0.636489458808233,0.5039261301957276,1,Interleaved
814,14,0,0.47826269986837744,0.5649719920211131,1,Interleaved
815,15,0,0.4812764904395851,0.7160209018832685,1,Interleaved
816,16,0,0.7584558719200761,0.4743760325230537,1,Interleaved
817,17,0,0.7842504744115377,0.5879145692963649,1,Interleaved
818,18,0,0.7638890447369495,0.5660329404589313,1,Interleaved
819,19,0,0.5126927872139874,0.4330635754904586,1,Interleaved
820,20,0,0.1125596943737362,0.5522914685848781,1,Interleaved
821,21,0,0.5193128080803571,0.43540007563796723,1,Interleaved
822,22,0,0.5475399515754735,0.6487712334841038,1,Interleaved
823,23,0,0.5085998517164968,0.6175914225450234,1,Interleaved
824,24,0,0.30137888661744916,0.5622730897193117,1,Interleaved
825,25,0,0.6263421170941479,0.5739932247492103,1,Interleaved
826,26,0,0.3140504375651347,0.4712420538643618,1,Interleaved
827,27,0,0.41133966380478176,0.5723134746444103,1,Interleaved
828,28,0,0.5902906361487132,0.5371200523946978,1,Interleaved
829,29,0,0.38053845842059597,0.5860647591627557,1,Interleaved
830,30,0,0.4843981542602407,0.7407142975994916,1,Interleaved
831,31,0,0.37625540943678654,0.6311524792445956,1,Interleaved
832,32,0,0.6923216598052504,0.3837402224697146,1,Interleaved
833,33,0,0.8847115910578096,0.560230743532355,1,Interleaved
834,34,0,0.6204014188473373,0.5116689792032169,1,Interleaved
835,35,0,0.6631751526617005,0.5126595110913148,1,Interleaved
836,36,0,0.8595297451743151,0.5000556814716338,1,Interleaved
837,37,0,0.7108452671953225,0.5918075958738473,1,Interleaved
838,38,0,0.4567734247019054,0.6169203166970898,1,Interleaved
839,39,0,0.8630859804457103,0.6944589168940851,1,Interleaved
840,40,0,0.10298381889002187,0.7337480765556195,1,Interleaved
841,41,0,0.7377750843501493,0.48534762314615554,1,Interleaved
842,42,0,0.8224955466978001,0.5402750748338325,1,Interleaved
843,43,0,0.5300472310267781,0.6131440068288128,1,Interleaved
844,44,0,0.7150622612640809,0.7737643768396087,1,Interleaved
845,45,0,0.5275057251898048,0.786332397297802,1,Interleaved
846,46,0,0.9488269880442917,0.37662797918020263,1,Interleaved
847,47,0,0.34548428587406327,0.6771790467808914,1,Interleaved
848,48,0,0.10347808352421162,0.6483658412852866,1,Interleaved
849,49,0,0.4568476832942452,0.645945825924831,1,Interleaved
850,50,0,0.3672825079845887,0.7569584413896455,1,Interleaved
851,51,0,0.7072902388539144,0.5272067144151381,1,Interleaved
852,52,0,0.2845778546870056,1.1616295515460098,1,Interleaved
853,53,0,0.26893252515860255,0.9473201290377626,1,Interleaved
854,54,0,0.9565007114702867,0.5665150714771543,1,Interleaved
855,55,0,0.4382384887314821,0.8477469163143803,1,Interleaved
856,56,0,0.19843891915129913,0.5988401609993801,1,Interleaved
857,57,0,0.8036127636922751,0.4584118858790127,1,Interleaved
858,58,0,0.07515061463964522,0.8731862640152304,1,Interleaved
859,59,0,0.434716803844777,0.5928487177530095,1,Interleaved
860,60,0,0.8368912623742966,0.5943150594935227,1,Interleaved
861,61,0,0.9459899488577902,0.526161386453387,1,Interleaved
862,62,0,0.5036571549963696,0.9538807365696474,1,Interleaved
863,63,0,0.6775885398781929,0.5767735506491618,1,Interleaved
864,64,0,0.9009961182734016,0.4342493797601561,1,Interleaved
865,65,0,0.5180180854560402,0.7612118325940846,1,Interleaved
866,66,0,0.5736485776602461,0.5508637916228157,1,Interleaved
867,67,0,0.6549540485972892,0.6256217026354215,1,Interleaved
868,68,0,0.8180756301220602,0.7560711353652582,1,Interleaved
869,69,0,0.4655066748405055,0.7460561990866683,1,Interleaved
870,70,0,0.14267362154888846,0.5793897573829783,1,Interleaved
871,71,0,0.30343558000346355,0.5812830544368138,1,Interleaved
872,72,0,0.15031100634937478,0.5414045108741541,1,Interleaved
873,73,0,0.5317892862138568,0.8782678854954389,1,Interleaved
874,74,0,0.7057869399904154,0.6900557348353926,1,Interleaved
875,75,0,0.47007629620645663,0.5888263730496947,1,Interleaved
876,76,0,0.7098222172980527,0.47817763734353963,1,Interleaved
877,77,0,0.09377419338404366,0.627669862857247,1,Interleaved
878,78,0,0.23306860276449282,0.5031926618633876,1,Interleaved
879,79,0,0.7826594979572079,0.5276681412525894,1,Interleaved
880,80,0,0.30036655952942765,0.5761416873355738,1,Interleaved
881,81,0,0.2167504477726539,0.6763554400462267,1,Interleaved
882,82,0,0.2646171291915187,0.6129560041091682,1,Interleaved
883,83,0,0.616690886774824,0.5694475971514098,1,Interleaved
884,84,0,0.5485949190736188,0.41151254251346947,1,Interleaved
885,85,0,0.5641722774780741,0.6666738849993104,1,Interleaved
886,86,0,0.8906197356143954,0.6553290111931651,1,Interleaved
887,87,0,0.38390368902445166,0.47853433207368945,1,Interleaved
888,88,0,0.35517547022120755,0.7400855688083886,1,Interleaved
889,89,0,0.9839431720741487,0.5330612523833376,1,Interleaved
890,90,0,0.8625924779363395,0.5165856476756847,1,Interleaved
891,91,0,0.14684080186295975,0.6299373089007285,1,Interleaved
892,92,0,0.5656856751544288,0.5104675273809549,1,Interleaved
893,93,0,0.8267480113008571,0.622162057511789,1,Interleaved
894,94,0,0.520939129493247,0.5227768072255488,1,Interleaved
895,95,0,0.5982912185425713,0.6357706783733126,1,Interleaved
896,96,0,0.8509742708643953,0.43922876335507033,1,Interleaved
897,97,0,0.9502686499275639,0.6908081931493282,1,Interleaved
898,98,0,0.5251794782272162,0.7784094055075517,1,Interleaved
899,99,0,0.38527731350211425,0.6713716788870838,1,Interleaved
900,100,0,0.6251510092775006,0.7958609136223647,1,Interleaved
901,101,0,0.3157003217944518,0.5853316187091187,1,Interleaved
902,102,0,0.25234130538063776,0.493985159661141,1,Interleaved
903,103,0,0.5381998862881174,0.6028907783468425,1,Interleaved
904,104,0,0.5135936021154336,0.5837151825410354,1,Interleaved
905,105,0,0.8079029256162306,0.473671527900056,1,Interleaved
906,106,0,0.9289139077947663,0.5382343736643107,1,Interleaved
907,107,0,0.38070264961746425,0.7110174868243233,1,Interleaved
908,108,0,0.7566784867049654,0.6065577349155258,1,Interleaved
909,109,0,0.29097745891653604,0.8624526842447982,1,Interleaved
910,110,0,0.9166462622762062,0.49496752792348364,1,Interleaved
911,111,0,0.9323686151761617,0.5335182127606617,1,Interleaved
912,112,0,0.4969987134157496,0.6195806358881232,1,Interleaved
913,113,0,0.6961255219122993,0.5387328963612246,1,Interleaved
914,114,0,0.4372045893230994,0.5917761505160243,1,Interleaved
915,115,0,0.8252345854101333,0.42201287769153883,1,Interleaved
916,116,0,0.8845696675040424,0.5081471950585885,1,Interleaved
917,117,0,0.4262479744859484,0.5447311007907538,1,Interleaved
918,118,0,0.9544312210070118,0.4980600967195856,1,Interleaved
919,119,0,0.568942183655324,0.7317797921840377,1,Interleaved
920,120,0,0.036993975357808705,0.8802998001141176,1,Interleaved
921,121,0,0.390751156154182,0.7325480182977835,1,Interleaved
922,122,0,0.4865585471059905,0.6942483668217401,1,Interleaved
923,123,0,0.47883766995215493,0.567747940522257,1,Interleaved
924,124,0,0.04770932730036487,0.7901100839505415,1,Interleaved
925,125,0,0.8651042146457515,0.4287755864543575,1,Interleaved
926,126,0,0.9070681954599097,0.5436636365440587,1,Interleaved
927,127,0,0.31083424347601374,0.6162222903919583,1,Interleaved
928,128,0,0.8764588611857513,0.486410032215184,1,Interleaved
929,129,0,0.7466006486293555,0.4847144278872553,1,Interleaved
930,130,0,0.49135426997953086,0.49727491055924367,1,Interleaved
931,131,0,0.8361235404614551,0.6003341678234584,1,Interleaved
932,132,0,0.7200871034842213,0.6092573057021096,1,Interleaved
933,133,0,0.48059989045952867,0.47012882080050344,1,Interleaved
934,134,0,0.6065398417020508,0.5574570477104019,1,Interleaved
935,135,0,0.7047166625990503,0.46349279375099756,1,Interleaved
936,136,0,0.1964131296500601,0.7342277967174113,1,Interleaved
937,137,0,0.44237773171343997,0.41586295814274643,1,Interleaved
938,138,0,0.2788589459621999,0.5594770987126118,1,Interleaved
939,139,0,0.8554416864953217,0.6775366237536291,1,Interleaved
940,140,0,0.7711417725668911,0.490908500366248,1,Interleaved
941,141,0,0.4223423867607322,0.6168346358042011,1,Interleaved
942,142,0,0.783080364136055,0.494780638035589,1,Interleaved
943,143,0,0.47500831033969426,0.6798078052486364,1,Interleaved
944,144,0,0.6263041852908666,0.5681756782491695,1,Interleaved
945,145,0,0.7427635383640049,0.5993394980698019,1,Interleaved
946,146,0,0.5883233929423503,0.578065121920126,1,Interleaved
947,147,0,0.6051420783782618,0.5110028998103885,1,Interleaved
948,148,0,0.7979476468436493,0.45103483138509837,1,Interleaved
949,149,0,0.8751223977418546,0.4298943154137065,1,Interleaved
950,150,0,0.48042171926689586,0.5467933901167251,1,Interleaved
951,151,0,0.8203202265052751,0.5105697831944891,1,Interleaved
952,152,0,0.8300735634923373,0.5684669822201962,1,Interleaved
953,153,0,0.10885041753803523,0.7456132322901496,1,Interleaved
954,154,0,0.8420582980639493,0.6997162474731269,1,Interleaved
955,155,0,0.5026780769601482,0.6399675311452372,1,Interleaved
956,156,0,0.4276189620996951,0.5552017465568007,1,Interleaved
957,157,0,0.5521290979018112,0.5639474014026418,1,Interleaved
958,158,0,0.7623537037349168,0.6675228287917663,1,Interleaved
959,159,0,0.7844357481992517,0.5378775060487999,1,Interleaved
960,160,0,0.582294073257315,0.5632666777921479,1,Interleaved
961,161,0,0.2947677005309125,0.5333805823997537,1,Interleaved
962,162,0,0.19121915588764035,0.7623137754578451,1,Interleaved
963,163,0,0.88176546695045,0.7622538636228551,1,Interleaved
964,164,0,0.47517494335917626,0.5994025037498305,1,Interleaved
965,165,0,0.5448588821507471,0.592786183166709,1,Interleaved
966,166,0,0.32889754850860164,0.7811107786745035,1,Interleaved
967,167,0,0.5053604287606883,0.6704649842659718,1,Interleaved
968,168,0,0.8030936929688899,0.4973668389338107,1,Interleaved
969,169,0,0.3876299067328114,0.5727156111062672,1,Interleaved
970,170,0,0.5842603694280951,0.6396698632215758,1,Interleaved
971,171,0,0.4052607200242661,0.4924792782642399,1,Interleaved
972,172,0,0.6587193154573459,0.4606073493836715,1,Interleaved
973,173,0,0.58893749715289,0.735861295134024,1,Interleaved
974,174,0,0.41691387603260727,0.5977641640680125,1,Interleaved
975,175,0,0.2851244340129567,0.645095135940079,1,Interleaved
976,176,0,0.4554313224509532,0.607369541156198,1,Interleaved
977,177,0,0.5379216573570691,0.47093627464784327,1,Interleaved
978,178,0,0.57758833930951,0.45820518069217575,1,Interleaved
979,179,0,0.8236890737066999,0.4617009002601402,1,Interleaved
980,180,0,0.42371118722782164,0.6092889378448736,1,Interleaved
981,181,0,0.47075408817266023,0.4597497498018232,1,Interleaved
982,182,0,0.314786183034965,0.6283721248342061,1,Interleaved
983,183,0,0.6150503572470012,0.5396629843892161,1,Interleaved
984,184,0,0.7983071482086948,0.6613701113308061,1,Interleaved
985,185,0,0.5330981818253068,0.5642983133907722,1,Interleaved
986,186,0,0.5597665510778638,0.5548252895083001,1,Interleaved
987,187,0,0.4826175752637645,0.48482202755676307,1,Interleaved
988,188,0,0.5558760203931374,0.6501377344150725,1,Interleaved
989,189,0,0.8262270589805423,0.48468482802459123,1,Interleaved
990,190,0,0.5465535395484162,0.6427559342654837,1,Interleaved
991,191,0,0.647926278320774,0.49478813382615505,1,Interleaved
992,192,0,0.39751886167780937,0.7002261037430739,1,Interleaved
993,193,0,0.8321075032513876,0.6577957341943226,1,Interleaved
994,194,0,0.6712841909269571,0.6363366250616684,1,Interleaved
995,195,0,0.29326657596300193,0.6099090810000802,1,Interleaved
996,196,0,0.20465941606456955,0.6155058183800282,1,Interleaved
997,197,0,0.7344334589842916,0.3916460389723858,1,Interleaved
998,198,0,0.5621543992029675,0.6023643228460419,1,Interleaved
999,199,0,0.4613967688349254,0.5070770617788817,1,Interleaved
1000,0,0,0.4977265923730332,0.4937629392534234,1,Instructed
1001,1,0,0.013344895584369342,0.6719367916452159,1,Instructed
1002,2,0,0.3497479030607492,0.6408503005711784,1,Instructed
1003,3,0,0.7898382976791609,0.51848021233032,1,Instructed
1004,4,0,0.25377684758430774,0.5929765284187952,1,Instructed
1005,5,0,0.35488832007472415,0.47140872169561077,1,Instructed
1006,6,0,0.44112984924076887,0.9530862007041999,1,Instructed
1007,7,0,0.6590541319167356,0.6782672099594345,1,Instructed
1008,8,0,0.23628544954440206,0.6782852463236849,1,Instructed
1009,9,0,0.9768429294560144,0.3804429195451412,1,Instructed
1010,10,0,0.4612927458615015,0.4965092498812623,1,Instructed
1011,11,0,0.47725613231218234,0.37308825999318385,1,Instructed
1012,12,0,0.6930165855835515,0.4481368045640102,1,Instructed
1013,13,0,0.1847972383610646,0.6031565301035575,1,Instructed
1014,14,0,0.289961818942002,0.7222344182600648,1,Instructed
1015,15,0,0.9624645138794274,0.4931805549561669,1,Instructed
1016,16,0,0.6723020745394268,0.509589842539591,1,Instructed
1017,17,0,0.010454651000611307,0.9505362114429196,1,Instructed
1018,18,0,0.4937747997165194,0.3569551931340028,1,Instructed
1019,19,0,0.9879159092295344,0.7428208392616696,1,Instructed
1020,20,0,0.15003923195256608,0.5269678689598134,1,Instructed
1021,21,0,0.17466675179526472,0.5331547725168772,1,Instructed
1022,22,0,0.5941228534608439,0.553178292198526,1,Instructed
1023,23,0,0.08827168746393628,0.47905910654409894,1,Instructed
1024,24,0,0.784089590111336,0.5101073716042508,1,Instructed
1025,25,0,0.1014999068702394,0.4653438858775355,1,Instructed
1026,26,0,0.07105804993415146,0.6891913659845088,1,Instructed
1027,27,0,0.8654959019976682,0.55033537743999,1,Instructed
1028,28,0,0.8005896574994337,0.43554875020928974,1,Instructed
1029,29,0,0.6518113420796983,0.41101014286592147,1,Instructed
1030,30,0,0.8379659388325476,0.44019707825144117,1,Instructed
1031,31,0,0.7355858271727329,0.597931055968306,1,Instructed
1032,32,0,0.560823653414718,0.6785846936344906,1,Instructed
1033,33,0,0.779642783322378,0.6381133203866718,1,Instructed
1034,34,0,0.967826222727526,0.5248662470784551,1,Instructed
1035,35,0,0.9734947602436128,0.6771083236828044,1,Instructed
1036,36,0,0.6669808525274723,0.6492303929013985,1,Instructed
1037,37,0,0.5103055203572563,0.7107658801939473,1,Instructed
1038,38,0,0.9097581267869272,0.5262886221517142,1,Instructed
1039,39,0,0.30803936412680966,0.49883827374053025,1,Instructed
1040,40,0,0.45193411340865114,0.4546187886970795,1,Instructed
1041,41,0,0.5694771830204358,0.2814620714527815,1,Instructed
1042,42,0,0.8066963631347515,0.5447845720219264,1,Instructed
1043,43,0,0.45286577230694414,0.7581207380328094,1,Instructed
1044,44,0,0.6544609569668636,0.5354415757270916,1,Instructed
1045,45,0,0.34295906610352245,0.637431254276424,1,Instructed
1046,46,0,0.4809018529941715,0.6774551759122152,1,Instructed
1047,47,0,0.00459809564149081,0.7786269518402147,1,Instructed
1048,48,0,0.2556286061661399,0.6078559001809718,1,Instructed
1049,49,0,0.004397341879832558,0.7001179044897381,1,Instructed
1050,50,0,0.4012747248281632,0.42128555229484,1,Instructed
1051,51,0,0.21807969810375527,0.5426583563849116,1,Instructed
1052,52,0,0.45644481932298253,0.42399454345131354,1,Instructed
1053,53,0,0.8304861608730894,0.49392108843861593,1,Instructed
1054,54,0,0.7318774893597558,0.42306261773767256,1,Instructed
1055,55,0,0.07062510489689862,0.6786903548896241,1,Instructed
1056,56,0,0.4698667123016118,0.578805817244721,1,Instructed
1057,57,0,0.1661832725028821,0.6528288849059372,1,Instructed
1058,58,0,0.4732079701871475,0.5988449493375911,1,Instructed
1059,59,0,0.3202221548413824,0.46897172897938444,1,Instructed
1060,60,0,0.5880776952416885,0.4315664981125217,1,Instructed
1061,61,0,0.07646068854936092,0.649279715146566,1,Instructed
1062,62,0,0.19956032608433447,0.7886705942563861,1,Instructed
1063,63,0,0.04979823375921583,0.7119539163883745,1,Instructed
1064,64,0,0.6911528313587089,0.5614370385985985,1,Instructed
1065,65,0,0.20291996271030285,0.7319162764805264,1,Instructed
1066,66,0,0.47812254758974676,0.4704780651799185,1,Instructed
1067,67,0,0.9221246002362333,0.5040883777897709,1,Instructed
1068,68,0,0.45990251087381506,0.5426644068943696,1,Instructed
1069,69,0,0.24021300563486653,0.634284445628502,1,Instructed
1070,70,0,0.5021573293284707,0.4778247536368505,1,Instructed
1071,71,0,0.30011580633017426,0.5074401574948867,1,Instructed
1072,72,0,0.4585055393168207,0.466686047248504,1,Instructed
1073,73,0,0.47070101966246725,0.4939698494271719,1,Instructed
1074,74,0,0.7404246310107946,0.4598202327922531,1,Instructed
1075,75,0,0.8992423997252366,0.37737096336102016,1,Instructed
1076,76,0,0.7115536410037255,0.4231871547048794,1,Instructed
1077,77,0,0.07721745167141562,0.5978908921255968,1,Instructed
1078,78,0,0.6470688699955172,0.35837224218419594,1,Instructed
1079,79,0,0.1384773814720074,0.644162336162459,1,Instructed
1080,80,0,0.5361910080309467,0.5113783004013779,1,Instructed
1081,81,0,0.005363334126682745,0.9097293974710353,1,Instructed
1082,82,0,0.22645791537542112,0.5125348878700162,1,Instructed
1083,83,0,0.9303087287041452,0.45261531605427585,1,Instructed
1084,84,0,0.811268793816186,0.4963940140108254,1,Instructed
1085,85,0,0.32290303258143965,0.39461033123621914,1,Instructed
1086,86,0,0.46547530991355596,0.5669524270598948,1,Instructed
1087,87,0,0.6914215265983334,0.4544580164079385,1,Instructed
1088,88,0,0.6394807732875527,0.42580707916094973,1,Instructed
1089,89,0,0.49761776366957955,0.4801957431475872,1,Instructed
1090,90,0,0.51670882359086,0.3319232237459292,1,Instructed
1091,91,0,0.38896682287452633,0.7358323816053344,1,Instructed
1092,92,0,0.46876010302418025,0.4671447218722875,1,Instructed
1093,93,0,0.9999824968734516,0.700188659057376,1,Instructed
1094,94,0,0.4153923413607714,0.5618254733247072,1,Instructed
1095,95,0,0.0010620793480166121,1.0274331016682063,1,Instructed
1096,96,0,0.4909622457727015,0.4154525214589709,1,Instructed
1097,97,0,0.3648943612543892,0.828089393523259,1,Instructed
1098,98,0,0.4863869142224507,0.5338518888889638,1,Instructed
1099,99,0,0.9810230498618995,0.5113921503414183,1,Instructed
1100,100,0,0.8830120345237381,0.44959514802650546,1,Instructed
1101,101,0,0.5672240747801407,0.5273828431652603,1,Instructed
1102,102,0,0.9072477005972637,0.9186817488012204,1,Instructed
1103,103,0,0.001231418671921005,0.5960766506700814,1,Instructed
1104,104,0,0.721618563487836,0.4845439857617502,1,Instructed
1105,105,0,0.19812230226138072,0.5821983518730187,1,Instructed
1106,106,0,0.5512630880537587,0.47308004360354633,1,Instructed
1107,107,0,0.9049838531397945,0.4321508162954073,1,Instructed
1108,108,0,0.653997956153805,0.4401313892981321,1,Instructed
1109,109,0,0.6670350499864679,0.47721294314068535,1,Instructed
1110,110,0,0.4755120559973588,0.5056467719177237,1,Instructed
1111,111,0,0.4565549056933233,0.5669765707987713,1,Instructed
1112,112,0,0.21981358380587102,0.4774076643183999,1,Instructed
1113,113,0,0.8146093780876982,0.5263427310865223,1,Instructed
1114,114,0,0.2145633701798339,0.3716729889249276,1,Instructed
1115,115,0,0.8424293529142561,0.31794762315277497,1,Instructed
1116,116,0,0.5763084349783898,0.3388611547553273,1,Instructed
1117,117,0,0.37525042296016714,0.4801173586048445,1,Instructed
1118,118,0,0.7126889800420222,0.5060004950379773,1,Instructed
1119,119,0,0.8881716581595793,0.5018888560469492,1,Instructed
1120,120,0,0.5797191692498047,0.43825338896450494,1,Instructed
1121,121,0,0.5386268464017666,0.5160508664360013,1,Instructed
1122,122,0,0.46717724151866313,0.38753504798116434,1,Instructed
1123,123,0,0.7416235783675817,0.5333500549597958,1,Instructed
1124,124,0,0.4387033437030622,0.6519040858654526,1,Instructed
1125,125,0,0.9442127361364536,0.48303005420872114,1,Instructed
1126,126,0,0.3839831400911774,0.6392293019829334,1,Instructed
1127,127,0,0.9228011634462134,0.5759039071940375,1,Instructed
1128,128,0,0.7441039411419443,0.37731660175720894,1,Instructed
1129,129,0,0.5760474614052233,0.5412764699850611,1,Instructed
1130,130,0,0.4631612465679929,0.6142272881306357,1,Instructed
1131,131,0,0.2209435904399227,0.6132860089818437,1,Instructed
1132,132,0,0.639005086160084,0.5835692065217583,1,Instructed
1133,133,0,0.895512832680714,0.3846505030472943,1,Instructed
1134,134,0,0.9489747108969482,0.5633804068441558,1,Instructed
1135,135,0,0.35049425155205,0.4879654139229611,1,Instructed
1136,136,0,0.7933020167940521,0.4103016992593064,1,Instructed
1137,137,0,0.22933500542775728,0.7205584752965712,1,Instructed
1138,138,0,0.8265882662061537,0.5311281758517112,1,Instructed
1139,139,0,0.732691788627564,0.5513638375858301,1,Instructed
1140,140,0,0.47900492884595436,0.6942847321021562,1,Instructed
1141,141,0,0.8724102140546366,0.5246675576644668,1,Instructed
1142,142,0,0.48572553634545207,0.6511885252273322,1,Instructed
1143,143,0,0.9284258413860442,0.5624210119823397,1,Instructed
1144,144,0,0.28365326840364957,0.5605233810888629,1,Instructed
1145,145,0,0.23850127473231642,0.6079933710641834,1,Instructed
1146,146,0,0.6115123663222095,0.6524886264773936,1,Instructed
1147,147,0,0.748759515661011,0.6755505510740019,1,Instructed
1148,148,0,0.3510933952008683,0.5203185776354222,1,Instructed
1149,149,0,0.2857339141076216,0.5321806482844675,1,Instructed
1150,150,0,0.43409549457326513,0.6176893935016337,1,Instructed
1151,151,0,0.6667299994183327,0.4995339722512734,1,Instructed
1152,152,0,0.37879163321687237,0.48741811198005935,1,Instructed
1153,153,0,0.6486926651729317,0.46066194534567934,1,Instructed
1154,154,0,0.4213256727236234,0.37866783147502703,1,Instructed
1155,155,0,0.43038712479970276,0.5777559279897901,1,Instructed
1156,156,0,0.5007320181722236,0.3406522228742263,1,Instructed
1157,157,0,0.1076848106101691,0.5803528350192111,1,Instructed
1158,158,0,0.5855830330664562,0.5183862602445424,1,Instructed
1159,159,0,0.8927720719968592,0.3855185842167167,1,Instructed
1160,160,0,0.6224451265289255,0.35660734355565626,1,Instructed
1161,161,0,0.9430735528169756,0.4707713808297175,1,Instructed
1162,162,0,0.47460825842524745,0.4919323032381575,1,Instructed
1163,163,0,0.5770265712021494,0.5234075269708811,1,Instructed
1164,164,0,0.5385237784745208,0.39083517825630776,1,Instructed
1165,165,0,0.7142885303698162,0.3238926707892592,1,Instructed
1166,166,0,0.2890838010983503,0.496309873532927,1,Instructed
1167,167,0,0.6802644088653977,0.3690747602291468,1,Instructed
1168,168,0,0.5855792390347297,0.41902007727777507,1,Instructed
1169,169,0,0.31222777209805885,0.5650891999998224,1,Instructed
1170,170,0,0.7868605496905512,0.6670942627850404,1,Instructed
1171,171,0,0.34356874163942225,0.7021974734466585,1,Instructed
1172,172,0,0.39128573134713046,0.5122634433307944,1,Instructed
1173,173,0,0.6273389812082641,0.6507751854717692,1,Instructed
1174,174,0,0.6239395021927987,0.523015343817264,1,Instructed
1175,175,0,0.17286810431371216,0.48729295164999,1,Instructed
1176,176,0,0.3432312174383498,0.49251329074276917,1,Instructed
1177,177,0,0.4206412823643172,0.45518392792773166,1,Instructed
1178,178,0,0.37529027504779683,0.4491439179491179,1,Instructed
1179,179,0,0.36906041202525397,0.5777685609706589,1,Instructed
1180,180,0,0.21798893071796258,0.5591688635960955,1,Instructed
1181,181,0,0.4669054089213208,0.5357081906225916,1,Instructed
1182,182,0,0.17815976254592594,0.7064166228564183,1,Instructed
1183,183,0,0.8725058612568954,0.6832504023030596,1,Instructed
1184,184,0,0.5449158608952881,0.5326706026007978,1,Instructed
1185,185,0,0.9999998396969452,1.4508599316728383,1,Instructed
1186,186,0,0.5096848849446819,0.4263327450296185,1,Instructed
1187,187,0,0.5246117058544731,0.48668934504412636,1,Instructed
1188,188,0,0.38025788910359837,0.36624197178353085,1,Instructed
1189,189,0,0.5244092784886921,0.6347801416372674,1,Instructed
1190,190,0,0.5196580097520885,0.5587863613277873,1,Instructed
1191,191,0,0.636679737494185,0.7985919852088282,1,Instructed
1192,192,0,0.44587572821669064,0.3459783057431127,1,Instructed
1193,193,0,0.7040750615314773,0.495384285951295,1,Instructed
1194,194,0,0.6166988099863951,0.4484449198926788,1,Instructed
1195,195,0,0.8447278558041029,0.5291945358130451,1,Instructed
1196,196,0,0.6367946781142061,0.32860685770036857,1,Instructed
1197,197,0,0.5741860280389877,0.43306074108299764,1,Instructed
1198,198,0,0.508764251882909,0.588096066414526,1,Instructed
1199,199,0,0.14180237072605512,0.4747783258140933,1,Instructed
