,t,e_hat,Accuracy,pe,batch,Condition
0,0,0,0.3845005795637476,0.6760093776504597,0,Blocked
1,1,0,0.007024070794641295,1.2662767480721633,0,Blocked
2,2,0,0.8978952935244879,0.6507091120453424,0,Blocked
3,3,0,0.9328023852241859,0.4230054396288696,0,Blocked
4,4,0,0.14618613968551583,0.817658476405364,0,Blocked
5,5,0,0.5175503141715461,0.8409109136242053,0,Blocked
6,6,0,0.047713195602390776,0.8079453277586128,0,Blocked
7,7,0,0.9708646909799623,0.893619512317444,0,Blocked
8,8,0,0.4760730415921097,0.673209839752712,0,Blocked
9,9,0,0.47033266738084517,0.5843618397300704,0,Blocked
10,10,0,0.030371210850262058,0.8327113674799957,0,Blocked
11,11,0,0.8183135084233315,0.6606799715464131,0,Blocked
12,12,0,0.9565161771967934,0.6747209003581255,0,Blocked
13,13,0,0.9824788183151356,0.40030115808139777,0,Blocked
14,14,0,0.739197729573501,0.6704458394679735,0,Blocked
15,15,0,0.07436954920294908,0.7383217969762792,0,Blocked
16,16,0,0.3541071381896062,0.6993566922483221,0,Blocked
17,17,0,0.7969227771976539,0.4931346907404828,0,Blocked
18,18,0,0.5723771879308406,0.7451273808029704,0,Blocked
19,19,0,0.007640686902614186,0.9540288612735603,0,Blocked
20,20,0,0.22736927162289514,0.6007181953749826,0,Blocked
21,21,0,0.2809763419222797,0.8580525434375714,0,Blocked
22,22,0,0.9272062540352604,0.7384716083288264,0,Blocked
23,23,0,0.9983794926324316,0.38738439994124496,0,Blocked
24,24,0,0.09374200229107225,0.7748910902740069,0,Blocked
25,25,0,0.5011462413088293,0.6050461903093979,0,Blocked
26,26,0,0.9696757515511367,0.8015199718586907,0,Blocked
27,27,0,0.5102144704797078,1.0255260468704712,0,Blocked
28,28,0,0.9894756476869146,0.5439968868069915,0,Blocked
29,29,0,0.48681017117206904,0.6931725932908124,0,Blocked
30,30,0,0.5748746235490785,0.6801624659453149,0,Blocked
31,31,0,0.9291614936583286,0.6698738483074135,0,Blocked
32,32,0,0.9967288164182182,0.6108279534716239,0,Blocked
33,33,0,0.3196714773833791,0.6664856356186198,0,Blocked
34,34,0,0.2765013599300053,0.7575250345274602,0,Blocked
35,35,0,0.3798689814263753,0.5467264039506454,0,Blocked
36,36,0,0.4857747865738182,0.6382146549988543,0,Blocked
37,37,0,0.9792861275705522,0.4813307654160998,0,Blocked
38,38,0,0.9633226644953832,0.7024803565112651,0,Blocked
39,39,0,0.7175305526437608,0.5404671184297062,0,Blocked
40,40,0,0.5408404912588999,0.5345005414648663,0,Blocked
41,41,0,0.496760387555201,0.7797124039960506,0,Blocked
42,42,0,0.49777352462607394,0.7753259514919673,0,Blocked
43,43,0,0.8165861674652997,0.5599716958645925,0,Blocked
44,44,0,0.4850860219629228,0.7370999685962953,0,Blocked
45,45,0,0.900154687759742,0.5033936699750254,0,Blocked
46,46,0,0.5465801100472722,0.5339877083920859,0,Blocked
47,47,0,0.6785878068198928,0.6499890668054684,0,Blocked
48,48,0,0.7655240299312955,1.063303870546707,0,Blocked
49,49,0,0.5750211247972411,0.8268221571520677,0,Blocked
50,50,0,0.015948896968472393,1.0593871346527242,0,Blocked
51,51,0,0.7449271547079808,0.6425179549356079,0,Blocked
52,52,0,0.6863474796952987,0.6387275819321727,0,Blocked
53,53,0,0.6460194684889987,0.648531755157877,0,Blocked
54,54,0,0.9921742940859775,0.7170848283809355,0,Blocked
55,55,0,0.5321878010507204,0.6941944287099194,0,Blocked
56,56,0,0.07471390572362631,1.0074573961452344,0,Blocked
57,57,0,0.03053030889771201,0.7849950866971085,0,Blocked
58,58,0,0.8238813247315717,0.5779047400709201,0,Blocked
59,59,0,0.3866016683797686,0.7608529963113335,0,Blocked
60,60,0,0.7143894847538856,0.5676606771594787,0,Blocked
61,61,0,0.5375456438462559,0.6199636492110122,0,Blocked
62,62,0,0.42947209340559006,0.953182677864461,0,Blocked
63,63,0,0.003688062789180509,0.9155667715955886,0,Blocked
64,64,0,0.5969953983918443,0.6733072543595118,0,Blocked
65,65,0,0.05682531654988001,0.6606365152125869,0,Blocked
66,66,0,0.9018068895413351,0.8079656523064178,0,Blocked
67,67,0,0.3299607963201174,0.524182988878954,0,Blocked
68,68,0,0.5026649760738596,0.5433384887383383,0,Blocked
69,69,0,0.9088220450664506,0.6931230702156266,0,Blocked
70,70,0,0.06188681906799478,0.6327180459255755,0,Blocked
71,71,0,0.7633935909929996,0.7043037756674015,0,Blocked
72,72,0,0.4673070626275125,0.6439003237143489,0,Blocked
73,73,0,0.5718823720995235,0.6218184182967824,0,Blocked
74,74,0,0.9689207246466951,1.02766577637365,0,Blocked
75,75,0,0.6437793245922104,0.6207176013737039,0,Blocked
76,76,0,0.5146476763771936,0.5758032954582889,0,Blocked
77,77,0,0.5460846660406125,0.6563751652993601,0,Blocked
78,78,0,0.3383642383314404,0.7495293282063364,0,Blocked
79,79,0,0.6075075262038439,0.5506750901985811,0,Blocked
80,80,0,0.06693225038981095,1.000758405822005,0,Blocked
81,81,0,0.18481350658329984,0.5205096436611735,0,Blocked
82,82,0,0.374423407318519,0.7608742677327189,0,Blocked
83,83,0,0.9926126228626693,0.6269766961471639,0,Blocked
84,84,0,0.9503183175729841,0.7638301922579429,0,Blocked
85,85,0,0.347977032920175,0.7908033306558926,0,Blocked
86,86,0,0.08225099525849114,0.7887261705626358,0,Blocked
87,87,0,0.9263694378916947,0.726259620549498,0,Blocked
88,88,0,0.6373496349223993,0.700701958007903,0,Blocked
89,89,0,0.6266039063165858,0.8909899275229012,0,Blocked
90,90,0,0.05065829668940291,0.884257833656964,0,Blocked
91,91,0,0.3745999180332362,0.7198673740568188,0,Blocked
92,92,0,0.5399223351447212,0.5686182191500098,0,Blocked
93,93,0,0.5604911779557982,0.6084319372821506,0,Blocked
94,94,0,0.8390511043934646,0.5596416215097071,0,Blocked
95,95,0,0.9853227373083799,0.7247262773869323,0,Blocked
96,96,0,0.8754624786010905,0.5194015035251515,0,Blocked
97,97,0,0.617905662928905,0.5200111862063641,0,Blocked
98,98,0,0.9207869368866384,0.5936993437704152,0,Blocked
99,99,0,0.49864011565966065,0.6661491188945742,0,Blocked
100,100,0,0.29299641800562787,0.530603254049296,0,Blocked
101,101,0,0.00401080691220883,1.1632639255005492,0,Blocked
102,102,0,0.9939889412037162,0.720733772343489,0,Blocked
103,103,0,0.5102304712261098,0.6655405654435588,0,Blocked
104,104,0,0.004842114015514311,1.0838743400553978,0,Blocked
105,105,0,0.47355364590172905,0.7611723525605071,0,Blocked
106,106,0,0.8646610969598277,0.4987958933561604,0,Blocked
107,107,0,0.9422065435945627,0.4384341898825156,0,Blocked
108,108,0,0.24889240792221037,0.5506876183700111,0,Blocked
109,109,0,0.46330373426899213,0.7729043752677587,0,Blocked
110,110,0,0.31458203763707543,0.6895467909788328,0,Blocked
111,111,0,0.3697204470974989,0.6488389405169706,0,Blocked
112,112,0,0.7595660623465414,0.586438415201414,0,Blocked
113,113,0,0.5980291982493999,0.6890483104718579,0,Blocked
114,114,0,0.9569334558682547,0.5953625023171241,0,Blocked
115,115,0,0.012861472876994639,0.7692886841127211,0,Blocked
116,116,0,0.8548437249830418,0.6052577797493421,0,Blocked
117,117,0,0.5706791469428854,0.5816819612285478,0,Blocked
118,118,0,0.5623483365042142,0.5429839670496867,0,Blocked
119,119,0,0.5855804230580521,0.42194511172495586,0,Blocked
120,120,0,0.9197078930422644,0.5863131388936161,0,Blocked
121,121,0,0.3860898305328096,0.7160074236560678,0,Blocked
122,122,0,0.4997367972744171,0.7554160900981111,0,Blocked
123,123,0,0.04987072569972355,0.8356523285705169,0,Blocked
124,124,0,0.5093303661256393,0.8634346949021299,0,Blocked
125,125,0,0.6131471331654703,0.6877282941981192,0,Blocked
126,126,0,0.9558353834956235,0.650840800333499,0,Blocked
127,127,0,0.9040588641378486,0.6549476182536289,0,Blocked
128,128,0,0.9661008217413856,0.6550760722723211,0,Blocked
129,129,0,0.5142147423445944,0.5259242298335494,0,Blocked
130,130,0,0.7275558668104213,0.8153904416085773,0,Blocked
131,131,0,0.8804348619033735,0.6673156384672256,0,Blocked
132,132,0,0.8631582654212624,0.7632076285490332,0,Blocked
133,133,0,0.9923382964231271,0.7220049263275572,0,Blocked
134,134,0,0.09937785635839992,0.789385860977396,0,Blocked
135,135,0,0.47667034540448766,0.5689264855462363,0,Blocked
136,136,0,0.9008849644743397,0.6456620130396376,0,Blocked
137,137,0,0.5002082588350217,0.6854810869466811,0,Blocked
138,138,0,0.4517732815620504,0.44978309908652425,0,Blocked
139,139,0,0.35322223475048375,0.7431008082760894,0,Blocked
140,140,0,0.6095058229472244,0.6219882557120257,0,Blocked
141,141,0,0.5751897264208075,0.6973269045104636,0,Blocked
142,142,0,0.5392800892455976,0.6625678703105937,0,Blocked
143,143,0,0.29732535673078475,0.7656689811041829,0,Blocked
144,144,0,0.4853278048281847,0.6297764526549943,0,Blocked
145,145,0,0.531913518205985,0.6067006501029091,0,Blocked
146,146,0,0.35034221879139077,0.7740479656947681,0,Blocked
147,147,0,0.5054852022208753,0.6065145028955472,0,Blocked
148,148,0,0.5467685040918937,0.562866548434436,0,Blocked
149,149,0,0.4318292390216142,0.7366187066400369,0,Blocked
150,150,0,0.9231273553260828,0.5746415443656184,0,Blocked
151,151,0,0.11396633835026433,0.7921524604359764,0,Blocked
152,152,0,0.8980082524585706,0.7975514871400389,0,Blocked
153,153,0,0.8364668410047503,0.5998703145801111,0,Blocked
154,154,0,0.29892252042795625,0.7403436444821057,0,Blocked
155,155,0,0.46954749545237934,0.7077187396193463,0,Blocked
156,156,0,0.5227028527094332,0.45696826777874316,0,Blocked
157,157,0,0.17696537923842004,0.8298266335534888,0,Blocked
158,158,0,0.01125115349658461,0.913091380304222,0,Blocked
159,159,0,0.49196026604366627,0.6320748643760185,0,Blocked
160,160,0,0.8321317566481244,0.7836871166716712,0,Blocked
161,161,0,0.04881411896927941,0.7376107289520052,0,Blocked
162,162,0,0.4539827298360084,0.4925330367749174,0,Blocked
163,163,0,0.8503448745670152,0.43413135991145607,0,Blocked
164,164,0,0.4307573793740152,0.7559847860722642,0,Blocked
165,165,0,0.9945359164280083,0.5484654434168699,0,Blocked
166,166,0,0.007045351805399347,0.8742216727008576,0,Blocked
167,167,0,0.6638075807971217,0.545854073110664,0,Blocked
168,168,0,0.2666656385041113,0.5530925834995034,0,Blocked
169,169,0,0.9534079021539399,0.5646601924014887,0,Blocked
170,170,0,0.9963393936186318,0.5846142502886092,0,Blocked
171,171,0,0.49695864050728394,0.6621435730119287,0,Blocked
172,172,0,0.15860123764309184,0.6651195480600441,0,Blocked
173,173,0,0.270538042947148,0.8108394797566008,0,Blocked
174,174,0,0.2747263750431525,0.5498861468123237,0,Blocked
175,175,0,0.05794133368352883,0.8656278621730626,0,Blocked
176,176,0,0.4930436850880034,0.6182746040127557,0,Blocked
177,177,0,0.6443486451254974,0.5887864091116539,0,Blocked
178,178,0,0.6287257457381933,0.5974810998179545,0,Blocked
179,179,0,0.2542612970390452,0.9401919180159819,0,Blocked
180,180,0,0.867695515731721,0.6088873939788524,0,Blocked
181,181,0,0.6068258486033594,0.6881748620784216,0,Blocked
182,182,0,0.948858814083423,0.6041756006048581,0,Blocked
183,183,0,0.4141287310280536,0.5980494961314027,0,Blocked
184,184,0,0.9965774606819524,0.7822284126490172,0,Blocked
185,185,0,0.32586215289961107,0.8090307623670817,0,Blocked
186,186,0,0.6507169623493665,0.40292811580180443,0,Blocked
187,187,0,0.6179528115419439,0.7136459303986071,0,Blocked
188,188,0,0.5628867739247496,0.7565198315003285,0,Blocked
189,189,0,0.4985574890597805,0.9137811928105257,0,Blocked
190,190,0,0.9495404360541727,0.7009245548553581,0,Blocked
191,191,0,0.7545081561614484,0.807014950195853,0,Blocked
192,192,0,0.6615625251164765,0.6301587927631027,0,Blocked
193,193,0,0.5271818293343951,0.6083287696382642,0,Blocked
194,194,0,0.9534707340259948,0.5242773302361166,0,Blocked
195,195,0,0.4963396769306875,0.8474371821697069,0,Blocked
196,196,0,0.9857336681166649,0.46349786050517794,0,Blocked
197,197,0,0.7024426186498383,0.777021783352948,0,Blocked
198,198,0,0.8032074631129045,0.7931791688089294,0,Blocked
199,199,0,0.29585491423877663,0.7336525862091705,0,Blocked
200,0,0,0.6647585491218186,0.5676175752337975,0,Interleaved
201,1,0,0.3257795591669266,0.6010051024189906,0,Interleaved
202,2,0,0.9001757100982708,0.5353163397731266,0,Interleaved
203,3,0,0.7955756481422491,0.43785163643942193,0,Interleaved
204,4,0,0.003951061437705715,0.8870569091344811,0,Interleaved
205,5,0,0.005624875521817787,0.8382869488615814,0,Interleaved
206,6,0,0.44627037614537923,0.6984297446047105,0,Interleaved
207,7,0,0.08595621125267411,0.7253022145822001,0,Interleaved
208,8,0,0.5009547081374152,0.6864020693839341,0,Interleaved
209,9,0,0.6720632441811095,0.4855170038876651,0,Interleaved
210,10,0,0.018780863219730614,0.593210430540735,0,Interleaved
211,11,0,0.05931521603272191,0.8609748881727985,0,Interleaved
212,12,0,0.62987125464474,0.6328869743471279,0,Interleaved
213,13,0,0.977828116727935,0.5881233676996008,0,Interleaved
214,14,0,0.5250851868260673,0.6236162237029179,0,Interleaved
215,15,0,0.43100586246938233,0.48666307662304736,0,Interleaved
216,16,0,0.0025440701720852257,0.6335590179093079,0,Interleaved
217,17,0,0.2342963644746056,0.7577761947089816,0,Interleaved
218,18,0,0.8169484588243361,0.7274977209803728,0,Interleaved
219,19,0,0.11954592591734733,0.7552909068064679,0,Interleaved
220,20,0,0.12373440711497162,0.7588908807609648,0,Interleaved
221,21,0,0.18232508005415443,0.5868648878852355,0,Interleaved
222,22,0,0.8742560969575464,0.8300177264656001,0,Interleaved
223,23,0,0.4179519320789696,1.0256144400363219,0,Interleaved
224,24,0,0.5124973872972127,0.5359863070520132,0,Interleaved
225,25,0,0.9527273253662338,0.5882983756421312,0,Interleaved
226,26,0,0.9985514122852939,0.6057027931752204,0,Interleaved
227,27,0,0.12681595014860833,0.799407697932015,0,Interleaved
228,28,0,0.9867477859300677,0.7011449763031857,0,Interleaved
229,29,0,0.8767218624034334,0.7344237312306365,0,Interleaved
230,30,0,0.5771746684807757,0.6547228809324079,0,Interleaved
231,31,0,0.508925940095846,0.5430373253961259,0,Interleaved
232,32,0,0.31622627890155136,0.6206496512729099,0,Interleaved
233,33,0,0.984573720609929,0.5234845375769477,0,Interleaved
234,34,0,0.007807453051089727,0.8866529706106134,0,Interleaved
235,35,0,0.9782852599563783,0.7144157055944383,0,Interleaved
236,36,0,0.5176482654305554,0.7659369380410985,0,Interleaved
237,37,0,0.451225448290464,0.7348435570267463,0,Interleaved
238,38,0,0.8364015414140177,0.7953664892771827,0,Interleaved
239,39,0,0.03835518145515647,0.9773651508871288,0,Interleaved
240,40,0,0.4883333601499998,1.0475127447877393,0,Interleaved
241,41,0,0.7322450026755012,0.9609409818930054,0,Interleaved
242,42,0,0.17956616346914042,0.6776776097413751,0,Interleaved
243,43,0,0.7393371968045217,0.688663420519225,0,Interleaved
244,44,0,0.6119991614939103,0.5922336326220432,0,Interleaved
245,45,0,0.4536813079297208,0.6740494895663045,0,Interleaved
246,46,0,0.9708854155349603,0.5869973178629022,0,Interleaved
247,47,0,0.8295478660182909,0.5059193023898371,0,Interleaved
248,48,0,0.464189838833408,0.889006864189529,0,Interleaved
249,49,0,0.5103788137434461,0.5370996950596694,0,Interleaved
250,50,0,0.9590807815834799,0.6945381473180446,0,Interleaved
251,51,0,0.8950412418900489,0.6106334659036575,0,Interleaved
252,52,0,0.5120562622854395,0.6731418384332257,0,Interleaved
253,53,0,0.7182167421413088,0.727663876148045,0,Interleaved
254,54,0,0.13082357634855307,0.5861325215530627,0,Interleaved
255,55,0,0.10126036890383948,0.9993017805786714,0,Interleaved
256,56,0,0.469375892147705,0.7415055953867349,0,Interleaved
257,57,0,0.21704205127054513,0.7779294675591246,0,Interleaved
258,58,0,0.37884972842264353,0.5918177608052513,0,Interleaved
259,59,0,0.5728334079216887,0.556621974031598,0,Interleaved
260,60,0,0.9532456198001241,0.6159954678694094,0,Interleaved
261,61,0,0.47870181254290056,0.5968300328805869,0,Interleaved
262,62,0,0.6532000452828535,0.6408497424032304,0,Interleaved
263,63,0,0.9038487749381751,0.6164596497677517,0,Interleaved
264,64,0,0.9821450472255882,0.40608317292913093,0,Interleaved
265,65,0,0.5036081156448058,0.8340356012599367,0,Interleaved
266,66,0,0.5001940455984327,0.6909098316442994,0,Interleaved
267,67,0,0.3028645198995834,0.8690670834058792,0,Interleaved
268,68,0,0.10653756279616189,0.5786858010134426,0,Interleaved
269,69,0,0.749505056468961,0.5850960067595816,0,Interleaved
270,70,0,0.5366452544633288,0.6498736071347408,0,Interleaved
271,71,0,0.7975561779642639,0.5813168641582586,0,Interleaved
272,72,0,0.631042581358612,0.6802968490261597,0,Interleaved
273,73,0,0.16763303288180564,0.8273832553301332,0,Interleaved
274,74,0,0.5385191104765287,0.41574497896976936,0,Interleaved
275,75,0,0.7395554895509355,0.5962846371420896,0,Interleaved
276,76,0,0.876939276808252,0.4669101520975318,0,Interleaved
277,77,0,0.1537502699591279,0.5766046320313941,0,Interleaved
278,78,0,0.04900559502617154,0.5893796982604746,0,Interleaved
279,79,0,0.7418514905041018,0.42692815288824393,0,Interleaved
280,80,0,0.041902558295599614,0.5609115549148557,0,Interleaved
281,81,0,0.555570716818035,0.5652857901814441,0,Interleaved
282,82,0,0.9445117692568188,0.6532270132138533,0,Interleaved
283,83,0,0.9983761785658896,0.5170258087817087,0,Interleaved
284,84,0,0.3111592123075959,0.4703607263036293,0,Interleaved
285,85,0,0.5462926615970755,0.7170586457244987,0,Interleaved
286,86,0,0.6652748200755714,0.5538369360915296,0,Interleaved
287,87,0,0.8714267093748991,0.8001587028522702,0,Interleaved
288,88,0,0.08420149305818024,0.5551535842718648,0,Interleaved
289,89,0,0.4433698668730461,0.486158127702196,0,Interleaved
290,90,0,0.012019057978485372,0.6119191717148127,0,Interleaved
291,91,0,0.5754357596264917,0.5875599332409236,0,Interleaved
292,92,0,0.5070573602834193,0.7006173196118901,0,Interleaved
293,93,0,0.7309290622395801,0.7698031734743427,0,Interleaved
294,94,0,0.4673339893142828,0.6323694204567321,0,Interleaved
295,95,0,0.47798213692084357,0.4458959721961453,0,Interleaved
296,96,0,0.984160075312194,0.6314968386389577,0,Interleaved
297,97,0,0.7349274104596077,0.577372567180244,0,Interleaved
298,98,0,0.07340293972795366,1.0430679305657335,0,Interleaved
299,99,0,0.5903071142024376,0.592385495328893,0,Interleaved
300,100,0,0.4139795615304653,0.8334049214293515,0,Interleaved
301,101,0,0.020217180381016244,0.9106585883051226,0,Interleaved
302,102,0,0.07203415570536713,0.7247343752785194,0,Interleaved
303,103,0,0.24135565713691354,0.6675632318944758,0,Interleaved
304,104,0,0.07205082096572688,0.624257226165627,0,Interleaved
305,105,0,0.5900012580488302,0.5439269252078203,0,Interleaved
306,106,0,0.023125710968004618,0.5864759420288576,0,Interleaved
307,107,0,0.3231831708126147,0.6990566730929373,0,Interleaved
308,108,0,0.9420660597844428,0.34155820512330526,0,Interleaved
309,109,0,0.9517835403605395,0.49608114935053443,0,Interleaved
310,110,0,0.7595172832107823,0.5747857535542968,0,Interleaved
311,111,0,0.6205810237620565,0.4975031143184613,0,Interleaved
312,112,0,0.8752277540628641,0.6598408546050833,0,Interleaved
313,113,0,0.11260209485658311,0.7161517403769182,0,Interleaved
314,114,0,0.6048165457910482,0.6228419759193673,0,Interleaved
315,115,0,0.45537332478991094,0.5620980933845297,0,Interleaved
316,116,0,0.6224798554562411,0.610367430950074,0,Interleaved
317,117,0,0.9409604158015996,0.5148113938496004,0,Interleaved
318,118,0,0.9266048878709655,0.4816375606326605,0,Interleaved
319,119,0,0.9881213271871372,0.40546525237260034,0,Interleaved
320,120,0,0.15071119230262217,0.8075471275542175,0,Interleaved
321,121,0,0.5170972040712276,0.708627422674583,0,Interleaved
322,122,0,0.41602464712616616,0.5610715641964219,0,Interleaved
323,123,0,0.8775775099526053,0.70594597395479,0,Interleaved
324,124,0,0.005467420932627245,0.7095485478901696,0,Interleaved
325,125,0,0.8977060073859796,0.5879983480668057,0,Interleaved
326,126,0,0.5368900023859351,0.6910433131043661,0,Interleaved
327,127,0,0.5201818711522278,0.4834872260651353,0,Interleaved
328,128,0,0.3007786488749861,0.7022837004345801,0,Interleaved
329,129,0,0.999206142054059,0.6152502969308512,0,Interleaved
330,130,0,0.34541169478200195,0.7026526067031538,0,Interleaved
331,131,0,0.27802352867804453,0.5632108360179879,0,Interleaved
332,132,0,0.04672988012581001,0.6060547795580196,0,Interleaved
333,133,0,0.5098457044542815,0.5931380894010261,0,Interleaved
334,134,0,0.7977622222129788,0.6732212056886238,0,Interleaved
335,135,0,0.42568923140538306,0.9396161563492009,0,Interleaved
336,136,0,0.9409737793509736,0.5246989371870434,0,Interleaved
337,137,0,0.6591255186285581,0.8658775262239525,0,Interleaved
338,138,0,0.10237690638447511,0.7936200864723495,0,Interleaved
339,139,0,0.2970125558907731,0.4825000345397488,0,Interleaved
340,140,0,0.19507399094875288,0.6169629722590139,0,Interleaved
341,141,0,0.92427842135462,0.7045757102814121,0,Interleaved
342,142,0,0.4386606007228475,0.8589250163369773,0,Interleaved
343,143,0,0.466363922543382,0.6118857280502746,0,Interleaved
344,144,0,0.5807436657193141,0.7268216949587438,0,Interleaved
345,145,0,0.5161789589152282,0.5927460867555903,0,Interleaved
346,146,0,0.0342011580181282,0.8298715666012726,0,Interleaved
347,147,0,0.3352354789846257,0.7411191229673637,0,Interleaved
348,148,0,0.2305974239697671,0.8404160092869895,0,Interleaved
349,149,0,0.9189927944260361,0.5010566259941206,0,Interleaved
350,150,0,0.5322351348033671,0.6142433503461326,0,Interleaved
351,151,0,0.26792550910971097,0.7300094177559098,0,Interleaved
352,152,0,0.004553219421853382,0.8815560256442512,0,Interleaved
353,153,0,0.04743290678712139,0.8926994850712705,0,Interleaved
354,154,0,0.5603925520997448,0.6005477547568603,0,Interleaved
355,155,0,0.45284411840515854,0.7460030223786956,0,Interleaved
356,156,0,0.12298624221189997,0.7680907968306461,0,Interleaved
357,157,0,0.619575438197377,0.621722267061849,0,Interleaved
358,158,0,0.011216711262656057,0.8418800335659884,0,Interleaved
359,159,0,0.7292628045950562,0.629656252392265,0,Interleaved
360,160,0,0.03228617703398551,0.7264971391156396,0,Interleaved
361,161,0,0.500046987452579,0.6616510044397543,0,Interleaved
362,162,0,0.7883246162775195,0.3950506184768956,0,Interleaved
363,163,0,0.19486498941121494,0.807926111654685,0,Interleaved
364,164,0,0.9355922887315119,0.4865011893704882,0,Interleaved
365,165,0,0.26668814682787445,0.7364046610491928,0,Interleaved
366,166,0,0.7333198112080979,0.4906299492964612,0,Interleaved
367,167,0,0.5316393698784332,0.5562842280168996,0,Interleaved
368,168,0,0.0460606819878692,0.6290566621332083,0,Interleaved
369,169,0,0.5960239182574582,0.4429092350480106,0,Interleaved
370,170,0,0.5795194018218323,0.688431613406743,0,Interleaved
371,171,0,0.4972653847201227,0.7903094359743759,0,Interleaved
372,172,0,0.8195205363241538,0.4387158110087983,0,Interleaved
373,173,0,0.5985360095132162,0.6304339394075854,0,Interleaved
374,174,0,0.9931881085432845,0.8575505078706678,0,Interleaved
375,175,0,0.9408207344411696,0.48957106748812196,0,Interleaved
376,176,0,0.7470727277921747,0.6251697504980178,0,Interleaved
377,177,0,0.10637245003169435,0.6491338462684866,0,Interleaved
378,178,0,0.4848314067990115,0.5229697479483728,0,Interleaved
379,179,0,0.4933508057233854,0.5683316908275451,0,Interleaved
380,180,0,0.03601273231955071,0.935309418041878,0,Interleaved
381,181,0,0.6796125212673495,0.6942356296782597,0,Interleaved
382,182,0,0.4985498161064237,0.7822029038673592,0,Interleaved
383,183,0,0.4998468239425194,0.919258308057642,0,Interleaved
384,184,0,0.9962256518495125,0.5807024095291544,0,Interleaved
385,185,0,0.48842583180569343,0.7161414869932423,0,Interleaved
386,186,0,0.5019993300810127,0.7947545162812213,0,Interleaved
387,187,0,0.668265140952655,0.5074282353408934,0,Interleaved
388,188,0,0.5869665436863483,0.7155527248279667,0,Interleaved
389,189,0,0.4007085135993171,0.5522925434324273,0,Interleaved
390,190,0,0.12626427803963192,0.8476362619395197,0,Interleaved
391,191,0,0.7633922412057166,0.5687748277455171,0,Interleaved
392,192,0,0.6696838121661786,0.6159613484224962,0,Interleaved
393,193,0,0.9904573915243932,0.4149285159768969,0,Interleaved
394,194,0,0.6005346873131179,0.6480709677828489,0,Interleaved
395,195,0,0.016476132370142556,0.5957668314359155,0,Interleaved
396,196,0,0.2859525347043095,0.8063541399380152,0,Interleaved
397,197,0,0.9977606528456482,0.8997152508875175,0,Interleaved
398,198,0,0.7802147910022341,0.49668738573735394,0,Interleaved
399,199,0,0.4156221288212964,0.6873513810625607,0,Interleaved
400,0,0,0.8303441672526835,0.4654452578122016,0,Instructed
401,1,0,0.482698201551355,0.6380992603457001,0,Instructed
402,2,0,0.5665019736302714,0.8224803593979494,0,Instructed
403,3,0,0.5889264495207683,0.8894038141511684,0,Instructed
404,4,0,0.6670624659257767,0.8226082783209634,0,Instructed
405,5,0,0.02731112353142868,0.742715316529713,0,Instructed
406,6,0,0.5367316992515193,0.6223879468264255,0,Instructed
407,7,0,0.27755063920868833,0.6138327237155752,0,Instructed
408,8,0,0.5638553904374024,0.758244610118403,0,Instructed
409,9,0,0.22208018849447775,0.6728080921426693,0,Instructed
410,10,0,0.4874616360687213,0.6370963564556433,0,Instructed
411,11,0,0.49477252519985454,0.7233374019925328,0,Instructed
412,12,0,0.4430626264957305,0.4002016663329582,0,Instructed
413,13,0,0.5555691594245169,0.5632247888196101,0,Instructed
414,14,0,0.6751196649510383,0.5404908983551785,0,Instructed
415,15,0,0.6637498056288386,0.8536291208883959,0,Instructed
416,16,0,0.7293841478080156,0.623209130890016,0,Instructed
417,17,0,0.5863208416452682,0.5377892881177407,0,Instructed
418,18,0,0.7166352737461518,0.4635614572510357,0,Instructed
419,19,0,0.5285181234331574,0.4979950737431206,0,Instructed
420,20,0,0.7756543803309999,0.6247154685388866,0,Instructed
421,21,0,0.5287858401551282,0.613836733103353,0,Instructed
422,22,0,0.18991752873290035,0.6987996614080378,0,Instructed
423,23,0,0.40540768663918636,0.652156414508027,0,Instructed
424,24,0,0.3428048440435772,0.6274067596133863,0,Instructed
425,25,0,0.5107044404739403,0.6213974561456974,0,Instructed
426,26,0,0.1611842359436124,0.6757322816313814,0,Instructed
427,27,0,0.48332047507822273,0.5980127243776199,0,Instructed
428,28,0,0.7642239762030727,0.4541915599694554,0,Instructed
429,29,0,0.5276803239556965,0.4012120565548317,0,Instructed
430,30,0,0.47093035272823275,0.5750358296690233,0,Instructed
431,31,0,0.5303216078561679,0.704560902309608,0,Instructed
432,32,0,0.4392777678132548,0.6602724000300642,0,Instructed
433,33,0,0.5191374331488974,0.5956475687047458,0,Instructed
434,34,0,0.3938542430206949,0.7329540911290937,0,Instructed
435,35,0,0.3259927738480129,0.6800737252735123,0,Instructed
436,36,0,0.15823384155480943,0.5368870506279515,0,Instructed
437,37,0,0.17167795398266944,0.6984984949318092,0,Instructed
438,38,0,0.7250639571157907,0.3749265379798523,0,Instructed
439,39,0,0.5413615347578105,0.636167408396447,0,Instructed
440,40,0,0.5652220943088779,0.646610353893112,0,Instructed
441,41,0,0.45816009380637035,0.5923304143689243,0,Instructed
442,42,0,0.07965742781956962,0.7427551798962951,0,Instructed
443,43,0,0.4338355135613982,0.6290277334949917,0,Instructed
444,44,0,0.055203966535064444,0.8045293249360168,0,Instructed
445,45,0,0.5311467858470658,0.6776403346380788,0,Instructed
446,46,0,0.9809982754008035,0.5869805378092472,0,Instructed
447,47,0,0.709183898972513,0.5199590769122966,0,Instructed
448,48,0,0.9531889167203798,0.4108915690103331,0,Instructed
449,49,0,0.5163154691208688,0.49300790269276556,0,Instructed
450,50,0,0.5696890515356189,0.5547185061692073,0,Instructed
451,51,0,0.3393181476004725,0.5014360015512589,0,Instructed
452,52,0,0.5273756415015082,0.5857467867069777,0,Instructed
453,53,0,0.9134338351448436,0.697096276313431,0,Instructed
454,54,0,0.9864273482874643,0.795634684083302,0,Instructed
455,55,0,0.4803014028261661,0.47800185299930675,0,Instructed
456,56,0,0.7722519556194622,0.40172476153541237,0,Instructed
457,57,0,0.17183808954277785,0.5415169071321437,0,Instructed
458,58,0,0.23458368218446854,0.47008497467420673,0,Instructed
459,59,0,0.45150935781309826,0.7801477862496561,0,Instructed
460,60,0,0.9188655914727681,0.5742054760209802,0,Instructed
461,61,0,0.605467042266747,0.576177426162753,0,Instructed
462,62,0,0.3556149513642162,0.4649933868436964,0,Instructed
463,63,0,0.17798313409661695,0.5884268093006748,0,Instructed
464,64,0,0.32667031085768977,0.5566749216659514,0,Instructed
465,65,0,0.5210390433733454,0.4739793438095883,0,Instructed
466,66,0,0.6519987418570106,0.6129762613970233,0,Instructed
467,67,0,0.4052352545388418,0.6121834307100397,0,Instructed
468,68,0,0.22596400920189397,0.5359628508178196,0,Instructed
469,69,0,0.724790373805013,0.6239171064937217,0,Instructed
470,70,0,0.6577698795825485,0.470255722715481,0,Instructed
471,71,0,0.6855674595411663,0.5372053515684958,0,Instructed
472,72,0,0.7292309660551182,0.528256450173535,0,Instructed
473,73,0,0.3877662316615769,0.4056322367808251,0,Instructed
474,74,0,0.5008252597857406,0.5385073521882087,0,Instructed
475,75,0,0.47599344921299247,0.7247171500965848,0,Instructed
476,76,0,0.9244715255075512,0.5242767617621765,0,Instructed
477,77,0,0.6253670665788682,0.514071856053308,0,Instructed
478,78,0,0.0764689182313397,0.5846868005380021,0,Instructed
479,79,0,0.5150295712363582,0.9338466481923504,0,Instructed
480,80,0,0.13100515770510263,0.6949639137845988,0,Instructed
481,81,0,0.48000064996073455,0.49853978742345384,0,Instructed
482,82,0,0.16813390530740926,0.43756315882706376,0,Instructed
483,83,0,0.37992151484400266,0.6498369510997232,0,Instructed
484,84,0,0.35152732517403557,0.8368761202386538,0,Instructed
485,85,0,0.5240509256081546,0.448408420557985,0,Instructed
486,86,0,0.8064029011905043,0.4021789902072975,0,Instructed
487,87,0,0.47344702008493444,0.6415623420494478,0,Instructed
488,88,0,0.1255451814069717,0.6672710234133665,0,Instructed
489,89,0,0.5344652485152103,0.5495790940090395,0,Instructed
490,90,0,0.5265323363719983,0.5497856739674518,0,Instructed
491,91,0,0.6875057293336768,0.5120024208197883,0,Instructed
492,92,0,0.25181571414841125,0.44667027874052667,0,Instructed
493,93,0,0.8170096709296716,0.4960131089344345,0,Instructed
494,94,0,0.278642587139151,0.5524308271903817,0,Instructed
495,95,0,0.8642842456543971,0.6459158150804643,0,Instructed
496,96,0,0.3600673257298207,0.5795593068458716,0,Instructed
497,97,0,0.45228793432805836,0.35962812967301133,0,Instructed
498,98,0,0.04297103090115311,0.34075169856552723,0,Instructed
499,99,0,0.6135854421402713,0.5843251683267658,0,Instructed
500,100,0,0.47468158025254636,0.6539275499455837,0,Instructed
501,101,0,0.3351851166977935,0.7182586661371237,0,Instructed
502,102,0,0.8306922737492003,0.6577273694538653,0,Instructed
503,103,0,0.5188949238573374,0.490121796990352,0,Instructed
504,104,0,0.7230118588721008,0.5070034274563914,0,Instructed
505,105,0,0.541775888274248,0.5293717848382934,0,Instructed
506,106,0,0.29942870994490206,0.6111395367573085,0,Instructed
507,107,0,0.6469578486429044,0.6338364186562825,0,Instructed
508,108,0,0.6603270396320287,0.5595187335128904,0,Instructed
509,109,0,0.5993850705748278,0.8792146679753998,0,Instructed
510,110,0,0.48370400277174386,0.8168473056476252,0,Instructed
511,111,0,0.23368128893028028,0.6656356709435436,0,Instructed
512,112,0,0.2072377106659923,0.6775491570291408,0,Instructed
513,113,0,0.8274476724818952,0.5339248575605774,0,Instructed
514,114,0,0.9847405558947553,0.6847560275877622,0,Instructed
515,115,0,0.5878441358334299,0.5302385190168679,0,Instructed
516,116,0,0.30137193682384555,0.5863256791343134,0,Instructed
517,117,0,0.6182616427184415,0.614124948648019,0,Instructed
518,118,0,0.36713466836939407,0.4633730382903267,0,Instructed
519,119,0,0.23634606642708897,0.5121898132528017,0,Instructed
520,120,0,0.18955387481036864,0.9893616908843008,0,Instructed
521,121,0,0.8186408264491606,0.7890607411150847,0,Instructed
522,122,0,0.10604481059620358,0.7095391096020127,0,Instructed
523,123,0,0.5208513170584798,0.6825009991615467,0,Instructed
524,124,0,0.5284985351960573,0.7927425696124271,0,Instructed
525,125,0,0.5035948614666236,0.9786666743162392,0,Instructed
526,126,0,0.9849695938472082,0.5962330029729972,0,Instructed
527,127,0,0.4279776166553172,0.5181302485987423,0,Instructed
528,128,0,0.7492171342979749,0.40889831294496165,0,Instructed
529,129,0,0.34251828209047264,0.6324337052884152,0,Instructed
530,130,0,0.4752234457649549,0.6596928446450196,0,Instructed
531,131,0,0.4332086622257959,0.40406695651852553,0,Instructed
532,132,0,0.22507327091144697,0.7487376841111322,0,Instructed
533,133,0,0.542258060835656,0.6516493339760403,0,Instructed
534,134,0,0.7637820343633936,0.5523530669189589,0,Instructed
535,135,0,0.5654597100932139,0.5847525322884671,0,Instructed
536,136,0,0.21170342714367527,0.7112179365582547,0,Instructed
537,137,0,0.46314508430129087,0.4675283783073604,0,Instructed
538,138,0,0.5098522750557456,0.4867366199699227,0,Instructed
539,139,0,0.7623626361970905,0.40452163348545184,0,Instructed
540,140,0,0.32171821944046075,0.5225058802286389,0,Instructed
541,141,0,0.8073568104987486,0.401336467719983,0,Instructed
542,142,0,0.7497196682340971,0.5917060031215398,0,Instructed
543,143,0,0.49496940025300457,0.5162209404124247,0,Instructed
544,144,0,0.5881453713049324,0.6680063089118391,0,Instructed
545,145,0,0.322275313776813,0.5842883040057277,0,Instructed
546,146,0,0.42226620940693355,0.7760185373184774,0,Instructed
547,147,0,0.6549760215638287,0.7599179921730456,0,Instructed
548,148,0,0.470991259471198,0.46946578690354224,0,Instructed
549,149,0,0.732735447024833,0.541101822462627,0,Instructed
550,150,0,0.06993531831504246,0.6051399376435023,0,Instructed
551,151,0,0.3092465793162787,0.5204416934023841,0,Instructed
552,152,0,0.9886326069382374,0.35690235980160423,0,Instructed
553,153,0,0.6258523121726152,0.3664368973232871,0,Instructed
554,154,0,0.11202382232897198,0.6561107517982643,0,Instructed
555,155,0,0.2415338338076101,0.6146800420058296,0,Instructed
556,156,0,0.3570499117018679,0.7227506340081986,0,Instructed
557,157,0,0.14332457895682335,0.48688395740001555,0,Instructed
558,158,0,0.7338616822249656,0.497437740103597,0,Instructed
559,159,0,0.49587484411140276,0.4820979431774868,0,Instructed
560,160,0,0.5954126786734932,0.42345116888482137,0,Instructed
561,161,0,0.8508841637707123,0.5733571159324087,0,Instructed
562,162,0,0.48933665104008106,0.42484260940004775,0,Instructed
563,163,0,0.9714125671130431,0.5878655599173767,0,Instructed
564,164,0,0.14540511566682313,0.5658185702725815,0,Instructed
565,165,0,0.5350661816214325,0.6859164243736524,0,Instructed
566,166,0,0.5114522632421389,0.8105982269262084,0,Instructed
567,167,0,0.49893728010016614,0.5103891026328236,0,Instructed
568,168,0,0.7746767552803617,0.5384740162658432,0,Instructed
569,169,0,0.4977067663732934,0.7152600028696559,0,Instructed
570,170,0,0.4307005195051177,0.5308005786259951,0,Instructed
571,171,0,0.7312490404237579,0.3300632699660968,0,Instructed
572,172,0,0.5461680655419939,0.6205832489614851,0,Instructed
573,173,0,0.5248797904624819,0.5830001030366684,0,Instructed
574,174,0,0.5398973104173639,0.49850208868668155,0,Instructed
575,175,0,0.6628859261427213,0.6148579496372772,0,Instructed
576,176,0,0.5063453691171725,0.5205444128833411,0,Instructed
577,177,0,0.1844405531223548,0.3869244846259846,0,Instructed
578,178,0,0.8376366000687787,0.39524011979427603,0,Instructed
579,179,0,0.49082991221506117,0.5455171388048623,0,Instructed
580,180,0,0.31177375483544395,0.771211685709607,0,Instructed
581,181,0,0.5106665909872417,0.822431085159326,0,Instructed
582,182,0,0.01645255197630803,0.7741625840575531,0,Instructed
583,183,0,0.43478805293375083,0.5018487803260814,0,Instructed
584,184,0,0.8260036572151048,0.5373373196572058,0,Instructed
585,185,0,0.6501430287229557,0.5170853417929513,0,Instructed
586,186,0,0.13235748830736901,0.5567855792254774,0,Instructed
587,187,0,0.45781198746432794,0.7081602246738622,0,Instructed
588,188,0,0.2676437460003592,0.5238274148304513,0,Instructed
589,189,0,0.4581392302741838,0.5574055145256211,0,Instructed
590,190,0,0.5330047526952462,0.4033333831761444,0,Instructed
591,191,0,0.050995129213366505,0.6270830300339172,0,Instructed
592,192,0,0.5702019585240174,0.6752455193676544,0,Instructed
593,193,0,0.5199083666046534,0.5662155068133291,0,Instructed
594,194,0,0.9054102802381283,0.6054093059383133,0,Instructed
595,195,0,0.6685102156301835,0.599628552082073,0,Instructed
596,196,0,0.5851298985151638,0.4327933510835581,0,Instructed
597,197,0,0.40150132525067705,0.7493664281400088,0,Instructed
598,198,0,0.14643324077124611,0.8756228433550882,0,Instructed
599,199,0,0.02472190095794172,1.2356267731431303,0,Instructed
600,0,0,0.007467171029040626,0.5946654768099929,1,Blocked
601,1,0,0.8138008692973974,0.5270296816272597,1,Blocked
602,2,0,0.092758312577448,0.5461803068648039,1,Blocked
603,3,0,0.32664700089784315,0.6083289360983866,1,Blocked
604,4,0,0.15039090989628184,0.7648794632852016,1,Blocked
605,5,0,0.09691413449595172,0.6757045473678207,1,Blocked
606,6,0,0.02577311269142144,0.6765181780531053,1,Blocked
607,7,0,0.07760335362949067,0.7901046643928191,1,Blocked
608,8,0,0.00537628817305162,0.8643146430313684,1,Blocked
609,9,0,0.910498784134972,0.5705542649278631,1,Blocked
610,10,0,0.6848946849875257,0.7230090866573758,1,Blocked
611,11,0,0.43833694522569794,0.5604178244559974,1,Blocked
612,12,0,0.5048909163296286,0.6341819645520819,1,Blocked
613,13,0,0.15908771904835445,0.883449236291141,1,Blocked
614,14,0,0.06789172363091371,0.7694566530948248,1,Blocked
615,15,0,0.48003202574946024,0.6216361650944943,1,Blocked
616,16,0,0.3713813781857951,0.6885808247537757,1,Blocked
617,17,0,0.2982818601199531,0.7951990221221296,1,Blocked
618,18,0,0.5786256818481181,0.48897807874639365,1,Blocked
619,19,0,0.4338826780743363,0.6203389483294004,1,Blocked
620,20,0,0.6708736205219656,0.5244274468210909,1,Blocked
621,21,0,0.5974139729692877,0.6816676058087338,1,Blocked
622,22,0,0.7666134416332093,0.7176550958569345,1,Blocked
623,23,0,0.2224088821545906,0.5745430043155199,1,Blocked
624,24,0,0.26510532373332113,0.6407061509820514,1,Blocked
625,25,0,0.32882929544241674,0.6538897073582001,1,Blocked
626,26,0,0.1470438544734059,0.7202199575166274,1,Blocked
627,27,0,0.41871656257468853,0.8034947845967373,1,Blocked
628,28,0,0.9921214440985023,0.43564440450745856,1,Blocked
629,29,0,0.00012848546447517155,1.050837892764137,1,Blocked
630,30,0,0.3666665727996413,0.7854605409466223,1,Blocked
631,31,0,0.001880604347496278,1.052125386306201,1,Blocked
632,32,0,0.02270381935424548,0.7349292780655827,1,Blocked
633,33,0,0.49218931344174754,0.7136776831407277,1,Blocked
634,34,0,0.00047051925055892097,0.9425379948890653,1,Blocked
635,35,0,0.5448248629649648,0.6785368130903446,1,Blocked
636,36,0,0.9922234840485605,0.6713663907421205,1,Blocked
637,37,0,0.4306796167091508,0.576526695952837,1,Blocked
638,38,0,0.9202138647719232,0.5768801145539649,1,Blocked
639,39,0,0.24504973249575707,0.7616369184941296,1,Blocked
640,40,0,0.5451126299087266,0.7239269334181011,1,Blocked
641,41,0,0.6804742915311618,0.6836821330993945,1,Blocked
642,42,0,0.5494523135185052,0.6466899113940984,1,Blocked
643,43,0,0.503149364277865,0.637144283058078,1,Blocked
644,44,0,0.40879323670089507,0.5019589913372998,1,Blocked
645,45,0,0.39909861835195204,0.4906676064277249,1,Blocked
646,46,0,0.5332801630697536,0.5736889945720278,1,Blocked
647,47,0,0.7897059334786769,0.7436489895895135,1,Blocked
648,48,0,0.5767359462204291,0.6721936768596036,1,Blocked
649,49,0,0.33329806719520566,0.6823447951345082,1,Blocked
650,50,0,0.88857397996074,0.6302833957664014,1,Blocked
651,51,0,0.32943897284490964,0.5851185896739699,1,Blocked
652,52,0,0.47040699659599416,0.7299312725717175,1,Blocked
653,53,0,0.146426513062815,0.97481981153176,1,Blocked
654,54,0,0.5398595062263087,0.5766718037006346,1,Blocked
655,55,0,0.5560103799066828,0.8070686334837497,1,Blocked
656,56,0,0.8974157222797867,0.6830716109852311,1,Blocked
657,57,0,0.08048720716056895,0.8283077903050555,1,Blocked
658,58,0,0.219575215604717,0.6531802703731526,1,Blocked
659,59,0,0.496098826833257,0.7555379181649619,1,Blocked
660,60,0,0.31126113851937337,0.874515944255591,1,Blocked
661,61,0,0.4133188651945603,0.7524192938264613,1,Blocked
662,62,0,0.5861236189908967,0.9534780909634213,1,Blocked
663,63,0,0.30978140558316963,0.6978271297614378,1,Blocked
664,64,0,0.47991697218926205,0.6292343236311178,1,Blocked
665,65,0,0.7394664532834675,0.48924306236684256,1,Blocked
666,66,0,0.9232898991095584,0.5770521231713828,1,Blocked
667,67,0,0.6859700807037783,0.5177617993520164,1,Blocked
668,68,0,0.6004976219128734,0.7190789737149135,1,Blocked
669,69,0,0.28418862630039293,0.5642810859493947,1,Blocked
670,70,0,0.5017404088843908,0.5542587322535176,1,Blocked
671,71,0,0.5658291795411753,0.5641615315725659,1,Blocked
672,72,0,0.10874794500097669,0.6423275570569704,1,Blocked
673,73,0,0.7563037138580915,0.6645563594255468,1,Blocked
674,74,0,0.4461183063755074,0.7236374927141964,1,Blocked
675,75,0,0.07074097659414014,0.840001678962589,1,Blocked
676,76,0,0.4948625368740357,0.6059934668484755,1,Blocked
677,77,0,0.2551653735265307,0.7187384855377377,1,Blocked
678,78,0,0.5917205754692516,0.7268169457433664,1,Blocked
679,79,0,0.43058015145213824,0.6462875757826937,1,Blocked
680,80,0,0.7799171867302803,0.9287347354581164,1,Blocked
681,81,0,0.5072141327374432,0.6822649907011149,1,Blocked
682,82,0,0.9452642319246722,0.7324158963649764,1,Blocked
683,83,0,0.6851650494907171,0.5673277265655634,1,Blocked
684,84,0,0.3524039103222396,0.40174192320149504,1,Blocked
685,85,0,0.41943778721283237,0.7062175068398604,1,Blocked
686,86,0,0.7564402996516226,0.4803743226605127,1,Blocked
687,87,0,0.032539165165701635,0.9626396804167998,1,Blocked
688,88,0,0.5903632218633176,0.6868879797062919,1,Blocked
689,89,0,0.9973501901332436,0.4752521731362024,1,Blocked
690,90,0,0.258969132784319,0.7824414883311951,1,Blocked
691,91,0,0.0006247018631313046,0.7851291930100203,1,Blocked
692,92,0,0.9671501141990012,0.6169697071371161,1,Blocked
693,93,0,0.011136828897864565,0.7189829815979979,1,Blocked
694,94,0,0.2579782272173208,1.0246640107903024,1,Blocked
695,95,0,0.910615432491227,0.45451812464760527,1,Blocked
696,96,0,0.5376780033795753,0.8779250584046906,1,Blocked
697,97,0,0.6104138886507358,0.8104866951259162,1,Blocked
698,98,0,0.9752230886897094,0.5046426088934863,1,Blocked
699,99,0,0.7076464709963532,0.7128264805614901,1,Blocked
700,100,0,0.307910227538857,0.6026144309300694,1,Blocked
701,101,0,0.5858719070111476,0.6394197093215181,1,Blocked
702,102,0,0.8628860194105918,0.7520824680593345,1,Blocked
703,103,0,0.3652177139910463,0.6567994848692456,1,Blocked
704,104,0,0.07286039234503089,0.8034578387111941,1,Blocked
705,105,0,0.4449089928875642,0.8477149006552922,1,Blocked
706,106,0,0.9949835199386652,0.6139704070122429,1,Blocked
707,107,0,0.017839671399935524,0.5616257226792033,1,Blocked
708,108,0,0.43107492530751246,0.6194244423877701,1,Blocked
709,109,0,0.04614630843119581,0.7349982784098832,1,Blocked
710,110,0,0.6642677295368026,0.4127434410196715,1,Blocked
711,111,0,0.3542725327126337,0.7529850235027511,1,Blocked
712,112,0,0.22233322251380377,0.651440596428302,1,Blocked
713,113,0,0.8310873377124681,0.46538816999825183,1,Blocked
714,114,0,0.40871554346545313,1.023152587452281,1,Blocked
715,115,0,0.6663934309516445,0.7821053724231054,1,Blocked
716,116,0,0.9833868153304498,0.46028325025996497,1,Blocked
717,117,0,0.45445128440350474,0.8195399310835958,1,Blocked
718,118,0,0.014002078774129097,0.5693675095401998,1,Blocked
719,119,0,0.08847740134727794,0.6201422807740953,1,Blocked
720,120,0,0.3174665163523853,0.7642015515874918,1,Blocked
721,121,0,0.3472895091552191,0.8433369304236743,1,Blocked
722,122,0,0.6481036176058088,0.6833127652704973,1,Blocked
723,123,0,0.30815393406024083,0.8548996828262233,1,Blocked
724,124,0,0.7335477702042603,0.6247079120741503,1,Blocked
725,125,0,0.8114716572762336,0.8293146577200038,1,Blocked
726,126,0,0.8884516571350558,0.5530550040767809,1,Blocked
727,127,0,0.2377946833298405,0.6183027836406876,1,Blocked
728,128,0,0.47404575323290593,0.6867002190088042,1,Blocked
729,129,0,0.5388290920704824,0.49195497064955274,1,Blocked
730,130,0,0.47064979987904637,0.5664463291239633,1,Blocked
731,131,0,0.60183123709087,0.6614796234980883,1,Blocked
732,132,0,0.639670599683059,0.7033205250032355,1,Blocked
733,133,0,0.4345622933456049,0.5575284067453699,1,Blocked
734,134,0,0.44005862154401876,0.44390914512560087,1,Blocked
735,135,0,0.6687590221785135,0.6650332903046614,1,Blocked
736,136,0,0.3267825538072679,0.8073058897486636,1,Blocked
737,137,0,0.4331607816507812,0.8547653476620912,1,Blocked
738,138,0,0.7996100934631076,0.6648753388525144,1,Blocked
739,139,0,0.14981890566779266,0.7152750536968093,1,Blocked
740,140,0,0.6811598886783365,0.5627410839267237,1,Blocked
741,141,0,0.5023509106575986,0.7166207749573441,1,Blocked
742,142,0,0.8938072677619708,0.7805275433685546,1,Blocked
743,143,0,0.11965885444864473,0.5362053368575681,1,Blocked
744,144,0,0.14925959322820562,0.7314767059395947,1,Blocked
745,145,0,0.05512520231764774,0.6859062282280759,1,Blocked
746,146,0,0.6272676354863129,0.5340871003412109,1,Blocked
747,147,0,0.7152508814518457,0.6735973211228206,1,Blocked
748,148,0,0.4515366110488078,0.7159575080692995,1,Blocked
749,149,0,0.577739137099044,0.789521705478637,1,Blocked
750,150,0,0.7044674981573891,0.6471414814923557,1,Blocked
751,151,0,0.5400908504023673,0.48898500002680073,1,Blocked
752,152,0,0.45956815169345067,0.5513761800747343,1,Blocked
753,153,0,0.8060461600870193,0.7681633476641683,1,Blocked
754,154,0,0.099546402461618,0.5766710936808361,1,Blocked
755,155,0,0.30845720382010267,0.6330413111541773,1,Blocked
756,156,0,0.6832113564153999,0.625187665269015,1,Blocked
757,157,0,0.8663726020350708,0.45379287499156085,1,Blocked
758,158,0,0.5295448577846376,0.4771055957995368,1,Blocked
759,159,0,0.6180429613393437,0.6094520613624963,1,Blocked
760,160,0,0.4786181947736293,0.6833799698935317,1,Blocked
761,161,0,0.9674116904869496,0.47847536161120496,1,Blocked
762,162,0,0.08881951417234642,0.5469672519784607,1,Blocked
763,163,0,0.24742231117482208,0.5877700424882274,1,Blocked
764,164,0,0.73545716161141,0.6413138435338533,1,Blocked
765,165,0,0.8585298302461416,0.588934193778925,1,Blocked
766,166,0,0.20946721418388922,0.5726230000295052,1,Blocked
767,167,0,0.3753985079692422,0.5432830220615962,1,Blocked
768,168,0,0.549665848987134,0.5336371153025189,1,Blocked
769,169,0,0.47921562582134447,0.7488860068000467,1,Blocked
770,170,0,0.7154035326779634,0.6745614234631394,1,Blocked
771,171,0,0.7219395367444682,0.508432159520881,1,Blocked
772,172,0,0.2866965836208291,0.5516742343783133,1,Blocked
773,173,0,0.6056589883629284,0.43701611676911534,1,Blocked
774,174,0,0.507340674622666,0.7080646207288157,1,Blocked
775,175,0,0.498100245150402,0.6680499481153648,1,Blocked
776,176,0,0.3618385654838795,0.46149907095015485,1,Blocked
777,177,0,0.4927628159698645,0.6733486258155458,1,Blocked
778,178,0,0.9607556815034024,0.5222708746605704,1,Blocked
779,179,0,0.9354793755965267,0.6217430385091325,1,Blocked
780,180,0,0.5031348358107519,0.7411087331801594,1,Blocked
781,181,0,0.4082248173875712,0.7680417045261251,1,Blocked
782,182,0,0.8466260272278143,0.49563630563094724,1,Blocked
783,183,0,0.5210229031289034,0.7228867419796834,1,Blocked
784,184,0,0.8309559808830722,0.6624237025299202,1,Blocked
785,185,0,0.9505141756664384,0.573934993102281,1,Blocked
786,186,0,0.7842950950022747,0.6153474352755273,1,Blocked
787,187,0,0.7815221408880352,0.557228147933903,1,Blocked
788,188,0,0.5435074757885575,0.606998758768712,1,Blocked
789,189,0,0.09545276892590397,0.6087806507734213,1,Blocked
790,190,0,0.18269649248351466,0.6641226214548396,1,Blocked
791,191,0,0.4905423901415673,0.5771593778003603,1,Blocked
792,192,0,0.9434196151004839,0.5769077871371927,1,Blocked
793,193,0,0.5846150545550917,0.7113832760127896,1,Blocked
794,194,0,0.49274616533147547,0.512629976039747,1,Blocked
795,195,0,0.3918137289699782,0.5359472808762898,1,Blocked
796,196,0,0.07577670386641698,0.5426336761782211,1,Blocked
797,197,0,0.37751524632249545,0.48576023287676884,1,Blocked
798,198,0,0.6971543651003235,0.555357153212184,1,Blocked
799,199,0,0.18862028426628752,0.7538179240465875,1,Blocked
800,0,0,0.6335231489405576,0.4879846794358589,1,Interleaved
801,1,0,0.6356633200451982,0.8095207661087276,1,Interleaved
802,2,0,0.4160134134556955,1.0215446543835003,1,Interleaved
803,3,0,0.9518832912014208,0.6292936751086279,1,Interleaved
804,4,0,0.28646772911141777,0.9545988277732517,1,Interleaved
805,5,0,0.957609962526164,0.623916781582577,1,Interleaved
806,6,0,0.495446082691415,0.4672627666425707,1,Interleaved
807,7,0,0.5373765926572526,0.8019460227811184,1,Interleaved
808,8,0,0.5218012786750547,0.5529915557192322,1,Interleaved
809,9,0,0.12123129045614249,0.8798054269562119,1,Interleaved
810,10,0,0.7079125753896687,0.6533970392038178,1,Interleaved
811,11,0,0.43794979776572557,0.6681114172617013,1,Interleaved
812,12,0,0.9085175447601153,0.4359935189991675,1,Interleaved
813,13,0,0.4625548163062385,0.47063114839882836,1,Interleaved
814,14,0,0.4552683729806705,0.7129022655674883,1,Interleaved
815,15,0,0.5454376529516072,0.5005283108182685,1,Interleaved
816,16,0,0.8605258666036262,0.5557858238550024,1,Interleaved
817,17,0,0.20308771180860213,0.8849162170294514,1,Interleaved
818,18,0,0.5371998709228252,0.5336939311682962,1,Interleaved
819,19,0,0.14756697944169048,0.7983329590938306,1,Interleaved
820,20,0,0.49887527536644294,0.8557007398289005,1,Interleaved
821,21,0,0.2609394285371606,0.7024648229798831,1,Interleaved
822,22,0,0.41950816978845207,0.7696213658812221,1,Interleaved
823,23,0,0.9979640079659537,0.6842592217051235,1,Interleaved
824,24,0,0.36252984958550916,0.8368015581767954,1,Interleaved
825,25,0,0.9894315454919402,0.7147450439676222,1,Interleaved
826,26,0,0.5541502915353691,0.7122044323215644,1,Interleaved
827,27,0,0.6877119127094755,0.6832048694028954,1,Interleaved
828,28,0,0.4993657010012413,0.8377472096629759,1,Interleaved
829,29,0,0.6223306043451144,0.5524388169146219,1,Interleaved
830,30,0,0.4315290305027517,0.5151004989886815,1,Interleaved
831,31,0,0.7616235161625298,0.5338640974753055,1,Interleaved
832,32,0,0.18000772253450045,0.7063411562455878,1,Interleaved
833,33,0,0.6319116898759605,0.6475964109632306,1,Interleaved
834,34,0,0.7942269255909922,0.5811759110678963,1,Interleaved
835,35,0,0.6997320147842282,0.6153718058129098,1,Interleaved
836,36,0,0.6882087471739602,0.7856528732959578,1,Interleaved
837,37,0,0.5293771997968263,0.6757319892668832,1,Interleaved
838,38,0,0.5750794224638553,0.5026035174885044,1,Interleaved
839,39,0,0.9724715227993963,0.4012490489760568,1,Interleaved
840,40,0,0.2204565120514993,0.6158598344835899,1,Interleaved
841,41,0,0.9204713146097936,0.6233636530359248,1,Interleaved
842,42,0,0.47617937364132273,0.48413544455890406,1,Interleaved
843,43,0,0.9872860919305029,0.5553795977394388,1,Interleaved
844,44,0,0.6261841740152954,0.7965872959341289,1,Interleaved
845,45,0,0.9317606966914779,0.6548739937523012,1,Interleaved
846,46,0,0.5002164550656811,0.8108328390943738,1,Interleaved
847,47,0,0.790899515119233,0.7338394037006877,1,Interleaved
848,48,0,0.4914941513028014,1.0118201913103844,1,Interleaved
849,49,0,0.4614963129069721,0.9801002397671099,1,Interleaved
850,50,0,0.6170821673846714,0.8221854269244422,1,Interleaved
851,51,0,0.9287555541162088,0.9671514390259006,1,Interleaved
852,52,0,0.4760929404290482,0.6772544055369295,1,Interleaved
853,53,0,0.917062880713184,0.6967798159762069,1,Interleaved
854,54,0,0.6509718857482062,0.44580303758864126,1,Interleaved
855,55,0,0.9248422894293737,0.6168828979705281,1,Interleaved
856,56,0,0.5081906482166993,0.6506415031718682,1,Interleaved
857,57,0,0.37025285075023884,0.750346240890279,1,Interleaved
858,58,0,0.5605599521544509,0.7663151595030957,1,Interleaved
859,59,0,0.6204734914958457,0.7577557496867922,1,Interleaved
860,60,0,0.49543778005257627,0.7935997802777437,1,Interleaved
861,61,0,0.9988491430373218,1.6021944994890895,1,Interleaved
862,62,0,0.8069185110029373,0.6097814137791204,1,Interleaved
863,63,0,0.969969338918506,0.8557669235086306,1,Interleaved
864,64,0,0.5807946973042207,0.5310511776572654,1,Interleaved
865,65,0,0.9770792395616729,0.5167703569993553,1,Interleaved
866,66,0,0.49176340402059143,0.7691990566881647,1,Interleaved
867,67,0,0.5898613136953134,0.5737019190070285,1,Interleaved
868,68,0,0.5899974338491041,0.6780417924410389,1,Interleaved
869,69,0,0.6162090375926251,0.8785079972028311,1,Interleaved
870,70,0,0.5003917230987142,0.6870362010588683,1,Interleaved
871,71,0,0.3298128693759085,0.5475099254876428,1,Interleaved
872,72,0,0.43867241226688264,0.8841020886270394,1,Interleaved
873,73,0,0.03758223945740605,0.6171103195779556,1,Interleaved
874,74,0,0.9252059038482596,0.6705057146397493,1,Interleaved
875,75,0,0.5611669806920271,0.702157206887841,1,Interleaved
876,76,0,0.5530299099394587,0.7595823334676683,1,Interleaved
877,77,0,0.1389652355682416,0.6913654057981911,1,Interleaved
878,78,0,0.5033039859211175,0.6884826652484131,1,Interleaved
879,79,0,0.5032098974296895,0.6776339184035532,1,Interleaved
880,80,0,0.4903586629681345,0.620468892087803,1,Interleaved
881,81,0,0.9560874389890313,0.5252398805436486,1,Interleaved
882,82,0,0.9285202152131109,0.6059523663603089,1,Interleaved
883,83,0,0.28234487445621975,0.828446039093717,1,Interleaved
884,84,0,0.4910192362368987,0.6082478212252856,1,Interleaved
885,85,0,0.474938313839015,0.7415902572331576,1,Interleaved
886,86,0,0.39783456580783166,0.7762651412435728,1,Interleaved
887,87,0,0.8283590114798055,0.7119195122224995,1,Interleaved
888,88,0,0.4953850651106398,0.706489824720192,1,Interleaved
889,89,0,0.9541395426827666,1.8222735523678257,1,Interleaved
890,90,0,0.5182480323454908,0.7764818858059339,1,Interleaved
891,91,0,0.7580432697331869,0.7834450886963937,1,Interleaved
892,92,0,0.36282996787812305,0.715237323419702,1,Interleaved
893,93,0,0.7655032663335375,0.6372759473510313,1,Interleaved
894,94,0,0.5921891732200741,0.6750346380759225,1,Interleaved
895,95,0,0.3439281942324879,0.5987168046574383,1,Interleaved
896,96,0,0.4837804150702504,0.9726656002334911,1,Interleaved
897,97,0,0.0030535972762655494,0.8248834576684613,1,Interleaved
898,98,0,0.4970436475081907,0.5168135444217938,1,Interleaved
899,99,0,0.0015843459570007024,0.9869425619131327,1,Interleaved
900,100,0,0.14236213448090249,0.8998288212455055,1,Interleaved
901,101,0,0.5888531701519507,1.0118591496912515,1,Interleaved
902,102,0,0.4902196984271021,0.7069076006751176,1,Interleaved
903,103,0,0.9777652917165034,0.6048714521172336,1,Interleaved
904,104,0,0.7253930318015178,0.7063578961514807,1,Interleaved
905,105,0,0.6813610929950442,0.6001956168634168,1,Interleaved
906,106,0,0.5024651103933016,0.5820809882873318,1,Interleaved
907,107,0,0.11160610594081283,0.831862069921491,1,Interleaved
908,108,0,0.04168952877459149,0.7703885054347543,1,Interleaved
909,109,0,0.2464202060880901,0.728240674566095,1,Interleaved
910,110,0,0.6020181546879242,0.7385374690282017,1,Interleaved
911,111,0,0.8544688449451767,0.640904357742027,1,Interleaved
912,112,0,0.3674924936514605,0.663522318058873,1,Interleaved
913,113,0,0.6073252110970329,0.6796310870539901,1,Interleaved
914,114,0,0.4247060782327039,0.8479664430571606,1,Interleaved
915,115,0,0.053429743477768576,0.5502447960578258,1,Interleaved
916,116,0,0.9222164065124937,0.4901264470264022,1,Interleaved
917,117,0,0.6050188336246061,0.7356895553676128,1,Interleaved
918,118,0,0.48077890306613746,0.6116785317612272,1,Interleaved
919,119,0,0.5476634428035085,0.5615833627720175,1,Interleaved
920,120,0,0.5933981016746369,0.6811466078154751,1,Interleaved
921,121,0,0.37979084551418957,0.7672295041994411,1,Interleaved
922,122,0,0.3478169347017749,0.7236106335693819,1,Interleaved
923,123,0,0.9438692222682252,0.6349388413933604,1,Interleaved
924,124,0,0.5091562979542421,0.6413671470682669,1,Interleaved
925,125,0,0.9791042853801901,0.6048855512687373,1,Interleaved
926,126,0,0.5810765419928156,0.3917146447165655,1,Interleaved
927,127,0,0.3327601371967009,0.5941242595884973,1,Interleaved
928,128,0,0.39052800916535735,0.6025804829351302,1,Interleaved
929,129,0,0.6705568213674393,0.6857908708525626,1,Interleaved
930,130,0,0.508102362562458,0.7327954750559678,1,Interleaved
931,131,0,0.05393548606567418,0.7298486445918828,1,Interleaved
932,132,0,0.07020977205177452,0.7174150252476084,1,Interleaved
933,133,0,0.8368083076540512,0.7990125697317499,1,Interleaved
934,134,0,0.3209766654219957,0.6868465473627604,1,Interleaved
935,135,0,0.48301044104327473,0.7167754954389549,1,Interleaved
936,136,0,0.3802166361973068,0.7791062796122058,1,Interleaved
937,137,0,0.976521886758732,0.5286712064918855,1,Interleaved
938,138,0,0.7305547036619342,0.7112739797851515,1,Interleaved
939,139,0,0.022319275926747054,0.6884888764321853,1,Interleaved
940,140,0,0.7044632580358551,0.7194922316150105,1,Interleaved
941,141,0,0.027312317366855996,1.0537468816961688,1,Interleaved
942,142,0,0.4441983541700183,0.8397839516111174,1,Interleaved
943,143,0,0.23087240150283544,0.7870539539418868,1,Interleaved
944,144,0,0.5012027491054957,0.7251448700559865,1,Interleaved
945,145,0,0.8832610969437551,0.32998546616531327,1,Interleaved
946,146,0,0.37700427890336485,0.7543453933256792,1,Interleaved
947,147,0,0.411263310868531,0.5972262882014638,1,Interleaved
948,148,0,0.596393678800122,0.5947847940461264,1,Interleaved
949,149,0,0.5603995640415846,0.6986909759781683,1,Interleaved
950,150,0,0.8818736890071768,0.7637461786023906,1,Interleaved
951,151,0,0.4451777797546334,0.7046752756598558,1,Interleaved
952,152,0,0.5440255860335476,0.9202677257912252,1,Interleaved
953,153,0,0.40982142418550205,0.7319589542521832,1,Interleaved
954,154,0,0.5468293437656785,0.7015260443466974,1,Interleaved
955,155,0,0.9783699411046454,0.7787747551470642,1,Interleaved
956,156,0,0.4706110174258035,0.8779046178849113,1,Interleaved
957,157,0,0.020074685164082628,0.9256484867342938,1,Interleaved
958,158,0,0.4839955631306256,0.6042404000327639,1,Interleaved
959,159,0,0.06915838056994324,0.8810196428259812,1,Interleaved
960,160,0,0.39596621783562075,0.5510580663755741,1,Interleaved
961,161,0,0.7995577764131653,0.5469850965020735,1,Interleaved
962,162,0,0.4075823380836801,0.6090474038711262,1,Interleaved
963,163,0,0.8936637503670878,0.5252172180044845,1,Interleaved
964,164,0,0.17192692447823457,0.7325857576552889,1,Interleaved
965,165,0,0.4229676657818323,0.4189394048600754,1,Interleaved
966,166,0,0.6322726619939324,0.5813828011881247,1,Interleaved
967,167,0,0.8762053043216074,0.37139678285534183,1,Interleaved
968,168,0,0.7189138785420885,0.5902940031168861,1,Interleaved
969,169,0,0.8351580973886725,0.5865306837550006,1,Interleaved
970,170,0,0.3159336118453435,0.682374162041225,1,Interleaved
971,171,0,0.5116637213969262,0.8031881404452927,1,Interleaved
972,172,0,0.6951056846254207,0.8661418317088929,1,Interleaved
973,173,0,0.5363213553617074,0.5264917622926216,1,Interleaved
974,174,0,0.5046628089160001,0.6811887292620966,1,Interleaved
975,175,0,0.7859265318836062,0.5737747099696207,1,Interleaved
976,176,0,0.5667670274272931,0.5526497836824298,1,Interleaved
977,177,0,0.3523916803370554,0.6626253754983684,1,Interleaved
978,178,0,0.6243272939760903,0.5598147630176362,1,Interleaved
979,179,0,0.4888425203851688,0.688734410528544,1,Interleaved
980,180,0,0.6555978271213989,0.5606026312764882,1,Interleaved
981,181,0,0.8305452398007316,0.7357289290325046,1,Interleaved
982,182,0,0.838010871523198,0.48571773441669125,1,Interleaved
983,183,0,0.7902397839791664,0.39826164279772686,1,Interleaved
984,184,0,0.28904410278271225,0.6282672726910385,1,Interleaved
985,185,0,0.07293061286180043,0.7372773754693699,1,Interleaved
986,186,0,0.7480260130634211,0.577416676758997,1,Interleaved
987,187,0,0.995838026326769,0.37173701703467843,1,Interleaved
988,188,0,0.32430057432114406,0.8315947427780794,1,Interleaved
989,189,0,0.15709391416419316,0.7170738001809516,1,Interleaved
990,190,0,0.46285648225912857,0.7048771279559954,1,Interleaved
991,191,0,0.7066830422848067,0.5553829535704481,1,Interleaved
992,192,0,0.1859899506826007,0.6440863356621276,1,Interleaved
993,193,0,0.6055867846869741,0.8566761565523004,1,Interleaved
994,194,0,0.7991801969410347,0.5424807002951789,1,Interleaved
995,195,0,0.953696215492877,0.7037774892026913,1,Interleaved
996,196,0,0.9179328423476559,0.7149570669154983,1,Interleaved
997,197,0,0.13679232908681016,0.810930567598424,1,Interleaved
998,198,0,0.569435123283095,0.8124423523084152,1,Interleaved
999,199,0,0.5076950170336656,0.7238851480354955,1,Interleaved
1000,0,0,0.1003035371652187,0.8987413381720055,1,Instructed
1001,1,0,0.7353849161703251,1.0456888554776909,1,Instructed
1002,2,0,0.1406676494944891,1.0472592093216941,1,Instructed
1003,3,0,0.3348900269859394,0.9569582924009974,1,Instructed
1004,4,0,0.8168698897170372,0.8870458706200965,1,Instructed
1005,5,0,0.47942425722187204,0.4674274358372695,1,Instructed
1006,6,0,0.937789272332622,0.7390993310194429,1,Instructed
1007,7,0,0.5841171273007303,0.6656000983192917,1,Instructed
1008,8,0,0.2425767373801507,0.8428066683707138,1,Instructed
1009,9,0,0.9420191941729896,3.4522048488069763,1,Instructed
1010,10,0,0.5383855407148801,0.7397071421889649,1,Instructed
1011,11,0,0.6788635832726653,0.7908695282935665,1,Instructed
1012,12,0,0.996513203333304,0.6631818159071545,1,Instructed
1013,13,0,0.44759678524667745,0.38830425088947673,1,Instructed
1014,14,0,0.5872262975613283,1.090943801240861,1,Instructed
1015,15,0,0.5297522935155945,0.8784951827424622,1,Instructed
1016,16,0,0.821337703365127,0.585498396446304,1,Instructed
1017,17,0,0.950628915515151,0.5508098701358496,1,Instructed
1018,18,0,0.00016549646875183347,1.3864223350203884,1,Instructed
1019,19,0,0.20710800327478937,0.8065997707481407,1,Instructed
1020,20,0,0.9024200426731687,0.8575901241886743,1,Instructed
1021,21,0,0.013260486740390789,0.6821055155985124,1,Instructed
1022,22,0,0.3455135480555419,0.5533494202192966,1,Instructed
1023,23,0,0.03298567407199686,0.9987378079097026,1,Instructed
1024,24,0,0.603219456272816,0.6868392389747786,1,Instructed
1025,25,0,0.17422057711732336,0.6205288082075386,1,Instructed
1026,26,0,0.36377644804405146,0.686531011223769,1,Instructed
1027,27,0,0.4463280437183142,0.6762951172219236,1,Instructed
1028,28,0,0.9954586802408067,0.7308499847186103,1,Instructed
1029,29,0,0.2001836362016431,0.6733731788455222,1,Instructed
1030,30,0,0.30736572566343223,0.5574077661979498,1,Instructed
1031,31,0,0.5646428699121793,0.6033946065182485,1,Instructed
1032,32,0,0.9510453443254254,0.4250617259632133,1,Instructed
1033,33,0,0.7759239179912519,2.7859478669073066,1,Instructed
1034,34,0,0.5205562684769728,0.5729348965044363,1,Instructed
1035,35,0,0.33304910828809753,0.9639132515291409,1,Instructed
1036,36,0,0.7404119132411561,0.8415369997222049,1,Instructed
1037,37,0,0.6844132385603845,0.49003801980568645,1,Instructed
1038,38,0,0.5032338038674177,0.7967799162109724,1,Instructed
1039,39,0,0.5517967636106998,0.818719790313154,1,Instructed
1040,40,0,0.0309890259152276,0.5977735770241142,1,Instructed
1041,41,0,0.10937062272700493,0.8956495110291577,1,Instructed
1042,42,0,0.54722986230887,0.6992376511431191,1,Instructed
1043,43,0,0.5093655384927789,0.5816733164544416,1,Instructed
1044,44,0,0.2460354145686156,0.9395728611639038,1,Instructed
1045,45,0,0.8316572032866678,0.669981340967549,1,Instructed
1046,46,0,0.4304689718007954,0.5839376968958622,1,Instructed
1047,47,0,0.6912127512071693,0.6392342035171787,1,Instructed
1048,48,0,0.581517420066039,0.7218263850885027,1,Instructed
1049,49,0,0.21589576561866128,0.6402532105024039,1,Instructed
1050,50,0,0.6702279939070905,0.5939617322393347,1,Instructed
1051,51,0,0.7236264277301654,0.5912980345989054,1,Instructed
1052,52,0,0.009557391111817729,0.6158924366807368,1,Instructed
1053,53,0,0.7644783325316876,0.5828546977737639,1,Instructed
1054,54,0,0.11177103017767774,0.8382415011387949,1,Instructed
1055,55,0,0.501835617477081,0.7658549040244622,1,Instructed
1056,56,0,0.025028948835817272,0.7557820400081439,1,Instructed
1057,57,0,0.4022308918325596,0.5662436419452026,1,Instructed
1058,58,0,0.11851199214252707,0.8588795938438971,1,Instructed
1059,59,0,0.4861412138575822,0.8041455698670756,1,Instructed
1060,60,0,0.48155226926006023,0.7877395082541958,1,Instructed
1061,61,0,0.4825491486335712,0.5711702827733207,1,Instructed
1062,62,0,0.6592731346572964,0.7231862877539152,1,Instructed
1063,63,0,0.9819983657357982,0.6543795722109508,1,Instructed
1064,64,0,0.6236531099476454,0.6811731951209719,1,Instructed
1065,65,0,0.4969722802742933,0.8829038923937856,1,Instructed
1066,66,0,0.2447398808581967,0.9053597604011643,1,Instructed
1067,67,0,0.4994988132725397,1.0219908560241449,1,Instructed
1068,68,0,0.9192247532240567,0.6322462836763025,1,Instructed
1069,69,0,0.49501131030233714,0.5166821485138477,1,Instructed
1070,70,0,0.6894111472679361,0.8283812993230466,1,Instructed
1071,71,0,0.6730503886873782,0.8367398983502239,1,Instructed
1072,72,0,0.3270755240546591,0.8574491745619958,1,Instructed
1073,73,0,0.3529593623674054,0.6009735145430806,1,Instructed
1074,74,0,0.5505707080714879,0.7324298445600261,1,Instructed
1075,75,0,0.6289893074216913,0.5457377895268845,1,Instructed
1076,76,0,0.5264242885213697,0.6971671150290096,1,Instructed
1077,77,0,0.26742914383775523,0.6662523823301184,1,Instructed
1078,78,0,0.4640054857671749,0.9072015097917925,1,Instructed
1079,79,0,0.8970309180032527,0.6426847306897061,1,Instructed
1080,80,0,0.6643145892040613,0.7343243636934849,1,Instructed
1081,81,0,0.35983613674653675,0.7541506943022016,1,Instructed
1082,82,0,0.11067492765889186,0.5793395124196532,1,Instructed
1083,83,0,0.49574979744789005,0.6264220212563436,1,Instructed
1084,84,0,0.7231049911427911,0.8885167090281948,1,Instructed
1085,85,0,0.23995284704574055,0.6229904815465082,1,Instructed
1086,86,0,0.32833329034208864,0.6086335030298193,1,Instructed
1087,87,0,0.9999821693043252,1.720441520487991,1,Instructed
1088,88,0,0.1951731827624136,0.8315757184811823,1,Instructed
1089,89,0,0.5255941945604191,0.8810725441553204,1,Instructed
1090,90,0,0.9374462970782624,0.7646868530995564,1,Instructed
1091,91,0,0.3733719448899676,0.5340652939088879,1,Instructed
1092,92,0,0.4205637393298845,0.8654220442970552,1,Instructed
1093,93,0,0.08777313157952038,0.899509462943674,1,Instructed
1094,94,0,0.033351387454511806,0.7539678231552932,1,Instructed
1095,95,0,0.5114380629970068,0.4175736698117885,1,Instructed
1096,96,0,0.01266152338285212,0.8814476195825472,1,Instructed
1097,97,0,0.4184139020816578,0.8916188031741932,1,Instructed
1098,98,0,0.8695129649640938,0.7539951081027116,1,Instructed
1099,99,0,0.4542061834716718,0.5815780908838788,1,Instructed
1100,100,0,0.6501537938042499,0.8894789816105788,1,Instructed
1101,101,0,0.6931508164133251,0.8322155858170734,1,Instructed
1102,102,0,0.043292999620157833,0.7778781927770265,1,Instructed
1103,103,0,0.5721561488235735,0.7390949093922757,1,Instructed
1104,104,0,0.9855394815064407,0.5942893132640041,1,Instructed
1105,105,0,0.3956271413090259,1.291724665610778,1,Instructed
1106,106,0,0.9502011858956663,0.603584771069405,1,Instructed
1107,107,0,0.44052171085073594,0.8402805757019984,1,Instructed
1108,108,0,0.8053578712333093,0.7091257532523059,1,Instructed
1109,109,0,0.5887236870592946,0.4403209540620712,1,Instructed
1110,110,0,0.019796716505968606,0.8780237915773283,1,Instructed
1111,111,0,0.49801320232636226,0.745401278981208,1,Instructed
1112,112,0,0.34778184916114063,0.7796190555886986,1,Instructed
1113,113,0,0.4928618016488196,0.9292208918536803,1,Instructed
1114,114,0,0.2912770767815509,0.7738470760533219,1,Instructed
1115,115,0,0.6139377782869755,0.637042953459571,1,Instructed
1116,116,0,0.2025999933030729,0.7589501312041502,1,Instructed
1117,117,0,0.24160523880704882,0.6636830979440287,1,Instructed
1118,118,0,0.5571957043810574,0.6315280197730206,1,Instructed
1119,119,0,0.4095042264610196,1.3388347353391556,1,Instructed
1120,120,0,0.008410220889524532,0.7909220482659539,1,Instructed
1121,121,0,0.5053210812243335,0.7257436254204876,1,Instructed
1122,122,0,0.044259660567150125,0.9375375251470988,1,Instructed
1123,123,0,0.8386859457650709,0.566408521938512,1,Instructed
1124,124,0,0.6911364083297993,0.4918123258570172,1,Instructed
1125,125,0,0.38238683768745724,0.5058916457225773,1,Instructed
1126,126,0,0.8485958774972153,0.5498366646670858,1,Instructed
1127,127,0,0.5283570429229888,1.1282873114402812,1,Instructed
1128,128,0,0.46983355646154173,0.8819571392367039,1,Instructed
1129,129,0,0.60832963206847,0.7018095542855636,1,Instructed
1130,130,0,0.024468619236836783,0.6058055869684171,1,Instructed
1131,131,0,0.2331772861396259,0.5252403701126157,1,Instructed
1132,132,0,0.001611396777615121,0.947648457590509,1,Instructed
1133,133,0,0.6043017942595625,0.635419273403957,1,Instructed
1134,134,0,0.7754548904904878,0.7123843194362525,1,Instructed
1135,135,0,0.5807183701754752,0.5781488607226122,1,Instructed
1136,136,0,0.9743142589713084,0.34343141272912925,1,Instructed
1137,137,0,0.4286947463626177,0.7540541931841618,1,Instructed
1138,138,0,0.5039443046188261,1.0709975850095281,1,Instructed
1139,139,0,0.6560767736331821,0.7320810701718059,1,Instructed
1140,140,0,0.8606586382609909,0.5844264497044469,1,Instructed
1141,141,0,0.5830157043355355,2.22988948172447,1,Instructed
1142,142,0,0.26844074935629625,0.8382096125772545,1,Instructed
1143,143,0,0.4402221962797567,0.7665118435729361,1,Instructed
1144,144,0,0.49791831744090825,0.9092463149864298,1,Instructed
1145,145,0,0.9946608494922157,1.3138798447920232,1,Instructed
1146,146,0,0.9504854569751886,0.7801339061944984,1,Instructed
1147,147,0,0.953698714716954,0.6834942869629983,1,Instructed
1148,148,0,0.41845803088150885,0.7174907895440368,1,Instructed
1149,149,0,0.9132150051456172,0.4935089329502399,1,Instructed
1150,150,0,0.5061844126999335,0.7378962052262565,1,Instructed
1151,151,0,0.45669804961822635,0.6535691768512608,1,Instructed
1152,152,0,0.433166355470058,0.5023667484630704,1,Instructed
1153,153,0,0.8642034193844765,0.7503711230186991,1,Instructed
1154,154,0,0.2566791618591826,0.8767340595856643,1,Instructed
1155,155,0,0.9001255414731346,0.5193451534995314,1,Instructed
1156,156,0,0.39069515203479405,0.7890022146038498,1,Instructed
1157,157,0,0.5005594097907927,0.6666955641051212,1,Instructed
1158,158,0,0.9745326918529367,0.5847880086966307,1,Instructed
1159,159,0,0.4585578548404625,0.7566622460836625,1,Instructed
1160,160,0,0.7218134408666756,0.6699942617137657,1,Instructed
1161,161,0,0.757943743999755,0.5033008559563452,1,Instructed
1162,162,0,0.14945393526193484,0.8552844973265232,1,Instructed
1163,163,0,0.3683894840518682,0.7380574874772697,1,Instructed
1164,164,0,0.5310230506259921,0.6032333555157174,1,Instructed
1165,165,0,0.45952650359773445,0.539562382091951,1,Instructed
1166,166,0,0.024052115564632527,1.0975632392661159,1,Instructed
1167,167,0,0.39009887952432915,0.7778952704167535,1,Instructed
1168,168,0,0.7312741772076301,0.5605713829126533,1,Instructed
1169,169,0,0.06529479631171925,0.6058344218772194,1,Instructed
1170,170,0,0.1697396653271927,0.7133681102739609,1,Instructed
1171,171,0,0.5759548847352972,0.5910474616562672,1,Instructed
1172,172,0,0.09953358783038431,0.5856910890272574,1,Instructed
1173,173,0,0.17763014851124476,0.7432436537316385,1,Instructed
1174,174,0,0.1920117997875223,0.7360291087034825,1,Instructed
1175,175,0,0.009456804693982617,0.6838217264563908,1,Instructed
1176,176,0,0.5433166595732339,0.5367465728568412,1,Instructed
1177,177,0,0.8113481750773978,0.9884482558816716,1,Instructed
1178,178,0,0.7037778773557971,0.6550564317095607,1,Instructed
1179,179,0,0.1235658416211205,0.7008192775135098,1,Instructed
1180,180,0,0.6734591814756219,0.6850562532829778,1,Instructed
1181,181,0,0.5994411610987143,0.7357780187929777,1,Instructed
1182,182,0,0.5682739608553997,0.7488752498581068,1,Instructed
1183,183,0,0.8011410994131755,0.34187014625900036,1,Instructed
1184,184,0,0.16345735876423514,1.0228698346017122,1,Instructed
1185,185,0,0.6731420730988316,0.40935713244703853,1,Instructed
1186,186,0,0.6476352798039889,0.9570627727750232,1,Instructed
1187,187,0,0.8673812800869872,0.6244501190196374,1,Instructed
1188,188,0,0.8505690716117182,0.971431946752584,1,Instructed
1189,189,0,0.5048075888279064,0.9050596203053896,1,Instructed
1190,190,0,0.2502813729628628,0.5076304655287708,1,Instructed
1191,191,0,0.06796896695433355,0.7701962325400072,1,Instructed
1192,192,0,0.16116491319336704,1.6125682267843318,1,Instructed
1193,193,0,0.6363798167694272,0.7502519987543822,1,Instructed
1194,194,0,0.5339772148338175,0.7905157647240033,1,Instructed
1195,195,0,0.6530929316987129,0.5093642085491311,1,Instructed
1196,196,0,0.43262277313978903,0.6256230381241714,1,Instructed
1197,197,0,0.32384291156746026,0.8457743265474124,1,Instructed
1198,198,0,0.8786364866205592,0.6961372513590519,1,Instructed
1199,199,0,0.48378504127349137,0.6960985271451984,1,Instructed
