,t,e_hat,Accuracy,pe,batch,Condition
0,0,0,0.6834591851043875,0.8408239135946065,0,Blocked
1,1,0,0.030607446172540617,0.81953778265525,0,Blocked
2,2,0,0.10604377008238078,0.8121272994773164,0,Blocked
3,3,0,0.6972597610638079,0.744029254498412,0,Blocked
4,4,0,0.8081079035511665,0.535549281301851,0,Blocked
5,5,0,0.05043156927898298,0.6433995140833781,0,Blocked
6,6,0,0.8897033653770386,0.47033437478235796,0,Blocked
7,7,0,0.3159463191667597,0.6737479647833008,0,Blocked
8,8,0,0.5052668261576976,0.48515320646542426,0,Blocked
9,9,0,0.2710492620259774,0.6203295069631365,0,Blocked
10,10,0,0.5501828892356229,0.5605997915505427,0,Blocked
11,11,0,0.9182193065730426,0.5399396996595303,0,Blocked
12,12,0,0.04616954424371684,0.5449896006884463,0,Blocked
13,13,0,0.8867266070328399,0.4294527406808648,0,Blocked
14,14,0,0.5507822956115591,0.6494450646710712,0,Blocked
15,15,0,0.49146375504010636,0.5264947737734305,0,Blocked
16,16,0,0.4391467819657105,0.5814174140558894,0,Blocked
17,17,0,0.4276650274754349,0.6984394900348481,0,Blocked
18,18,0,0.7027187601718939,0.5864987348854902,0,Blocked
19,19,0,0.3952824994369169,0.6644515401015381,0,Blocked
20,20,0,0.4960425569951483,0.6725014177242549,0,Blocked
21,21,0,0.5456701807846579,0.5382107157255976,0,Blocked
22,22,0,0.7638334490247131,0.36157014020589584,0,Blocked
23,23,0,0.438539615981712,0.5285751237240597,0,Blocked
24,24,0,0.6049077108512511,0.4275138920917191,0,Blocked
25,25,0,0.3868703836397063,0.6477388229571512,0,Blocked
26,26,0,0.7218596774460813,0.24786846667874887,0,Blocked
27,27,0,0.355930874074726,0.4524680378099336,0,Blocked
28,28,0,0.5451023418574061,0.3950876779914566,0,Blocked
29,29,0,0.8532755671680843,0.38996063747413834,0,Blocked
30,30,0,0.7274816315832436,0.47432307572797205,0,Blocked
31,31,0,0.9490845778713497,0.5599060022811594,0,Blocked
32,32,0,0.2704548710995016,0.5746734648553564,0,Blocked
33,33,0,0.6808133141783828,0.4610970805658209,0,Blocked
34,34,0,0.5342056456979019,0.5262164179438844,0,Blocked
35,35,0,0.6250836758603566,0.4245884770885978,0,Blocked
36,36,0,0.46958957490928904,0.519085782181277,0,Blocked
37,37,0,0.6417907665636551,0.5847658925966684,0,Blocked
38,38,0,0.5186882281438541,0.4823222578611818,0,Blocked
39,39,0,0.8813687554997738,0.6397971321325333,0,Blocked
40,40,0,0.3790548675424235,0.4843151634298906,0,Blocked
41,41,0,0.6594454546200282,0.5830241606443503,0,Blocked
42,42,0,0.8638250168850914,0.4904348767290411,0,Blocked
43,43,0,0.9588777845943923,0.8364027297698668,0,Blocked
44,44,0,0.09272429835109583,0.4583413115110051,0,Blocked
45,45,0,0.4976329787196979,0.6851575407563881,0,Blocked
46,46,0,0.7171190466622962,0.35445765534636375,0,Blocked
47,47,0,0.2342218892007692,0.8444186589342604,0,Blocked
48,48,0,0.21357050727623617,0.7164750325850919,0,Blocked
49,49,0,0.9939351283929663,0.48650894022129487,0,Blocked
50,50,0,0.9948705906883922,0.5882882171518452,0,Blocked
51,51,0,0.9700116188426792,0.37049123433647724,0,Blocked
52,52,0,0.2715963378491687,0.5002180587128281,0,Blocked
53,53,0,0.3436190573562605,0.4906301735197651,0,Blocked
54,54,0,0.46756873522880515,0.36764183399915484,0,Blocked
55,55,0,0.08271422892279301,0.5960944024283513,0,Blocked
56,56,0,0.3141026435799749,0.6651694406332553,0,Blocked
57,57,0,0.3169852977639268,0.7583766609488136,0,Blocked
58,58,0,0.6995745171895935,0.623029562690212,0,Blocked
59,59,0,0.1595276842669549,0.5632636006340153,0,Blocked
60,60,0,0.30298906698565276,0.41821273446849627,0,Blocked
61,61,0,0.12431801352938389,0.5406183392172323,0,Blocked
62,62,0,0.17523598143012775,0.5570873498758198,0,Blocked
63,63,0,0.2766712828877097,0.6713517707733413,0,Blocked
64,64,0,0.2876443045751798,0.5189188962120641,0,Blocked
65,65,0,0.6881911904057909,0.5231310935002236,0,Blocked
66,66,0,0.523507465290672,0.6331552536659538,0,Blocked
67,67,0,0.6807374152779841,0.5401798505080122,0,Blocked
68,68,0,0.15474884780452358,0.5158928332868808,0,Blocked
69,69,0,0.3561471414344937,0.7150392390863736,0,Blocked
70,70,0,0.566651261902236,0.36396935947450043,0,Blocked
71,71,0,0.2594803355914823,0.6822525625271709,0,Blocked
72,72,0,0.3623784106062486,0.6529366194293003,0,Blocked
73,73,0,0.5258345516270506,0.8191958668463659,0,Blocked
74,74,0,0.8061833958143629,0.6080783182435425,0,Blocked
75,75,0,0.7325780142248721,0.5095950313702344,0,Blocked
76,76,0,0.906642332605778,0.47631696535363166,0,Blocked
77,77,0,0.12372708565266088,0.6480081267942528,0,Blocked
78,78,0,0.14602994273044048,0.5084349011059801,0,Blocked
79,79,0,0.5576234417371586,0.552169606590857,0,Blocked
80,80,0,0.905025266375697,0.3987021465022748,0,Blocked
81,81,0,0.7048010189147798,0.5025002617591474,0,Blocked
82,82,0,0.535572932601961,0.5535675605301072,0,Blocked
83,83,0,0.4432102034779826,0.5501769433716851,0,Blocked
84,84,0,0.7207075085549108,0.567834961289951,0,Blocked
85,85,0,0.6270661148223342,0.3304033110308028,0,Blocked
86,86,0,0.4787343368513563,0.6775566656986471,0,Blocked
87,87,0,0.3541102387616584,0.5286653643912491,0,Blocked
88,88,0,0.5962272906641487,0.4496362015152123,0,Blocked
89,89,0,0.5085551445611509,0.599851232600885,0,Blocked
90,90,0,0.518130097548156,0.5518660536651279,0,Blocked
91,91,0,0.458092130991536,0.4607567539024886,0,Blocked
92,92,0,0.5969980791838385,0.5212385902177695,0,Blocked
93,93,0,0.8797553197345471,0.5264879279193564,0,Blocked
94,94,0,0.05233640595442657,0.5986953192357551,0,Blocked
95,95,0,0.8652728732509197,0.425683426036201,0,Blocked
96,96,0,0.6561221394362395,0.5963158324329774,0,Blocked
97,97,0,0.5036253843526155,0.6270465904589917,0,Blocked
98,98,0,0.3707001787041489,0.6213661283044224,0,Blocked
99,99,0,0.3338524743675726,0.6407089290595184,0,Blocked
100,100,0,0.4799536756616468,0.5140396270081443,0,Blocked
101,101,0,0.2859906155613071,0.6129729448433233,0,Blocked
102,102,0,0.6047195819797722,0.45228310084407297,0,Blocked
103,103,0,0.234189166948334,0.7119400202336792,0,Blocked
104,104,0,0.243630115565109,0.4983005506596376,0,Blocked
105,105,0,0.4510359454019406,0.5199121772708095,0,Blocked
106,106,0,0.8439858463879735,0.5002972551071354,0,Blocked
107,107,0,0.7924488760227764,0.3928380833320849,0,Blocked
108,108,0,0.8256423711740345,0.4480474112015069,0,Blocked
109,109,0,0.15750182139954666,0.5905283086975814,0,Blocked
110,110,0,0.38035907937485475,0.5554364076694731,0,Blocked
111,111,0,0.19415098102564882,0.5524059667644319,0,Blocked
112,112,0,0.9897048453615926,0.5695395057829582,0,Blocked
113,113,0,0.49714956145128253,0.5148865819949228,0,Blocked
114,114,0,0.48345517976193925,0.5432931723116057,0,Blocked
115,115,0,0.9018275385239211,0.5656652073408354,0,Blocked
116,116,0,0.5099968394728981,0.6270093902704275,0,Blocked
117,117,0,0.33553088710487766,0.4264756115787256,0,Blocked
118,118,0,0.5626480758957537,0.6616265824118526,0,Blocked
119,119,0,0.44888662939963686,0.5406008228440541,0,Blocked
120,120,0,0.9357020211786569,0.5335440259562427,0,Blocked
121,121,0,0.9907531315489412,0.3971711896251121,0,Blocked
122,122,0,0.020704195473378824,0.5161761987618996,0,Blocked
123,123,0,0.7236938524856177,0.41728312501684317,0,Blocked
124,124,0,0.5208805250341604,0.7377205778262633,0,Blocked
125,125,0,0.3467991800665825,0.37668322384760167,0,Blocked
126,126,0,0.06302371758157475,0.7745407293635086,0,Blocked
127,127,0,0.648345355210814,0.5659689411265151,0,Blocked
128,128,0,0.9332564779325598,0.5230259734401947,0,Blocked
129,129,0,0.9832426085699092,0.6613042707906173,0,Blocked
130,130,0,0.009227916666946029,0.6281626711445918,0,Blocked
131,131,0,0.19537698635519662,0.6116176918038518,0,Blocked
132,132,0,0.47906794663113705,0.779250161697971,0,Blocked
133,133,0,0.9394024352330879,0.5099244522071239,0,Blocked
134,134,0,0.27713538759321876,0.5402922378543192,0,Blocked
135,135,0,0.33346981739156417,0.6816642771173949,0,Blocked
136,136,0,0.22477815250584893,0.4600187654770963,0,Blocked
137,137,0,0.23117142852429284,0.6541329506184548,0,Blocked
138,138,0,0.940778141578466,0.5137569955058883,0,Blocked
139,139,0,0.8492099559847693,0.7356036828096562,0,Blocked
140,140,0,0.0959982255764113,0.4604732201054337,0,Blocked
141,141,0,0.18188640794727132,0.4885234920890965,0,Blocked
142,142,0,0.44178202682191076,0.619358360030966,0,Blocked
143,143,0,0.5065136807489271,0.47098047742155624,0,Blocked
144,144,0,0.5780278823320708,0.6655084118308806,0,Blocked
145,145,0,0.39416630417223986,0.49828838161655353,0,Blocked
146,146,0,0.6785828672592068,0.48722943392016593,0,Blocked
147,147,0,0.34222135743000315,0.45165923346401987,0,Blocked
148,148,0,0.9239414096181398,0.49569607412771927,0,Blocked
149,149,0,0.9547321565220122,0.4083067184376797,0,Blocked
150,150,0,0.9935106714635906,0.47969190520744004,0,Blocked
151,151,0,0.011746691122019868,0.7338369583138002,0,Blocked
152,152,0,0.8417356058295812,0.457254714450927,0,Blocked
153,153,0,0.5000045843553538,0.49287829731049093,0,Blocked
154,154,0,0.6398094918472921,0.5476610799903867,0,Blocked
155,155,0,0.4419786010979365,0.3474572512060428,0,Blocked
156,156,0,0.6808672660037922,0.45579027096483704,0,Blocked
157,157,0,0.7059944737826347,0.5400251627086412,0,Blocked
158,158,0,0.9071304851598044,0.5155787902651546,0,Blocked
159,159,0,0.931198743178427,0.5122213967961726,0,Blocked
160,160,0,0.5262813560987668,0.5212691452077427,0,Blocked
161,161,0,0.6924366020926912,0.5845090703971345,0,Blocked
162,162,0,0.7785307325149919,0.6632820620459411,0,Blocked
163,163,0,0.12145917337477734,0.5851103429115148,0,Blocked
164,164,0,0.7824264596032371,0.41994357403987254,0,Blocked
165,165,0,0.5653917594461972,0.6625102725588767,0,Blocked
166,166,0,0.3429189532930741,0.508107328963971,0,Blocked
167,167,0,0.6458875703337897,0.6352124145825637,0,Blocked
168,168,0,0.41902737892330555,0.8183039033695324,0,Blocked
169,169,0,0.8748736310846561,0.27325570688070244,0,Blocked
170,170,0,0.958127388203597,0.5269570945232078,0,Blocked
171,171,0,0.7131050034017175,0.4016331543634608,0,Blocked
172,172,0,0.48155128655889196,0.592514047292245,0,Blocked
173,173,0,0.9097268853664897,0.6485581476768159,0,Blocked
174,174,0,0.4352582292980566,0.5508320336599278,0,Blocked
175,175,0,0.3614377108937546,0.7314735599490034,0,Blocked
176,176,0,0.8537913445949683,0.46462082750437206,0,Blocked
177,177,0,0.33501866761745847,0.522700408006099,0,Blocked
178,178,0,0.9498894124545594,0.8295607204109601,0,Blocked
179,179,0,0.11793953674329577,0.7059663743584634,0,Blocked
180,180,0,0.4683206140633373,0.5885665360039283,0,Blocked
181,181,0,0.5790030653107963,0.6481322833519094,0,Blocked
182,182,0,0.40543061453226487,0.5691671045141754,0,Blocked
183,183,0,0.46710901821642525,0.5517673393584162,0,Blocked
184,184,0,0.4746433757470262,0.7489170672194246,0,Blocked
185,185,0,0.5612228828836636,0.5085798355352387,0,Blocked
186,186,0,0.49101584331895554,0.46564493093642645,0,Blocked
187,187,0,0.12018344958316901,0.6056789701153178,0,Blocked
188,188,0,0.3057902045824953,0.44836661740828665,0,Blocked
189,189,0,0.4205682288020962,0.5922117310317729,0,Blocked
190,190,0,0.15979823502972884,0.7437086420404642,0,Blocked
191,191,0,0.9563484309521504,0.5604527741801053,0,Blocked
192,192,0,0.0388047119374988,0.701998161556243,0,Blocked
193,193,0,0.9405947982347911,0.6652791690982076,0,Blocked
194,194,0,0.722504285447586,0.5656045983713811,0,Blocked
195,195,0,0.9213597182757867,0.7079255197193715,0,Blocked
196,196,0,0.020183292215331612,0.6301834244664514,0,Blocked
197,197,0,0.9688526783908356,0.5191549076047524,0,Blocked
198,198,0,0.6618908162047157,0.37929923126343335,0,Blocked
199,199,0,0.39191727526800924,0.37834568753733144,0,Blocked
200,0,0,0.4543675204998257,0.855774509336467,0,Interleaved
201,1,0,0.5829606675646591,0.7586204054847274,0,Interleaved
202,2,0,0.6135461627112518,0.5333963820950256,0,Interleaved
203,3,0,0.5994141321999673,0.4436323777427592,0,Interleaved
204,4,0,0.7414782208922941,0.5737828029990217,0,Interleaved
205,5,0,0.5230648883077446,0.5678662330828647,0,Interleaved
206,6,0,0.2919086243265517,0.6328358894567828,0,Interleaved
207,7,0,0.9364773104382234,0.4971959511702003,0,Interleaved
208,8,0,0.772267101979417,0.738510680667565,0,Interleaved
209,9,0,0.5002255515077271,0.5588183482329847,0,Interleaved
210,10,0,0.48993153083896535,0.7255775053234048,0,Interleaved
211,11,0,0.2822088345260959,0.7642102710120882,0,Interleaved
212,12,0,0.9818187244119301,0.5977536944961335,0,Interleaved
213,13,0,0.682786595721738,0.5077851867651787,0,Interleaved
214,14,0,0.5555990500515563,0.6497247442641576,0,Interleaved
215,15,0,0.1673053110396751,0.6384949692259758,0,Interleaved
216,16,0,0.7096320472087958,0.564911567736976,0,Interleaved
217,17,0,0.9489412591809678,0.6580166707545273,0,Interleaved
218,18,0,0.6126570875129788,0.5447743211720791,0,Interleaved
219,19,0,0.4766562360379686,0.6475222560172027,0,Interleaved
220,20,0,0.4025277713454881,0.6962728710429449,0,Interleaved
221,21,0,0.03611753861399007,0.8549983943066528,0,Interleaved
222,22,0,0.17722792896834896,0.6709683542500418,0,Interleaved
223,23,0,0.12135281901529357,0.7933490350809065,0,Interleaved
224,24,0,0.3465086223334053,0.5446402546413117,0,Interleaved
225,25,0,0.32301175523751463,0.554200191059141,0,Interleaved
226,26,0,0.36684904227250725,0.599229310268363,0,Interleaved
227,27,0,0.9433151644102611,0.5390543027307722,0,Interleaved
228,28,0,0.498094257382593,0.5498457572043969,0,Interleaved
229,29,0,0.6241204915638263,0.489815799589261,0,Interleaved
230,30,0,0.9166132140210148,0.3977764777768993,0,Interleaved
231,31,0,0.19951028477057828,0.7027377793614358,0,Interleaved
232,32,0,0.5024343900202308,0.6153394327110705,0,Interleaved
233,33,0,0.49350362700637457,0.43257248617843513,0,Interleaved
234,34,0,0.6737020529836167,0.44132973044488655,0,Interleaved
235,35,0,0.645231263682227,0.518879460655701,0,Interleaved
236,36,0,0.3261790569550296,0.48310948005834964,0,Interleaved
237,37,0,0.4707598619763058,0.657032034646238,0,Interleaved
238,38,0,0.7418326258315526,0.5393465027901454,0,Interleaved
239,39,0,0.05161197375440829,0.7271172114874893,0,Interleaved
240,40,0,0.6038976024894185,0.6739098851738838,0,Interleaved
241,41,0,0.11279514825240569,0.5848325731472797,0,Interleaved
242,42,0,0.502086999816802,0.5951033108239299,0,Interleaved
243,43,0,0.8716616646879344,0.5430136317820071,0,Interleaved
244,44,0,0.6582739423412547,0.5304995251707563,0,Interleaved
245,45,0,0.7328705842805969,0.41628338050120983,0,Interleaved
246,46,0,0.9253903562044985,0.4942734919082429,0,Interleaved
247,47,0,0.5046585136850563,0.45888701503097684,0,Interleaved
248,48,0,0.1394282956335198,0.6563961432102582,0,Interleaved
249,49,0,0.38797583752721027,0.46048506109297094,0,Interleaved
250,50,0,0.6625602420211905,0.5051351845413837,0,Interleaved
251,51,0,0.1532064680117765,0.46477400562042914,0,Interleaved
252,52,0,0.5720872630989033,0.43210701916529326,0,Interleaved
253,53,0,0.03609119136888268,0.7794415150246015,0,Interleaved
254,54,0,0.33055461628983884,0.7470318276944143,0,Interleaved
255,55,0,0.9635324472304376,0.5603740700641974,0,Interleaved
256,56,0,0.54794719575413,0.6104214513235906,0,Interleaved
257,57,0,0.4571894508306554,0.5107328426664456,0,Interleaved
258,58,0,0.9523114682908864,0.5601244745918578,0,Interleaved
259,59,0,0.6965582363042873,0.502056234832776,0,Interleaved
260,60,0,0.5104807374006277,0.5237267952961453,0,Interleaved
261,61,0,0.9829896187315046,0.5567912949642441,0,Interleaved
262,62,0,0.8001467692932935,0.4309726316570711,0,Interleaved
263,63,0,0.24995406248127627,0.6282675953726331,0,Interleaved
264,64,0,0.6202587104839372,0.4031384322527767,0,Interleaved
265,65,0,0.24306822357806274,0.6534986870076669,0,Interleaved
266,66,0,0.7449352287570079,0.6839981839200324,0,Interleaved
267,67,0,0.3468596741865089,0.5960331467587415,0,Interleaved
268,68,0,0.7578084466219042,0.7469178313026211,0,Interleaved
269,69,0,0.499301671962021,0.4429084621296052,0,Interleaved
270,70,0,0.37521297048984154,0.6024679390734098,0,Interleaved
271,71,0,0.578688098690053,0.4925778589381674,0,Interleaved
272,72,0,0.3083677706624774,0.5586151373602308,0,Interleaved
273,73,0,0.6199788686395453,0.6347068107853767,0,Interleaved
274,74,0,0.34820276793332694,0.4346765922976243,0,Interleaved
275,75,0,0.5579787462768102,0.65659593301477,0,Interleaved
276,76,0,0.3092129855054851,0.5895157763397313,0,Interleaved
277,77,0,0.7664176304380987,0.48212884148436175,0,Interleaved
278,78,0,0.809000431676443,0.3121407217850682,0,Interleaved
279,79,0,0.4442389417069641,0.6560801165821235,0,Interleaved
280,80,0,0.8347807285086961,0.2970901919921383,0,Interleaved
281,81,0,0.27103740491396855,0.5495149806212433,0,Interleaved
282,82,0,0.6634921011725263,0.6316919252907192,0,Interleaved
283,83,0,0.15628042421211685,0.5852619577415212,0,Interleaved
284,84,0,0.6136192607901785,0.44045335872987657,0,Interleaved
285,85,0,0.3187477985092264,0.5367164569770868,0,Interleaved
286,86,0,0.4601165941326632,0.6734892317880197,0,Interleaved
287,87,0,0.5040612547585017,0.33772017820950295,0,Interleaved
288,88,0,0.5302866172194507,0.618276331407138,0,Interleaved
289,89,0,0.9552011325916958,0.4897634656844373,0,Interleaved
290,90,0,0.5796880669748811,0.46349199579810263,0,Interleaved
291,91,0,0.510890669472168,0.732957406051215,0,Interleaved
292,92,0,0.8635227279357329,0.5102124561993998,0,Interleaved
293,93,0,0.5126446695619484,0.6208366043530389,0,Interleaved
294,94,0,0.3865295668099684,0.48308410669341023,0,Interleaved
295,95,0,0.13000919441693878,0.6079253081881709,0,Interleaved
296,96,0,0.36418553504239326,0.5742994069290803,0,Interleaved
297,97,0,0.13987433637284202,0.6661454748796353,0,Interleaved
298,98,0,0.5539425215491205,0.43084233380154174,0,Interleaved
299,99,0,0.4424487340231213,0.35278845788428354,0,Interleaved
300,100,0,0.48029080493320203,0.6084598265608842,0,Interleaved
301,101,0,0.7484729039336158,0.49166748005913385,0,Interleaved
302,102,0,0.26931637910482775,0.6239801960366462,0,Interleaved
303,103,0,0.5213177317003449,0.523018194362443,0,Interleaved
304,104,0,0.5695351851221557,0.37837759952158856,0,Interleaved
305,105,0,0.7992744812540883,0.6335298479999474,0,Interleaved
306,106,0,0.973876031606517,0.4591606538695362,0,Interleaved
307,107,0,0.6303976997354657,0.6945681204344178,0,Interleaved
308,108,0,0.4675656869523248,0.7096420688072751,0,Interleaved
309,109,0,0.039750048210643735,0.4342680215824773,0,Interleaved
310,110,0,0.22531611147170247,0.5078995005122943,0,Interleaved
311,111,0,0.4382914708341247,0.441036528915254,0,Interleaved
312,112,0,0.7659486824877159,0.46946406262465556,0,Interleaved
313,113,0,0.5634621952004732,0.5877388161385311,0,Interleaved
314,114,0,0.9524990886862463,0.6153930717027929,0,Interleaved
315,115,0,0.8041354944473691,0.6100489984562278,0,Interleaved
316,116,0,0.3353633003751218,0.617979123028451,0,Interleaved
317,117,0,0.3005143473186382,0.42969561984081495,0,Interleaved
318,118,0,0.3999862928571344,0.7354231261904273,0,Interleaved
319,119,0,0.6701074461165692,0.47728144684638507,0,Interleaved
320,120,0,0.7883637679440854,0.39415212227955615,0,Interleaved
321,121,0,0.5212095805519387,0.5325455178419525,0,Interleaved
322,122,0,0.051071950821884385,0.7574733387328625,0,Interleaved
323,123,0,0.6154585989927599,0.6036578457920551,0,Interleaved
324,124,0,0.8238292278116809,0.434336871689812,0,Interleaved
325,125,0,0.5412326810782777,0.42254003698681664,0,Interleaved
326,126,0,0.9562044363632309,0.4139161244086291,0,Interleaved
327,127,0,0.34219912686775883,0.6834204285471875,0,Interleaved
328,128,0,0.1923336268775231,0.5226169532582651,0,Interleaved
329,129,0,0.6623363847874206,0.4502120368621817,0,Interleaved
330,130,0,0.7934690234221197,0.5617126033645868,0,Interleaved
331,131,0,0.1998136049480045,0.38503395163636667,0,Interleaved
332,132,0,0.5414826714404921,0.44208550477423475,0,Interleaved
333,133,0,0.9710860940473369,0.45321796577088014,0,Interleaved
334,134,0,0.19349592625811768,0.5996176393204169,0,Interleaved
335,135,0,0.9151879532730862,0.44571154829399073,0,Interleaved
336,136,0,0.5598036316745273,0.4571620442350868,0,Interleaved
337,137,0,0.9229269416252374,0.2647867015691293,0,Interleaved
338,138,0,0.1141465904516615,0.43212700257125414,0,Interleaved
339,139,0,0.4946861888150737,0.62361502168808,0,Interleaved
340,140,0,0.2450923950057866,0.425169470342354,0,Interleaved
341,141,0,0.04725824727439364,0.7640111672276617,0,Interleaved
342,142,0,0.6887084519575496,0.4031715476666303,0,Interleaved
343,143,0,0.7377308416134842,0.5894594619922553,0,Interleaved
344,144,0,0.4550088949110251,0.4675597770447898,0,Interleaved
345,145,0,0.33222870515750247,0.4832050692965325,0,Interleaved
346,146,0,0.6814900664338385,0.5122081166638168,0,Interleaved
347,147,0,0.38139091849298273,0.5432274574409237,0,Interleaved
348,148,0,0.44166617281019477,0.5906295899275814,0,Interleaved
349,149,0,0.5348062704493416,0.46961177011385213,0,Interleaved
350,150,0,0.6890192485948385,0.45253797389404093,0,Interleaved
351,151,0,0.07545729941597577,0.6265348695695758,0,Interleaved
352,152,0,0.27733664043608647,0.5096089137185404,0,Interleaved
353,153,0,0.053825776277815325,0.5699979496853663,0,Interleaved
354,154,0,0.49182284704348234,0.4622957573925714,0,Interleaved
355,155,0,0.9344577201062667,0.5231167365701105,0,Interleaved
356,156,0,0.5372636342202042,0.47828381890098504,0,Interleaved
357,157,0,0.5052810252616778,0.594467623246856,0,Interleaved
358,158,0,0.46888138144733627,0.3458047072021402,0,Interleaved
359,159,0,0.06849205012179321,0.5457974212620337,0,Interleaved
360,160,0,0.31504378099758584,0.6070476097548871,0,Interleaved
361,161,0,0.7594256566239115,0.6657039447038948,0,Interleaved
362,162,0,0.7679574225040877,0.5289414505248247,0,Interleaved
363,163,0,0.18690365056873257,0.6262819201197605,0,Interleaved
364,164,0,0.5472987181815498,0.47916592717715667,0,Interleaved
365,165,0,0.2743506808913743,0.4637570059552482,0,Interleaved
366,166,0,0.3156745137544966,0.5873141175418848,0,Interleaved
367,167,0,0.47777724957644874,0.6745649429198771,0,Interleaved
368,168,0,0.5375866450267823,0.6430269592717761,0,Interleaved
369,169,0,0.9758508036278194,0.41614763528881493,0,Interleaved
370,170,0,0.06520314548796798,0.5657980035056935,0,Interleaved
371,171,0,0.47066023995343337,0.4770957762031137,0,Interleaved
372,172,0,0.4066997690813322,0.584997778832135,0,Interleaved
373,173,0,0.746243408152846,0.639836538306651,0,Interleaved
374,174,0,0.4461409155326776,0.6002277193027056,0,Interleaved
375,175,0,0.23412616933221214,0.6158050045100951,0,Interleaved
376,176,0,0.46691600525595556,0.5677955803163944,0,Interleaved
377,177,0,0.7944863545756873,0.4917460098312634,0,Interleaved
378,178,0,0.34812351353130894,0.7557070555854745,0,Interleaved
379,179,0,0.49763927409535647,0.4861033829373451,0,Interleaved
380,180,0,0.5942020435573196,0.37004292037756037,0,Interleaved
381,181,0,0.5485290509628349,0.4538157176397564,0,Interleaved
382,182,0,0.6307086167581919,0.4303518962370778,0,Interleaved
383,183,0,0.6860872902336215,0.5704922267127988,0,Interleaved
384,184,0,0.7202082294281744,0.46498007244361805,0,Interleaved
385,185,0,0.6531454593686661,0.47407810029593855,0,Interleaved
386,186,0,0.4703883328705218,0.6218015725270649,0,Interleaved
387,187,0,0.49939457374864615,0.5737620066378792,0,Interleaved
388,188,0,0.5091231952873623,0.6094427669853064,0,Interleaved
389,189,0,0.588916045036338,0.39905625468312844,0,Interleaved
390,190,0,0.2376570596565431,0.5516007335924411,0,Interleaved
391,191,0,0.5871334388535229,0.5539654979487707,0,Interleaved
392,192,0,0.36664902283189277,0.512143607764006,0,Interleaved
393,193,0,0.8105364600079914,0.48902198659788343,0,Interleaved
394,194,0,0.12513332847255426,0.4379237711851229,0,Interleaved
395,195,0,0.8270443367135376,0.5455972363855028,0,Interleaved
396,196,0,0.2836103562759127,0.6499651864286311,0,Interleaved
397,197,0,0.07641515666004298,0.6704374103849191,0,Interleaved
398,198,0,0.6370432782012763,0.6101156705858064,0,Interleaved
399,199,0,0.10411031185298929,0.5559692799149724,0,Interleaved
400,0,0,0.16636438776682005,0.8464686651888241,0,Instructed
401,1,0,0.36684612088787405,1.0723683501272046,0,Instructed
402,2,0,0.41069538178649395,1.0886597468936865,0,Instructed
403,3,0,0.500136696783947,1.210931083034441,0,Instructed
404,4,0,0.09846539483749828,0.8131209013624789,0,Instructed
405,5,0,0.2985768920178168,0.7291445040734781,0,Instructed
406,6,0,0.46988320588611304,0.7130728851702162,0,Instructed
407,7,0,0.1824330900163608,0.6887638050604602,0,Instructed
408,8,0,0.8158177180772634,0.462864261753782,0,Instructed
409,9,0,0.4274923762217266,0.484111645477431,0,Instructed
410,10,0,0.715867063676145,0.40823495545573313,0,Instructed
411,11,0,0.5951499173200272,0.4619945284531702,0,Instructed
412,12,0,0.778102854826171,0.6004366965863197,0,Instructed
413,13,0,0.5253863888765581,0.5010822314260136,0,Instructed
414,14,0,0.8224126613444274,0.4515164453090116,0,Instructed
415,15,0,0.5404339630777399,0.5388843627432711,0,Instructed
416,16,0,0.8994531417222752,0.456668349834641,0,Instructed
417,17,0,0.4142473090382827,0.397177570996875,0,Instructed
418,18,0,0.5034354713670268,0.6466827544081056,0,Instructed
419,19,0,0.20206040550241813,0.4703691127446229,0,Instructed
420,20,0,0.025888470616939482,0.691506781854413,0,Instructed
421,21,0,0.4748068962359974,0.5793107169901424,0,Instructed
422,22,0,0.3427831305291427,0.6265613987696739,0,Instructed
423,23,0,0.7635571409182984,0.5289178950175748,0,Instructed
424,24,0,0.5382241468760414,0.7158481271354058,0,Instructed
425,25,0,0.07932183976046045,0.5684239169272016,0,Instructed
426,26,0,0.29085012979137725,0.4226907165330921,0,Instructed
427,27,0,0.1438997147428684,0.5403033997959786,0,Instructed
428,28,0,0.8357669168116169,0.64473891968052,0,Instructed
429,29,0,0.4139280336446142,0.5337593418541935,0,Instructed
430,30,0,0.9034886858130403,0.24867957000331675,0,Instructed
431,31,0,0.21503238137627165,0.5197096906412368,0,Instructed
432,32,0,0.47354164210383126,0.7288552107662292,0,Instructed
433,33,0,0.5937173189595959,0.4612122163922259,0,Instructed
434,34,0,0.9153808213176282,0.41566812946530673,0,Instructed
435,35,0,0.2790224710256382,0.5612196395094817,0,Instructed
436,36,0,0.34827600650986285,0.6993048924150074,0,Instructed
437,37,0,0.408196515092749,0.29333078332263535,0,Instructed
438,38,0,0.042128506653801405,1.003481607349947,0,Instructed
439,39,0,0.9406354634590928,0.5298749911396354,0,Instructed
440,40,0,0.4973173876658976,0.8547728962126115,0,Instructed
441,41,0,0.8873813811255921,0.39599638055935904,0,Instructed
442,42,0,0.07524789137013543,0.5253701001103941,0,Instructed
443,43,0,0.6559111266085763,0.5508756084088304,0,Instructed
444,44,0,0.6101953622677291,0.5819226245894715,0,Instructed
445,45,0,0.7849168938752531,0.6255334770347378,0,Instructed
446,46,0,0.2058501716016163,0.5382157226763676,0,Instructed
447,47,0,0.3732966331472056,0.5527764157193542,0,Instructed
448,48,0,0.7310261841162328,0.6457052294456452,0,Instructed
449,49,0,0.5134078059236403,0.6252287961514083,0,Instructed
450,50,0,0.37100637387863966,0.3866909822207036,0,Instructed
451,51,0,0.20885345504450487,0.544145289804715,0,Instructed
452,52,0,0.10370236244439046,0.7611610648180449,0,Instructed
453,53,0,0.1763216843610701,0.5518054308445209,0,Instructed
454,54,0,0.704012144960444,0.7483412253588837,0,Instructed
455,55,0,0.45582665297671415,0.6058320949906733,0,Instructed
456,56,0,0.008242269203184467,0.6102374734762549,0,Instructed
457,57,0,0.5485878172172381,0.6663766736499024,0,Instructed
458,58,0,0.9274506792829437,0.4130023983023148,0,Instructed
459,59,0,0.4497319384140253,0.5617736747023498,0,Instructed
460,60,0,0.7054371432116745,0.6862298449267052,0,Instructed
461,61,0,0.3744710665011835,0.4602257629230374,0,Instructed
462,62,0,0.21423258340755189,0.6540605836252433,0,Instructed
463,63,0,0.3317781714058586,0.7071853050017952,0,Instructed
464,64,0,0.9877994865988304,0.5223487121052001,0,Instructed
465,65,0,0.44660681330011015,0.43745516632888315,0,Instructed
466,66,0,0.4908311396401769,0.6231473020289449,0,Instructed
467,67,0,0.4963899020534142,0.3817581827433346,0,Instructed
468,68,0,0.9699851706441999,0.4803194486828466,0,Instructed
469,69,0,0.41710089769462816,0.5083005645538083,0,Instructed
470,70,0,0.5037425617433022,0.5250031307457647,0,Instructed
471,71,0,0.3784117686447907,0.5330202113296371,0,Instructed
472,72,0,0.6023526444354754,0.7185998889004797,0,Instructed
473,73,0,0.38318578871271114,0.45448878312669927,0,Instructed
474,74,0,0.538802613233225,0.47094345665293724,0,Instructed
475,75,0,0.34890840896534897,0.4503920921394018,0,Instructed
476,76,0,0.2667835647619959,0.6400985263706369,0,Instructed
477,77,0,0.5332482343046852,0.624047903293357,0,Instructed
478,78,0,0.6743219475710172,0.6039160948041398,0,Instructed
479,79,0,0.5132930725563329,0.47374030267888245,0,Instructed
480,80,0,0.5397475160244773,0.5577963662146452,0,Instructed
481,81,0,0.24787356696526586,0.5757447749037686,0,Instructed
482,82,0,0.6255473965990838,0.5014196501235905,0,Instructed
483,83,0,0.3618907679596082,0.6422913248670408,0,Instructed
484,84,0,0.8584396721250181,0.41149667201780016,0,Instructed
485,85,0,0.5686031490958352,0.40889137251797486,0,Instructed
486,86,0,0.7036647538808586,0.38777067655566944,0,Instructed
487,87,0,0.8516779841895006,0.4832247729814278,0,Instructed
488,88,0,0.5002966042185343,0.4902842817710692,0,Instructed
489,89,0,0.5056525772651153,0.46565737980576616,0,Instructed
490,90,0,0.462539525094311,0.5012572760572107,0,Instructed
491,91,0,0.6792769659718019,0.4442278327727299,0,Instructed
492,92,0,0.5592499303325584,0.6988703826779644,0,Instructed
493,93,0,0.4259910435847503,0.38459825206160025,0,Instructed
494,94,0,0.5156633268626,0.6662856365667003,0,Instructed
495,95,0,0.1774985890923937,0.4547008405939248,0,Instructed
496,96,0,0.1288928857834914,0.4479780027638856,0,Instructed
497,97,0,0.4929489547540364,0.5846045698793214,0,Instructed
498,98,0,0.2715461272779912,0.516799858873124,0,Instructed
499,99,0,0.8885934966920588,0.5070242477142248,0,Instructed
500,100,0,0.7446152640413186,0.5065988207619874,0,Instructed
501,101,0,0.4342085024121918,0.33368796353939306,0,Instructed
502,102,0,0.35916299747607294,0.3942167150832234,0,Instructed
503,103,0,0.7613804185176479,0.5948521840283565,0,Instructed
504,104,0,0.6491324250217672,0.5043722621479911,0,Instructed
505,105,0,0.6149660300476557,1.0341102781354425,0,Instructed
506,106,0,0.6999650201668235,0.6731402152507691,0,Instructed
507,107,0,0.743552314190564,0.8087623214409057,0,Instructed
508,108,0,0.7682032261809366,0.4680907396868064,0,Instructed
509,109,0,0.375482515126149,0.4265858039277963,0,Instructed
510,110,0,0.3945340865277982,0.6184582627316428,0,Instructed
511,111,0,0.8558370074870278,0.3903071692477409,0,Instructed
512,112,0,0.628168809808516,0.4405475145092451,0,Instructed
513,113,0,0.7145496412056488,0.5305042570108784,0,Instructed
514,114,0,0.44379534962406125,0.4429276041928387,0,Instructed
515,115,0,0.03931944168613394,0.5612432910209701,0,Instructed
516,116,0,0.827457937531102,0.5697923017959642,0,Instructed
517,117,0,0.6577157451007515,0.33534506623977145,0,Instructed
518,118,0,0.9365324140740694,0.6954555880166293,0,Instructed
519,119,0,0.05043888212172952,0.5899196785859283,0,Instructed
520,120,0,0.4514948280839658,0.6398613424259031,0,Instructed
521,121,0,0.8925698621799909,0.40812080248032623,0,Instructed
522,122,0,0.4772099352206723,0.5337982583956382,0,Instructed
523,123,0,0.06086015671219264,0.4882030999678657,0,Instructed
524,124,0,0.5477872138037725,0.5944088235206031,0,Instructed
525,125,0,0.3842798138330242,0.474013017981044,0,Instructed
526,126,0,0.26536942541102965,0.5784111270440697,0,Instructed
527,127,0,0.46685957210680284,0.4528114057894449,0,Instructed
528,128,0,0.7975962916879986,0.6884268668533033,0,Instructed
529,129,0,0.7443097653775705,0.5272471830493614,0,Instructed
530,130,0,0.4748695569442254,0.43305382619476057,0,Instructed
531,131,0,0.13580236505860835,0.6173418833558937,0,Instructed
532,132,0,0.922420309111861,0.6053079484118729,0,Instructed
533,133,0,0.5095553717841931,0.5909858573078615,0,Instructed
534,134,0,0.47520955897595746,0.3894663045318877,0,Instructed
535,135,0,0.8275588105508863,0.6502420604678291,0,Instructed
536,136,0,0.9582300447863543,0.520517098558674,0,Instructed
537,137,0,0.5838990147514568,0.5588486373853919,0,Instructed
538,138,0,0.17864311754525836,0.5340433789453327,0,Instructed
539,139,0,0.6898418623037798,0.6303847086525093,0,Instructed
540,140,0,0.6546869093485504,0.9076700138121265,0,Instructed
541,141,0,0.38835995442708093,0.40385287080120197,0,Instructed
542,142,0,0.11755833759717388,0.7025189138770094,0,Instructed
543,143,0,0.32828733251807274,0.632494487147506,0,Instructed
544,144,0,0.8539523039843472,0.530735735790653,0,Instructed
545,145,0,0.7520260521961972,0.5505380147333909,0,Instructed
546,146,0,0.5807734257343751,0.5174673296643677,0,Instructed
547,147,0,0.9401701246340415,0.4984849473805211,0,Instructed
548,148,0,0.2753822021061912,0.5421145957647489,0,Instructed
549,149,0,0.5926986189471337,0.5258308739104474,0,Instructed
550,150,0,0.9691561551049584,0.5659618685124633,0,Instructed
551,151,0,0.6577197604765785,0.4671541390912656,0,Instructed
552,152,0,0.06808983176145086,0.7436404974911752,0,Instructed
553,153,0,0.6034128619550345,0.6285979997452222,0,Instructed
554,154,0,0.4302158820301265,0.7163414099500978,0,Instructed
555,155,0,0.5603024346531579,0.40362152610798546,0,Instructed
556,156,0,0.9893009108801092,0.5623293827996423,0,Instructed
557,157,0,0.45766001394120603,0.5790158992126695,0,Instructed
558,158,0,0.36289175858167616,0.9363321632738068,0,Instructed
559,159,0,0.7327501844115889,0.34656323654934423,0,Instructed
560,160,0,0.8061154361705308,0.5883703644322524,0,Instructed
561,161,0,0.38135839048370285,0.9577229565940679,0,Instructed
562,162,0,0.0583546351894178,0.4812152741307454,0,Instructed
563,163,0,0.26849275624987107,0.6944189725572175,0,Instructed
564,164,0,0.15831237907467827,0.6221311963109637,0,Instructed
565,165,0,0.4976060913825564,0.7473516339760841,0,Instructed
566,166,0,0.5385191174961445,0.5263144772746703,0,Instructed
567,167,0,0.41673951892646355,0.5312705501337897,0,Instructed
568,168,0,0.21742201500696046,0.5039928390017813,0,Instructed
569,169,0,0.15568449830810238,0.6498419516959513,0,Instructed
570,170,0,0.5149849179064443,0.7833511594024696,0,Instructed
571,171,0,0.5019698221861607,0.507619183523031,0,Instructed
572,172,0,0.5101554273571728,0.5650513941568543,0,Instructed
573,173,0,0.21668699583207704,0.7917410078494205,0,Instructed
574,174,0,0.22734011024443213,0.4186972602262916,0,Instructed
575,175,0,0.1420454857944141,0.7266274178043504,0,Instructed
576,176,0,0.32148157530999477,0.6416915599797688,0,Instructed
577,177,0,0.5180225426651794,0.5456369935977281,0,Instructed
578,178,0,0.6599787925889637,0.5395884023354729,0,Instructed
579,179,0,0.4483731066258384,0.48143128404086677,0,Instructed
580,180,0,0.8815917036226415,0.7180392837414458,0,Instructed
581,181,0,0.28813389297524145,0.5631627668858437,0,Instructed
582,182,0,0.9418993889120513,0.6216895790548045,0,Instructed
583,183,0,0.9198440570922948,0.3811753503396209,0,Instructed
584,184,0,0.03261856687345518,0.9579313008743203,0,Instructed
585,185,0,0.781977877276693,0.30353541622583996,0,Instructed
586,186,0,0.9431236442687672,0.5731163384567053,0,Instructed
587,187,0,0.9457237415312445,0.4987255140423543,0,Instructed
588,188,0,0.21777384121707033,0.6141379678104586,0,Instructed
589,189,0,0.7590599734831801,0.7002852257450763,0,Instructed
590,190,0,0.5571458238529405,0.5298071917064278,0,Instructed
591,191,0,0.5685116949035136,0.48668779994358047,0,Instructed
592,192,0,0.6868113067232553,0.46381969281177393,0,Instructed
593,193,0,0.15456379693046654,0.6090292611355888,0,Instructed
594,194,0,0.10647640514056866,0.5423804420707705,0,Instructed
595,195,0,0.8866269479512576,0.45071607169881667,0,Instructed
596,196,0,0.513801577936645,0.5795317452610069,0,Instructed
597,197,0,0.19295859890880496,0.46144190325040213,0,Instructed
598,198,0,0.9323558785096304,0.46673878684180803,0,Instructed
599,199,0,0.3904892206107076,0.7809127194911815,0,Instructed
600,0,0,0.0680206349648823,0.9469979919856355,1,Blocked
601,1,0,0.5278706628333745,0.6741836405445798,1,Blocked
602,2,0,0.9482770520666532,0.6181365845210359,1,Blocked
603,3,0,0.39751106050499363,0.6293422954697483,1,Blocked
604,4,0,0.2820130985208891,0.6194232541471623,1,Blocked
605,5,0,0.03877852074526695,0.7556826328632098,1,Blocked
606,6,0,0.6406389347363728,0.539428635041323,1,Blocked
607,7,0,0.6395326528897342,0.63562823403795,1,Blocked
608,8,0,0.34905921375603716,0.5551322668655344,1,Blocked
609,9,0,0.4265658921791392,0.6779766211762583,1,Blocked
610,10,0,0.5840924849647948,0.5409087984943384,1,Blocked
611,11,0,0.8807638538256757,0.4776627140054578,1,Blocked
612,12,0,0.6225577711435429,0.4392018757347059,1,Blocked
613,13,0,0.7198228330631902,0.8346523324840536,1,Blocked
614,14,0,0.899610664981113,0.6456610154569913,1,Blocked
615,15,0,0.5305654970734098,0.6941997785382237,1,Blocked
616,16,0,0.6632515896239533,0.6392059536882837,1,Blocked
617,17,0,0.9806933537186522,0.4894925706185512,1,Blocked
618,18,0,0.03671567851517736,0.6209645053269284,1,Blocked
619,19,0,0.27461801456186874,0.8537693251311327,1,Blocked
620,20,0,0.09633634574149814,0.7557990531719512,1,Blocked
621,21,0,0.10315624107058556,0.8757267885646459,1,Blocked
622,22,0,0.4827779697682629,0.667838924623962,1,Blocked
623,23,0,0.33895341685349445,0.7716508913400016,1,Blocked
624,24,0,0.41453553772572027,0.561132237496784,1,Blocked
625,25,0,0.3006220230505292,0.6575283995844555,1,Blocked
626,26,0,0.9736126104103684,0.4658071157894655,1,Blocked
627,27,0,0.30472594457675045,0.5900125588872256,1,Blocked
628,28,0,0.20801424806185836,0.42154577603152726,1,Blocked
629,29,0,0.4562056569231324,0.7121278378469713,1,Blocked
630,30,0,0.513097337349287,0.5999338170039613,1,Blocked
631,31,0,0.562271243033398,0.518864693217745,1,Blocked
632,32,0,0.8160090095384853,0.43972416343021714,1,Blocked
633,33,0,0.8927759190346359,0.6342014146365353,1,Blocked
634,34,0,0.4076248876834253,0.7301653070144916,1,Blocked
635,35,0,0.629983710381457,0.443815908124552,1,Blocked
636,36,0,0.7303320894164047,0.47772764158769243,1,Blocked
637,37,0,0.35436615974152597,0.6070179563770247,1,Blocked
638,38,0,0.5685998968778152,0.6400820435737964,1,Blocked
639,39,0,0.3699986881470347,0.4227368654574295,1,Blocked
640,40,0,0.7496202112231396,0.5074304692332738,1,Blocked
641,41,0,0.6427188259742385,0.543440011467085,1,Blocked
642,42,0,0.32860976581842216,0.5914527945266045,1,Blocked
643,43,0,0.47077700049196414,0.675635044887861,1,Blocked
644,44,0,0.4388685919811427,0.6961102898468601,1,Blocked
645,45,0,0.803447864727318,0.46296049786128435,1,Blocked
646,46,0,0.6696042883531912,0.5794265388944339,1,Blocked
647,47,0,0.30353703754080874,0.6649521092206738,1,Blocked
648,48,0,0.6640264265192843,0.5331932817594063,1,Blocked
649,49,0,0.4307622659612636,0.6502747571238983,1,Blocked
650,50,0,0.5171445533651201,0.6193407832336675,1,Blocked
651,51,0,0.4947298331349457,0.48335529284675927,1,Blocked
652,52,0,0.5005080032962157,0.6582071898112052,1,Blocked
653,53,0,0.33472452273903675,0.5586732102025314,1,Blocked
654,54,0,0.8435809125335083,0.6729088265683485,1,Blocked
655,55,0,0.41809074430203147,0.4974092587257266,1,Blocked
656,56,0,0.42021442720318136,0.6647857338551518,1,Blocked
657,57,0,0.6415235083155503,0.6410036112165032,1,Blocked
658,58,0,0.6511811309561406,0.46481022030585606,1,Blocked
659,59,0,0.3039920393367996,0.5265042490736966,1,Blocked
660,60,0,0.6677982557132173,0.5628005164393513,1,Blocked
661,61,0,0.7469583687205329,0.5126574282458514,1,Blocked
662,62,0,0.6484293225094546,0.43908505186333135,1,Blocked
663,63,0,0.5611115653750008,0.5528452254884206,1,Blocked
664,64,0,0.29207316902253255,0.5919186326669518,1,Blocked
665,65,0,0.41962933924078066,0.4811146534398587,1,Blocked
666,66,0,0.47386974066041926,0.645754295139813,1,Blocked
667,67,0,0.2438914122427302,0.7159405114272909,1,Blocked
668,68,0,0.6081890515497619,0.6148784707338981,1,Blocked
669,69,0,0.4338299169377427,0.46213546932528227,1,Blocked
670,70,0,0.5391125655579894,0.5334280731376302,1,Blocked
671,71,0,0.5791841913249778,0.48863938996216816,1,Blocked
672,72,0,0.44808779745078076,0.38046722356095586,1,Blocked
673,73,0,0.5813565635380864,0.7405444262598991,1,Blocked
674,74,0,0.5625049130266542,0.5606158398503238,1,Blocked
675,75,0,0.2800829890588817,0.5229864086743412,1,Blocked
676,76,0,0.4105873898291144,0.5183547816882721,1,Blocked
677,77,0,0.5730745720398575,0.5353653713343871,1,Blocked
678,78,0,0.555981734594916,0.6747162048830879,1,Blocked
679,79,0,0.7168155782521531,0.5038387351622704,1,Blocked
680,80,0,0.7981014346517699,0.7129242189024165,1,Blocked
681,81,0,0.04282252356364174,0.5549413739792097,1,Blocked
682,82,0,0.022386599335342112,0.6527711353911636,1,Blocked
683,83,0,0.6414723662157762,0.5110685946010717,1,Blocked
684,84,0,0.14807080878603993,0.6529401011790313,1,Blocked
685,85,0,0.4258836353507956,0.4867808587823752,1,Blocked
686,86,0,0.9086447933625246,0.5574546764583506,1,Blocked
687,87,0,0.05129599196415729,0.4982445476171187,1,Blocked
688,88,0,0.9759532249905019,0.548965691753881,1,Blocked
689,89,0,0.30281346866664727,0.5932259557332011,1,Blocked
690,90,0,0.6794805062943443,0.6883719383334446,1,Blocked
691,91,0,0.12289564801217727,0.6357177027287406,1,Blocked
692,92,0,0.9037598463953334,0.6810231770694579,1,Blocked
693,93,0,0.5935611671942997,0.6098340032085057,1,Blocked
694,94,0,0.5048753367853139,0.5648598033799069,1,Blocked
695,95,0,0.8346849385935087,0.5582294288632367,1,Blocked
696,96,0,0.6116286060674456,0.6933203166850084,1,Blocked
697,97,0,0.5857096042683334,0.5222565476889758,1,Blocked
698,98,0,0.39307245943423674,0.548524758099186,1,Blocked
699,99,0,0.4874018910988679,0.5161554237307382,1,Blocked
700,100,0,0.5642914132176224,0.5091741304357023,1,Blocked
701,101,0,0.787341961288581,0.6345660450534505,1,Blocked
702,102,0,0.531427580408586,0.7530028489133757,1,Blocked
703,103,0,0.5570564886960291,0.6209413916207889,1,Blocked
704,104,0,0.910566465806192,0.7627875239726712,1,Blocked
705,105,0,0.6529609844769463,0.458367855164675,1,Blocked
706,106,0,0.5676932583350337,0.7089869970435526,1,Blocked
707,107,0,0.542740531096728,0.39378263889946175,1,Blocked
708,108,0,0.9139706597608841,0.6983961912744484,1,Blocked
709,109,0,0.03518562601624388,0.6410362708506802,1,Blocked
710,110,0,0.9362732534607393,0.469462131616285,1,Blocked
711,111,0,0.501531346335023,0.6357230751386549,1,Blocked
712,112,0,0.17991141160606094,0.5647330609057472,1,Blocked
713,113,0,0.9397731292869211,0.36345430349978236,1,Blocked
714,114,0,0.28968744550199066,0.5234087232119252,1,Blocked
715,115,0,0.5562056293363435,0.46969756284494424,1,Blocked
716,116,0,0.6023326415273658,0.7200646283388209,1,Blocked
717,117,0,0.6813491394307327,0.48757740926922655,1,Blocked
718,118,0,0.6422430938103169,0.6218475515185256,1,Blocked
719,119,0,0.3710780317697089,0.6655354641923092,1,Blocked
720,120,0,0.2332407544912162,0.47209679644100017,1,Blocked
721,121,0,0.5307019488576641,0.6226178336112879,1,Blocked
722,122,0,0.03388293247722516,0.7203556902080306,1,Blocked
723,123,0,0.043636034397253505,0.7585229307626445,1,Blocked
724,124,0,0.22479193930853478,0.6871479741046103,1,Blocked
725,125,0,0.30108492002756565,0.766933278826052,1,Blocked
726,126,0,0.15378382523809328,0.6272673240228778,1,Blocked
727,127,0,0.4780090534534094,0.503852928669394,1,Blocked
728,128,0,0.11450687778366672,0.6240864117602841,1,Blocked
729,129,0,0.12345381302357947,0.7149206709195975,1,Blocked
730,130,0,0.27770467914105595,0.5492596690561019,1,Blocked
731,131,0,0.24561646253861458,0.5883381896779533,1,Blocked
732,132,0,0.3250769478685829,0.7296833900707338,1,Blocked
733,133,0,0.44750477579850784,0.6058252793518757,1,Blocked
734,134,0,0.20129965672367311,0.5763825371967208,1,Blocked
735,135,0,0.0474615373903072,0.5547511384370358,1,Blocked
736,136,0,0.917311124301291,0.6715952215933251,1,Blocked
737,137,0,0.26350813626665265,0.6509911477429453,1,Blocked
738,138,0,0.49816887934394544,0.6713552180600589,1,Blocked
739,139,0,0.2815049212875632,0.7874549457349229,1,Blocked
740,140,0,0.4724638648425759,0.7296910801700454,1,Blocked
741,141,0,0.30314033738223073,0.5995999719683993,1,Blocked
742,142,0,0.1521950438005918,0.5767946982605301,1,Blocked
743,143,0,0.37092339491536014,0.47950013203362907,1,Blocked
744,144,0,0.3220046777532371,0.6889990962968828,1,Blocked
745,145,0,0.3741754648393122,0.5416195163551687,1,Blocked
746,146,0,0.5411813928666406,0.5599964385631476,1,Blocked
747,147,0,0.3852064082177788,0.6484567674808154,1,Blocked
748,148,0,0.155707663774913,0.652300340106865,1,Blocked
749,149,0,0.3612142426779515,0.42168042420371704,1,Blocked
750,150,0,0.649936420970819,0.48343922592237076,1,Blocked
751,151,0,0.31627614314905805,0.5874821010491353,1,Blocked
752,152,0,0.5125762904912358,0.5919451784288814,1,Blocked
753,153,0,0.6651530651740694,0.579586398577194,1,Blocked
754,154,0,0.37148405888258673,0.5544689094286468,1,Blocked
755,155,0,0.5191201469001239,0.6687595375339743,1,Blocked
756,156,0,0.5275894689831155,0.49524097476639306,1,Blocked
757,157,0,0.37641117441121297,0.5981766592227473,1,Blocked
758,158,0,0.6298016007229053,0.5074172021511547,1,Blocked
759,159,0,0.4809474877448536,0.5850493897008483,1,Blocked
760,160,0,0.43842223950633263,0.5007669238483613,1,Blocked
761,161,0,0.49738608119069144,0.49362383527924103,1,Blocked
762,162,0,0.47206892826918456,0.7882090892251238,1,Blocked
763,163,0,0.2666270708440593,0.579362403149592,1,Blocked
764,164,0,0.07221312488009667,0.6132334008207451,1,Blocked
765,165,0,0.4236271880524224,0.6764847503493236,1,Blocked
766,166,0,0.6956227485261302,0.5887616235526663,1,Blocked
767,167,0,0.6175811707757594,0.7029349584667318,1,Blocked
768,168,0,0.4500529552959926,0.6080176736797477,1,Blocked
769,169,0,0.6344969999546075,0.5232598150650392,1,Blocked
770,170,0,0.4284137408758952,0.6865954327676469,1,Blocked
771,171,0,0.3553893979552917,0.6796655322266352,1,Blocked
772,172,0,0.08852678766283367,0.5539165322099664,1,Blocked
773,173,0,0.07994045165075835,0.5447435901950703,1,Blocked
774,174,0,0.4929063350496595,0.607114641101772,1,Blocked
775,175,0,0.7789734260969181,0.5910521019951436,1,Blocked
776,176,0,0.3240546523668828,0.4890977381893764,1,Blocked
777,177,0,0.8772120305944036,0.4518602838354936,1,Blocked
778,178,0,0.5535017536394826,0.5198158339908925,1,Blocked
779,179,0,0.05674848184114669,0.6255830755879253,1,Blocked
780,180,0,0.5253936983660059,0.523269235174723,1,Blocked
781,181,0,0.3672776529972669,0.6130208447222356,1,Blocked
782,182,0,0.57167524535963,0.7013229462547836,1,Blocked
783,183,0,0.4761627176013461,0.654854398337265,1,Blocked
784,184,0,0.28690496504548063,0.40019581474025345,1,Blocked
785,185,0,0.877195598024552,0.5526713251657487,1,Blocked
786,186,0,0.9492539284343431,0.4923618942008197,1,Blocked
787,187,0,0.6452097530253804,0.5956173327164325,1,Blocked
788,188,0,0.8382071881985667,0.5725847198727978,1,Blocked
789,189,0,0.45899509627327273,0.6417251037941284,1,Blocked
790,190,0,0.43757946685406557,0.4718281904206986,1,Blocked
791,191,0,0.5508005381007124,0.7142779899569983,1,Blocked
792,192,0,0.7206935859083949,0.6484777923038584,1,Blocked
793,193,0,0.5284900701536113,0.71338541010513,1,Blocked
794,194,0,0.07098781249162417,0.8669544993128471,1,Blocked
795,195,0,0.06336482038851828,0.6137833267584206,1,Blocked
796,196,0,0.003949521218447669,0.8664672707656627,1,Blocked
797,197,0,0.5095546533883136,0.680171387255813,1,Blocked
798,198,0,0.46877621123143953,0.6939108701623337,1,Blocked
799,199,0,0.1645814404698625,0.8600806232482285,1,Blocked
800,0,0,0.0017597784737570234,0.8857627787393108,1,Interleaved
801,1,0,0.152183706215602,0.8261361444481137,1,Interleaved
802,2,0,0.14471496143951643,0.5695659811099059,1,Interleaved
803,3,0,0.7357554432356299,0.4488256199647209,1,Interleaved
804,4,0,0.5414471125461975,0.8176888034998899,1,Interleaved
805,5,0,0.8712887917102654,0.512344885940487,1,Interleaved
806,6,0,0.5807821925319865,0.5556356473941377,1,Interleaved
807,7,0,0.4122766088975651,0.4441511144757945,1,Interleaved
808,8,0,0.31385597407857424,0.3532115919722272,1,Interleaved
809,9,0,0.3830620457089269,0.6348577811798845,1,Interleaved
810,10,0,0.9380338661824756,0.3009557642908698,1,Interleaved
811,11,0,0.40600886826570964,0.36846957898927923,1,Interleaved
812,12,0,0.09220977960113724,0.7638377030826329,1,Interleaved
813,13,0,0.304041093007672,0.4111523206075867,1,Interleaved
814,14,0,0.9404510040882234,0.4915564534738871,1,Interleaved
815,15,0,0.5045474809188762,0.6589906545409441,1,Interleaved
816,16,0,0.7099711217127296,0.5039107467758464,1,Interleaved
817,17,0,0.024792274552476765,0.716196989390844,1,Interleaved
818,18,0,0.5264448821167568,0.5991917296502293,1,Interleaved
819,19,0,0.5061548678462785,0.5362434129673803,1,Interleaved
820,20,0,0.19619751350220263,0.6639049147085005,1,Interleaved
821,21,0,0.8281165122780858,0.5719081759942053,1,Interleaved
822,22,0,0.01631162595751372,0.6482097729892876,1,Interleaved
823,23,0,0.5667566067679463,0.5436813303043113,1,Interleaved
824,24,0,0.2929516470874944,0.7781957359215261,1,Interleaved
825,25,0,0.5594879592292481,0.3703468024769127,1,Interleaved
826,26,0,0.11834373561297375,0.4904778361904968,1,Interleaved
827,27,0,0.8083901036493868,0.48341629681196585,1,Interleaved
828,28,0,0.16755842790594866,0.5575779475454765,1,Interleaved
829,29,0,0.55685372115274,0.6560656153578672,1,Interleaved
830,30,0,0.7048182313224203,0.5799192676468743,1,Interleaved
831,31,0,0.5341514779944926,0.5593207790673148,1,Interleaved
832,32,0,0.47838720597052625,0.547236212212795,1,Interleaved
833,33,0,0.9159337037025996,0.5609261952878124,1,Interleaved
834,34,0,0.48969666490929276,0.4699693596176701,1,Interleaved
835,35,0,0.07634102571598114,0.5670466111998348,1,Interleaved
836,36,0,0.8290637578632287,0.5792464154313004,1,Interleaved
837,37,0,0.7729582608906223,0.5534228299123412,1,Interleaved
838,38,0,0.3541977955270587,0.5453897792655928,1,Interleaved
839,39,0,0.05350950748326208,0.6864812840206691,1,Interleaved
840,40,0,0.41666778695705264,0.5747260090656269,1,Interleaved
841,41,0,0.3455737053174825,0.7915520766846589,1,Interleaved
842,42,0,0.24228352754993313,0.4295237162586184,1,Interleaved
843,43,0,0.2186890140729635,0.643986877936521,1,Interleaved
844,44,0,0.3961738109926353,0.5541756616752733,1,Interleaved
845,45,0,0.31914601836279166,0.5913207738951388,1,Interleaved
846,46,0,0.5189950077794526,0.6837262506762622,1,Interleaved
847,47,0,0.4567279000994018,0.5845793549733158,1,Interleaved
848,48,0,0.9086125172633848,0.35671601486647597,1,Interleaved
849,49,0,0.6126923416373523,0.4788672228451228,1,Interleaved
850,50,0,0.3915613838082203,0.6412283117083348,1,Interleaved
851,51,0,0.7621223111044875,0.4982389334995476,1,Interleaved
852,52,0,0.3254822060667383,0.5668794870409997,1,Interleaved
853,53,0,0.7333383921632899,0.5172898868885956,1,Interleaved
854,54,0,0.3969544907351508,0.4677552074194774,1,Interleaved
855,55,0,0.9904417576168751,0.5568019968448886,1,Interleaved
856,56,0,0.536483374534505,0.6260991537122378,1,Interleaved
857,57,0,0.46981932382031655,0.6828393706215266,1,Interleaved
858,58,0,0.4912754477725567,0.5107986324558038,1,Interleaved
859,59,0,0.7846363174005451,0.5326661477351327,1,Interleaved
860,60,0,0.4448351198212731,0.7585054757383216,1,Interleaved
861,61,0,0.5193291712785804,0.6302525437036006,1,Interleaved
862,62,0,0.016775133594042396,0.7540597520330932,1,Interleaved
863,63,0,0.16392995340827626,0.8668763153796879,1,Interleaved
864,64,0,0.2619626020349887,0.5252094350912172,1,Interleaved
865,65,0,0.09666662483572472,0.7374273328873684,1,Interleaved
866,66,0,0.41989103439359143,0.7549732588199984,1,Interleaved
867,67,0,0.5588324655765857,0.5206232143992411,1,Interleaved
868,68,0,0.33291270321203087,0.6646889811506369,1,Interleaved
869,69,0,0.2519644010676883,0.5509723010808859,1,Interleaved
870,70,0,0.08403412465551352,0.5764551313099142,1,Interleaved
871,71,0,0.433641103387214,0.5995912387559363,1,Interleaved
872,72,0,0.4605099520755701,0.40596500023270576,1,Interleaved
873,73,0,0.3529798346194736,0.33671640537823944,1,Interleaved
874,74,0,0.3202233993755363,0.6116360521667541,1,Interleaved
875,75,0,0.2082217801134021,0.5349998679563367,1,Interleaved
876,76,0,0.41162455549072907,0.6584756270657582,1,Interleaved
877,77,0,0.17008830684606518,0.4978663412129831,1,Interleaved
878,78,0,0.3143983455245696,0.5161948197363715,1,Interleaved
879,79,0,0.3153135012414969,0.5533576861892093,1,Interleaved
880,80,0,0.37867005095285755,0.467434066999893,1,Interleaved
881,81,0,0.2756869901407713,0.5915673162381627,1,Interleaved
882,82,0,0.6895198519966168,0.4955885851474269,1,Interleaved
883,83,0,0.918391458544609,0.5294352579009787,1,Interleaved
884,84,0,0.5644406160236928,0.5771759466814799,1,Interleaved
885,85,0,0.8588957526620742,0.43075742917443083,1,Interleaved
886,86,0,0.34311493657602193,0.6937443457039201,1,Interleaved
887,87,0,0.9785171212302401,0.3696715747655104,1,Interleaved
888,88,0,0.33265653947605206,0.47865537760885,1,Interleaved
889,89,0,0.5003389144894936,0.5952228411404521,1,Interleaved
890,90,0,0.4306664144229926,0.5812677760872627,1,Interleaved
891,91,0,0.9573489588306083,0.4614726877288749,1,Interleaved
892,92,0,0.46750906760618904,0.5012523657004997,1,Interleaved
893,93,0,0.2311336461763311,0.6449015299353296,1,Interleaved
894,94,0,0.482803716020737,0.5238521571185715,1,Interleaved
895,95,0,0.10229278439497566,0.6394791756946745,1,Interleaved
896,96,0,0.8842072860449051,0.6524592207030653,1,Interleaved
897,97,0,0.579261810146428,0.6591970303142665,1,Interleaved
898,98,0,0.49221318852905394,0.5979867468483926,1,Interleaved
899,99,0,0.1814094066258053,0.6070946271858801,1,Interleaved
900,100,0,0.6834291305570785,0.5895146312333217,1,Interleaved
901,101,0,0.1080331385776787,0.7991771175331943,1,Interleaved
902,102,0,0.7113947456376745,0.4421751932113401,1,Interleaved
903,103,0,0.6458796355865033,0.335919718631548,1,Interleaved
904,104,0,0.6677357672468502,0.6148713580415663,1,Interleaved
905,105,0,0.6660236918909346,0.5036076325136509,1,Interleaved
906,106,0,0.1861387219797668,0.5593218480704096,1,Interleaved
907,107,0,0.5814233523048582,0.5380085454957576,1,Interleaved
908,108,0,0.6223534382073497,0.5531685073446878,1,Interleaved
909,109,0,0.8028334381809729,0.5505275026826615,1,Interleaved
910,110,0,0.4790729051785261,0.5099038076033632,1,Interleaved
911,111,0,0.7841857570230837,0.6376881059166486,1,Interleaved
912,112,0,0.5468619759564134,0.5312495547205466,1,Interleaved
913,113,0,0.7489647592305746,0.5209481550873101,1,Interleaved
914,114,0,0.48310406971448366,0.4474375489626347,1,Interleaved
915,115,0,0.01696014413530683,0.6680659710198192,1,Interleaved
916,116,0,0.16095350827739785,0.4917687879452159,1,Interleaved
917,117,0,0.032894453235361984,0.8603299781983085,1,Interleaved
918,118,0,0.5037669100456932,0.6507971438540109,1,Interleaved
919,119,0,0.8275963197401397,0.40540729180662705,1,Interleaved
920,120,0,0.4712862589557758,0.43563774483171325,1,Interleaved
921,121,0,0.8071639508017681,0.4453297566970135,1,Interleaved
922,122,0,0.7033140282718822,0.38549327762160757,1,Interleaved
923,123,0,0.8404795174354966,0.5362394165626199,1,Interleaved
924,124,0,0.4433205255187375,0.6784866341442124,1,Interleaved
925,125,0,0.5725267279119143,0.5582283708025046,1,Interleaved
926,126,0,0.0352483040967162,0.5508044847735972,1,Interleaved
927,127,0,0.09360957298621095,0.6413524924879597,1,Interleaved
928,128,0,0.11501928952739116,0.5973793173392605,1,Interleaved
929,129,0,0.5596545455022038,0.5725248811539114,1,Interleaved
930,130,0,0.8144887841372157,0.583059768466919,1,Interleaved
931,131,0,0.48265304209868837,0.556891669889094,1,Interleaved
932,132,0,0.6509150581610645,0.45263544704626923,1,Interleaved
933,133,0,0.5581909165108634,0.4306418135427257,1,Interleaved
934,134,0,0.2731119606795549,0.6477353273852046,1,Interleaved
935,135,0,0.4401941064812574,0.5473241827873563,1,Interleaved
936,136,0,0.8870942998525086,0.5976122843838705,1,Interleaved
937,137,0,0.9314921137232653,0.5305949860045797,1,Interleaved
938,138,0,0.47057699617758486,0.49396847952052614,1,Interleaved
939,139,0,0.4977956479194726,0.48623168847212794,1,Interleaved
940,140,0,0.6775945097106933,0.5734998618053961,1,Interleaved
941,141,0,0.06348786491414152,0.704513026479156,1,Interleaved
942,142,0,0.7419167616795959,0.539464950608115,1,Interleaved
943,143,0,0.8187009460412035,0.6339949868938646,1,Interleaved
944,144,0,0.5756371418192169,0.5554199053374773,1,Interleaved
945,145,0,0.4426240169878386,0.7477791349462671,1,Interleaved
946,146,0,0.9268368089596309,0.5521517493461054,1,Interleaved
947,147,0,0.49447921303484055,0.6342632582003522,1,Interleaved
948,148,0,0.9784568804444733,0.46220148671126815,1,Interleaved
949,149,0,0.7421199333535966,0.5013638413999473,1,Interleaved
950,150,0,0.5086852451905037,0.5450742760948764,1,Interleaved
951,151,0,0.4287044807321006,0.4766140738819529,1,Interleaved
952,152,0,0.6151951137842362,0.46326325611541586,1,Interleaved
953,153,0,0.1935895787335844,0.5512128332310258,1,Interleaved
954,154,0,0.9377154938857027,0.48113261911605887,1,Interleaved
955,155,0,0.5949743676850373,0.479436331005323,1,Interleaved
956,156,0,0.4882144240879665,0.4520609795021032,1,Interleaved
957,157,0,0.626553041240939,0.47179168905484803,1,Interleaved
958,158,0,0.03345792099163863,0.6510532675029675,1,Interleaved
959,159,0,0.7459915766627518,0.48469669271601884,1,Interleaved
960,160,0,0.05286604101628606,0.5262447438283667,1,Interleaved
961,161,0,0.5205417674945025,0.6740379107349421,1,Interleaved
962,162,0,0.4638441069826192,0.6075225689319824,1,Interleaved
963,163,0,0.537479066418277,0.706076668659445,1,Interleaved
964,164,0,0.02869225133125431,0.5140246275712648,1,Interleaved
965,165,0,0.21185335058257704,0.6434474968542532,1,Interleaved
966,166,0,0.29901329531490073,0.5963688987805997,1,Interleaved
967,167,0,0.5279244237240064,0.6287015735779571,1,Interleaved
968,168,0,0.48624545883886433,0.5902583857105468,1,Interleaved
969,169,0,0.9518453818857757,0.42148549896871457,1,Interleaved
970,170,0,0.2046601102171952,0.6402991491310213,1,Interleaved
971,171,0,0.5695529739663012,0.4579772888530449,1,Interleaved
972,172,0,0.6525976687228969,0.548193614767337,1,Interleaved
973,173,0,0.4754750895583807,0.7463475960582406,1,Interleaved
974,174,0,0.9262717210445439,0.6886848717979333,1,Interleaved
975,175,0,0.2671060704999593,0.8401782704699836,1,Interleaved
976,176,0,0.48367321214215103,0.8071816494668016,1,Interleaved
977,177,0,0.49557550528260075,0.7078281118667136,1,Interleaved
978,178,0,0.353076760787742,0.5669765758231902,1,Interleaved
979,179,0,0.4986491246895012,0.7372228926963444,1,Interleaved
980,180,0,0.9680543016825317,0.38015579429091867,1,Interleaved
981,181,0,0.6088946806868991,0.5934751782236988,1,Interleaved
982,182,0,0.4898161095613235,0.5192257711905414,1,Interleaved
983,183,0,0.1053701569746024,0.5859347676239869,1,Interleaved
984,184,0,0.7079267205846497,0.3692818395651102,1,Interleaved
985,185,0,0.333070449135678,0.5900925063267374,1,Interleaved
986,186,0,0.5123036589532616,0.4821692654952593,1,Interleaved
987,187,0,0.4069334644375886,0.4564405608115046,1,Interleaved
988,188,0,0.6194598257976125,0.3973677651393632,1,Interleaved
989,189,0,0.23745388437558235,0.6063078460565272,1,Interleaved
990,190,0,0.5907761607442192,0.5356551679078774,1,Interleaved
991,191,0,0.6545112985898927,0.5194994635297268,1,Interleaved
992,192,0,0.5437849277465419,0.5879833437251523,1,Interleaved
993,193,0,0.5143241715634159,0.5502068599965572,1,Interleaved
994,194,0,0.44701243587324574,0.8184768148471255,1,Interleaved
995,195,0,0.49977794139979015,0.8834448612997559,1,Interleaved
996,196,0,0.5089657417095138,0.5679801444475585,1,Interleaved
997,197,0,0.4998523960993408,0.6933411837149258,1,Interleaved
998,198,0,0.06743096719380683,0.7774364268454317,1,Interleaved
999,199,0,0.3053720921336987,0.5521180987983533,1,Interleaved
1000,0,0,0.4989445042000664,0.7878784670129257,1,Instructed
1001,1,0,0.044943974916861223,1.4916772671959655,1,Instructed
1002,2,0,0.4982929488434429,0.8066082670840271,1,Instructed
1003,3,0,0.9746428223069553,0.5589024460272305,1,Instructed
1004,4,0,0.9408887765505949,0.7213975613578515,1,Instructed
1005,5,0,0.48562726011630925,0.6480444933140674,1,Instructed
1006,6,0,0.04395755551938727,0.6237606512631829,1,Instructed
1007,7,0,0.7288418059118349,0.41274671042018596,1,Instructed
1008,8,0,0.7892662602563056,0.5153235746701459,1,Instructed
1009,9,0,0.6032796225298788,0.6173209591497532,1,Instructed
1010,10,0,0.22067441247848124,0.44798991427177315,1,Instructed
1011,11,0,0.5029053001717989,0.534308244324402,1,Instructed
1012,12,0,0.5076587357522976,1.0032367808364882,1,Instructed
1013,13,0,0.4773215364608127,0.482752245297865,1,Instructed
1014,14,0,0.46547387299833776,0.8011077071447832,1,Instructed
1015,15,0,0.5145756049280825,0.5364847538484032,1,Instructed
1016,16,0,0.5683966203602057,0.5255790270887875,1,Instructed
1017,17,0,0.9471653994655422,0.6821557972284811,1,Instructed
1018,18,0,0.7512083502353788,0.45659622475941675,1,Instructed
1019,19,0,0.7189432345054974,0.39528855681225306,1,Instructed
1020,20,0,0.31143299579716255,0.5394618143958017,1,Instructed
1021,21,0,0.1059961147400966,0.6434999002809847,1,Instructed
1022,22,0,0.9262888190604508,0.4527447970213474,1,Instructed
1023,23,0,0.9425804549340323,0.39529144056655036,1,Instructed
1024,24,0,0.7224605656273678,0.5041234342729556,1,Instructed
1025,25,0,0.3684275160326611,0.5154665282943939,1,Instructed
1026,26,0,0.3074924873376258,0.49142717401515124,1,Instructed
1027,27,0,0.4928258414753899,0.44593702325303286,1,Instructed
1028,28,0,0.22968947639903142,0.5512618863110148,1,Instructed
1029,29,0,0.9322252903638403,0.49602321843548497,1,Instructed
1030,30,0,0.5009637866085433,0.5863247820648627,1,Instructed
1031,31,0,0.20138751701572613,0.5053077007010046,1,Instructed
1032,32,0,0.5033360791572055,0.6234279572013182,1,Instructed
1033,33,0,0.5598807736172237,0.30103766719208147,1,Instructed
1034,34,0,0.907377173601922,0.3675611279539118,1,Instructed
1035,35,0,0.513436911411666,0.3666522586052227,1,Instructed
1036,36,0,0.29162147382387327,0.5900346990412941,1,Instructed
1037,37,0,0.8382288075176894,0.4499797376670508,1,Instructed
1038,38,0,0.3169099297070303,0.4495440377589873,1,Instructed
1039,39,0,0.5004344199918175,0.4391767066276113,1,Instructed
1040,40,0,0.7043840480088506,0.4627706785999983,1,Instructed
1041,41,0,0.12029573847204571,0.5731142893797321,1,Instructed
1042,42,0,0.9982765743567923,0.7943369731826508,1,Instructed
1043,43,0,0.35483645500189553,0.6365819575525458,1,Instructed
1044,44,0,0.2776102187997276,0.6691485401597941,1,Instructed
1045,45,0,0.6515108699867032,0.5366823573236451,1,Instructed
1046,46,0,0.8266426699389839,0.5151740265918547,1,Instructed
1047,47,0,0.06675027872020792,0.5037712569956546,1,Instructed
1048,48,0,0.5177414676418739,0.5652125610408587,1,Instructed
1049,49,0,0.4484013311962365,0.5079557280434266,1,Instructed
1050,50,0,0.9763955467557356,0.48093734341145655,1,Instructed
1051,51,0,0.589182317251101,0.40855427721129145,1,Instructed
1052,52,0,0.4982648341402165,0.47026384504882895,1,Instructed
1053,53,0,0.9133859335352248,0.4599924034137192,1,Instructed
1054,54,0,0.4907315690231208,0.39869351729484115,1,Instructed
1055,55,0,0.6012072765073014,0.41481101516896135,1,Instructed
1056,56,0,0.7193268022414264,0.35284976488666875,1,Instructed
1057,57,0,0.4487527787084876,0.6432333160769602,1,Instructed
1058,58,0,0.09798187883763375,0.49317737409668594,1,Instructed
1059,59,0,0.34526741203122907,1.2767141740420707,1,Instructed
1060,60,0,0.3406715197038581,0.2642669748985649,1,Instructed
1061,61,0,0.9355982352811139,0.8106792851372178,1,Instructed
1062,62,0,0.5677961455113409,0.4003491169864174,1,Instructed
1063,63,0,0.6282843653577844,0.5403929163622038,1,Instructed
1064,64,0,0.6752701114658588,0.6164078909910262,1,Instructed
1065,65,0,0.3575320067402113,0.6447178658419846,1,Instructed
1066,66,0,0.2909733307053734,0.3695805313639088,1,Instructed
1067,67,0,0.3193879619956559,0.5658931110184928,1,Instructed
1068,68,0,0.7268881092341688,0.48920685838875794,1,Instructed
1069,69,0,0.5209627612432292,0.5406743277858462,1,Instructed
1070,70,0,0.06669929532021425,0.6977805756791282,1,Instructed
1071,71,0,0.5281955655763986,0.4171801492277279,1,Instructed
1072,72,0,0.20126497599718285,0.6566224241898181,1,Instructed
1073,73,0,0.04703567365463985,0.6574255353240597,1,Instructed
1074,74,0,0.548175217277967,0.47050924930687754,1,Instructed
1075,75,0,0.3614791850325216,0.854451512961754,1,Instructed
1076,76,0,0.4549675894444393,0.494965361382394,1,Instructed
1077,77,0,0.17514220034684516,0.8027362935828188,1,Instructed
1078,78,0,0.5487594834670928,0.44812041407884134,1,Instructed
1079,79,0,0.9072575938355072,0.5265052141799034,1,Instructed
1080,80,0,0.3659665674657391,0.5603142776012595,1,Instructed
1081,81,0,0.6167572225499504,0.3859517899371316,1,Instructed
1082,82,0,0.6612920185055349,0.5527150175234727,1,Instructed
1083,83,0,0.5444120124826313,0.46549381558312475,1,Instructed
1084,84,0,0.7450823129972379,0.47206719592560253,1,Instructed
1085,85,0,0.0603981575258033,0.3663418857867309,1,Instructed
1086,86,0,0.5793074819570041,0.5255852478764309,1,Instructed
1087,87,0,0.5171773008135744,0.4288114298330076,1,Instructed
1088,88,0,0.05756153946177287,0.5888777835882077,1,Instructed
1089,89,0,0.5158937821338728,0.5211975089493232,1,Instructed
1090,90,0,0.8626514278397834,0.43886027821162993,1,Instructed
1091,91,0,0.5267147709388641,0.4544632820918708,1,Instructed
1092,92,0,0.446740301429914,0.44128566779904327,1,Instructed
1093,93,0,0.7282827103969247,0.5125195702474387,1,Instructed
1094,94,0,0.2966354432222439,0.4578219599762747,1,Instructed
1095,95,0,0.2125150942830583,0.45770010769665564,1,Instructed
1096,96,0,0.48850023804872095,0.5690917683103397,1,Instructed
1097,97,0,0.8673319593158867,0.49362793926656834,1,Instructed
1098,98,0,0.6596776814368233,0.39311349032680215,1,Instructed
1099,99,0,0.8232135913778256,0.41139651721849935,1,Instructed
1100,100,0,0.854288329618081,0.3065774957376298,1,Instructed
1101,101,0,0.537343601471622,0.3418935623127992,1,Instructed
1102,102,0,0.512289913492236,0.355819297768191,1,Instructed
1103,103,0,0.06405341269093201,0.4908287698269309,1,Instructed
1104,104,0,0.269352312771761,0.41123321373863,1,Instructed
1105,105,0,0.018533400644991753,0.5329071439488382,1,Instructed
1106,106,0,0.48446790598290224,0.43423051243734656,1,Instructed
1107,107,0,0.35865977126604837,0.547316263158816,1,Instructed
1108,108,0,0.5333615396164422,0.48766924278170637,1,Instructed
1109,109,0,0.3378446965146786,0.6096909057898744,1,Instructed
1110,110,0,0.49955953675782033,0.5356451655212502,1,Instructed
1111,111,0,0.8845309732977544,0.7497211953054872,1,Instructed
1112,112,0,0.52308142210388,0.36975428704236774,1,Instructed
1113,113,0,0.5205125003555259,0.46067820788771574,1,Instructed
1114,114,0,0.4230029903787791,0.5954251458384852,1,Instructed
1115,115,0,0.2866173486817415,0.4345876397901066,1,Instructed
1116,116,0,0.5597214458553037,0.39767959517372686,1,Instructed
1117,117,0,0.5017847359622355,0.5290631580017209,1,Instructed
1118,118,0,0.977291761806308,0.5985879352519354,1,Instructed
1119,119,0,0.4075567880243146,0.5234263375481192,1,Instructed
1120,120,0,0.08240981006337628,0.5569945865065725,1,Instructed
1121,121,0,0.4003674502485788,0.49478114501613535,1,Instructed
1122,122,0,0.6499345510235535,0.5905576672328114,1,Instructed
1123,123,0,0.6595197529757086,0.5385241278483984,1,Instructed
1124,124,0,0.6692836819238994,0.621194620169248,1,Instructed
1125,125,0,0.8083135957309417,0.5097782837635059,1,Instructed
1126,126,0,0.4183664496384606,0.5153752761756489,1,Instructed
1127,127,0,0.4113807159139956,0.4500021605124277,1,Instructed
1128,128,0,0.8398777299474969,0.44631745502470116,1,Instructed
1129,129,0,0.31517361346516987,0.5307847967796517,1,Instructed
1130,130,0,0.7820008770204676,0.33842055289036466,1,Instructed
1131,131,0,0.34937231825777837,0.4975180803560669,1,Instructed
1132,132,0,0.9592845967203008,0.42928275342299027,1,Instructed
1133,133,0,0.3060285108062105,0.7053154585013937,1,Instructed
1134,134,0,0.8663099663846028,0.4621286387234108,1,Instructed
1135,135,0,0.15529119208360176,0.7153880929333793,1,Instructed
1136,136,0,0.4264349450444766,0.39330940787483504,1,Instructed
1137,137,0,0.023022793854442298,0.6684191402010158,1,Instructed
1138,138,0,0.6014745278890432,0.4111365630834506,1,Instructed
1139,139,0,0.49953884953510075,0.49919215739836453,1,Instructed
1140,140,0,0.9723577894283605,0.5479059212983652,1,Instructed
1141,141,0,0.7389165607036472,0.5335770448687847,1,Instructed
1142,142,0,0.48938585531362877,0.6084206849332601,1,Instructed
1143,143,0,0.272311273731212,0.5438412061439029,1,Instructed
1144,144,0,0.47640145179054566,0.5155683599352041,1,Instructed
1145,145,0,0.277113272477034,0.42167381991871244,1,Instructed
1146,146,0,0.10030063543200005,0.4551884255079165,1,Instructed
1147,147,0,0.15847219723809472,0.49561271041991517,1,Instructed
1148,148,0,0.4501538400964692,0.43203084729594476,1,Instructed
1149,149,0,0.3863919970858325,0.5819780832786363,1,Instructed
1150,150,0,0.3526948833897455,0.8244506374193423,1,Instructed
1151,151,0,0.7634535538801204,0.32518329201314394,1,Instructed
1152,152,0,0.36881633463598207,0.5698333750703781,1,Instructed
1153,153,0,0.8339417964769189,0.3345706778645461,1,Instructed
1154,154,0,0.18758843820066157,0.41424627558415705,1,Instructed
1155,155,0,0.5248979018787482,0.5207880130330802,1,Instructed
1156,156,0,0.4502454592494022,0.39301741264466916,1,Instructed
1157,157,0,0.9428990467189529,0.7274217474811017,1,Instructed
1158,158,0,0.7184691788072017,0.419798974932444,1,Instructed
1159,159,0,0.08095036826029219,0.6528717799439997,1,Instructed
1160,160,0,0.42029467439779844,0.3945480376005096,1,Instructed
1161,161,0,0.5638424342459458,0.5310706558678251,1,Instructed
1162,162,0,0.7143421268671737,0.37258320490507013,1,Instructed
1163,163,0,0.8686446742665845,0.6179858460974351,1,Instructed
1164,164,0,0.4428019733862459,0.8356115265662571,1,Instructed
1165,165,0,0.48655643612652877,0.6198795450919019,1,Instructed
1166,166,0,0.40532151193040294,0.5994927910576069,1,Instructed
1167,167,0,0.32683800541589647,0.46220392514893777,1,Instructed
1168,168,0,0.3622502219810301,0.7050278895438487,1,Instructed
1169,169,0,0.4989394710154103,0.4351946798017886,1,Instructed
1170,170,0,0.4906198468541551,0.4154423193437186,1,Instructed
1171,171,0,0.540525866415117,0.5504574349133808,1,Instructed
1172,172,0,0.6593418316155004,0.7591711192194737,1,Instructed
1173,173,0,0.379762104054903,0.706000623193992,1,Instructed
1174,174,0,0.8781995284210913,0.466110701192169,1,Instructed
1175,175,0,0.17955798340956275,0.6960384053378343,1,Instructed
1176,176,0,0.6589864862555792,0.359398300882901,1,Instructed
1177,177,0,0.1407922350193552,0.49451041750177877,1,Instructed
1178,178,0,0.6583525615069228,0.3119025914872625,1,Instructed
1179,179,0,0.05680204754002971,0.4500129946283271,1,Instructed
1180,180,0,0.5057567713149875,0.48006407499573717,1,Instructed
1181,181,0,0.7555390364873056,0.636905015260316,1,Instructed
1182,182,0,0.7169611214012216,0.589951664573543,1,Instructed
1183,183,0,0.2972142607093766,0.5562587181204757,1,Instructed
1184,184,0,0.2841408045994487,0.6108366114443573,1,Instructed
1185,185,0,0.2176351830385202,0.4712484121281728,1,Instructed
1186,186,0,0.5133577545016963,0.8593301832222215,1,Instructed
1187,187,0,0.4829508817306748,0.4390571640024402,1,Instructed
1188,188,0,0.3348808492612404,0.4448798339117614,1,Instructed
1189,189,0,0.5375135923021961,0.6369633521293718,1,Instructed
1190,190,0,0.5250993555579571,0.4540609538716358,1,Instructed
1191,191,0,0.2522881739318813,0.6511014514040261,1,Instructed
1192,192,0,0.529573702898376,0.4450782856926393,1,Instructed
1193,193,0,0.17125054561962308,0.7435685489667495,1,Instructed
1194,194,0,0.3850283696137063,0.4693085732739803,1,Instructed
1195,195,0,0.7367555343242699,0.582220649195849,1,Instructed
1196,196,0,0.6682401041300661,0.3513527651582511,1,Instructed
1197,197,0,0.7086507914004775,0.42323567632508996,1,Instructed
1198,198,0,0.7472492101081958,0.3772762341366831,1,Instructed
1199,199,0,0.5604753655466854,0.4221111428146668,1,Instructed
