,t,e_hat,Accuracy,pe,batch,Condition
0,0,0,0.8963642865190181,0.6740057559510113,0,Blocked
1,1,0,0.9234793087524358,0.5071538160317742,0,Blocked
2,2,0,0.3820671117524369,0.8400019042185769,0,Blocked
3,3,0,0.30416753437956856,0.5331809741994887,0,Blocked
4,4,0,0.5136444360943897,0.4837061457467048,0,Blocked
5,5,0,0.03161454288577671,0.701029228365486,0,Blocked
6,6,0,0.7488606437966896,0.4144857049476876,0,Blocked
7,7,0,0.3666651772667986,0.46730942676437737,0,Blocked
8,8,0,0.3389658167448764,0.39625058310947275,0,Blocked
9,9,0,0.46233021004197894,0.4246808866439473,0,Blocked
10,10,0,0.6603701079046591,0.536321649546927,0,Blocked
11,11,0,0.42525080742266574,0.5768709967411747,0,Blocked
12,12,0,0.4295491053998383,0.5430814265765926,0,Blocked
13,13,0,0.6275839289428341,0.366284625662585,0,Blocked
14,14,0,0.5699540222444468,0.41093955247663394,0,Blocked
15,15,0,0.5424343366395135,0.4236044385677922,0,Blocked
16,16,0,0.4246038649021679,0.4712434786030015,0,Blocked
17,17,0,0.6329790149852645,0.4575704766344876,0,Blocked
18,18,0,0.41246190483055006,0.48476448243368087,0,Blocked
19,19,0,0.4536594535012716,0.7297074245940665,0,Blocked
20,20,0,0.6410574640368837,0.4513764261705904,0,Blocked
21,21,0,0.7068622370054232,0.4322491731338782,0,Blocked
22,22,0,0.46853125501297505,0.4567434568227612,0,Blocked
23,23,0,0.5600030857066122,0.4371489571930648,0,Blocked
24,24,0,0.41770938203053115,0.5022666280428745,0,Blocked
25,25,0,0.4956994709257524,0.443500811577727,0,Blocked
26,26,0,0.5128904515403809,0.41132887078324687,0,Blocked
27,27,0,0.5034023992926331,0.47870231704698335,0,Blocked
28,28,0,0.5448248311467058,0.4922349787727528,0,Blocked
29,29,0,0.7131214259143959,0.44108252944062143,0,Blocked
30,30,0,0.4749874202261212,0.47633121252763544,0,Blocked
31,31,0,0.7256146736833524,0.45470330840640083,0,Blocked
32,32,0,0.5233818941142079,0.4460775898371675,0,Blocked
33,33,0,0.4921258192455267,0.5602726174350401,0,Blocked
34,34,0,0.316854782299077,0.41066018445511365,0,Blocked
35,35,0,0.7501929930780038,0.6529127609881844,0,Blocked
36,36,0,0.545267620169247,0.45852106280620974,0,Blocked
37,37,0,0.5290121834916732,0.3917639751978268,0,Blocked
38,38,0,0.5398656247221314,0.272046763775982,0,Blocked
39,39,0,0.48593773448799793,0.4685360200354203,0,Blocked
40,40,0,0.3853906122277421,0.4025274982036672,0,Blocked
41,41,0,0.4205257626797142,0.43676278262338053,0,Blocked
42,42,0,0.7895774622071646,0.3934233800994389,0,Blocked
43,43,0,0.13694762237754668,0.3657313742593602,0,Blocked
44,44,0,0.13639211178167393,0.6020930496668149,0,Blocked
45,45,0,0.8167697465983952,0.3501580251082724,0,Blocked
46,46,0,0.33727132967694434,0.5015840523362577,0,Blocked
47,47,0,0.6576738268083134,0.3863851342356302,0,Blocked
48,48,0,0.4885749882480146,0.2181288229043728,0,Blocked
49,49,0,0.45896407300479825,0.40806777392810734,0,Blocked
50,50,0,0.5915555796892666,0.3321419683902036,0,Blocked
51,51,0,0.49091758700458166,0.4543531682542526,0,Blocked
52,52,0,0.6795345805238412,0.3728050652767292,0,Blocked
53,53,0,0.7701748201609182,0.38475228399750294,0,Blocked
54,54,0,0.3506594491482031,0.4694304611229061,0,Blocked
55,55,0,0.6343133586943751,0.2819381250604395,0,Blocked
56,56,0,0.565644703526703,0.3449770756973268,0,Blocked
57,57,0,0.558506997002113,0.4245114717454885,0,Blocked
58,58,0,0.7172923405688058,0.3677496395255174,0,Blocked
59,59,0,0.3479597498879793,0.4027146919488057,0,Blocked
60,60,0,0.34701721900346705,0.5027957714808509,0,Blocked
61,61,0,0.5729085654803836,0.31448506406306287,0,Blocked
62,62,0,0.46639811450381735,0.5371902484092085,0,Blocked
63,63,0,0.5119610051811492,0.5503123606505893,0,Blocked
64,64,0,0.4947853735383042,0.41483271666290855,0,Blocked
65,65,0,0.38626110026460453,0.48641343641706014,0,Blocked
66,66,0,0.4343414483781983,0.40378578549836186,0,Blocked
67,67,0,0.5442341292737386,0.3800740031406059,0,Blocked
68,68,0,0.5436970814251336,0.4908430498305943,0,Blocked
69,69,0,0.6254756802077349,0.392529724982064,0,Blocked
70,70,0,0.3855589303826212,0.39686728639217733,0,Blocked
71,71,0,0.4538775073171466,0.4350268524580788,0,Blocked
72,72,0,0.41317028037108794,0.42377194255550843,0,Blocked
73,73,0,0.5306432802616493,0.36730214910311365,0,Blocked
74,74,0,0.5707926772547981,0.465175982118442,0,Blocked
75,75,0,0.501828433444691,0.35218231910494513,0,Blocked
76,76,0,0.34616810672983744,0.41950620483142664,0,Blocked
77,77,0,0.47271399983499873,0.2777798219553374,0,Blocked
78,78,0,0.6775081121292057,0.5544620516580576,0,Blocked
79,79,0,0.7056152120098017,0.491570922004352,0,Blocked
80,80,0,0.41336649955670063,0.3922182835543422,0,Blocked
81,81,0,0.5675172702270339,0.458165639800054,0,Blocked
82,82,0,0.42739823961863316,0.44250041802854956,0,Blocked
83,83,0,0.3356532951703622,0.5912983415646302,0,Blocked
84,84,0,0.4363257468457703,0.38780890000497115,0,Blocked
85,85,0,0.33307935058364446,0.32320889870591596,0,Blocked
86,86,0,0.6317415063444216,0.4278946431920977,0,Blocked
87,87,0,0.6362522139427027,0.42138180792527913,0,Blocked
88,88,0,0.6221023036175242,0.42869499685725143,0,Blocked
89,89,0,0.6917647522459106,0.3231735828737472,0,Blocked
90,90,0,0.6830289159868226,0.2984227664301058,0,Blocked
91,91,0,0.6596737881854173,0.354218607183604,0,Blocked
92,92,0,0.6755007101813149,0.42889728553188544,0,Blocked
93,93,0,0.3346373786046498,0.3628133668730895,0,Blocked
94,94,0,0.66808570569109,0.3082240305115336,0,Blocked
95,95,0,0.3687795952753199,0.4302100920596024,0,Blocked
96,96,0,0.6815513428311853,0.46034489227379816,0,Blocked
97,97,0,0.7770068035968196,0.43551354923343805,0,Blocked
98,98,0,0.8517288228717802,0.3642073461587785,0,Blocked
99,99,0,0.22879175401617158,0.5000682792429485,0,Blocked
100,100,0,0.5212254233226343,0.43097621309075357,0,Blocked
101,101,0,0.5044681802140025,0.40027948444395495,0,Blocked
102,102,0,0.5241352003917561,0.3927660497441069,0,Blocked
103,103,0,0.4666733413335581,0.4215808705222337,0,Blocked
104,104,0,0.5390500190309907,0.3647932345359899,0,Blocked
105,105,0,0.4964914876503544,0.445069102428715,0,Blocked
106,106,0,0.528405606628072,0.3717849771389686,0,Blocked
107,107,0,0.5079222144952767,0.3455439172719479,0,Blocked
108,108,0,0.6002746424447055,0.35535877618134426,0,Blocked
109,109,0,0.3296780426675131,0.3424273181933578,0,Blocked
110,110,0,0.7898882624658439,0.36013739657986577,0,Blocked
111,111,0,0.5884478844715559,0.28788012790101214,0,Blocked
112,112,0,0.5845441528457785,0.37035306763444414,0,Blocked
113,113,0,0.7302466481799315,0.39883343879374716,0,Blocked
114,114,0,0.8387577682251741,0.3068103433643773,0,Blocked
115,115,0,0.5302500011044788,0.3144404979813404,0,Blocked
116,116,0,0.5412132352365435,0.38569505113421754,0,Blocked
117,117,0,0.5120691193201569,0.2566832816079599,0,Blocked
118,118,0,0.43432754347222985,0.34464313992268913,0,Blocked
119,119,0,0.4121484807592586,0.4386824611583027,0,Blocked
120,120,0,0.504555357154464,0.32889977910090806,0,Blocked
121,121,0,0.23915258898886183,0.5142069033163907,0,Blocked
122,122,0,0.6215577125108191,0.334843803667865,0,Blocked
123,123,0,0.24057186123822275,0.4724570665839038,0,Blocked
124,124,0,0.7679737066285289,0.36157684788623123,0,Blocked
125,125,0,0.2475733591995224,0.42543926951001276,0,Blocked
126,126,0,0.2922296099034799,0.427012410946521,0,Blocked
127,127,0,0.3889432061481799,0.4069963869334049,0,Blocked
128,128,0,0.9018872870447763,0.493339397573491,0,Blocked
129,129,0,0.06325695861535707,0.451783969101922,0,Blocked
130,130,0,0.15529062173218533,0.5286151233292924,0,Blocked
131,131,0,0.4659479792337615,0.283054223974291,0,Blocked
132,132,0,0.3540233957476479,0.39679494818640026,0,Blocked
133,133,0,0.7487518755308351,0.4233810550852316,0,Blocked
134,134,0,0.4438410313587393,0.3789969807028699,0,Blocked
135,135,0,0.6156633076291884,0.3907701560368541,0,Blocked
136,136,0,0.22880934557484273,0.39875734443771527,0,Blocked
137,137,0,0.37784479375886126,0.3391804568671364,0,Blocked
138,138,0,0.7545468941203721,0.4261182993046649,0,Blocked
139,139,0,0.3985657154597833,0.3842586541039279,0,Blocked
140,140,0,0.6024774922773546,0.38527219499977494,0,Blocked
141,141,0,0.5535589666531415,0.42672415285477927,0,Blocked
142,142,0,0.6687791482304606,0.34824749444497727,0,Blocked
143,143,0,0.3712461937490309,0.36672410437704434,0,Blocked
144,144,0,0.3315175979862301,0.31788226808953046,0,Blocked
145,145,0,0.5883163175373396,0.3228274579910029,0,Blocked
146,146,0,0.5272470914118872,0.3073683100587375,0,Blocked
147,147,0,0.5890435862543807,0.2980063638236951,0,Blocked
148,148,0,0.6516592195843889,0.38531047278812147,0,Blocked
149,149,0,0.6097063730418378,0.21716098241267476,0,Blocked
150,150,0,0.447579053126033,0.367861948386774,0,Blocked
151,151,0,0.8099827846256937,0.5124075654522642,0,Blocked
152,152,0,0.8828566032019937,0.2556877935365027,0,Blocked
153,153,0,0.13211698595014912,0.4481148015162316,0,Blocked
154,154,0,0.15191835156821437,0.3596961286737048,0,Blocked
155,155,0,0.4438938956975451,0.2649355162196448,0,Blocked
156,156,0,0.20269334986865942,0.41754173653099147,0,Blocked
157,157,0,0.29468721740574544,0.4097887121026232,0,Blocked
158,158,0,0.509531049455023,0.3801975445541248,0,Blocked
159,159,0,0.4376014147561919,0.4156829445111455,0,Blocked
160,160,0,0.6730800211131885,0.26657242572031703,0,Blocked
161,161,0,0.3916198216715479,0.43835980726752255,0,Blocked
162,162,0,0.17303783229159975,0.2853097868339102,0,Blocked
163,163,0,0.2849577923879783,0.3203536276285931,0,Blocked
164,164,0,0.44074777428375783,0.30743623068887227,0,Blocked
165,165,0,0.18954864324863122,0.3481045087195569,0,Blocked
166,166,0,0.4467675071503495,0.3469389508395906,0,Blocked
167,167,0,0.6659061119575319,0.4429250834272187,0,Blocked
168,168,0,0.7771638306108883,0.25409626796436463,0,Blocked
169,169,0,0.4352894790740169,0.354051169199746,0,Blocked
170,170,0,0.6286392108723078,0.3730657735863562,0,Blocked
171,171,0,0.2013975345614717,0.2577110844695178,0,Blocked
172,172,0,0.40859467882820444,0.46422916007546033,0,Blocked
173,173,0,0.4255668354570049,0.3055258874016432,0,Blocked
174,174,0,0.42487492063379356,0.3226911950579751,0,Blocked
175,175,0,0.6043988183288758,0.4491683812507469,0,Blocked
176,176,0,0.44066321396536734,0.30369945031341994,0,Blocked
177,177,0,0.13412786449904227,0.37966142451274576,0,Blocked
178,178,0,0.25540321418558704,0.4710531279217326,0,Blocked
179,179,0,0.563705158291012,0.18794430638909565,0,Blocked
180,180,0,0.4538545230801065,0.4226590346881958,0,Blocked
181,181,0,0.6161809910634962,0.3290956331162271,0,Blocked
182,182,0,0.6695205517626952,0.3210970320201663,0,Blocked
183,183,0,0.2817248107075124,0.3418966751437754,0,Blocked
184,184,0,0.8112279369838921,0.40901711604024377,0,Blocked
185,185,0,0.5206996690470994,0.2669621365795991,0,Blocked
186,186,0,0.09286184605498005,0.33893426327793263,0,Blocked
187,187,0,0.2057903407959827,0.3735071461327464,0,Blocked
188,188,0,0.8375416518429126,0.34767336185817316,0,Blocked
189,189,0,0.8125777269036527,0.3031266676175213,0,Blocked
190,190,0,0.21529264531411318,0.3513537580425439,0,Blocked
191,191,0,0.5312728870009119,0.4430483648925852,0,Blocked
192,192,0,0.6644000711523732,0.2956165453153357,0,Blocked
193,193,0,0.19515318776534324,0.3447020632157447,0,Blocked
194,194,0,0.6637030895419548,0.4699440740378653,0,Blocked
195,195,0,0.5225797698550381,0.3129787887467588,0,Blocked
196,196,0,0.8808609706112607,0.3570186051854083,0,Blocked
197,197,0,0.3739859819831896,0.4112490840593204,0,Blocked
198,198,0,0.4323884694202124,0.4629340571339071,0,Blocked
199,199,0,0.14135631635225943,0.4898284659856438,0,Blocked
200,0,0,0.9382703444661994,0.6602765115572924,0,Interleaved
201,1,0,0.46318480832995507,0.5815546359113759,0,Interleaved
202,2,0,0.004251533765399992,0.6591950265089485,0,Interleaved
203,3,0,0.4637010448096879,0.745735143651475,0,Interleaved
204,4,0,0.9772491973960455,0.5741693170642908,0,Interleaved
205,5,0,0.768886772019318,0.5653061497581404,0,Interleaved
206,6,0,0.5593733932525873,0.4766492525422124,0,Interleaved
207,7,0,0.18022640502627557,0.5894461001378382,0,Interleaved
208,8,0,0.07765592207942927,0.5704264512136246,0,Interleaved
209,9,0,0.48692594070895895,0.4328614633026567,0,Interleaved
210,10,0,0.8746262209266659,0.3970608871895762,0,Interleaved
211,11,0,0.5515424448836233,0.39484753600985445,0,Interleaved
212,12,0,0.19388475781728182,0.5284384282054981,0,Interleaved
213,13,0,0.26553833624941703,0.4895671565301052,0,Interleaved
214,14,0,0.5818256181662265,0.4643814361700605,0,Interleaved
215,15,0,0.7160783017469226,0.47792692596078,0,Interleaved
216,16,0,0.6858171190884153,0.6677588075590807,0,Interleaved
217,17,0,0.3428434571079508,0.39646625650178674,0,Interleaved
218,18,0,0.6413409545167852,0.5168700360061167,0,Interleaved
219,19,0,0.2910663026734836,0.5265976367941778,0,Interleaved
220,20,0,0.5931224987058779,0.462382805124223,0,Interleaved
221,21,0,0.4774192627182418,0.5475640599475581,0,Interleaved
222,22,0,0.5848121448170054,0.47993053652785683,0,Interleaved
223,23,0,0.47739710709568445,0.50755511320808,0,Interleaved
224,24,0,0.4487731412204467,0.4771301218360873,0,Interleaved
225,25,0,0.5219597819277964,0.47011658215459085,0,Interleaved
226,26,0,0.1961029502084237,0.484450978178147,0,Interleaved
227,27,0,0.24972101427727375,0.4039707366789044,0,Interleaved
228,28,0,0.6674290701228152,0.47368043939159504,0,Interleaved
229,29,0,0.48622664006270355,0.38921004693613376,0,Interleaved
230,30,0,0.867138260122545,0.371332232508637,0,Interleaved
231,31,0,0.5292618507091962,0.37890379283519193,0,Interleaved
232,32,0,0.6484464638541778,0.40485622563111445,0,Interleaved
233,33,0,0.6647775478748199,0.3973910609417153,0,Interleaved
234,34,0,0.19721114886403593,0.4453280377586345,0,Interleaved
235,35,0,0.45368595813504686,0.39256923311610703,0,Interleaved
236,36,0,0.8361905515215072,0.30790055601823985,0,Interleaved
237,37,0,0.5603027523112589,0.3640114009936883,0,Interleaved
238,38,0,0.6835486693021104,0.4746264355822787,0,Interleaved
239,39,0,0.6292160566769089,0.4145099244474247,0,Interleaved
240,40,0,0.17320954607047018,0.5061615395144093,0,Interleaved
241,41,0,0.5591484093726772,0.5816105326425373,0,Interleaved
242,42,0,0.9788145173334029,0.6181305793025575,0,Interleaved
243,43,0,0.5366282465003634,0.6292190182365236,0,Interleaved
244,44,0,0.5871379215043855,0.43845062503177923,0,Interleaved
245,45,0,0.36585651200528035,0.5579153115973349,0,Interleaved
246,46,0,0.6882268633338084,0.5175767027244318,0,Interleaved
247,47,0,0.4407750258640581,0.3891358077328174,0,Interleaved
248,48,0,0.007294007518352905,0.5234016979218806,0,Interleaved
249,49,0,0.5051666940860762,0.6516404041238311,0,Interleaved
250,50,0,0.8864413543272073,0.36984288766436146,0,Interleaved
251,51,0,0.6506525462613652,0.47748924506058005,0,Interleaved
252,52,0,0.5303648312213861,0.543006938707364,0,Interleaved
253,53,0,0.5751159403952076,0.6144678482809501,0,Interleaved
254,54,0,0.18602960749446656,0.4954254186608579,0,Interleaved
255,55,0,0.417860466893652,0.46557885413799704,0,Interleaved
256,56,0,0.45134586003854826,0.5015621762471283,0,Interleaved
257,57,0,0.4976721051259755,0.5045510897090886,0,Interleaved
258,58,0,0.9495223597684972,0.45761774570081315,0,Interleaved
259,59,0,0.6406964817848555,0.5191242012540391,0,Interleaved
260,60,0,0.8144565715038998,0.5955548352568969,0,Interleaved
261,61,0,0.636498473980138,0.3441463899403442,0,Interleaved
262,62,0,0.42909952262895157,0.529129143701769,0,Interleaved
263,63,0,0.4789841661278842,0.4758616326951277,0,Interleaved
264,64,0,0.22768884380284343,0.4099410967731052,0,Interleaved
265,65,0,0.6200198213004766,0.3808922771423783,0,Interleaved
266,66,0,0.5050978122076666,0.4705047009271026,0,Interleaved
267,67,0,0.4550363653196394,0.4529415060357429,0,Interleaved
268,68,0,0.6297633765761934,0.3969664032736748,0,Interleaved
269,69,0,0.5787160484448798,0.35567383562189514,0,Interleaved
270,70,0,0.7665826607049422,0.5116059018678524,0,Interleaved
271,71,0,0.7224046942098337,0.4106827738808228,0,Interleaved
272,72,0,0.8289841303031529,0.49419075240726174,0,Interleaved
273,73,0,0.5605819738348139,0.5164836741095709,0,Interleaved
274,74,0,0.8540092405574604,0.37552655133900525,0,Interleaved
275,75,0,0.9183889163874757,0.27577113454706387,0,Interleaved
276,76,0,0.18478087364788165,0.5049905875992536,0,Interleaved
277,77,0,0.40950790658958586,0.43066767123965644,0,Interleaved
278,78,0,0.9655979619549877,0.39847585973754984,0,Interleaved
279,79,0,0.5793290587761281,0.31230565246211855,0,Interleaved
280,80,0,0.08394885704452507,0.494394249663095,0,Interleaved
281,81,0,0.45376002674954063,0.5780986273958654,0,Interleaved
282,82,0,0.6393251374072451,0.46799953234911906,0,Interleaved
283,83,0,0.5424685201497099,0.557035893862622,0,Interleaved
284,84,0,0.17454609817063127,0.4069746938262202,0,Interleaved
285,85,0,0.7185757412505522,0.3421162542306316,0,Interleaved
286,86,0,0.14881781546592152,0.38639252156506965,0,Interleaved
287,87,0,0.7247622914029176,0.4532570505672001,0,Interleaved
288,88,0,0.7039826569777818,0.47556519784080786,0,Interleaved
289,89,0,0.3509983903301888,0.44322642781033245,0,Interleaved
290,90,0,0.25405394242266577,0.5612278752721288,0,Interleaved
291,91,0,0.5416793629318442,0.4546217602662922,0,Interleaved
292,92,0,0.2839897529597802,0.5429861274276537,0,Interleaved
293,93,0,0.5311790289361766,0.3641779740909403,0,Interleaved
294,94,0,0.9413636950051012,0.42741767250107976,0,Interleaved
295,95,0,0.5187442002903078,0.4115553712817658,0,Interleaved
296,96,0,0.551569030817321,0.3732428445595569,0,Interleaved
297,97,0,0.6145150689333594,0.5076104909436405,0,Interleaved
298,98,0,0.7069156928305447,0.39863504149994944,0,Interleaved
299,99,0,0.5125661286499671,0.4154838056712021,0,Interleaved
300,100,0,0.9621672561050596,0.5760911819505852,0,Interleaved
301,101,0,0.5215623559040833,0.39620423434687796,0,Interleaved
302,102,0,0.9376387063314701,0.4908790241668059,0,Interleaved
303,103,0,0.510668233583718,0.4301377395857669,0,Interleaved
304,104,0,0.04709892877152745,0.4999028851633157,0,Interleaved
305,105,0,0.6280961501383332,0.3582737880581297,0,Interleaved
306,106,0,0.6722951132210581,0.36426462143495825,0,Interleaved
307,107,0,0.5519275890637042,0.40507656593942143,0,Interleaved
308,108,0,0.431123832085011,0.38796705658599284,0,Interleaved
309,109,0,0.7864115208500315,0.3215207433930874,0,Interleaved
310,110,0,0.813957148657305,0.3412589773741719,0,Interleaved
311,111,0,0.49731798636017777,0.39583683875854475,0,Interleaved
312,112,0,0.05442242123670797,0.48977869853688455,0,Interleaved
313,113,0,0.7276747433276798,0.43061175731860857,0,Interleaved
314,114,0,0.6403925942763481,0.4114087353028919,0,Interleaved
315,115,0,0.48962137553655716,0.4256616387338792,0,Interleaved
316,116,0,0.39195420843097484,0.5525408951652626,0,Interleaved
317,117,0,0.5623826595075121,0.36357494528052237,0,Interleaved
318,118,0,0.4897093116609741,0.42381509949085394,0,Interleaved
319,119,0,0.9243092907001259,0.46618203097209626,0,Interleaved
320,120,0,0.3953109364152212,0.3431192326049024,0,Interleaved
321,121,0,0.5198727496784559,0.365679957699158,0,Interleaved
322,122,0,0.6788394176223529,0.4779288836091337,0,Interleaved
323,123,0,0.7989532114632849,0.3309458064691515,0,Interleaved
324,124,0,0.9780990256090596,0.32186420068539284,0,Interleaved
325,125,0,0.6985466073521598,0.2113332869841947,0,Interleaved
326,126,0,0.7804468180390809,0.19256557944474123,0,Interleaved
327,127,0,0.8980383067516334,0.3624696357729585,0,Interleaved
328,128,0,0.5202450982943151,0.4350263048035825,0,Interleaved
329,129,0,0.6250187245375858,0.45065904933568235,0,Interleaved
330,130,0,0.6522787225933842,0.40187769972319354,0,Interleaved
331,131,0,0.701462571956641,0.4475994006796712,0,Interleaved
332,132,0,0.30369256234977127,0.278033322380265,0,Interleaved
333,133,0,0.5870438268689282,0.4134512959055052,0,Interleaved
334,134,0,0.6572043364416967,0.24754017330440287,0,Interleaved
335,135,0,0.7384399985789905,0.3249467409426112,0,Interleaved
336,136,0,0.032920671659233666,0.4771642228620896,0,Interleaved
337,137,0,0.8251159694545018,0.447324852455986,0,Interleaved
338,138,0,0.290162733542868,0.3621528261446382,0,Interleaved
339,139,0,0.849899688468698,0.30506473930572264,0,Interleaved
340,140,0,0.8189540635202955,0.2972793797658104,0,Interleaved
341,141,0,0.821680564708916,0.3928486986192209,0,Interleaved
342,142,0,0.6336992914036484,0.3365777534267078,0,Interleaved
343,143,0,0.5857358971995548,0.2965292463871033,0,Interleaved
344,144,0,0.6642206471592984,0.3544098292319213,0,Interleaved
345,145,0,0.516735207669447,0.3722503226105349,0,Interleaved
346,146,0,0.6617719077034184,0.23411720586077434,0,Interleaved
347,147,0,0.537546001326163,0.26265075244948105,0,Interleaved
348,148,0,0.9412779330392322,0.2441716729266151,0,Interleaved
349,149,0,0.6489960537340542,0.2348621094839256,0,Interleaved
350,150,0,0.5119888591126425,0.4138620399413441,0,Interleaved
351,151,0,0.559361065655222,0.5851111222620828,0,Interleaved
352,152,0,0.6135822335457264,0.49610433465761794,0,Interleaved
353,153,0,0.5839798714440255,0.4162511771918429,0,Interleaved
354,154,0,0.699720528832522,0.2146552265457803,0,Interleaved
355,155,0,0.5829950079762166,0.3872547685127071,0,Interleaved
356,156,0,0.5773728595396674,0.5735230618317094,0,Interleaved
357,157,0,0.5939445790431891,0.42741688442150716,0,Interleaved
358,158,0,0.6077094784554492,0.34219161416590393,0,Interleaved
359,159,0,0.5709171627303874,0.30026239146298367,0,Interleaved
360,160,0,0.6036778626210954,0.34418778519886406,0,Interleaved
361,161,0,0.14993519264641647,0.5486737798123973,0,Interleaved
362,162,0,0.7615384001145082,0.33438688568741887,0,Interleaved
363,163,0,0.6506038580038772,0.23571100567391284,0,Interleaved
364,164,0,0.6291399897193719,0.309282347779378,0,Interleaved
365,165,0,0.5833695814753403,0.38522643520289246,0,Interleaved
366,166,0,0.13507379038872713,0.3334136459061994,0,Interleaved
367,167,0,0.9577009183252487,0.33490673062974097,0,Interleaved
368,168,0,0.6614028712041782,0.5418763083142952,0,Interleaved
369,169,0,0.5999843703658037,0.45700527412846015,0,Interleaved
370,170,0,0.19180561549090597,0.5382562739356207,0,Interleaved
371,171,0,0.651554895547299,0.39030413547325815,0,Interleaved
372,172,0,0.5859832846849423,0.43924343045513975,0,Interleaved
373,173,0,0.7958246839216521,0.41277707320876317,0,Interleaved
374,174,0,0.5039056916887483,0.24499564761067166,0,Interleaved
375,175,0,0.48958613513599114,0.37032393530822405,0,Interleaved
376,176,0,0.6883572066476218,0.1907694965272837,0,Interleaved
377,177,0,0.33452147161232904,0.2134643849680457,0,Interleaved
378,178,0,0.8778348363105756,0.2954799535553614,0,Interleaved
379,179,0,0.7715991729836748,0.3867465068461312,0,Interleaved
380,180,0,0.9109853007093914,0.19738455469809024,0,Interleaved
381,181,0,0.7299232660128541,0.2667708964211965,0,Interleaved
382,182,0,0.5096026305297063,0.3146602252964137,0,Interleaved
383,183,0,0.9632869566936669,0.3000821679871991,0,Interleaved
384,184,0,0.9075816771384013,0.26545392541622215,0,Interleaved
385,185,0,0.7476591221861124,0.34473801442503393,0,Interleaved
386,186,0,0.4150951668936631,0.5308124935703632,0,Interleaved
387,187,0,0.9148838392687277,0.27746710812518416,0,Interleaved
388,188,0,0.7886476962657296,0.4815115076560313,0,Interleaved
389,189,0,0.6369167150457438,0.2650867506380753,0,Interleaved
390,190,0,0.2563614949267733,0.3024574318320987,0,Interleaved
391,191,0,0.7439772212867584,0.49080622333121426,0,Interleaved
392,192,0,0.5033897552371935,0.26906794092092584,0,Interleaved
393,193,0,0.9634527396472072,0.27867396852284326,0,Interleaved
394,194,0,0.5343767395978866,0.3632923794080099,0,Interleaved
395,195,0,0.4342991676878442,0.45844090431217455,0,Interleaved
396,196,0,0.3259808686486589,0.344877473461082,0,Interleaved
397,197,0,0.7865092193679306,0.27903460626295795,0,Interleaved
398,198,0,0.8881769929499186,0.3117268975716514,0,Interleaved
399,199,0,0.8661138474948114,0.19981214870610609,0,Interleaved
400,0,0,0.8294099105163788,0.6531924498451496,0,Instructed
401,1,0,0.93438261540299,0.7429715431305817,0,Instructed
402,2,0,0.42857561554038354,0.5538733766369601,0,Instructed
403,3,0,0.17418418213569994,0.6714080054953726,0,Instructed
404,4,0,0.41745960201027005,0.48809854539738484,0,Instructed
405,5,0,0.961655447252459,0.44930968131478577,0,Instructed
406,6,0,0.3594719869074734,0.461463730180065,0,Instructed
407,7,0,0.1944340296741922,0.5849417741748193,0,Instructed
408,8,0,0.37803385787710386,0.41591208813177993,0,Instructed
409,9,0,0.8555364312615488,0.6664784910284453,0,Instructed
410,10,0,0.41445452866124266,0.6362550113888639,0,Instructed
411,11,0,0.21009339887902803,0.699777169836747,0,Instructed
412,12,0,0.3758827512720679,0.5404172857729694,0,Instructed
413,13,0,0.29562714874072726,0.42405187433714686,0,Instructed
414,14,0,0.4439663117373237,0.4251885713903865,0,Instructed
415,15,0,0.6359360870016793,0.4618043194289888,0,Instructed
416,16,0,0.48590487437247715,0.4678790874742217,0,Instructed
417,17,0,0.18312862859946624,0.6015592501685871,0,Instructed
418,18,0,0.6674085261329823,0.37793468602944524,0,Instructed
419,19,0,0.7735230510762566,0.31584016148279337,0,Instructed
420,20,0,0.7151712054382956,0.5756787648101462,0,Instructed
421,21,0,0.24012202749407083,0.41530441445672284,0,Instructed
422,22,0,0.03049995008917418,0.5570596599195675,0,Instructed
423,23,0,0.6694845464882736,0.4736366592955994,0,Instructed
424,24,0,0.6694808645198148,0.4665874836517787,0,Instructed
425,25,0,0.7414868874361358,0.482388518427208,0,Instructed
426,26,0,0.5817466794040415,0.3525187371785287,0,Instructed
427,27,0,0.05499346241654391,0.4128323546909428,0,Instructed
428,28,0,0.3202844869588587,0.43532934345587737,0,Instructed
429,29,0,0.7673708635488241,0.5043702432365843,0,Instructed
430,30,0,0.6205802493591038,0.5182099390985389,0,Instructed
431,31,0,0.04289989290363787,0.6466263865817169,0,Instructed
432,32,0,0.9351232642724004,0.40382645325949185,0,Instructed
433,33,0,0.5478105155228009,0.429534877179356,0,Instructed
434,34,0,0.7393282683114714,0.39545602527448565,0,Instructed
435,35,0,0.53135520030897,0.3762197415804902,0,Instructed
436,36,0,0.37230431845742434,0.47210569786985057,0,Instructed
437,37,0,0.480007699977908,0.39552517106810836,0,Instructed
438,38,0,0.7252654981293455,0.5381038053997746,0,Instructed
439,39,0,0.234465410454212,0.47672461369895996,0,Instructed
440,40,0,0.2133682368557926,0.48650379315562264,0,Instructed
441,41,0,0.413942234203721,0.3543136862679668,0,Instructed
442,42,0,0.3531709364848617,0.4215498189624092,0,Instructed
443,43,0,0.5531997666909778,0.46075213655847214,0,Instructed
444,44,0,0.7648449205963578,0.4106742163199284,0,Instructed
445,45,0,0.9625114167013131,0.2593296698739847,0,Instructed
446,46,0,0.7042715661638179,0.3993304495829365,0,Instructed
447,47,0,0.9669298523140821,0.3006466966287272,0,Instructed
448,48,0,0.5775504495092053,0.4609891050138513,0,Instructed
449,49,0,0.06297380419838716,0.36246053635792286,0,Instructed
450,50,0,0.8892320707892858,0.4152493631350702,0,Instructed
451,51,0,0.6970870209327589,0.3969774146687341,0,Instructed
452,52,0,0.8085537241811409,0.42388760985313145,0,Instructed
453,53,0,0.13018355665916798,0.4884678577601994,0,Instructed
454,54,0,0.350198099846011,0.5077034820295914,0,Instructed
455,55,0,0.5957913502079203,0.43059365440511704,0,Instructed
456,56,0,0.6362330175897462,0.3862211351638638,0,Instructed
457,57,0,0.24094188960127436,0.41179158816272426,0,Instructed
458,58,0,0.780232724679359,0.3703232702517196,0,Instructed
459,59,0,0.5355379219396135,0.36243047223654673,0,Instructed
460,60,0,0.21429225517694628,0.42813928643060756,0,Instructed
461,61,0,0.8685815712897209,0.35324613834929064,0,Instructed
462,62,0,0.6249036503763252,0.3911491470202666,0,Instructed
463,63,0,0.05947871281070398,0.5317044143850562,0,Instructed
464,64,0,0.7157205128319875,0.33462974489733877,0,Instructed
465,65,0,0.2689740332694401,0.4140168402000064,0,Instructed
466,66,0,0.17202242350521546,0.3839032151759128,0,Instructed
467,67,0,0.23449876313350046,0.39900211643939265,0,Instructed
468,68,0,0.7564971894621592,0.45453545263992046,0,Instructed
469,69,0,0.3086035262584599,0.45978880623786844,0,Instructed
470,70,0,0.32595095142885877,0.41744626590653416,0,Instructed
471,71,0,0.7352385896114553,0.4201812045173564,0,Instructed
472,72,0,0.37275334499346463,0.45679006823150226,0,Instructed
473,73,0,0.8517875238774415,0.35689792317273206,0,Instructed
474,74,0,0.5299338473188485,0.3460392667762377,0,Instructed
475,75,0,0.5449549745507756,0.36659438863658517,0,Instructed
476,76,0,0.5510692101732375,0.3487417196695115,0,Instructed
477,77,0,0.10757280894614782,0.5588158739782674,0,Instructed
478,78,0,0.5835581848804493,0.4351371598646403,0,Instructed
479,79,0,0.2251010713143582,0.5058500297995545,0,Instructed
480,80,0,0.39400875824243065,0.46158925355495783,0,Instructed
481,81,0,0.31755659501630246,0.33426012404257577,0,Instructed
482,82,0,0.5921247754671654,0.36169969097564453,0,Instructed
483,83,0,0.8937128522249504,0.3836092491624166,0,Instructed
484,84,0,0.4273675521965271,0.43695512264864167,0,Instructed
485,85,0,0.03377701471516072,0.608879496595036,0,Instructed
486,86,0,0.4431584643304072,0.45550350549740115,0,Instructed
487,87,0,0.3617250665611809,0.42764965568014207,0,Instructed
488,88,0,0.5774868269054452,0.3502139043686323,0,Instructed
489,89,0,0.5247231334950198,0.39930887817462546,0,Instructed
490,90,0,0.6790529233895023,0.3708797784380403,0,Instructed
491,91,0,0.49474725043128676,0.3378361415888447,0,Instructed
492,92,0,0.7849987100365374,0.29308199552218667,0,Instructed
493,93,0,0.6757864913125354,0.3251830811177265,0,Instructed
494,94,0,0.7027526174722087,0.4433190458635811,0,Instructed
495,95,0,0.8100842551361339,0.34578046822598885,0,Instructed
496,96,0,0.49754609315823195,0.3239966736741181,0,Instructed
497,97,0,0.5589407819802426,0.32326773443796797,0,Instructed
498,98,0,0.5183832280829093,0.5495541697722319,0,Instructed
499,99,0,0.36754831776746577,0.28257456658668645,0,Instructed
500,100,0,0.09751464840338019,0.32339955073711385,0,Instructed
501,101,0,0.37895326570450155,0.42839243326302023,0,Instructed
502,102,0,0.8465098860206361,0.2792898797877552,0,Instructed
503,103,0,0.7368873919860116,0.35467872199000106,0,Instructed
504,104,0,0.21906282537049163,0.45988369085423025,0,Instructed
505,105,0,0.6824339723362834,0.36661971472481203,0,Instructed
506,106,0,0.8474675943291626,0.49751580007266133,0,Instructed
507,107,0,0.5092955233648107,0.425211557825839,0,Instructed
508,108,0,0.42914941638673537,0.383537113132675,0,Instructed
509,109,0,0.5326490590664761,0.5379078312095465,0,Instructed
510,110,0,0.7245335602836676,0.40019677157601397,0,Instructed
511,111,0,0.962974708860821,0.34891781298404145,0,Instructed
512,112,0,0.7842283553169997,0.4390089009908986,0,Instructed
513,113,0,0.9610113285529202,0.47763941945529437,0,Instructed
514,114,0,0.8936955639542496,0.4128962685379679,0,Instructed
515,115,0,0.06210482395546604,0.5149442018437035,0,Instructed
516,116,0,0.950831026175661,0.429640279348409,0,Instructed
517,117,0,0.695669795550311,0.4758691628407712,0,Instructed
518,118,0,0.22488683180086877,0.35787633517749373,0,Instructed
519,119,0,0.7883459604144405,0.5238091116816018,0,Instructed
520,120,0,0.42688040872570393,0.39527529527752736,0,Instructed
521,121,0,0.7448052161039036,0.46178491857070014,0,Instructed
522,122,0,0.3936531433262985,0.4617333197399194,0,Instructed
523,123,0,0.7654835216749403,0.4420690381896486,0,Instructed
524,124,0,0.6671394075388563,0.3768332790070568,0,Instructed
525,125,0,0.8224002312453482,0.3502271584532713,0,Instructed
526,126,0,0.8045146751838655,0.3902421171794478,0,Instructed
527,127,0,0.6434150919361611,0.3984755278822179,0,Instructed
528,128,0,0.1399506886953189,0.46394399142400444,0,Instructed
529,129,0,0.6922746009600822,0.356760125220989,0,Instructed
530,130,0,0.6522797572860913,0.40129786665114764,0,Instructed
531,131,0,0.47562743090539417,0.39518271746482725,0,Instructed
532,132,0,0.47866950850321155,0.34034460339712846,0,Instructed
533,133,0,0.7682406232576586,0.48545980057213056,0,Instructed
534,134,0,0.6838254041571031,0.4254676407633706,0,Instructed
535,135,0,0.754557804336583,0.3378401368631962,0,Instructed
536,136,0,0.8074337284017952,0.4828413797393484,0,Instructed
537,137,0,0.9666164825448741,0.40120488080737327,0,Instructed
538,138,0,0.5258930670400894,0.4044259052601673,0,Instructed
539,139,0,0.5184874791406662,0.4062141362046183,0,Instructed
540,140,0,0.4580063557005001,0.4201415602574885,0,Instructed
541,141,0,0.9924310260663878,0.28678165368195907,0,Instructed
542,142,0,0.5148683420786685,0.46123864034844586,0,Instructed
543,143,0,0.5281769527839758,0.4335777579681517,0,Instructed
544,144,0,0.6158880871293765,0.41298160728653055,0,Instructed
545,145,0,0.7672942458912303,0.36812172729307413,0,Instructed
546,146,0,0.42328178226159774,0.38014023137830955,0,Instructed
547,147,0,0.9689856250268808,0.4371035661454794,0,Instructed
548,148,0,0.571356780893608,0.369604791743224,0,Instructed
549,149,0,0.8108130487169862,0.270923057911654,0,Instructed
550,150,0,0.6229769103058461,0.3232788688005207,0,Instructed
551,151,0,0.08774133431685689,0.5542620722139443,0,Instructed
552,152,0,0.643106725827717,0.40047200277046746,0,Instructed
553,153,0,0.9944054594354679,0.43187161655263345,0,Instructed
554,154,0,0.7266769644890188,0.45137111895815024,0,Instructed
555,155,0,0.37282182577267325,0.5905546089214033,0,Instructed
556,156,0,0.35486333255218394,0.5312454560020878,0,Instructed
557,157,0,0.8334323337610022,0.358587051216267,0,Instructed
558,158,0,0.6573538513250512,0.43910041683096496,0,Instructed
559,159,0,0.9260977161150563,0.42692340211375623,0,Instructed
560,160,0,0.37779585539469984,0.45421384729180114,0,Instructed
561,161,0,0.8095725961661256,0.34141303527058586,0,Instructed
562,162,0,0.1484420878016756,0.46556199209699256,0,Instructed
563,163,0,0.8704507261617102,0.3436579957629747,0,Instructed
564,164,0,0.2589022162317904,0.4540727392128386,0,Instructed
565,165,0,0.6448728114273119,0.4809657011496479,0,Instructed
566,166,0,0.4719347571010407,0.3833468188002329,0,Instructed
567,167,0,0.41938435581146727,0.5072709297848024,0,Instructed
568,168,0,0.49613025079592676,0.45268164759180785,0,Instructed
569,169,0,0.5000740299597648,0.5746695437896083,0,Instructed
570,170,0,0.7452812928398178,0.3618042436200535,0,Instructed
571,171,0,0.8439801173427572,0.3303959475550392,0,Instructed
572,172,0,0.8324800759134445,0.3120853604789617,0,Instructed
573,173,0,0.43389805840443985,0.436221390302351,0,Instructed
574,174,0,0.2548897160257756,0.38407558191907204,0,Instructed
575,175,0,0.30824897167206255,0.3876394128048194,0,Instructed
576,176,0,0.40990707643169516,0.37678318636551267,0,Instructed
577,177,0,0.6911236482712373,0.2866280795692211,0,Instructed
578,178,0,0.32534927700145894,0.3634808990380789,0,Instructed
579,179,0,0.8294317302579925,0.38965887554454165,0,Instructed
580,180,0,0.27733477150564334,0.49172460567336806,0,Instructed
581,181,0,0.6485791996947022,0.39676516502427295,0,Instructed
582,182,0,0.6379671110325666,0.32894776186207975,0,Instructed
583,183,0,0.5501361942626226,0.3411842428214278,0,Instructed
584,184,0,0.4528842624109667,0.38452840198327165,0,Instructed
585,185,0,0.8920839385712641,0.2988417296133122,0,Instructed
586,186,0,0.49815693808284395,0.39217214440360687,0,Instructed
587,187,0,0.5178324335562823,0.32122888773054376,0,Instructed
588,188,0,0.5840687528219357,0.4084053595754209,0,Instructed
589,189,0,0.9731675687815318,0.31356695402058776,0,Instructed
590,190,0,0.6280686445055297,0.38182125074764306,0,Instructed
591,191,0,0.9200251678915573,0.3376159904297004,0,Instructed
592,192,0,0.8804987592558611,0.3203745978675038,0,Instructed
593,193,0,0.6639428907240416,0.45011370584453164,0,Instructed
594,194,0,0.45747285029618157,0.3744013116405841,0,Instructed
595,195,0,0.9665031317018384,0.49446482869478986,0,Instructed
596,196,0,0.9419913831166851,0.4157266147881166,0,Instructed
597,197,0,0.5440923730729698,0.2894738061475367,0,Instructed
598,198,0,0.5411805021632377,0.36463371922988047,0,Instructed
599,199,0,0.17188231255517364,0.3661309916907982,0,Instructed
600,0,0,0.7124356090159711,0.4190598495312705,1,Blocked
601,1,0,0.7406714018626235,0.38898888366094353,1,Blocked
602,2,0,0.4183930708318169,0.5096883963889413,1,Blocked
603,3,0,0.4866707983388068,0.5641400280008542,1,Blocked
604,4,0,0.46692118750331213,0.5347613664162101,1,Blocked
605,5,0,0.8784270565446042,0.4446914569216001,1,Blocked
606,6,0,0.4832520231943692,0.47174030305720493,1,Blocked
607,7,0,0.6815157865084719,0.408577686705151,1,Blocked
608,8,0,0.9378088099109272,0.3320332713431587,1,Blocked
609,9,0,0.9294941763523821,0.45752765694535513,1,Blocked
610,10,0,0.4623754188143572,0.6300963927687837,1,Blocked
611,11,0,0.5384785364172947,0.29899443447265983,1,Blocked
612,12,0,0.46791445407179777,0.4348170175999764,1,Blocked
613,13,0,0.6403677083646092,0.4570881973888596,1,Blocked
614,14,0,0.8554967813245197,0.5739119613160942,1,Blocked
615,15,0,0.24388839646183472,0.5225625478896357,1,Blocked
616,16,0,0.03479257317270766,0.6187945476076594,1,Blocked
617,17,0,0.8275143826560329,0.4740420364262342,1,Blocked
618,18,0,0.21857028282473276,0.36311242293294405,1,Blocked
619,19,0,0.9735853844307246,0.5658535680300562,1,Blocked
620,20,0,0.5258610529408854,0.46984219272815386,1,Blocked
621,21,0,0.8164560807240223,0.5106169780752234,1,Blocked
622,22,0,0.8665865465357145,0.6030726951996741,1,Blocked
623,23,0,0.8459034602261293,0.36309674628151434,1,Blocked
624,24,0,0.9191858930119055,0.5813911076370076,1,Blocked
625,25,0,0.6153415920772014,0.5689965838452684,1,Blocked
626,26,0,0.515963273306393,0.6280092903348357,1,Blocked
627,27,0,0.5058964291638786,0.5175945434301666,1,Blocked
628,28,0,0.30847584488910185,0.4931407245631194,1,Blocked
629,29,0,0.43984888659809,0.4712945691753055,1,Blocked
630,30,0,0.5576451375255645,0.33839018792207703,1,Blocked
631,31,0,0.617661804792931,0.3867525004543533,1,Blocked
632,32,0,0.7132669124739934,0.4474241826448514,1,Blocked
633,33,0,0.7200001005683541,0.3192690505779978,1,Blocked
634,34,0,0.9193561680201967,0.3515404155535127,1,Blocked
635,35,0,0.37355002511652985,0.5532568478743125,1,Blocked
636,36,0,0.42551676089693224,0.45343051091987063,1,Blocked
637,37,0,0.9905937622064946,0.45272626738262844,1,Blocked
638,38,0,0.9952751639901185,0.34589443585315505,1,Blocked
639,39,0,0.5917726206596661,0.5890280729289339,1,Blocked
640,40,0,0.6503782411114929,0.47969804719715425,1,Blocked
641,41,0,0.40607250259950156,0.31831367079797857,1,Blocked
642,42,0,0.41036768770859533,0.4514440465037055,1,Blocked
643,43,0,0.36714370083760606,0.5560667301507629,1,Blocked
644,44,0,0.43360333485266606,0.4064883488178217,1,Blocked
645,45,0,0.3178161039796083,0.46608807391061013,1,Blocked
646,46,0,0.3592921082659474,0.4799684085951772,1,Blocked
647,47,0,0.6824021485898755,0.47428377082623746,1,Blocked
648,48,0,0.4475899750489373,0.4329828882016762,1,Blocked
649,49,0,0.6043081787364099,0.5908101091194911,1,Blocked
650,50,0,0.4137873866879912,0.3716401455723743,1,Blocked
651,51,0,0.8530922142955757,0.41808414933854665,1,Blocked
652,52,0,0.7847610074179348,0.470257217749381,1,Blocked
653,53,0,0.8138141824606677,0.3114079272208965,1,Blocked
654,54,0,0.7581504487537869,0.45296847531977524,1,Blocked
655,55,0,0.759460049650519,0.33703753963804195,1,Blocked
656,56,0,0.8454224871940816,0.31602709282450603,1,Blocked
657,57,0,0.6383331062307934,0.49947137017456944,1,Blocked
658,58,0,0.8470204587108473,0.2980416874089177,1,Blocked
659,59,0,0.407531926346114,0.4173079350783874,1,Blocked
660,60,0,0.4633029441486052,0.28592558109661215,1,Blocked
661,61,0,0.17588690204207869,0.38175260539282097,1,Blocked
662,62,0,0.600559045175656,0.373426835103417,1,Blocked
663,63,0,0.7972564334499039,0.5482347562624794,1,Blocked
664,64,0,0.8462091980652384,0.4759876875151863,1,Blocked
665,65,0,0.8632431438033763,0.3412992139533984,1,Blocked
666,66,0,0.8933627787380499,0.4813005073197765,1,Blocked
667,67,0,0.9328873310246368,0.46409587222492854,1,Blocked
668,68,0,0.5593581564976499,0.4030626609076934,1,Blocked
669,69,0,0.438009402196409,0.500738440029564,1,Blocked
670,70,0,0.9240120157757886,0.3329240033730032,1,Blocked
671,71,0,0.8953680625174121,0.33468734698006375,1,Blocked
672,72,0,0.9706714156290435,0.3463318592916004,1,Blocked
673,73,0,0.156527621124129,0.6994060455617181,1,Blocked
674,74,0,0.7939491411250246,0.31822229973118477,1,Blocked
675,75,0,0.9840931962002553,0.2637280454693996,1,Blocked
676,76,0,0.6756081981345857,0.4811508221634077,1,Blocked
677,77,0,0.881770490281226,0.4262155719085416,1,Blocked
678,78,0,0.8057325642060122,0.2870304485733313,1,Blocked
679,79,0,0.7123918027909327,0.33166502916240553,1,Blocked
680,80,0,0.545736548713913,0.39065069634327804,1,Blocked
681,81,0,0.5735728942507399,0.4858187033876822,1,Blocked
682,82,0,0.2556363537478033,0.5875500086053083,1,Blocked
683,83,0,0.07762329750705531,0.702133603383292,1,Blocked
684,84,0,0.7857717913775941,0.3739539919859609,1,Blocked
685,85,0,0.8910282120324166,0.45293912093132954,1,Blocked
686,86,0,0.9682819313507602,0.5016760530745681,1,Blocked
687,87,0,0.2071393224071547,0.5592987699427016,1,Blocked
688,88,0,0.3413178784000972,0.39114785263926566,1,Blocked
689,89,0,0.5708806037322391,0.3281696484161012,1,Blocked
690,90,0,0.18949555216233221,0.5044688352671096,1,Blocked
691,91,0,0.4380281124226366,0.37918078478711614,1,Blocked
692,92,0,0.9189328433308426,0.3457110168411298,1,Blocked
693,93,0,0.8110632233982045,0.3414592397083847,1,Blocked
694,94,0,0.7205279175179746,0.3735975891115511,1,Blocked
695,95,0,0.03678140882962147,0.4535371978449495,1,Blocked
696,96,0,0.8940593630442043,0.43698593547345904,1,Blocked
697,97,0,0.3623301669421777,0.5173348162182398,1,Blocked
698,98,0,0.873814743931423,0.2693656782035994,1,Blocked
699,99,0,0.8734570280441827,0.44806171318412674,1,Blocked
700,100,0,0.5839185917805113,0.3595177594055765,1,Blocked
701,101,0,0.9872121622641474,0.3366380508596988,1,Blocked
702,102,0,0.5190744258923188,0.43389721964954175,1,Blocked
703,103,0,0.7902727713018818,0.4118304383437661,1,Blocked
704,104,0,0.8955468963292648,0.45694866495275366,1,Blocked
705,105,0,0.6512415433577324,0.33946211756361777,1,Blocked
706,106,0,0.3840157623416457,0.3737757159870908,1,Blocked
707,107,0,0.9426180210080521,0.41589729580845336,1,Blocked
708,108,0,0.579746891349175,0.5117888155229369,1,Blocked
709,109,0,0.9822829028453377,0.2744045880223408,1,Blocked
710,110,0,0.7149498740376915,0.4045337887468565,1,Blocked
711,111,0,0.5585925737474026,0.23306473217138612,1,Blocked
712,112,0,0.9797569900099827,0.4331594511642646,1,Blocked
713,113,0,0.6255575498040038,0.2555052003439803,1,Blocked
714,114,0,0.4774013776694061,0.4288401505989736,1,Blocked
715,115,0,0.9439587902409705,0.5470298172910066,1,Blocked
716,116,0,0.9430997743522427,0.2619417715758015,1,Blocked
717,117,0,0.8643355835764177,0.3460810736542626,1,Blocked
718,118,0,0.8025041369771337,0.29129011735135796,1,Blocked
719,119,0,0.04085227297255943,0.4966814866873925,1,Blocked
720,120,0,0.35931318816650815,0.39634777968778323,1,Blocked
721,121,0,0.682580987817755,0.41559321582599684,1,Blocked
722,122,0,0.5124229108687586,0.31282233346202154,1,Blocked
723,123,0,0.6445459247846916,0.30737726642955154,1,Blocked
724,124,0,0.4429984053863045,0.445280062467869,1,Blocked
725,125,0,0.09837930796330904,0.5944062778193813,1,Blocked
726,126,0,0.7915551407222636,0.4301458973888739,1,Blocked
727,127,0,0.9048212723585463,0.28741655491412366,1,Blocked
728,128,0,0.6371963680924988,0.2589467274219959,1,Blocked
729,129,0,0.49866414521499774,0.5159298558034303,1,Blocked
730,130,0,0.37289182139053395,0.35832565635647456,1,Blocked
731,131,0,0.38252407452768644,0.45063322939008876,1,Blocked
732,132,0,0.3001727060649427,0.3775558331315063,1,Blocked
733,133,0,0.9014529927009269,0.3940165596341989,1,Blocked
734,134,0,0.392607305090512,0.4670851869493413,1,Blocked
735,135,0,0.6197056373169131,0.4617073979478395,1,Blocked
736,136,0,0.33679199809717764,0.4799741877834037,1,Blocked
737,137,0,0.5049628799974094,0.2967664995191535,1,Blocked
738,138,0,0.5026258812251961,0.4084500170365173,1,Blocked
739,139,0,0.8998137289305392,0.2792905081778873,1,Blocked
740,140,0,0.8865019866432096,0.2985851086097062,1,Blocked
741,141,0,0.7598510776314115,0.3985155930094206,1,Blocked
742,142,0,0.7548722251376989,0.2512711984179562,1,Blocked
743,143,0,0.8786032341374836,0.4332025294234074,1,Blocked
744,144,0,0.746572198836952,0.3800859060939273,1,Blocked
745,145,0,0.7384540154169074,0.40878897251498286,1,Blocked
746,146,0,0.8354574558655172,0.40215673662461837,1,Blocked
747,147,0,0.6559041574470662,0.567715195240462,1,Blocked
748,148,0,0.7082587034060217,0.434508742908709,1,Blocked
749,149,0,0.9808875646786467,0.31713948247239615,1,Blocked
750,150,0,0.9265245540084034,0.46005492579894236,1,Blocked
751,151,0,0.5094426297951528,0.4182670003892204,1,Blocked
752,152,0,0.8542051613307601,0.2691981552170712,1,Blocked
753,153,0,0.6821045655384778,0.28845024168457656,1,Blocked
754,154,0,0.6843286702079303,0.3595373924705988,1,Blocked
755,155,0,0.6271910648134993,0.4162601082184402,1,Blocked
756,156,0,0.9720012114551406,0.24113685502191964,1,Blocked
757,157,0,0.7818636514415729,0.3968128391274733,1,Blocked
758,158,0,0.8996542662887542,0.3422436727020885,1,Blocked
759,159,0,0.9481165592227291,0.15673977326535282,1,Blocked
760,160,0,0.9721632415088157,0.2956084865457571,1,Blocked
761,161,0,0.35105679301915105,0.37966099554807914,1,Blocked
762,162,0,0.18856824138398248,0.36196004727420805,1,Blocked
763,163,0,0.4041381249141178,0.5154720288113438,1,Blocked
764,164,0,0.5378983688395202,0.42365446990044353,1,Blocked
765,165,0,0.3548348047279054,0.45845785892502156,1,Blocked
766,166,0,0.7568407412856841,0.367559422850529,1,Blocked
767,167,0,0.4946649432978507,0.4233422337560936,1,Blocked
768,168,0,0.6791405083539267,0.3494332282679821,1,Blocked
769,169,0,0.6255345702858631,0.4949581008153716,1,Blocked
770,170,0,0.8297450465517577,0.5223453068424598,1,Blocked
771,171,0,0.5032063201551144,0.47018741760444477,1,Blocked
772,172,0,0.9050112920593023,0.4469542429575709,1,Blocked
773,173,0,0.8553603504225568,0.3794263633089829,1,Blocked
774,174,0,0.6923621573396184,0.3536268947847831,1,Blocked
775,175,0,0.8141661502933748,0.444792248844318,1,Blocked
776,176,0,0.29347510115496983,0.2905360891084815,1,Blocked
777,177,0,0.869168031394618,0.3536922098726609,1,Blocked
778,178,0,0.823597871072244,0.2727176252744533,1,Blocked
779,179,0,0.8286680998219407,0.32184891447212244,1,Blocked
780,180,0,0.4221881633118134,0.39264864565601776,1,Blocked
781,181,0,0.5458102845691779,0.306854855577825,1,Blocked
782,182,0,0.5706040469522223,0.29133377268241706,1,Blocked
783,183,0,0.5870561456464475,0.3443937443729228,1,Blocked
784,184,0,0.7533076442314464,0.2716498328741097,1,Blocked
785,185,0,0.3242012032867995,0.47670804224657665,1,Blocked
786,186,0,0.2521745998595886,0.4067173233500456,1,Blocked
787,187,0,0.3657852398306782,0.3533330743836556,1,Blocked
788,188,0,0.4794671558521164,0.47665109623090307,1,Blocked
789,189,0,0.3662505123956259,0.3917798798904634,1,Blocked
790,190,0,0.735659684861022,0.5253760290700871,1,Blocked
791,191,0,0.45802299031881666,0.3801256805614574,1,Blocked
792,192,0,0.3847865226117402,0.40692712088167826,1,Blocked
793,193,0,0.9467123027065685,0.3323516777031439,1,Blocked
794,194,0,0.10680944853786556,0.3489482659786688,1,Blocked
795,195,0,0.5909616289128552,0.26827108057127597,1,Blocked
796,196,0,0.8217668179192821,0.37800731894949613,1,Blocked
797,197,0,0.7154641408367656,0.30343963080456426,1,Blocked
798,198,0,0.2979783155015728,0.43368571639411857,1,Blocked
799,199,0,0.8799643707944991,0.28976394324602517,1,Blocked
800,0,0,0.01566532242828798,0.8585450486843842,1,Interleaved
801,1,0,0.5349284850608135,0.5276084864257782,1,Interleaved
802,2,0,0.6261412216378333,0.5795846184397113,1,Interleaved
803,3,0,0.07424487598232767,0.5372687191830061,1,Interleaved
804,4,0,0.7022222160610916,0.5512519198163488,1,Interleaved
805,5,0,0.3811767778048538,0.6022921715699467,1,Interleaved
806,6,0,0.7903048031266624,0.5565456295121682,1,Interleaved
807,7,0,0.44338093164481757,0.5127239284152478,1,Interleaved
808,8,0,0.377038724550316,0.616333439167627,1,Interleaved
809,9,0,0.2923436805743861,0.49114271480344757,1,Interleaved
810,10,0,0.6732320589893128,0.5488681509687576,1,Interleaved
811,11,0,0.08907582434863971,0.6985807995538837,1,Interleaved
812,12,0,0.36100570234964874,0.6308983241804794,1,Interleaved
813,13,0,0.3714663647538779,0.4886889399832805,1,Interleaved
814,14,0,0.8366191168430448,0.41017511325596673,1,Interleaved
815,15,0,0.5123135796069918,0.37270809357650053,1,Interleaved
816,16,0,0.3481067422955356,0.6555108857728167,1,Interleaved
817,17,0,0.24806719261709442,0.4505847290043891,1,Interleaved
818,18,0,0.5769122318854703,0.6153502248618878,1,Interleaved
819,19,0,0.3063434789231111,0.4989313693774552,1,Interleaved
820,20,0,0.46721383179275777,0.4262294669103335,1,Interleaved
821,21,0,0.5420774043194811,0.4219169506189653,1,Interleaved
822,22,0,0.5192463018326066,0.45662075070813457,1,Interleaved
823,23,0,0.1319545959114512,0.49295182123168024,1,Interleaved
824,24,0,0.5290729846839667,0.4121593940722502,1,Interleaved
825,25,0,0.23447165713622267,0.4825497636026933,1,Interleaved
826,26,0,0.26162139458714223,0.44747944724624467,1,Interleaved
827,27,0,0.34164877514897407,0.6736577190097658,1,Interleaved
828,28,0,0.5194199227001135,0.47708676222095425,1,Interleaved
829,29,0,0.2122902855957925,0.5802110982107612,1,Interleaved
830,30,0,0.6001765296988104,0.6887616117421123,1,Interleaved
831,31,0,0.49129368915316474,0.5293584961596624,1,Interleaved
832,32,0,0.3388650693148485,0.6215823157799027,1,Interleaved
833,33,0,0.5450622455284919,0.43552463101825334,1,Interleaved
834,34,0,0.6133244585449227,0.5275211208198525,1,Interleaved
835,35,0,0.8164910524152184,0.5200447479840692,1,Interleaved
836,36,0,0.42289723849671007,0.5389494113588229,1,Interleaved
837,37,0,0.812076851704189,0.48587785977869813,1,Interleaved
838,38,0,0.6500327501875365,0.5402301845155586,1,Interleaved
839,39,0,0.5231095326823134,0.5083479303633166,1,Interleaved
840,40,0,0.46017423181318823,0.6095845112261054,1,Interleaved
841,41,0,0.1408487996817407,0.5357360087814078,1,Interleaved
842,42,0,0.5214075808464884,0.6317414295227823,1,Interleaved
843,43,0,0.383025130104455,0.38466229839921595,1,Interleaved
844,44,0,0.8896571265326354,0.45999240291732324,1,Interleaved
845,45,0,0.5400017474404317,0.4860918430619614,1,Interleaved
846,46,0,0.19865214818906524,0.5242757314778219,1,Interleaved
847,47,0,0.2570071938566054,0.49363234963482283,1,Interleaved
848,48,0,0.6244507128523469,0.5202072041592177,1,Interleaved
849,49,0,0.9614536340228412,0.4975213753632386,1,Interleaved
850,50,0,0.6304010264879916,0.4471127901346992,1,Interleaved
851,51,0,0.9913766897414127,0.5509584846286569,1,Interleaved
852,52,0,0.8002683039772033,0.43794806289865507,1,Interleaved
853,53,0,0.749807522300777,0.5058649806437777,1,Interleaved
854,54,0,0.9545804325769297,0.40241732195605284,1,Interleaved
855,55,0,0.374453315691885,0.5622856728222874,1,Interleaved
856,56,0,0.6436258834279998,0.4975636911209871,1,Interleaved
857,57,0,0.9206615572065642,0.3969168635989736,1,Interleaved
858,58,0,0.6823016097833284,0.5843577975407213,1,Interleaved
859,59,0,0.9994691606994188,0.8012693398533222,1,Interleaved
860,60,0,0.8866435311417957,0.4865320180358067,1,Interleaved
861,61,0,0.5824439145148171,0.6042978505846686,1,Interleaved
862,62,0,0.9374023183506504,0.4367566488617264,1,Interleaved
863,63,0,0.2697266830617179,0.6540764024312895,1,Interleaved
864,64,0,0.23317584263247126,0.3922412178822271,1,Interleaved
865,65,0,0.7479559854369602,0.49507419214310533,1,Interleaved
866,66,0,0.7107532831469898,0.4847023214047772,1,Interleaved
867,67,0,0.6267802843031001,0.47934039520309896,1,Interleaved
868,68,0,0.4000258708545786,0.45416749980686644,1,Interleaved
869,69,0,0.34493277906311187,0.5141125571936926,1,Interleaved
870,70,0,0.1990411374503854,0.4970560020156475,1,Interleaved
871,71,0,0.6054309654682465,0.32483730138363043,1,Interleaved
872,72,0,0.6061002901322095,0.3701664553726388,1,Interleaved
873,73,0,0.8601375257536646,0.4665596251521639,1,Interleaved
874,74,0,0.07878869605836553,0.42481530138627355,1,Interleaved
875,75,0,0.6749620640079284,0.31412924661587927,1,Interleaved
876,76,0,0.27631034808280386,0.4639781594594823,1,Interleaved
877,77,0,0.5455635732162393,0.4280096287567178,1,Interleaved
878,78,0,0.6739991284734943,0.2918650300010511,1,Interleaved
879,79,0,0.878162162930359,0.41181356657289214,1,Interleaved
880,80,0,0.7304158099335077,0.35683747663737,1,Interleaved
881,81,0,0.9476261027491693,0.4268626031251152,1,Interleaved
882,82,0,0.5547873232162677,0.606520060325936,1,Interleaved
883,83,0,0.9468578067937686,0.5222913527312301,1,Interleaved
884,84,0,0.5278280323411743,0.42658830580775453,1,Interleaved
885,85,0,0.23954950332829195,0.5420469650331456,1,Interleaved
886,86,0,0.17576310093457626,0.40237091469682007,1,Interleaved
887,87,0,0.8738078954282605,0.3826766947565633,1,Interleaved
888,88,0,0.5594144271388936,0.5509262370701397,1,Interleaved
889,89,0,0.0916244508213253,0.4604647597973136,1,Interleaved
890,90,0,0.6802392627019083,0.44704927517824,1,Interleaved
891,91,0,0.6102473273487612,0.3269384926950655,1,Interleaved
892,92,0,0.5697865230750223,0.40672121770381786,1,Interleaved
893,93,0,0.2775314226389495,0.6298831341990311,1,Interleaved
894,94,0,0.4531844198783325,0.4579731145814767,1,Interleaved
895,95,0,0.500735113580095,0.531176003320313,1,Interleaved
896,96,0,0.45105864104066984,0.4170519412933702,1,Interleaved
897,97,0,0.5911145786944986,0.5169749260075033,1,Interleaved
898,98,0,0.7330655313934953,0.5109043836360407,1,Interleaved
899,99,0,0.6178171992746708,0.3560394408440413,1,Interleaved
900,100,0,0.47787936144610665,0.44166177566907777,1,Interleaved
901,101,0,0.3994202095908662,0.48898439484500644,1,Interleaved
902,102,0,0.7016949460572658,0.46589140209848123,1,Interleaved
903,103,0,0.26661661639424966,0.44252509310914256,1,Interleaved
904,104,0,0.6334699528661298,0.4207101934095002,1,Interleaved
905,105,0,0.7161594893080583,0.5203778551378082,1,Interleaved
906,106,0,0.5519076578881351,0.38957687340926345,1,Interleaved
907,107,0,0.9552044261119375,0.33326136078777574,1,Interleaved
908,108,0,0.9269925426521812,0.4591813195026543,1,Interleaved
909,109,0,0.3731350307507175,0.4769838677566031,1,Interleaved
910,110,0,0.987543349673738,0.35604871229396495,1,Interleaved
911,111,0,0.5149383213115031,0.31347482739991117,1,Interleaved
912,112,0,0.8213001950024001,0.36778189975274345,1,Interleaved
913,113,0,0.17016527704691276,0.3532503432402439,1,Interleaved
914,114,0,0.41698122412447014,0.4966993569327076,1,Interleaved
915,115,0,0.30657687678260215,0.4147809368939087,1,Interleaved
916,116,0,0.6622071939165645,0.4731370209510382,1,Interleaved
917,117,0,0.17428157267766553,0.5595679052548814,1,Interleaved
918,118,0,0.4165883803949479,0.3663759629613793,1,Interleaved
919,119,0,0.5922799737515809,0.3989314364580884,1,Interleaved
920,120,0,0.8992425364566774,0.4931101230730305,1,Interleaved
921,121,0,0.43614509526213385,0.45377399597653845,1,Interleaved
922,122,0,0.9390437211901927,0.33934699056822243,1,Interleaved
923,123,0,0.5022743608064608,0.4758079302864339,1,Interleaved
924,124,0,0.9840278813804186,0.34636810395126705,1,Interleaved
925,125,0,0.5937198118479279,0.4113516376215459,1,Interleaved
926,126,0,0.21148639431613867,0.496735163071117,1,Interleaved
927,127,0,0.474182939260681,0.5876280323522811,1,Interleaved
928,128,0,0.915693178234722,0.5016096994237301,1,Interleaved
929,129,0,0.4727986315355248,0.5195042159118284,1,Interleaved
930,130,0,0.18968089475635058,0.4102042071024852,1,Interleaved
931,131,0,0.8798904005712693,0.38034201820178226,1,Interleaved
932,132,0,0.5227106391236745,0.4877139577014292,1,Interleaved
933,133,0,0.919659437651495,0.431032437276081,1,Interleaved
934,134,0,0.2586881651121238,0.3740668093392876,1,Interleaved
935,135,0,0.47698992069813784,0.410645012693895,1,Interleaved
936,136,0,0.7493051474499066,0.3953260273425545,1,Interleaved
937,137,0,0.7784018994950366,0.36577730941035674,1,Interleaved
938,138,0,0.7361083199120902,0.4576434559202507,1,Interleaved
939,139,0,0.8705447115596495,0.46840630779142656,1,Interleaved
940,140,0,0.5251474045423065,0.525484869308085,1,Interleaved
941,141,0,0.5237043511521501,0.38564021607293736,1,Interleaved
942,142,0,0.7260460485406945,0.4128292396180941,1,Interleaved
943,143,0,0.5061220615709644,0.4871685202433579,1,Interleaved
944,144,0,0.6678749007929061,0.33283537513523376,1,Interleaved
945,145,0,0.3722287434011768,0.49461656511909735,1,Interleaved
946,146,0,0.12631922461415535,0.48679890021055483,1,Interleaved
947,147,0,0.6431116409080702,0.33037478561595146,1,Interleaved
948,148,0,0.32105603706925145,0.4211914168185569,1,Interleaved
949,149,0,0.8983248785325311,0.5114516033612039,1,Interleaved
950,150,0,0.21967851249961723,0.43759893641935665,1,Interleaved
951,151,0,0.4628658371107237,0.44225925177789926,1,Interleaved
952,152,0,0.41329602016415284,0.355708390158989,1,Interleaved
953,153,0,0.934529848079429,0.3493600789893031,1,Interleaved
954,154,0,0.4709510496645328,0.36134328195198373,1,Interleaved
955,155,0,0.41691173118864666,0.4721392650089118,1,Interleaved
956,156,0,0.6793489200252867,0.26788150940606936,1,Interleaved
957,157,0,0.7457368274847389,0.3819153818896743,1,Interleaved
958,158,0,0.54809550196423,0.3060791117220681,1,Interleaved
959,159,0,0.6272248953286519,0.39099191630019425,1,Interleaved
960,160,0,0.5595349049735577,0.3864495613323709,1,Interleaved
961,161,0,0.8785680746052237,0.3207322577868388,1,Interleaved
962,162,0,0.47806485358004713,0.35879748750087725,1,Interleaved
963,163,0,0.5623633214195904,0.4656463071544755,1,Interleaved
964,164,0,0.17810270903546638,0.36169908210297075,1,Interleaved
965,165,0,0.7958965317226439,0.26945806105838455,1,Interleaved
966,166,0,0.8078649662063575,0.29169355958767784,1,Interleaved
967,167,0,0.4481371668165575,0.46285375177157567,1,Interleaved
968,168,0,0.7703207056981412,0.37988774547676396,1,Interleaved
969,169,0,0.9636961466974123,0.5672142378854199,1,Interleaved
970,170,0,0.3517439131794012,0.42014648125796356,1,Interleaved
971,171,0,0.6089813437231946,0.526009050096436,1,Interleaved
972,172,0,0.7561631312841118,0.3597673808445131,1,Interleaved
973,173,0,0.41160465434622384,0.31683841052138095,1,Interleaved
974,174,0,0.5805330815990623,0.48843702076794326,1,Interleaved
975,175,0,0.6996336675224005,0.3710288813101244,1,Interleaved
976,176,0,0.4473993886010647,0.5609521341426105,1,Interleaved
977,177,0,0.5996876969912657,0.4049697554922692,1,Interleaved
978,178,0,0.9213396579066865,0.282587184772109,1,Interleaved
979,179,0,0.6040902582833405,0.483894633433153,1,Interleaved
980,180,0,0.3934157141401403,0.3633851332282345,1,Interleaved
981,181,0,0.7191603115755401,0.3780376828226943,1,Interleaved
982,182,0,0.2558235299843746,0.3772875643237162,1,Interleaved
983,183,0,0.6678728233401039,0.4066466203445307,1,Interleaved
984,184,0,0.423624530776174,0.4036058333270123,1,Interleaved
985,185,0,0.9004127288672548,0.3521304104547637,1,Interleaved
986,186,0,0.5503524819469967,0.29093652200105424,1,Interleaved
987,187,0,0.549880490828703,0.3344409043710019,1,Interleaved
988,188,0,0.4087551930873331,0.45751835261563556,1,Interleaved
989,189,0,0.5567538525145035,0.36171962835857957,1,Interleaved
990,190,0,0.661935759105712,0.416509226491527,1,Interleaved
991,191,0,0.6507600871023467,0.29109697756370395,1,Interleaved
992,192,0,0.6249761131531035,0.3279753182211613,1,Interleaved
993,193,0,0.2216296728509042,0.44439698148324913,1,Interleaved
994,194,0,0.0971384555634438,0.3534207939092321,1,Interleaved
995,195,0,0.5233786090955213,0.4060069377269052,1,Interleaved
996,196,0,0.4591801036287252,0.4824585804089119,1,Interleaved
997,197,0,0.6443291146583204,0.34634445255714175,1,Interleaved
998,198,0,0.37533526436465886,0.38435299118202276,1,Interleaved
999,199,0,0.8792807053274523,0.35983826785909717,1,Interleaved
1000,0,0,0.2950747556435365,0.43275003559996006,1,Instructed
1001,1,0,0.5649526673338279,0.4877953196461262,1,Instructed
1002,2,0,0.2356121698500711,0.6251604442789098,1,Instructed
1003,3,0,0.5756830181582804,0.42483641049184173,1,Instructed
1004,4,0,0.6717274969976178,0.3900739270182558,1,Instructed
1005,5,0,0.6401844415451197,0.6260791476470353,1,Instructed
1006,6,0,0.5927383163926347,0.6272173712123833,1,Instructed
1007,7,0,0.3947785583891472,0.299267079262194,1,Instructed
1008,8,0,0.46848794405336935,0.3236422841033493,1,Instructed
1009,9,0,0.43886082230536627,0.3574322176626685,1,Instructed
1010,10,0,0.5956018004269082,0.3564497265281888,1,Instructed
1011,11,0,0.6970506762471026,0.44725008396622357,1,Instructed
1012,12,0,0.6309265810321639,0.5083688523015278,1,Instructed
1013,13,0,0.795267907358709,0.554094249992139,1,Instructed
1014,14,0,0.9329499955551338,0.3387942246604472,1,Instructed
1015,15,0,0.3075142722675339,0.48378844249166986,1,Instructed
1016,16,0,0.8148871382457805,0.5126797238449241,1,Instructed
1017,17,0,0.5258133234442559,0.3735739021468022,1,Instructed
1018,18,0,0.2704229429918293,0.36730975076935174,1,Instructed
1019,19,0,0.31128681921467194,0.3486694197711739,1,Instructed
1020,20,0,0.1717135080309699,0.49319199422634974,1,Instructed
1021,21,0,0.5171176693586057,0.39278542884133505,1,Instructed
1022,22,0,0.6062772237316914,0.46951635225098154,1,Instructed
1023,23,0,0.6878572745803393,0.3501465196595997,1,Instructed
1024,24,0,0.331533233391792,0.3848200796042925,1,Instructed
1025,25,0,0.9145958595813296,0.37985596170021707,1,Instructed
1026,26,0,0.6451670721782986,0.46197642679154893,1,Instructed
1027,27,0,0.31862765565746115,0.44488033489886575,1,Instructed
1028,28,0,0.28791227359926497,0.38641869161580655,1,Instructed
1029,29,0,0.25985740690355624,0.32117520798397275,1,Instructed
1030,30,0,0.7698684416577182,0.3599205032729166,1,Instructed
1031,31,0,0.30687516094137524,0.334205381305933,1,Instructed
1032,32,0,0.5682132263609195,0.4135341065870798,1,Instructed
1033,33,0,0.45826446117981684,0.32453194767964594,1,Instructed
1034,34,0,0.7342545997709087,0.2671261691771807,1,Instructed
1035,35,0,0.384894717562263,0.3733822955386485,1,Instructed
1036,36,0,0.474029873114471,0.29686942071322153,1,Instructed
1037,37,0,0.2558338259063109,0.5192976094197641,1,Instructed
1038,38,0,0.20517373558983146,0.4392404695335649,1,Instructed
1039,39,0,0.5391673478863303,0.45235327997517416,1,Instructed
1040,40,0,0.6619744416931541,0.3224111615952511,1,Instructed
1041,41,0,0.20157292284516065,0.2569327579056223,1,Instructed
1042,42,0,0.4149271826433485,0.35534045775739426,1,Instructed
1043,43,0,0.609121125781473,0.41093317117317185,1,Instructed
1044,44,0,0.5140933789528342,0.36582294683588734,1,Instructed
1045,45,0,0.7985139907501109,0.3325428760366955,1,Instructed
1046,46,0,0.6428584543671827,0.3205250544908196,1,Instructed
1047,47,0,0.05774904424393332,0.5143033096373486,1,Instructed
1048,48,0,0.45097115595645987,0.4100366521937777,1,Instructed
1049,49,0,0.19015118506437584,0.4763507961569251,1,Instructed
1050,50,0,0.6858862232371157,0.39435603660277974,1,Instructed
1051,51,0,0.678685651246931,0.24854750654549118,1,Instructed
1052,52,0,0.9414306811491089,0.27653769849937326,1,Instructed
1053,53,0,0.1590260279603235,0.36840156030574756,1,Instructed
1054,54,0,0.17824213724681534,0.3134904260579695,1,Instructed
1055,55,0,0.5409255934867698,0.4856176137582371,1,Instructed
1056,56,0,0.5317830820809575,0.3912043693206108,1,Instructed
1057,57,0,0.5265684802404123,0.2819046903622904,1,Instructed
1058,58,0,0.1352334682189486,0.377050600610631,1,Instructed
1059,59,0,0.5379895895081251,0.3001237170142189,1,Instructed
1060,60,0,0.8767163959413201,0.28103555573208583,1,Instructed
1061,61,0,0.6571530601614244,0.42578013068460147,1,Instructed
1062,62,0,0.10296433950857967,0.25929802596404683,1,Instructed
1063,63,0,0.6606882088916459,0.2885158572659936,1,Instructed
1064,64,0,0.15322814244558236,0.21225106551638126,1,Instructed
1065,65,0,0.47672924956404716,0.405007622523853,1,Instructed
1066,66,0,0.43246030688672843,0.41410138773927135,1,Instructed
1067,67,0,0.7912717488210248,0.4446706212447198,1,Instructed
1068,68,0,0.19766150020922235,0.47545225891363735,1,Instructed
1069,69,0,0.8284278242160279,0.329335066727674,1,Instructed
1070,70,0,0.6238264545528867,0.35398240574700585,1,Instructed
1071,71,0,0.6805425845783507,0.35856115044676573,1,Instructed
1072,72,0,0.33422724413374777,0.4616738646146402,1,Instructed
1073,73,0,0.2398751729716086,0.4103220796810875,1,Instructed
1074,74,0,0.5822300250928343,0.4310798348488939,1,Instructed
1075,75,0,0.7414366798215165,0.3048520083755718,1,Instructed
1076,76,0,0.7784348745521907,0.37860066365716405,1,Instructed
1077,77,0,0.10165024356311372,0.2904878438871907,1,Instructed
1078,78,0,0.7747964656847561,0.35776749665610585,1,Instructed
1079,79,0,0.7319389903116085,0.4071176080678496,1,Instructed
1080,80,0,0.3811934519786488,0.591919851160915,1,Instructed
1081,81,0,0.9541450054727509,0.41243727731634905,1,Instructed
1082,82,0,0.659961548947696,0.39095214621464847,1,Instructed
1083,83,0,0.12782702931230353,0.27462372971474214,1,Instructed
1084,84,0,0.25993146856346105,0.30978438979422174,1,Instructed
1085,85,0,0.6040518226478923,0.299638948521581,1,Instructed
1086,86,0,0.3598355578935686,0.31696759317502693,1,Instructed
1087,87,0,0.7923724992961934,0.2714518821826508,1,Instructed
1088,88,0,0.7030122771021812,0.376118752592259,1,Instructed
1089,89,0,0.41211639211497053,0.3730913794519409,1,Instructed
1090,90,0,0.17359974194154604,0.3086835723158464,1,Instructed
1091,91,0,0.25868310646224735,0.3817571557552034,1,Instructed
1092,92,0,0.33045902744932376,0.259189138239247,1,Instructed
1093,93,0,0.4348831583359658,0.33392763662279634,1,Instructed
1094,94,0,0.5765371932606445,0.3250636484086248,1,Instructed
1095,95,0,0.19419013239451266,0.44275094065704934,1,Instructed
1096,96,0,0.6992059174306151,0.32736220101359215,1,Instructed
1097,97,0,0.6612129068924572,0.39125361742333425,1,Instructed
1098,98,0,0.7807642545632947,0.32074756673999594,1,Instructed
1099,99,0,0.9307247866452587,0.31364054129950253,1,Instructed
1100,100,0,0.6525773687417995,0.35318998709405525,1,Instructed
1101,101,0,0.9125316403891646,0.3684848927969272,1,Instructed
1102,102,0,0.7362544110957032,0.371892843764811,1,Instructed
1103,103,0,0.8002065326504678,0.3380086857854379,1,Instructed
1104,104,0,0.12803179322939998,0.2993828928995011,1,Instructed
1105,105,0,0.07848946285555661,0.4578071567715214,1,Instructed
1106,106,0,0.8295809397169638,0.36848383811692065,1,Instructed
1107,107,0,0.5935597863997297,0.39601330562515313,1,Instructed
1108,108,0,0.4089320115804952,0.34304191251275407,1,Instructed
1109,109,0,0.9892540313617683,0.25026834915071833,1,Instructed
1110,110,0,0.11170842024113814,0.3007171071897179,1,Instructed
1111,111,0,0.025795432105908546,0.39521250330422186,1,Instructed
1112,112,0,0.0969089105919341,0.30392975036390835,1,Instructed
1113,113,0,0.24111452070862677,0.4662944054961544,1,Instructed
1114,114,0,0.6087152596313002,0.2425576112223839,1,Instructed
1115,115,0,0.2909490101134551,0.315409649525742,1,Instructed
1116,116,0,0.43331876563288935,0.2866244392811812,1,Instructed
1117,117,0,0.6436105575700894,0.38254029100440634,1,Instructed
1118,118,0,0.6758305485090349,0.2414135300142391,1,Instructed
1119,119,0,0.9007000025356975,0.30800654941738004,1,Instructed
1120,120,0,0.7144108118672123,0.2998738101481674,1,Instructed
1121,121,0,0.8624033669386312,0.27298459136014774,1,Instructed
1122,122,0,0.43735086265115036,0.2870081804897193,1,Instructed
1123,123,0,0.10166063410541279,0.4613263812921993,1,Instructed
1124,124,0,0.49428312247944417,0.4791980486254571,1,Instructed
1125,125,0,0.33418599405447075,0.2768315844337653,1,Instructed
1126,126,0,0.747896435797326,0.31682982671559307,1,Instructed
1127,127,0,0.32919330962738313,0.29594635550282544,1,Instructed
1128,128,0,0.8677977323733078,0.21330373199188407,1,Instructed
1129,129,0,0.3309619948450061,0.33935490325395407,1,Instructed
1130,130,0,0.28468923606518104,0.38973457694442326,1,Instructed
1131,131,0,0.5805765067430912,0.31397520950139846,1,Instructed
1132,132,0,0.65233713860987,0.3034611696258347,1,Instructed
1133,133,0,0.7491073671710058,0.31020688804720853,1,Instructed
1134,134,0,0.23660358881793025,0.5048226320666065,1,Instructed
1135,135,0,0.5265838176325561,0.3128113237850261,1,Instructed
1136,136,0,0.2324675113886333,0.3619965373440547,1,Instructed
1137,137,0,0.25306130051369635,0.29216397694581264,1,Instructed
1138,138,0,0.49764869690503344,0.3311959919963548,1,Instructed
1139,139,0,0.5301541795532658,0.31121508276069854,1,Instructed
1140,140,0,0.7193293649793149,0.3190531306286071,1,Instructed
1141,141,0,0.7747914475434415,0.33162523976492475,1,Instructed
1142,142,0,0.7288919230577853,0.3176925134535403,1,Instructed
1143,143,0,0.5728520337789693,0.48674626538374655,1,Instructed
1144,144,0,0.9251312362721198,0.43115103950390876,1,Instructed
1145,145,0,0.8719047611464039,0.3329378695946182,1,Instructed
1146,146,0,0.026948169195090348,0.4245144032876744,1,Instructed
1147,147,0,0.939405599434163,0.33259490165511163,1,Instructed
1148,148,0,0.4713579344937707,0.2809093258552715,1,Instructed
1149,149,0,0.6572934712049525,0.2949892109925607,1,Instructed
1150,150,0,0.5838546383869834,0.4129571582613317,1,Instructed
1151,151,0,0.501521785567221,0.26608854634831924,1,Instructed
1152,152,0,0.32193751007960664,0.35489280907759285,1,Instructed
1153,153,0,0.43430700103600395,0.33375117194680554,1,Instructed
1154,154,0,0.34398541808147604,0.20578884711274392,1,Instructed
1155,155,0,0.8796386954364406,0.23337349060452017,1,Instructed
1156,156,0,0.44769979161364215,0.37711456485384404,1,Instructed
1157,157,0,0.23130318035921152,0.3519404364143489,1,Instructed
1158,158,0,0.7601589508876514,0.497999691609085,1,Instructed
1159,159,0,0.53022801187837,0.2426010604920477,1,Instructed
1160,160,0,0.4195988529597772,0.3979846249165966,1,Instructed
1161,161,0,0.36100713345283525,0.3939428758574235,1,Instructed
1162,162,0,0.588078387145554,0.22504013536482434,1,Instructed
1163,163,0,0.37291953501717745,0.38942057201057323,1,Instructed
1164,164,0,0.26616362836815266,0.4328906524894427,1,Instructed
1165,165,0,0.46953225596883374,0.29765908024354404,1,Instructed
1166,166,0,0.916010833364833,0.4302369528351898,1,Instructed
1167,167,0,0.7918234078712332,0.31936938537487486,1,Instructed
1168,168,0,0.6383083886508574,0.2905045949796159,1,Instructed
1169,169,0,0.27924783325600433,0.41938625239612126,1,Instructed
1170,170,0,0.6065876218158719,0.3270777184348178,1,Instructed
1171,171,0,0.47533526103799206,0.22826906223020166,1,Instructed
1172,172,0,0.722414171747046,0.34158966181039785,1,Instructed
1173,173,0,0.4944843029053236,0.2921387622335427,1,Instructed
1174,174,0,0.6611906110541891,0.39458220729427906,1,Instructed
1175,175,0,0.5409326033566864,0.35148238950222577,1,Instructed
1176,176,0,0.06929972766171313,0.3936107812181374,1,Instructed
1177,177,0,0.5393690647067959,0.33318618841368375,1,Instructed
1178,178,0,0.958743149845778,0.3812475533324078,1,Instructed
1179,179,0,0.38964391365677076,0.4279807877175724,1,Instructed
1180,180,0,0.15982449785089411,0.30353431430976585,1,Instructed
1181,181,0,0.9228857744602165,0.3731445222888331,1,Instructed
1182,182,0,0.9025967150265779,0.24881132054014268,1,Instructed
1183,183,0,0.48387654377239103,0.350254158455246,1,Instructed
1184,184,0,0.6186666585149134,0.28346202206559057,1,Instructed
1185,185,0,0.4711462483434887,0.263467858047246,1,Instructed
1186,186,0,0.8630655080463243,0.27611355477741234,1,Instructed
1187,187,0,0.7391601920083819,0.21992138101602304,1,Instructed
1188,188,0,0.945076909746638,0.29389893149937374,1,Instructed
1189,189,0,0.06480251275914535,0.3439147275012947,1,Instructed
1190,190,0,0.860635968066015,0.2218918104352744,1,Instructed
1191,191,0,0.2947321833963902,0.4126919096194439,1,Instructed
1192,192,0,0.7911316281434952,0.25411840861125723,1,Instructed
1193,193,0,0.34379866715893614,0.3106071088317429,1,Instructed
1194,194,0,0.1150970671281201,0.4070384894757747,1,Instructed
1195,195,0,0.3993125043954213,0.26450023820605945,1,Instructed
1196,196,0,0.5250551534949351,0.3086290243377179,1,Instructed
1197,197,0,0.5249172471589849,0.2750691707036633,1,Instructed
1198,198,0,0.7557524649604843,0.33011331512797054,1,Instructed
1199,199,0,0.910108651371387,0.328749048676789,1,Instructed
