,t,e_hat,Accuracy,pe,batch,Condition
0,0,0,0.5221261473614863,0.8915670814235788,0,Blocked
1,1,0,0.8740417675616396,0.8035457998182636,0,Blocked
2,2,0,0.3689768383277324,0.6952585651818736,0,Blocked
3,3,0,0.3502739493521628,0.519804468172354,0,Blocked
4,4,0,0.06481668714198938,0.6246701174078704,0,Blocked
5,5,0,0.29504238734532695,0.8286464417544617,0,Blocked
6,6,0,0.8153577140754158,0.5871355678721465,0,Blocked
7,7,0,0.779483713376656,0.7138209605024299,0,Blocked
8,8,0,0.5195232392066956,0.6427556635777123,0,Blocked
9,9,0,0.5346607240878285,0.6390481723891577,0,Blocked
10,10,0,0.09240480548710299,0.5963933072213913,0,Blocked
11,11,0,0.4333282714113569,0.6290482869697821,0,Blocked
12,12,0,0.8714649391705624,0.43236142002559563,0,Blocked
13,13,0,0.07586870158791446,0.7779924917001848,0,Blocked
14,14,0,0.47033417197439875,0.5866342743335657,0,Blocked
15,15,0,0.5338521738986135,0.5139563165917638,0,Blocked
16,16,0,0.9073735099407698,0.6955755397570302,0,Blocked
17,17,0,0.07268755695991388,0.7058105328789135,0,Blocked
18,18,0,0.9251149758473463,0.5353579253673775,0,Blocked
19,19,0,0.32752161193339063,0.7846580870981075,0,Blocked
20,20,0,0.14740917953582983,0.7700744703382576,0,Blocked
21,21,0,0.10076524729702212,0.8821522816829408,0,Blocked
22,22,0,0.5886247555984062,0.6859402010125496,0,Blocked
23,23,0,0.5946281974181107,0.46101424761511456,0,Blocked
24,24,0,0.4384539177239161,0.4753965732731886,0,Blocked
25,25,0,0.1402959512674965,0.6919884531932652,0,Blocked
26,26,0,0.9337642800203751,0.65742286720381,0,Blocked
27,27,0,0.5838592332292275,0.7656217629572608,0,Blocked
28,28,0,0.06474402557960328,0.8632239811978644,0,Blocked
29,29,0,0.5192061333724663,0.7507969500673007,0,Blocked
30,30,0,0.08514821732714475,0.9625889327338308,0,Blocked
31,31,0,0.026972216081667152,0.8649789928546204,0,Blocked
32,32,0,0.0073121948665910656,0.7915352346085405,0,Blocked
33,33,0,0.4150183675707327,0.6844358823734211,0,Blocked
34,34,0,0.46636180851861386,0.6490303149711292,0,Blocked
35,35,0,0.9816027784257766,0.8006177579124942,0,Blocked
36,36,0,0.47360590302754785,0.7914106939908307,0,Blocked
37,37,0,0.3206286226227714,0.633168937458343,0,Blocked
38,38,0,0.520834623588851,0.5117200218777348,0,Blocked
39,39,0,0.525562243372466,0.5122871330279931,0,Blocked
40,40,0,0.4181923890954995,0.8147337919293229,0,Blocked
41,41,0,0.7407114534839807,0.6824888992858937,0,Blocked
42,42,0,0.7094618547375854,0.49178476336026067,0,Blocked
43,43,0,0.4478054660017033,0.5673023701931601,0,Blocked
44,44,0,0.5114922223640866,0.794542689533413,0,Blocked
45,45,0,0.4758002635315986,0.673613053777611,0,Blocked
46,46,0,0.08652707009917293,0.5750128540782506,0,Blocked
47,47,0,0.662063536856218,0.6866289057205861,0,Blocked
48,48,0,0.8158130678040798,0.6025982744802838,0,Blocked
49,49,0,0.17356786900801568,0.6545670677290778,0,Blocked
50,50,0,0.5038134414745782,0.7386537151899903,0,Blocked
51,51,0,0.587028595792401,0.7544044917465225,0,Blocked
52,52,0,0.48602272086207227,0.6686569809774732,0,Blocked
53,53,0,0.2668526994918969,0.6295193949940747,0,Blocked
54,54,0,0.5608420364385617,0.7245706433117334,0,Blocked
55,55,0,0.4554029620568374,0.6919112635123292,0,Blocked
56,56,0,0.5180643667964653,0.6080746870780864,0,Blocked
57,57,0,0.6522730162121421,0.9181542261442655,0,Blocked
58,58,0,0.5141274443361802,0.7798497173969332,0,Blocked
59,59,0,0.7551564522394312,0.5296056503208036,0,Blocked
60,60,0,0.10266711822103311,0.9443904093320105,0,Blocked
61,61,0,0.4893242117898657,0.7339853827826351,0,Blocked
62,62,0,0.4945255183067461,0.6080213071755711,0,Blocked
63,63,0,0.18093895509281738,0.9339498740667704,0,Blocked
64,64,0,0.6469798471913878,0.604180476818879,0,Blocked
65,65,0,0.0007553464677396755,0.5666924548616985,0,Blocked
66,66,0,0.017763369815598843,0.7737157976560789,0,Blocked
67,67,0,0.5752373055818915,0.6746450182551451,0,Blocked
68,68,0,0.4809843444618755,0.7352673387936599,0,Blocked
69,69,0,0.8003059431914104,0.6017856359379761,0,Blocked
70,70,0,0.41315639911362706,0.7521227071844931,0,Blocked
71,71,0,0.43368838323125763,0.8308348476297707,0,Blocked
72,72,0,0.5446767768497839,0.5543727083645471,0,Blocked
73,73,0,0.9064770291965043,0.6212809700443553,0,Blocked
74,74,0,0.429671339561141,0.5005815830275143,0,Blocked
75,75,0,0.5219582117038077,0.8893746376000898,0,Blocked
76,76,0,0.43362401625108504,0.7778810702876509,0,Blocked
77,77,0,0.392319591495784,0.5223384405554855,0,Blocked
78,78,0,0.5835844878776676,0.767027455569858,0,Blocked
79,79,0,0.41075208859582274,0.5803074193560814,0,Blocked
80,80,0,0.8918916188955965,0.5386717361932659,0,Blocked
81,81,0,0.028423237974785673,0.6566681921503896,0,Blocked
82,82,0,0.5692911680915371,0.5349299054886636,0,Blocked
83,83,0,0.046869210373855164,0.6004356586657343,0,Blocked
84,84,0,0.2458055058195472,0.6044744289779396,0,Blocked
85,85,0,0.5051845511445932,0.5531573330395287,0,Blocked
86,86,0,0.4301594967731386,0.6850761026000459,0,Blocked
87,87,0,0.6623915672275691,0.672887940428575,0,Blocked
88,88,0,0.46806616632146225,0.4939334802042056,0,Blocked
89,89,0,0.5641502308743562,0.5143820597121623,0,Blocked
90,90,0,0.49339242191669386,0.5768429857169157,0,Blocked
91,91,0,0.0092692052908619,0.7575675521636855,0,Blocked
92,92,0,0.4512234466148174,0.5392176673449649,0,Blocked
93,93,0,0.5534926481530447,0.6434995501886944,0,Blocked
94,94,0,0.8204445100877643,0.509970869031354,0,Blocked
95,95,0,0.38941486171236467,0.6068833242509089,0,Blocked
96,96,0,0.20545495429857885,0.846837395533154,0,Blocked
97,97,0,0.2692597732960323,0.5754576950982797,0,Blocked
98,98,0,0.09916883381099699,0.7865813474262036,0,Blocked
99,99,0,0.7361849636287858,0.8906305465418647,0,Blocked
100,100,0,0.1866143123499551,0.6410134868821403,0,Blocked
101,101,0,0.4758757117313341,0.7769597743601157,0,Blocked
102,102,0,0.9834603583267592,0.6228081560431096,0,Blocked
103,103,0,0.09321615261358476,0.7158087900037984,0,Blocked
104,104,0,0.49085371948132306,0.7160249887560639,0,Blocked
105,105,0,0.6447842763095042,0.70330930197564,0,Blocked
106,106,0,0.6630817007406694,0.8140446204549505,0,Blocked
107,107,0,0.014987671620721291,0.8539763627085571,0,Blocked
108,108,0,0.7754399430379639,0.6550404711873747,0,Blocked
109,109,0,0.6983037566358018,0.5612993055094212,0,Blocked
110,110,0,0.8614260753570828,0.5825039286345031,0,Blocked
111,111,0,0.9512836859170696,0.5031272088486897,0,Blocked
112,112,0,0.07528219288714995,0.6884812740902422,0,Blocked
113,113,0,0.46029298420331066,0.6975576405957689,0,Blocked
114,114,0,0.8635966612197865,0.7174341305503031,0,Blocked
115,115,0,0.992078162254747,0.5321571858762706,0,Blocked
116,116,0,0.5648919205406289,0.7264588019422913,0,Blocked
117,117,0,0.6777599029272097,0.7490461312156019,0,Blocked
118,118,0,0.08717531247494617,0.6000415715220302,0,Blocked
119,119,0,0.5069033323789125,0.6467361734428932,0,Blocked
120,120,0,0.4265170727320366,0.64253471049021,0,Blocked
121,121,0,0.357829085130027,0.7957295114661423,0,Blocked
122,122,0,0.8635459232622658,0.6460392346709894,0,Blocked
123,123,0,0.36755287140032555,0.8035354198105513,0,Blocked
124,124,0,0.4472764504887697,0.5835767553866487,0,Blocked
125,125,0,0.6829390346893001,0.6157613390416123,0,Blocked
126,126,0,0.009678996311310134,0.8462143240278187,0,Blocked
127,127,0,0.5059926305503579,0.5859008828536841,0,Blocked
128,128,0,0.10090647222838672,0.8083202211360014,0,Blocked
129,129,0,0.03906542453321707,0.8173507797228415,0,Blocked
130,130,0,0.4948327141714283,0.5320200843653927,0,Blocked
131,131,0,0.5954967268193654,0.64427802185265,0,Blocked
132,132,0,0.2335655183638215,0.6562814138556586,0,Blocked
133,133,0,0.5682286988261006,0.48598566101281765,0,Blocked
134,134,0,0.45178246618408024,0.6546857869274535,0,Blocked
135,135,0,0.6023937665307578,0.7031097591828874,0,Blocked
136,136,0,0.24096159565674635,0.8109532865242728,0,Blocked
137,137,0,0.3802331813824521,0.8503370893081496,0,Blocked
138,138,0,0.4457104424708069,0.623023399473165,0,Blocked
139,139,0,0.4981093517529446,0.6682297054031794,0,Blocked
140,140,0,0.1495490206615184,0.5843087738117297,0,Blocked
141,141,0,0.30617121700790706,0.7695248102869818,0,Blocked
142,142,0,0.8876681362694057,0.8501043955020144,0,Blocked
143,143,0,0.49307546227856325,0.5824629117208988,0,Blocked
144,144,0,0.9860775338778308,0.4741699461572212,0,Blocked
145,145,0,0.5836336108695869,0.5404147604026204,0,Blocked
146,146,0,0.49267874196055267,0.44370689114972944,0,Blocked
147,147,0,0.3860402274141893,0.6924713707814789,0,Blocked
148,148,0,0.5910891512031687,0.4476524296707429,0,Blocked
149,149,0,0.711015363076466,0.4853931202348726,0,Blocked
150,150,0,0.3167218743287851,0.6067294973514363,0,Blocked
151,151,0,0.2791501307675008,0.9304114822019364,0,Blocked
152,152,0,0.5171715425807869,0.46484508374747857,0,Blocked
153,153,0,0.47987088777119585,0.4346770501527358,0,Blocked
154,154,0,0.3668796255241884,0.8109049679545548,0,Blocked
155,155,0,0.9791013083596563,0.5521909861504509,0,Blocked
156,156,0,0.7461975973148902,0.398820802026183,0,Blocked
157,157,0,0.7160912590393179,0.5122509856725502,0,Blocked
158,158,0,0.49428659708809397,0.5604997144341144,0,Blocked
159,159,0,0.45885966781725823,0.8178647493064773,0,Blocked
160,160,0,0.5411737784012155,0.7336884738742657,0,Blocked
161,161,0,0.8498982543328375,0.6393119202068369,0,Blocked
162,162,0,0.37727563815987686,0.7524630922109912,0,Blocked
163,163,0,0.46459545017467196,0.8099913282975658,0,Blocked
164,164,0,0.9864648707236727,0.6416938836053155,0,Blocked
165,165,0,0.6256282965281347,0.5589607023682068,0,Blocked
166,166,0,0.9426092336655245,0.47530514671442814,0,Blocked
167,167,0,0.021298270399460723,0.806617533279799,0,Blocked
168,168,0,0.5579826639364,0.5981760052777008,0,Blocked
169,169,0,0.6283305780064075,0.8913293322308522,0,Blocked
170,170,0,0.5003196637903979,0.7430206582573375,0,Blocked
171,171,0,0.6346258789261205,0.729916910776106,0,Blocked
172,172,0,0.06024061169538535,0.8225191429479598,0,Blocked
173,173,0,0.8890358440335053,0.6879807599685968,0,Blocked
174,174,0,0.6054689885092831,0.639979131427255,0,Blocked
175,175,0,0.18350354721765197,0.7767738246659048,0,Blocked
176,176,0,0.2040228651274939,0.8263126256385882,0,Blocked
177,177,0,0.921818256476331,0.7293466842373146,0,Blocked
178,178,0,0.03501410977503828,0.8545769973989559,0,Blocked
179,179,0,0.5627885196539936,0.667904178390349,0,Blocked
180,180,0,0.46274201987260477,0.7272312147542519,0,Blocked
181,181,0,0.4713936620059039,0.9933913520880137,0,Blocked
182,182,0,0.949310998899773,0.7096104467126221,0,Blocked
183,183,0,0.3851773144771609,0.5989044162445365,0,Blocked
184,184,0,0.4364007550112056,0.6409302525281524,0,Blocked
185,185,0,0.5329462578264331,0.4461535580721109,0,Blocked
186,186,0,0.08315801069908942,0.7945329615980634,0,Blocked
187,187,0,0.20562427658587748,0.6607990315315293,0,Blocked
188,188,0,0.6352752352360806,0.55771096511651,0,Blocked
189,189,0,0.7408369547862286,0.8942779244550734,0,Blocked
190,190,0,0.48368025567064166,0.6877624499524075,0,Blocked
191,191,0,0.07102609770377627,0.7453537161811923,0,Blocked
192,192,0,0.9357254163130275,0.9558997324075464,0,Blocked
193,193,0,0.5849104072348394,0.5682804735348783,0,Blocked
194,194,0,0.22031274939730427,0.530990010538877,0,Blocked
195,195,0,0.5081833568646406,0.7475117379232099,0,Blocked
196,196,0,0.9517841031873124,0.6564254532869296,0,Blocked
197,197,0,0.5576573533128997,0.535706116660158,0,Blocked
198,198,0,0.5111331510174888,0.5105250983401382,0,Blocked
199,199,0,0.7617225141702444,0.6888228894867949,0,Blocked
200,0,0,0.5204204739121034,0.6576755872191077,0,Interleaved
201,1,0,0.03295465895712273,0.7189396719852472,0,Interleaved
202,2,0,0.5342067617549487,0.6216731644339346,0,Interleaved
203,3,0,0.441918716446131,0.48606264050514664,0,Interleaved
204,4,0,0.5357343794688493,0.42546719542825406,0,Interleaved
205,5,0,0.04300135563580684,0.857577882155901,0,Interleaved
206,6,0,0.26887605932503145,0.796296165635656,0,Interleaved
207,7,0,0.9295368783133192,0.5884237241757979,0,Interleaved
208,8,0,0.5071550524310154,0.6006263890253573,0,Interleaved
209,9,0,0.49950404526173675,1.0216112503872217,0,Interleaved
210,10,0,0.5018444396048869,0.6755385269768279,0,Interleaved
211,11,0,0.33502708799340536,1.026130244126612,0,Interleaved
212,12,0,0.776232111856434,0.46055386566197787,0,Interleaved
213,13,0,0.4380994666464269,0.5304830573347405,0,Interleaved
214,14,0,0.39772477174880805,0.5172875681374883,0,Interleaved
215,15,0,0.16108748965302044,0.6227818106225246,0,Interleaved
216,16,0,0.44000170366699454,0.6278702639404345,0,Interleaved
217,17,0,0.07694434586935842,0.5818609796725556,0,Interleaved
218,18,0,0.9852999461439804,0.5631282866499117,0,Interleaved
219,19,0,0.4144952413035583,0.6344178050644361,0,Interleaved
220,20,0,0.7299611037145098,0.5722741979065414,0,Interleaved
221,21,0,0.09074792495033879,0.6840616358624345,0,Interleaved
222,22,0,0.18018644166667824,0.7190927750396239,0,Interleaved
223,23,0,0.1503333756978968,0.5837573418404317,0,Interleaved
224,24,0,0.5034951280736267,0.5237379854133326,0,Interleaved
225,25,0,0.9984033275364992,0.5970106189598827,0,Interleaved
226,26,0,0.20187033020608633,0.8639481313574687,0,Interleaved
227,27,0,0.043251361828354415,0.8241731806710079,0,Interleaved
228,28,0,0.21076643499361794,0.7058785933537298,0,Interleaved
229,29,0,0.5703667351090337,0.6758937005759351,0,Interleaved
230,30,0,0.3779883637958246,0.7655256741007239,0,Interleaved
231,31,0,0.8800989849788312,0.5619739250020903,0,Interleaved
232,32,0,0.023735121187553627,0.8114732506924591,0,Interleaved
233,33,0,0.002044082143754321,0.9671541115837314,0,Interleaved
234,34,0,0.11911552667202659,0.640743894412108,0,Interleaved
235,35,0,0.492258870358519,0.4815444692805297,0,Interleaved
236,36,0,0.7921781694319312,0.6016033951799338,0,Interleaved
237,37,0,0.5284758163344172,0.7102631158217486,0,Interleaved
238,38,0,0.4278579889765264,0.7881261432883722,0,Interleaved
239,39,0,0.011875292125204499,0.8865343055216678,0,Interleaved
240,40,0,0.4165553790226168,0.6545111987514679,0,Interleaved
241,41,0,0.5193620136965318,0.693877688152085,0,Interleaved
242,42,0,0.49465054025653726,0.846677461061564,0,Interleaved
243,43,0,0.1403214508204091,0.759769576365364,0,Interleaved
244,44,0,0.4010065447640727,0.5740545936344341,0,Interleaved
245,45,0,0.8186561961271566,0.4572149032674895,0,Interleaved
246,46,0,0.5937019033658376,0.442278243370437,0,Interleaved
247,47,0,0.8784805665390367,0.3390067044331376,0,Interleaved
248,48,0,0.37617193385880354,0.7066200828614836,0,Interleaved
249,49,0,0.6981517131319273,0.44443523170562754,0,Interleaved
250,50,0,0.43403897852784296,0.618013070744728,0,Interleaved
251,51,0,0.9684998956148442,0.6581877461499797,0,Interleaved
252,52,0,0.9381092647844663,0.5884267776153329,0,Interleaved
253,53,0,0.5995462170411917,0.6348693215486861,0,Interleaved
254,54,0,0.6780797041558324,0.5684878162876943,0,Interleaved
255,55,0,0.7384293744083854,0.6146903205243779,0,Interleaved
256,56,0,0.5794058227599086,0.5709105320821408,0,Interleaved
257,57,0,0.5250308528272426,0.648492393175528,0,Interleaved
258,58,0,0.3289363529591871,0.5732429896651714,0,Interleaved
259,59,0,0.6231682338131809,0.7482642368391179,0,Interleaved
260,60,0,0.4260039770590003,0.6902673488991846,0,Interleaved
261,61,0,0.13730318157287752,0.9955874246137146,0,Interleaved
262,62,0,0.05288463134512928,0.7894276806224185,0,Interleaved
263,63,0,0.3984149075885105,0.6971604784293974,0,Interleaved
264,64,0,0.7756887909119569,0.6302026590393809,0,Interleaved
265,65,0,0.49513587173462276,0.876810215633073,0,Interleaved
266,66,0,0.4958215241990739,0.7120516132066819,0,Interleaved
267,67,0,0.34355049742468907,0.7817814173240032,0,Interleaved
268,68,0,0.13606874861753349,0.8829101341606256,0,Interleaved
269,69,0,0.9571450192030051,0.5930847652957528,0,Interleaved
270,70,0,0.5510711205262611,0.6243009927639633,0,Interleaved
271,71,0,0.9702778485515483,0.8150559648186197,0,Interleaved
272,72,0,0.0688993612921598,0.9293581638723882,0,Interleaved
273,73,0,0.31922831989408945,0.7834274907580938,0,Interleaved
274,74,0,0.4182530383887104,0.5895862813820277,0,Interleaved
275,75,0,0.4085483566571169,0.8111129012849592,0,Interleaved
276,76,0,0.2690167611746247,0.5921009014210437,0,Interleaved
277,77,0,0.2868738754208937,0.5299997697440346,0,Interleaved
278,78,0,0.4873285425669035,0.6706659000983326,0,Interleaved
279,79,0,0.8596619000253078,0.5140707505789252,0,Interleaved
280,80,0,0.36667186082294206,0.747381471988811,0,Interleaved
281,81,0,0.022610066083856083,0.6198657046211126,0,Interleaved
282,82,0,0.5370612327185994,0.5439820722044265,0,Interleaved
283,83,0,0.420136648097211,0.6507740382620835,0,Interleaved
284,84,0,0.33325280732045454,0.60818357633712,0,Interleaved
285,85,0,0.5113433945662395,0.664740621743354,0,Interleaved
286,86,0,0.5680628818235703,0.6848869851239049,0,Interleaved
287,87,0,0.4271986188673305,0.7548349846949023,0,Interleaved
288,88,0,0.39864699366361567,0.7057611081740354,0,Interleaved
289,89,0,0.7106753770855903,0.5852330601768534,0,Interleaved
290,90,0,0.49909000596712916,0.5957229760295112,0,Interleaved
291,91,0,0.9982165530972655,0.5992620760289873,0,Interleaved
292,92,0,0.2193899991437658,0.5275337642765926,0,Interleaved
293,93,0,0.2314946599620216,0.5996858398413553,0,Interleaved
294,94,0,0.31390403912895337,0.7214512782598173,0,Interleaved
295,95,0,0.3885163812320991,0.5666791643606464,0,Interleaved
296,96,0,0.5966525117102683,0.6889478948162701,0,Interleaved
297,97,0,0.46323973581687855,0.8066394696208634,0,Interleaved
298,98,0,0.548802198508584,0.5173663933829077,0,Interleaved
299,99,0,0.3850810474561037,0.6231108733171171,0,Interleaved
300,100,0,0.48978005551583215,0.5881286140527551,0,Interleaved
301,101,0,0.8977438573502075,0.7954111526853094,0,Interleaved
302,102,0,0.15429187479971276,0.6847285706664901,0,Interleaved
303,103,0,0.9948283783907056,0.7132843242922648,0,Interleaved
304,104,0,0.508973728154747,0.7087874618690808,0,Interleaved
305,105,0,0.622624512599515,0.452888671665186,0,Interleaved
306,106,0,0.4513781735246758,0.3742867658389145,0,Interleaved
307,107,0,0.06170077013149981,0.6736577599778901,0,Interleaved
308,108,0,0.5899685658770315,0.5989237957150703,0,Interleaved
309,109,0,0.7588842305435544,0.5266924924653827,0,Interleaved
310,110,0,0.3678892133607308,0.8533864512489713,0,Interleaved
311,111,0,0.3244492647091291,0.6289149604555007,0,Interleaved
312,112,0,0.36830708190863715,0.546526055230665,0,Interleaved
313,113,0,0.9679741793007726,0.531400514736217,0,Interleaved
314,114,0,0.5002546526151314,0.49558236016019575,0,Interleaved
315,115,0,0.008042273984538207,0.8872982840867623,0,Interleaved
316,116,0,0.049779277131297504,0.8344776530919696,0,Interleaved
317,117,0,0.21490810835936874,0.7959855837068379,0,Interleaved
318,118,0,0.24832825103872333,0.721800634682991,0,Interleaved
319,119,0,0.39654483237997135,0.7860878034347767,0,Interleaved
320,120,0,0.3061042238032783,0.8261757810305319,0,Interleaved
321,121,0,0.6838239516165393,0.8123445759719246,0,Interleaved
322,122,0,0.003473310812590069,0.6943319596302719,0,Interleaved
323,123,0,0.30519134750153004,0.6215516594807764,0,Interleaved
324,124,0,0.8262189089497356,0.6618213067400911,0,Interleaved
325,125,0,0.31637224830585403,0.7851750312000054,0,Interleaved
326,126,0,0.5523463608474914,0.4671818152539057,0,Interleaved
327,127,0,0.9835272220112128,0.8575260721999528,0,Interleaved
328,128,0,0.49719393349683455,0.7511241948178187,0,Interleaved
329,129,0,0.9410192853021697,0.6990722140973422,0,Interleaved
330,130,0,0.5963013405886637,0.6246213818924675,0,Interleaved
331,131,0,0.2070157405519668,0.6083874380121523,0,Interleaved
332,132,0,0.38424919164178534,0.6441039999692433,0,Interleaved
333,133,0,0.29274929396312777,0.5320826691845957,0,Interleaved
334,134,0,0.22118004468883776,0.5757708818533356,0,Interleaved
335,135,0,0.6534427949676084,0.45448173431935257,0,Interleaved
336,136,0,0.5019640830218759,0.7080646793507555,0,Interleaved
337,137,0,0.1896575384176049,0.7536745893579416,0,Interleaved
338,138,0,0.24316525013906204,0.8871168829677712,0,Interleaved
339,139,0,0.4932272137064912,0.647431160252292,0,Interleaved
340,140,0,0.46300090815875433,0.5387634241081773,0,Interleaved
341,141,0,0.12861794139921176,0.5477547510109748,0,Interleaved
342,142,0,0.6401686054441629,0.5234484912370307,0,Interleaved
343,143,0,0.2523110107901275,0.7668763153054703,0,Interleaved
344,144,0,0.8002927462155374,0.6738472955321742,0,Interleaved
345,145,0,0.9986602217855534,0.8142979189839188,0,Interleaved
346,146,0,0.46831638652696467,0.6326551685245365,0,Interleaved
347,147,0,0.30783987065967633,0.4821656991211371,0,Interleaved
348,148,0,0.3134474773663308,0.5689392768495118,0,Interleaved
349,149,0,0.9320206848124519,0.5488186533579762,0,Interleaved
350,150,0,0.45863338771487383,0.9002894788871693,0,Interleaved
351,151,0,0.4124453203414253,0.7227056769621885,0,Interleaved
352,152,0,0.40688132185648457,0.5996946063305997,0,Interleaved
353,153,0,0.5623780282540247,0.7072746120972856,0,Interleaved
354,154,0,0.4364664487672507,0.6094286932203798,0,Interleaved
355,155,0,0.7259078042617513,0.7406520036709342,0,Interleaved
356,156,0,0.571369681567319,0.6196238765610063,0,Interleaved
357,157,0,0.7124521515331927,0.6186740365285845,0,Interleaved
358,158,0,0.03206786670193325,0.6791025350058613,0,Interleaved
359,159,0,0.08655168111307002,0.7390740005996664,0,Interleaved
360,160,0,0.9250700559505585,0.5707505809706456,0,Interleaved
361,161,0,0.15406620683967595,0.4623679785942998,0,Interleaved
362,162,0,0.8450947075532955,0.49308732610301925,0,Interleaved
363,163,0,0.64584284770479,0.5808102912745803,0,Interleaved
364,164,0,0.22260288889186564,0.6469924100291107,0,Interleaved
365,165,0,0.8970422026128385,0.6355340973204675,0,Interleaved
366,166,0,0.4933939428802975,0.9296503350138086,0,Interleaved
367,167,0,0.27784979376048236,0.7934218524716906,0,Interleaved
368,168,0,0.18805415151370994,0.9490550798487456,0,Interleaved
369,169,0,0.8514544431009592,0.7051895248047504,0,Interleaved
370,170,0,0.8039412622901526,0.5484835924514377,0,Interleaved
371,171,0,0.76391560555463,0.7548029353183323,0,Interleaved
372,172,0,0.3809174531506638,0.654188026456501,0,Interleaved
373,173,0,0.6192390323347354,0.6611695073122836,0,Interleaved
374,174,0,0.47941988482394204,0.49885229527043695,0,Interleaved
375,175,0,0.8486308736165173,0.5730080515484217,0,Interleaved
376,176,0,0.9873908487328849,0.5723810809251222,0,Interleaved
377,177,0,0.7152591045487717,0.452073398848905,0,Interleaved
378,178,0,0.42956489128230296,0.7888585561618933,0,Interleaved
379,179,0,0.006822216412300221,0.9182987983006232,0,Interleaved
380,180,0,0.9711548810977804,0.6147982854632891,0,Interleaved
381,181,0,0.43943130577976885,0.6052508271371987,0,Interleaved
382,182,0,0.058313534358940586,0.805462233825371,0,Interleaved
383,183,0,0.5975679210578689,0.583255076338911,0,Interleaved
384,184,0,0.13405480744517728,0.6042744046299007,0,Interleaved
385,185,0,0.9135596958341248,0.494728587030302,0,Interleaved
386,186,0,0.3003828628195737,0.7484023799388556,0,Interleaved
387,187,0,0.912013536913344,0.508728430468171,0,Interleaved
388,188,0,0.8696257240208358,0.4617669735569181,0,Interleaved
389,189,0,0.5504097481318542,0.6409257205557592,0,Interleaved
390,190,0,0.5342510223261334,0.5946530058628434,0,Interleaved
391,191,0,0.5182262279251614,0.6720295933792422,0,Interleaved
392,192,0,0.7228394707309801,0.4529662990464831,0,Interleaved
393,193,0,0.14105908554908947,0.7271684920496345,0,Interleaved
394,194,0,0.1958168545177032,0.6753697161277891,0,Interleaved
395,195,0,0.45400712212596384,0.7835842889631308,0,Interleaved
396,196,0,0.972121300539416,0.44981614751060006,0,Interleaved
397,197,0,0.005060590692700989,0.7629699123591752,0,Interleaved
398,198,0,0.15140857617430462,0.6224251462463113,0,Interleaved
399,199,0,0.9650425389188284,0.7666287950398394,0,Interleaved
400,0,0,0.22429060640567983,0.8609025231954953,0,Instructed
401,1,0,0.8431242722121417,1.043204402479922,0,Instructed
402,2,0,0.22074606776660977,0.8735505549725351,0,Instructed
403,3,0,0.5216286915582363,0.8578587076989848,0,Instructed
404,4,0,0.004182153249666231,1.2222264015370072,0,Instructed
405,5,0,0.32276620906935877,0.8191200170930166,0,Instructed
406,6,0,0.5156838241935059,0.5347388509448405,0,Instructed
407,7,0,0.423699539493533,0.841189443000142,0,Instructed
408,8,0,0.48891361357342195,0.7452894644873178,0,Instructed
409,9,0,0.4844297507876265,0.9528296505370613,0,Instructed
410,10,0,0.48961638031836635,0.9940288491866156,0,Instructed
411,11,0,0.28887701179720165,0.896344564204255,0,Instructed
412,12,0,0.5002087625197656,0.9722767977832358,0,Instructed
413,13,0,0.4870664750243746,0.7315697122480362,0,Instructed
414,14,0,0.4236692546136799,0.7094615486674887,0,Instructed
415,15,0,0.6359785898388665,0.3116403747455997,0,Instructed
416,16,0,0.5177022396250899,0.6519267432013817,0,Instructed
417,17,0,0.5782407480169068,0.7594791890655636,0,Instructed
418,18,0,0.5937153147756171,0.5711612775595043,0,Instructed
419,19,0,0.4308759639877451,0.5550793547617731,0,Instructed
420,20,0,0.46746182857980173,0.9408040580562866,0,Instructed
421,21,0,0.19532222623415246,0.7295409167949547,0,Instructed
422,22,0,0.9540546839288722,0.5790876866160586,0,Instructed
423,23,0,0.9559857188649932,0.4055252475255792,0,Instructed
424,24,0,0.481913214502123,0.5294143716856403,0,Instructed
425,25,0,0.35852193965223556,0.5527503759101992,0,Instructed
426,26,0,0.07763565030776519,0.7426440092816431,0,Instructed
427,27,0,0.5480168245627902,0.89012418939866,0,Instructed
428,28,0,0.6182279193078786,0.7082387709346862,0,Instructed
429,29,0,0.19880396515174062,0.8215459000075789,0,Instructed
430,30,0,0.06462039670339308,0.7915553719213324,0,Instructed
431,31,0,0.3578991633185788,0.7526069031532754,0,Instructed
432,32,0,0.8110179576629424,0.8506090545594636,0,Instructed
433,33,0,0.5004009583713305,0.7300910960211398,0,Instructed
434,34,0,0.06238659936489474,0.6545650319266589,0,Instructed
435,35,0,0.4652549077215306,0.6236208539156793,0,Instructed
436,36,0,0.4027830161938102,0.787208754003673,0,Instructed
437,37,0,0.4260360208386705,0.8144937195163918,0,Instructed
438,38,0,0.14077695292701525,0.7710201588722043,0,Instructed
439,39,0,0.07827544244243301,2.176716238879443,0,Instructed
440,40,0,0.9194277282192047,0.585908916823535,0,Instructed
441,41,0,0.1522867294117931,0.8084514687881412,0,Instructed
442,42,0,0.0020898489873124775,0.6912108784123525,0,Instructed
443,43,0,0.2747127556373155,0.598680126464276,0,Instructed
444,44,0,0.46398735092180016,0.8378507023490935,0,Instructed
445,45,0,0.5008951488046172,0.9213219752646206,0,Instructed
446,46,0,0.49100957261794975,0.6007033185385416,0,Instructed
447,47,0,0.8112691479256726,0.6640829995135673,0,Instructed
448,48,0,0.7860867471683821,0.727045175499938,0,Instructed
449,49,0,0.5774550697727373,0.7937851319926436,0,Instructed
450,50,0,0.02635877387971861,0.9338753048000124,0,Instructed
451,51,0,0.16507757822966693,0.7468189919158794,0,Instructed
452,52,0,0.058942630243354145,0.7594025449087609,0,Instructed
453,53,0,0.540381502030267,0.3983354491916188,0,Instructed
454,54,0,0.05085350669533771,0.5760132973381982,0,Instructed
455,55,0,0.5384380996233631,0.7531273995728411,0,Instructed
456,56,0,0.1625442736687557,0.5831616067752691,0,Instructed
457,57,0,0.5985961373499915,0.5061985666052998,0,Instructed
458,58,0,0.848912643205467,0.5593474192807228,0,Instructed
459,59,0,0.5086819097314565,0.6199923463687238,0,Instructed
460,60,0,0.8343754394704403,0.48927529577134876,0,Instructed
461,61,0,0.4834874779629695,0.6103438099552877,0,Instructed
462,62,0,0.7497921051915405,0.6918153277217429,0,Instructed
463,63,0,0.27084775577965037,0.6063852515800152,0,Instructed
464,64,0,0.4536972838037424,0.7495333876857015,0,Instructed
465,65,0,0.9030774881116761,0.8560975638095123,0,Instructed
466,66,0,0.6280718084516772,0.640952354294556,0,Instructed
467,67,0,0.910704016990726,0.7794181679613823,0,Instructed
468,68,0,0.6655063723810364,0.6759679718053181,0,Instructed
469,69,0,0.503377453241593,0.4934622822345996,0,Instructed
470,70,0,0.7216960235910677,0.5619580652373595,0,Instructed
471,71,0,0.17641277308077974,0.7438653237880608,0,Instructed
472,72,0,0.49912579324030487,0.6189344773266019,0,Instructed
473,73,0,0.8871632477026472,0.5696507027130145,0,Instructed
474,74,0,0.47143820419112975,0.6737978543959731,0,Instructed
475,75,0,0.9999973974028407,1.5984193500882018,0,Instructed
476,76,0,0.16352705743855092,0.7119284898594553,0,Instructed
477,77,0,0.44251243655436595,0.7669062812051604,0,Instructed
478,78,0,0.4972651024241671,0.6196905049343708,0,Instructed
479,79,0,0.981864074515784,0.649567171612896,0,Instructed
480,80,0,0.8760278593544394,0.8185090419565821,0,Instructed
481,81,0,0.04442157437332563,0.8283469115643696,0,Instructed
482,82,0,0.8957721878423881,0.6927052403382102,0,Instructed
483,83,0,0.8201808741876595,0.6834664510646379,0,Instructed
484,84,0,0.5150205566429884,1.214063774876725,0,Instructed
485,85,0,0.48516176878899503,0.4757612718966657,0,Instructed
486,86,0,0.3863881367163486,0.7876827301692064,0,Instructed
487,87,0,0.44198788348533785,0.5216388056709007,0,Instructed
488,88,0,0.06351641047572035,0.8974483076861745,0,Instructed
489,89,0,0.521512054681181,0.45352449375507653,0,Instructed
490,90,0,0.3974001411027104,0.7338370597839987,0,Instructed
491,91,0,0.5177461680598262,0.6251959933568388,0,Instructed
492,92,0,0.5266503855849846,0.6020829019650074,0,Instructed
493,93,0,0.5044844074724734,0.541677807642486,0,Instructed
494,94,0,0.028690197711513914,0.6753835028266892,0,Instructed
495,95,0,0.5582260775808227,0.4907319712313588,0,Instructed
496,96,0,1.3256072801485858e-05,5.0737356357803485,0,Instructed
497,97,0,0.46477940954879454,0.8010262027661885,0,Instructed
498,98,0,0.7323393657096091,0.6906533464827673,0,Instructed
499,99,0,0.9874087621837824,1.062949829586529,0,Instructed
500,100,0,0.47264673101860266,0.7421707695306339,0,Instructed
501,101,0,0.5066718657712186,0.6495464905165549,0,Instructed
502,102,0,0.49680290450450804,0.6350609832303672,0,Instructed
503,103,0,0.5034146706645702,0.6555686942829504,0,Instructed
504,104,0,0.5459967822806193,0.5688224200495722,0,Instructed
505,105,0,0.8157236606405714,0.49187828340063294,0,Instructed
506,106,0,0.5181222750031784,0.7928450681238386,0,Instructed
507,107,0,0.8935878777244887,0.8160205338820568,0,Instructed
508,108,0,0.43490981605872453,0.6939254629814011,0,Instructed
509,109,0,0.6815762810284794,0.6187572395000804,0,Instructed
510,110,0,0.19239931116862422,0.6279183707578447,0,Instructed
511,111,0,0.9349680601480732,0.4444965019194014,0,Instructed
512,112,0,0.05487252346244196,0.7667405398441536,0,Instructed
513,113,0,0.12127070898082408,0.7341650948808582,0,Instructed
514,114,0,0.4815647490068168,0.7570065294935038,0,Instructed
515,115,0,0.603324601697832,0.6030431431794006,0,Instructed
516,116,0,0.22226883787414417,0.5459068341079323,0,Instructed
517,117,0,0.4620280485395514,0.5470294164761078,0,Instructed
518,118,0,0.5455927929169132,0.6063519520623128,0,Instructed
519,119,0,0.48785438921177426,0.6151152863729836,0,Instructed
520,120,0,0.46311214011105384,0.6902191145177357,0,Instructed
521,121,0,0.24415352167083731,0.6345817655643109,0,Instructed
522,122,0,0.8751538639420385,0.4617223665831522,0,Instructed
523,123,0,0.48370912344044564,0.48327024448704314,0,Instructed
524,124,0,0.4070679270665422,0.4881737690119599,0,Instructed
525,125,0,0.13316147750022783,0.6857234519566457,0,Instructed
526,126,0,0.5470064879598713,0.6297071633823637,0,Instructed
527,127,0,0.7094940212946454,0.7725380648450976,0,Instructed
528,128,0,0.5861980734171846,0.5596702320384062,0,Instructed
529,129,0,0.8828895723432796,0.8168472453230866,0,Instructed
530,130,0,0.27483511314577697,0.6916866662066901,0,Instructed
531,131,0,0.21060969697613108,0.5124198747426761,0,Instructed
532,132,0,0.19851401835570778,0.5413222241525365,0,Instructed
533,133,0,0.5749265212700316,0.578560190278564,0,Instructed
534,134,0,0.5108145357193956,0.6403587608799075,0,Instructed
535,135,0,0.5003517640295778,0.8157835463304226,0,Instructed
536,136,0,0.4718546540081784,0.6927662589416846,0,Instructed
537,137,0,0.9182360254581461,0.5193903429392579,0,Instructed
538,138,0,0.2618248621345063,0.43008276127863043,0,Instructed
539,139,0,0.2701936946637871,0.5240690178785794,0,Instructed
540,140,0,0.820051797278734,0.4798950532354538,0,Instructed
541,141,0,0.5015864280170224,0.5819472012182638,0,Instructed
542,142,0,0.4817924391370891,0.6167345038137904,0,Instructed
543,143,0,0.22589875729155678,0.688999783978767,0,Instructed
544,144,0,0.722657637144623,0.503093848100168,0,Instructed
545,145,0,0.43944091668838386,0.7373127438097398,0,Instructed
546,146,0,0.4253613598305532,0.5738200058010863,0,Instructed
547,147,0,0.26924357941047816,0.58745709294907,0,Instructed
548,148,0,0.3934647474295762,0.6968478873397606,0,Instructed
549,149,0,0.7422304083858587,0.5684084798754123,0,Instructed
550,150,0,0.6850596137066469,0.41868614052273834,0,Instructed
551,151,0,0.2700771303101008,0.5756837329791265,0,Instructed
552,152,0,0.22321040724802588,0.7669293307669214,0,Instructed
553,153,0,0.9302785378558351,0.8136031583190709,0,Instructed
554,154,0,0.9833584203993668,0.664627048913569,0,Instructed
555,155,0,0.49829310462363174,0.6765080579791238,0,Instructed
556,156,0,0.9249174039070318,1.318146860121715,0,Instructed
557,157,0,0.5509300168721966,0.49640395426844436,0,Instructed
558,158,0,0.5057521524779077,0.4966031190076377,0,Instructed
559,159,0,0.6130321445979936,0.7851766273870573,0,Instructed
560,160,0,0.7954058866448006,0.7500744342766471,0,Instructed
561,161,0,0.9684110139594844,0.47267589298385143,0,Instructed
562,162,0,0.3412385191587548,0.8005486753165008,0,Instructed
563,163,0,0.7335849516309649,0.45336932847463646,0,Instructed
564,164,0,0.5062806910117428,0.4838447614442448,0,Instructed
565,165,0,0.5151127925487197,0.37317779623931663,0,Instructed
566,166,0,0.7966782114697759,0.3283739244592865,0,Instructed
567,167,0,0.3716765422561373,0.6560514761399787,0,Instructed
568,168,0,0.5046698425919282,0.7029636597024322,0,Instructed
569,169,0,0.4901661201211444,0.9496446532129577,0,Instructed
570,170,0,0.14344896167381532,1.0068399916944344,0,Instructed
571,171,0,0.2197235373771454,0.659806774772972,0,Instructed
572,172,0,0.24529554225440992,0.4290127084585629,0,Instructed
573,173,0,0.4350531250211599,0.9648342819375221,0,Instructed
574,174,0,0.28241123956026143,0.5750062309974373,0,Instructed
575,175,0,0.7335810794344029,0.6151849734451447,0,Instructed
576,176,0,0.025332017595700973,0.5794040507929072,0,Instructed
577,177,0,0.17869710526679627,0.6218067876270195,0,Instructed
578,178,0,0.6654914248185226,0.8149703501944865,0,Instructed
579,179,0,0.3347273353899832,0.6514212768222027,0,Instructed
580,180,0,0.8216881444531243,0.8606339425066709,0,Instructed
581,181,0,0.9149660905253847,0.5225864402274044,0,Instructed
582,182,0,0.39200830019793603,0.9199276833116847,0,Instructed
583,183,0,0.1382441165908,0.5885671124901827,0,Instructed
584,184,0,0.18074344038827034,0.7266557266899762,0,Instructed
585,185,0,0.7023888373446513,0.5924851772514819,0,Instructed
586,186,0,0.4473463289901856,0.9548217369280935,0,Instructed
587,187,0,0.5321593583532721,0.4305688304561513,0,Instructed
588,188,0,0.4175648884015134,0.47871504489722655,0,Instructed
589,189,0,0.1393246546833231,0.8396446606317116,0,Instructed
590,190,0,0.3963857098379153,0.8087341807491112,0,Instructed
591,191,0,0.4929069848795551,0.4822852942916399,0,Instructed
592,192,0,0.6593688029230083,1.1617428014383453,0,Instructed
593,193,0,0.785116888147245,0.35013538916960146,0,Instructed
594,194,0,0.5422114351964804,1.0727092886208156,0,Instructed
595,195,0,0.15345872792714751,0.6208911022078956,0,Instructed
596,196,0,0.5554727716973836,0.649141585701078,0,Instructed
597,197,0,0.013055738568674185,0.7736292981819315,0,Instructed
598,198,0,0.5225883615541939,0.8366778445179249,0,Instructed
599,199,0,0.7203664736108957,0.5760664328462473,0,Instructed
600,0,0,0.9996409220229461,0.795682067786719,1,Blocked
601,1,0,0.848578641208221,0.7031641133278996,1,Blocked
602,2,0,0.6279466106626135,0.7548064874357883,1,Blocked
603,3,0,0.37703042657544417,0.7017122948738502,1,Blocked
604,4,0,0.09840551781922838,0.8398669599261964,1,Blocked
605,5,0,0.8755281337472193,0.6362461505477195,1,Blocked
606,6,0,0.12315530513306619,0.9417916525228565,1,Blocked
607,7,0,0.9873954055870824,0.7392551688392072,1,Blocked
608,8,0,0.9736235197958149,0.7253360565290474,1,Blocked
609,9,0,0.28613194255578206,0.7430815630322484,1,Blocked
610,10,0,0.36247867226541075,0.480938578769667,1,Blocked
611,11,0,0.09857474751150426,0.7200864202847446,1,Blocked
612,12,0,0.977528312182244,0.48360143197225536,1,Blocked
613,13,0,0.07516735067542843,0.7548759809821335,1,Blocked
614,14,0,0.5001261913007198,0.6065120661670779,1,Blocked
615,15,0,0.5941992370492901,0.531915228370763,1,Blocked
616,16,0,0.7748491653510992,0.5456566940168011,1,Blocked
617,17,0,0.7996365508533102,0.3884395290393041,1,Blocked
618,18,0,0.486329620070368,0.7715010345486952,1,Blocked
619,19,0,0.3950807893561637,0.7519972829644714,1,Blocked
620,20,0,0.43963867212269303,0.5768966323348423,1,Blocked
621,21,0,0.7199291303429651,0.5374607878958667,1,Blocked
622,22,0,0.466534869124563,0.6625000651705895,1,Blocked
623,23,0,0.9160386968119845,0.6884240216200547,1,Blocked
624,24,0,0.6150633371314213,0.3404034859085693,1,Blocked
625,25,0,0.6347476998615837,0.4957189354047348,1,Blocked
626,26,0,0.1621864853545621,0.5038642551448751,1,Blocked
627,27,0,0.616202951910344,0.5312314833811194,1,Blocked
628,28,0,0.4517318804977918,0.4206144992200259,1,Blocked
629,29,0,0.9904718158662085,0.3970681748497842,1,Blocked
630,30,0,0.014404321104172972,0.8922285310991237,1,Blocked
631,31,0,0.4382210995649794,0.8235385141405526,1,Blocked
632,32,0,0.09199996990326618,0.7321977545295634,1,Blocked
633,33,0,0.019721986882498422,0.7590706829436646,1,Blocked
634,34,0,0.35004225154103363,0.6614939708879377,1,Blocked
635,35,0,0.21179942307784408,0.4936766076773481,1,Blocked
636,36,0,0.040168266228826084,0.6715018254029258,1,Blocked
637,37,0,0.41147736129669016,0.6186302845371616,1,Blocked
638,38,0,0.47514337462116807,0.7419771577260752,1,Blocked
639,39,0,0.7089402234826242,0.6356235133830155,1,Blocked
640,40,0,0.5831277415030036,0.5447961006314208,1,Blocked
641,41,0,0.4570128032632142,0.6219119148545216,1,Blocked
642,42,0,0.7531886055422895,0.4344832584517868,1,Blocked
643,43,0,0.38621152308102347,0.4936334792946123,1,Blocked
644,44,0,0.6637228263942436,0.6721778955807374,1,Blocked
645,45,0,0.5268478712919348,0.5673536600716154,1,Blocked
646,46,0,0.28861439975991693,0.6028167420315236,1,Blocked
647,47,0,0.47828630756099777,0.6266279138218132,1,Blocked
648,48,0,0.6127032404625992,0.5523303549507139,1,Blocked
649,49,0,0.5482752718332947,0.6202631035579371,1,Blocked
650,50,0,0.4334906827557499,0.6602601704266122,1,Blocked
651,51,0,0.4214068022984957,0.7410064831939716,1,Blocked
652,52,0,0.4200287851377178,0.7288736416866752,1,Blocked
653,53,0,0.7044587223257105,0.5559549991369255,1,Blocked
654,54,0,0.35386925298125005,0.5847049412363345,1,Blocked
655,55,0,0.2693769112831954,0.6634835671405098,1,Blocked
656,56,0,0.7373391395648533,0.612886397746279,1,Blocked
657,57,0,0.17195780799546492,0.7043775597005315,1,Blocked
658,58,0,0.880578729742119,0.6802958786967006,1,Blocked
659,59,0,0.42417093857395993,0.8036957609906459,1,Blocked
660,60,0,0.35823050477581025,0.6168391605724575,1,Blocked
661,61,0,0.4928351197564816,1.0157551895219301,1,Blocked
662,62,0,0.5393817992724337,0.7468935698026358,1,Blocked
663,63,0,0.6726376114977909,0.44014003491879894,1,Blocked
664,64,0,0.5533737037036094,0.7848105938286682,1,Blocked
665,65,0,0.5730687550756748,0.7207790619496424,1,Blocked
666,66,0,0.5716965786543171,0.6495114025458926,1,Blocked
667,67,0,0.45404391661089866,0.550632681429281,1,Blocked
668,68,0,0.6132952752490525,0.5684317168499232,1,Blocked
669,69,0,0.39747869411256775,0.6899868307406434,1,Blocked
670,70,0,0.06988003184435874,0.5865150215969375,1,Blocked
671,71,0,0.6298907881048138,0.4630867369037205,1,Blocked
672,72,0,0.4106824450390253,0.6563874616609868,1,Blocked
673,73,0,0.5273306872404607,0.9086019442673552,1,Blocked
674,74,0,0.5432180045917784,0.6897761906802521,1,Blocked
675,75,0,0.8179500299330292,0.5942311535207125,1,Blocked
676,76,0,0.477431237163678,0.5835531150683126,1,Blocked
677,77,0,0.5136877502524999,0.5986856686160875,1,Blocked
678,78,0,0.5997703930658886,0.5097358628786456,1,Blocked
679,79,0,0.399499125624203,0.3996593053968118,1,Blocked
680,80,0,0.6452181846340792,0.6863781229462012,1,Blocked
681,81,0,0.8337045969503627,0.7822116292312905,1,Blocked
682,82,0,0.40795528506806145,0.479106309473845,1,Blocked
683,83,0,0.07708876661443928,1.061159412144265,1,Blocked
684,84,0,0.0754993723415139,0.8257988170980737,1,Blocked
685,85,0,0.03913518295449989,0.625430870204345,1,Blocked
686,86,0,0.15049199572920471,0.6767944994329553,1,Blocked
687,87,0,0.23279016000654118,0.5940577621858115,1,Blocked
688,88,0,0.02806062360183285,0.5075490574712654,1,Blocked
689,89,0,0.09090135901179706,0.7262074133680105,1,Blocked
690,90,0,0.028220815117385722,0.813239909907854,1,Blocked
691,91,0,0.10748993893259141,0.8394640040901045,1,Blocked
692,92,0,0.5565153728043147,0.854277487226812,1,Blocked
693,93,0,0.714723889449511,0.5247209058771932,1,Blocked
694,94,0,0.004481384204576749,0.8150752311815965,1,Blocked
695,95,0,0.5755739127590129,0.7446164721676914,1,Blocked
696,96,0,0.14053081509457307,0.6582316710237868,1,Blocked
697,97,0,0.8335261320015996,0.6029304899573786,1,Blocked
698,98,0,0.3102116913591524,0.679062974344383,1,Blocked
699,99,0,0.6074961368945195,0.5964105636079151,1,Blocked
700,100,0,0.13409136275502875,0.6852637603209689,1,Blocked
701,101,0,0.20615422979633174,0.5362371778400357,1,Blocked
702,102,0,0.9830559041284481,0.5687089316825282,1,Blocked
703,103,0,0.3364449533237625,0.4836377319105539,1,Blocked
704,104,0,0.8281148325260087,0.6244299780591567,1,Blocked
705,105,0,0.017272193380395963,0.6159419456291602,1,Blocked
706,106,0,0.7061207457236146,0.4446885164760472,1,Blocked
707,107,0,0.5353604223121684,0.4360833253555805,1,Blocked
708,108,0,0.44682561360037476,0.832290483626848,1,Blocked
709,109,0,0.817912437538842,0.9862155830981412,1,Blocked
710,110,0,0.21285226478846653,0.7799885954735682,1,Blocked
711,111,0,0.9050065195949033,0.7241516127791514,1,Blocked
712,112,0,0.00547844142542946,0.6523128739724211,1,Blocked
713,113,0,0.7504496465049973,0.6157138308434056,1,Blocked
714,114,0,0.30726566703414676,0.8058662112118762,1,Blocked
715,115,0,0.44730553664908773,0.8514290776299849,1,Blocked
716,116,0,0.909965246292396,1.1497536752909974,1,Blocked
717,117,0,0.5126416978935024,0.5837045010878565,1,Blocked
718,118,0,0.08653641138987504,0.8762465658193609,1,Blocked
719,119,0,0.029524268863434202,0.6901789558520355,1,Blocked
720,120,0,0.7326661172817467,0.5409060755385533,1,Blocked
721,121,0,0.8639671270586271,0.6517663199809421,1,Blocked
722,122,0,0.41041318327052556,0.6686991112323105,1,Blocked
723,123,0,0.629517051007968,0.6505523951570145,1,Blocked
724,124,0,0.7195772216774605,0.6803990323592691,1,Blocked
725,125,0,0.04495216788716227,0.7127163195877997,1,Blocked
726,126,0,0.5085630129619648,0.5412159213726109,1,Blocked
727,127,0,0.18063515249409,0.5108145468978663,1,Blocked
728,128,0,0.5070387645928841,0.6926787044037902,1,Blocked
729,129,0,0.48267987135520846,0.7228301685023811,1,Blocked
730,130,0,0.4992663903791781,0.5789369099254968,1,Blocked
731,131,0,0.4578686557280664,0.6619756464071859,1,Blocked
732,132,0,0.3312091025995636,0.5288828669780088,1,Blocked
733,133,0,0.5046628997049705,0.5405410331061643,1,Blocked
734,134,0,0.5030818529899921,0.6950440369867256,1,Blocked
735,135,0,0.39413824001729375,0.7991437436265545,1,Blocked
736,136,0,0.49567777982666034,0.7169892353761538,1,Blocked
737,137,0,0.08926799747551965,0.5090708075936605,1,Blocked
738,138,0,0.6155036421292658,0.5816978449170234,1,Blocked
739,139,0,0.015977754646643763,0.9762657968539888,1,Blocked
740,140,0,0.46192917111823634,0.6750931945863419,1,Blocked
741,141,0,0.48703010622120185,0.7197567124973105,1,Blocked
742,142,0,0.7649475271639659,0.6721953544356635,1,Blocked
743,143,0,0.622432595266735,0.6608743066978997,1,Blocked
744,144,0,0.6250821664395949,0.6372430236031312,1,Blocked
745,145,0,0.09424657262611928,0.6887289731292423,1,Blocked
746,146,0,0.5337066922455829,0.7521372227666261,1,Blocked
747,147,0,0.4188780532205988,0.5906860229269435,1,Blocked
748,148,0,0.46569568250955395,0.7379528734303147,1,Blocked
749,149,0,0.7732820050827129,0.787657932770341,1,Blocked
750,150,0,0.8679539062133476,0.789002686097095,1,Blocked
751,151,0,0.35911643707690133,0.9984176051411988,1,Blocked
752,152,0,0.5915618633504408,0.6826986279604464,1,Blocked
753,153,0,0.517444560154385,0.5662318671097174,1,Blocked
754,154,0,0.34426726581800476,0.7392432328936167,1,Blocked
755,155,0,0.4743741163545754,0.7941483702814212,1,Blocked
756,156,0,0.5276637159853748,0.6396226547114043,1,Blocked
757,157,0,0.5154476438108346,0.6222406645349459,1,Blocked
758,158,0,0.5231488391397963,0.692411312569932,1,Blocked
759,159,0,0.4334424499508854,0.6455891154510889,1,Blocked
760,160,0,0.5653916715983929,0.6531708118252906,1,Blocked
761,161,0,0.21874748809974176,0.6397648520538495,1,Blocked
762,162,0,0.4685484047930262,0.8196881840032932,1,Blocked
763,163,0,0.5921286387814391,0.5340285676464197,1,Blocked
764,164,0,0.3623240153835131,0.4781192920009565,1,Blocked
765,165,0,0.5055953191613951,0.7460285644156285,1,Blocked
766,166,0,0.48368521713662066,0.5534912621715677,1,Blocked
767,167,0,0.10181228951280216,0.738935440504408,1,Blocked
768,168,0,0.5110743796435622,0.6686374630441351,1,Blocked
769,169,0,0.3495224788033722,0.5747652001286514,1,Blocked
770,170,0,0.8608603555652052,0.45080458440662285,1,Blocked
771,171,0,0.14633958905855468,0.47145442275474864,1,Blocked
772,172,0,0.7883262043579891,0.5456329819113866,1,Blocked
773,173,0,0.3255170218763316,0.6728334968160545,1,Blocked
774,174,0,0.4310199461994035,0.7989464415104646,1,Blocked
775,175,0,0.9620765219402314,0.6673022782858098,1,Blocked
776,176,0,0.09126852892145759,0.5934620866081384,1,Blocked
777,177,0,0.757796877000659,0.5859350407754964,1,Blocked
778,178,0,0.05862521480709798,0.6499722583767904,1,Blocked
779,179,0,0.4128723369648667,0.5449978404731278,1,Blocked
780,180,0,0.09206961725062121,0.8399612243718597,1,Blocked
781,181,0,0.45871773098972235,0.4826637493397283,1,Blocked
782,182,0,0.07124555450989446,0.6506437292901559,1,Blocked
783,183,0,0.14423847375313756,0.5732894348820408,1,Blocked
784,184,0,0.4971589389166658,0.6814331276328922,1,Blocked
785,185,0,0.02606919558707876,0.8595262408121074,1,Blocked
786,186,0,0.9015611202595175,0.7548624564312412,1,Blocked
787,187,0,0.3629323374225577,0.5899119414376612,1,Blocked
788,188,0,0.6161997158661153,0.6352738524320162,1,Blocked
789,189,0,0.6380205491185139,0.761979674416408,1,Blocked
790,190,0,0.07112003439198106,0.6628570470238497,1,Blocked
791,191,0,0.3526598984142203,0.8447633151102099,1,Blocked
792,192,0,0.2232438010927513,0.6798362421936199,1,Blocked
793,193,0,0.995613939750057,0.8009330555839511,1,Blocked
794,194,0,0.4327597621683535,0.951484811183063,1,Blocked
795,195,0,0.6437818834795219,0.795649402991276,1,Blocked
796,196,0,0.5209041268204214,0.6888077946747371,1,Blocked
797,197,0,0.37045240632027276,0.5869834082358771,1,Blocked
798,198,0,0.34312611646521163,0.7375023286686886,1,Blocked
799,199,0,0.967901395005059,0.903126465364879,1,Blocked
800,0,0,0.21415642747800376,0.7305330804301733,1,Interleaved
801,1,0,0.5470297742817457,1.1041218229335872,1,Interleaved
802,2,0,0.15535524504012305,1.006135930438273,1,Interleaved
803,3,0,0.6773947651941276,0.7689503211314526,1,Interleaved
804,4,0,0.4970898984783621,0.33321984856881226,1,Interleaved
805,5,0,0.5217971175421281,0.6020946367555277,1,Interleaved
806,6,0,0.7365487258582455,0.4003105087322446,1,Interleaved
807,7,0,0.5698755137181593,0.543982090600706,1,Interleaved
808,8,0,0.8489833478517224,0.3560704871551894,1,Interleaved
809,9,0,0.2859913882698427,0.6040480133450074,1,Interleaved
810,10,0,0.9854793391467466,0.4920658402118082,1,Interleaved
811,11,0,0.7203031571351937,0.6322821043495612,1,Interleaved
812,12,0,0.873134302942612,0.5021711324586295,1,Interleaved
813,13,0,0.49041132699137274,0.6599189617414214,1,Interleaved
814,14,0,0.6055110748765026,0.7197438611083415,1,Interleaved
815,15,0,0.43557224537297573,0.7346122017416297,1,Interleaved
816,16,0,0.8008803019567254,0.6722329200178783,1,Interleaved
817,17,0,0.9638077325195585,0.6147355428906711,1,Interleaved
818,18,0,0.5737361406316965,0.6187116034412272,1,Interleaved
819,19,0,0.8613678170859271,0.6403824412546614,1,Interleaved
820,20,0,0.84378478537697,0.5095759141576744,1,Interleaved
821,21,0,0.530246833632085,0.5580455643324358,1,Interleaved
822,22,0,0.8289023490377766,0.5801936011514397,1,Interleaved
823,23,0,0.09304493261228336,0.6218575504811616,1,Interleaved
824,24,0,0.4585265276523118,0.6327872090103448,1,Interleaved
825,25,0,0.5035299752836844,0.7883893567353412,1,Interleaved
826,26,0,0.38267365039196594,0.4630497326206252,1,Interleaved
827,27,0,0.4567020680428809,0.6336112859679601,1,Interleaved
828,28,0,0.8791670428806786,0.4908227892463495,1,Interleaved
829,29,0,0.8951530211214547,0.6295130476066997,1,Interleaved
830,30,0,0.5506889802631247,0.8584626378089625,1,Interleaved
831,31,0,0.18517126966016811,0.8883447270384075,1,Interleaved
832,32,0,0.7413704699965615,0.5400432956180069,1,Interleaved
833,33,0,0.37157227292851513,0.5982636209218484,1,Interleaved
834,34,0,0.001012451176889947,0.7798529316698133,1,Interleaved
835,35,0,0.8170240322163551,0.5157389556949346,1,Interleaved
836,36,0,0.36800512281113584,0.5349337932319085,1,Interleaved
837,37,0,0.5340082987358175,0.6474713492625132,1,Interleaved
838,38,0,0.32778917965705573,0.6792144182770076,1,Interleaved
839,39,0,0.8610212529054733,0.4179146489520674,1,Interleaved
840,40,0,0.784787302051204,0.5781722058013816,1,Interleaved
841,41,0,0.8388628700995447,0.6163017112202571,1,Interleaved
842,42,0,0.4205663685446193,0.8136170948771224,1,Interleaved
843,43,0,0.5457439469127946,0.6333744301669136,1,Interleaved
844,44,0,0.7924455761685426,0.5765499246315126,1,Interleaved
845,45,0,0.09510245652990645,0.6621393944380598,1,Interleaved
846,46,0,0.6794332156136791,0.6918748400575321,1,Interleaved
847,47,0,0.45750638209582983,0.6034166440196579,1,Interleaved
848,48,0,0.5001199637344924,0.7018654041502801,1,Interleaved
849,49,0,0.37453407705922054,0.6389016430950474,1,Interleaved
850,50,0,0.5489280870252481,0.5580321090918796,1,Interleaved
851,51,0,0.5124057662356013,0.7042929734190357,1,Interleaved
852,52,0,0.6912489258711946,0.6116937240404199,1,Interleaved
853,53,0,0.7190357713142644,0.5005073418911635,1,Interleaved
854,54,0,0.5868088633617012,0.5797651049451411,1,Interleaved
855,55,0,0.7710369292812681,0.5625179090644643,1,Interleaved
856,56,0,0.47047406587983437,0.5998804597279603,1,Interleaved
857,57,0,0.7056252723392877,0.48210014270746626,1,Interleaved
858,58,0,0.29223491538310464,0.43057698170763553,1,Interleaved
859,59,0,0.50046565550395,0.8572707256189044,1,Interleaved
860,60,0,0.23212292243763397,0.6664920442967589,1,Interleaved
861,61,0,0.6543492679580913,0.5861343012456558,1,Interleaved
862,62,0,0.2622215978775191,0.6257894726229383,1,Interleaved
863,63,0,0.5135899369297371,0.5280553489786826,1,Interleaved
864,64,0,0.09091780998972523,0.604271848182673,1,Interleaved
865,65,0,0.3789367567536019,0.6484083898721368,1,Interleaved
866,66,0,0.03169528421581514,0.507420734112862,1,Interleaved
867,67,0,0.41651865224224727,0.6025240759421341,1,Interleaved
868,68,0,0.01924074047445819,0.7483776817591155,1,Interleaved
869,69,0,0.9635671395661616,0.7353369727757757,1,Interleaved
870,70,0,0.9970255256674858,0.603807341508947,1,Interleaved
871,71,0,0.5246798428040613,0.5722055876803557,1,Interleaved
872,72,0,0.429659087774648,0.5456452108261061,1,Interleaved
873,73,0,0.6234834864534853,0.4877096873821258,1,Interleaved
874,74,0,0.33843904996221913,0.8355879817438842,1,Interleaved
875,75,0,0.36055982508407897,0.8401554024275353,1,Interleaved
876,76,0,0.7146712099291652,0.6324535959620001,1,Interleaved
877,77,0,0.8703622866535917,1.432005516937425,1,Interleaved
878,78,0,0.8180370910972813,0.5494075181370458,1,Interleaved
879,79,0,0.4708851572835709,0.7028919757140472,1,Interleaved
880,80,0,0.41908284478424546,0.7566693732494707,1,Interleaved
881,81,0,0.5914084366400195,0.6437791229271296,1,Interleaved
882,82,0,0.05726536500694802,0.7933641711870056,1,Interleaved
883,83,0,0.4825740073807203,0.6748970432484349,1,Interleaved
884,84,0,0.08998037915098997,0.8690404426255985,1,Interleaved
885,85,0,0.6757912704693054,0.583678856881968,1,Interleaved
886,86,0,0.017679213622006237,0.8249858649377447,1,Interleaved
887,87,0,0.3208786979546235,0.4452164924813363,1,Interleaved
888,88,0,0.0012377669358309997,0.7819174830641518,1,Interleaved
889,89,0,0.5762455791174591,0.7169237927587733,1,Interleaved
890,90,0,0.48972545191420824,0.7683529825111133,1,Interleaved
891,91,0,0.43242329627839227,0.8867385993714634,1,Interleaved
892,92,0,0.21580052662352128,0.6983410674017929,1,Interleaved
893,93,0,0.5297205152330947,0.5535382821684112,1,Interleaved
894,94,0,0.9929357161864628,0.5166395384560926,1,Interleaved
895,95,0,0.29922520702215655,0.6693297702076652,1,Interleaved
896,96,0,0.19687882557318664,0.6643962907143997,1,Interleaved
897,97,0,0.5700134406965159,0.4988649294590471,1,Interleaved
898,98,0,0.9786369293743158,0.4859631381882673,1,Interleaved
899,99,0,0.42917030381540766,0.6679861463900711,1,Interleaved
900,100,0,0.2365368534974524,0.6827736719643634,1,Interleaved
901,101,0,0.48161892166009623,0.5635425252499373,1,Interleaved
902,102,0,0.011746013693560991,0.6250955727861015,1,Interleaved
903,103,0,0.021914469181388146,0.7305457570113835,1,Interleaved
904,104,0,0.2948572644329731,0.5133549484543548,1,Interleaved
905,105,0,0.6116900616804033,0.5492689500149244,1,Interleaved
906,106,0,0.6547504098194992,0.3700968571403973,1,Interleaved
907,107,0,0.45582026050246316,0.6395059763210239,1,Interleaved
908,108,0,0.21551980972300588,0.5340276398065407,1,Interleaved
909,109,0,0.5293383023997327,0.7486618388913371,1,Interleaved
910,110,0,0.4653394686333001,0.7035631697960716,1,Interleaved
911,111,0,0.9375678705638845,0.6118799788274856,1,Interleaved
912,112,0,0.974786260805782,0.8091118324125224,1,Interleaved
913,113,0,0.25557547932116725,0.46738044236120435,1,Interleaved
914,114,0,0.33385140464628793,0.7085872465644052,1,Interleaved
915,115,0,0.5277371681775975,0.40000439070386407,1,Interleaved
916,116,0,0.2261570282133953,0.7747673191028412,1,Interleaved
917,117,0,0.9980143250416889,1.7780077040796611,1,Interleaved
918,118,0,0.9738098933804651,0.37043440358040447,1,Interleaved
919,119,0,0.8750495468515193,0.6185886817075912,1,Interleaved
920,120,0,0.21823785026072212,0.5242422355039873,1,Interleaved
921,121,0,0.6905203854523467,0.7203536057779341,1,Interleaved
922,122,0,0.3825800684593591,0.5503010978032926,1,Interleaved
923,123,0,0.1022710198043521,0.5957933338523942,1,Interleaved
924,124,0,0.7000213060295769,0.5836885683802195,1,Interleaved
925,125,0,0.7047457581740739,0.5411923663525444,1,Interleaved
926,126,0,0.9461358205379712,0.6091273739306384,1,Interleaved
927,127,0,0.9380063388872422,0.6712413599145324,1,Interleaved
928,128,0,0.7541165347481893,0.531782019015071,1,Interleaved
929,129,0,0.35816619464010513,0.49646750963820846,1,Interleaved
930,130,0,0.17153446666554528,0.6715760050724361,1,Interleaved
931,131,0,0.11359764339356186,0.5971260665491662,1,Interleaved
932,132,0,0.9074728111697556,0.7559044768311953,1,Interleaved
933,133,0,0.4409048737658767,0.7768399664557974,1,Interleaved
934,134,0,0.8789680195123046,0.49070587060053955,1,Interleaved
935,135,0,0.13649387786763023,0.7444436689365511,1,Interleaved
936,136,0,0.9031205587084911,0.5861033494400292,1,Interleaved
937,137,0,0.735437924255609,0.6365421666184576,1,Interleaved
938,138,0,0.1987095297797109,0.9374216535848999,1,Interleaved
939,139,0,0.4433136505067531,0.5247389113646337,1,Interleaved
940,140,0,0.9881097963908585,0.5720015872532005,1,Interleaved
941,141,0,0.4363898928076973,0.7363695824019878,1,Interleaved
942,142,0,0.49309287901754173,0.6113412756471099,1,Interleaved
943,143,0,0.5031692845529209,0.6270690901289646,1,Interleaved
944,144,0,0.9690282296927153,0.6801024952356913,1,Interleaved
945,145,0,0.29993988596671745,0.7038714779980447,1,Interleaved
946,146,0,0.4866901314826023,0.5659559009373688,1,Interleaved
947,147,0,0.2293580164969254,0.7443875040455034,1,Interleaved
948,148,0,0.739454281887847,0.8622158065014788,1,Interleaved
949,149,0,0.7311421874880872,0.5744985547816667,1,Interleaved
950,150,0,0.19872656873584746,0.6837688414618524,1,Interleaved
951,151,0,0.5282727408476113,0.7492655920248534,1,Interleaved
952,152,0,0.2969840797397501,0.6534203102917936,1,Interleaved
953,153,0,0.20410306380393628,0.4844877818905125,1,Interleaved
954,154,0,0.0037728255078571162,0.733590981783337,1,Interleaved
955,155,0,0.26163632403766385,0.7541140840198379,1,Interleaved
956,156,0,0.3264987544315106,0.5553060205262872,1,Interleaved
957,157,0,0.7870658927661063,0.5340677151874018,1,Interleaved
958,158,0,0.04208633030978116,0.5968544996296157,1,Interleaved
959,159,0,0.21469500683490975,0.7462940566217682,1,Interleaved
960,160,0,0.6447646555734623,0.5955739001175279,1,Interleaved
961,161,0,0.5397270693766507,0.6384100469332457,1,Interleaved
962,162,0,0.0044954480390246385,0.8047004109896928,1,Interleaved
963,163,0,0.09237793534220037,0.6609661340383444,1,Interleaved
964,164,0,0.48717929424875256,0.588515428095122,1,Interleaved
965,165,0,0.05279576692479138,0.835748721748478,1,Interleaved
966,166,0,0.04681600804131302,0.7591669491046996,1,Interleaved
967,167,0,0.5593351076189591,0.5091219252820498,1,Interleaved
968,168,0,0.858647729483641,0.40617358914941254,1,Interleaved
969,169,0,0.38495706131640983,0.5310518049905832,1,Interleaved
970,170,0,0.9631150731333753,0.48642051004898285,1,Interleaved
971,171,0,0.2420215455908048,0.6355813596069598,1,Interleaved
972,172,0,0.7065957089082533,0.9096113873789651,1,Interleaved
973,173,0,0.7971129585991099,0.6313380554712386,1,Interleaved
974,174,0,0.25397041292684513,0.8501840885024247,1,Interleaved
975,175,0,0.6088638591257067,0.5961038319406087,1,Interleaved
976,176,0,0.4342261256679207,0.5342995396782948,1,Interleaved
977,177,0,0.4169887357372491,0.4893573866392479,1,Interleaved
978,178,0,0.5000924012912265,0.6181737522552451,1,Interleaved
979,179,0,0.6929241333984312,0.6089138053654526,1,Interleaved
980,180,0,0.7227782741973771,0.5302554846052892,1,Interleaved
981,181,0,0.7134679981721119,0.6566620899182195,1,Interleaved
982,182,0,0.6727004429689059,0.6615362187561251,1,Interleaved
983,183,0,0.027194324398656478,0.8267495427073043,1,Interleaved
984,184,0,0.38451092140656834,0.48102802649548115,1,Interleaved
985,185,0,0.5005484675117886,0.5870460104244992,1,Interleaved
986,186,0,0.43968366808549586,0.6295161655951302,1,Interleaved
987,187,0,0.9481265517461794,0.7885457777716856,1,Interleaved
988,188,0,0.46939451219011186,0.6641560096083574,1,Interleaved
989,189,0,0.5510528973561002,0.665826673684424,1,Interleaved
990,190,0,0.9924900517555106,0.5597434076377905,1,Interleaved
991,191,0,0.2773263430338865,0.5804192768116201,1,Interleaved
992,192,0,0.15537994707394476,0.6859081801300164,1,Interleaved
993,193,0,0.4183585764294829,0.6298722886289205,1,Interleaved
994,194,0,0.43404027829859504,0.7100196150740078,1,Interleaved
995,195,0,0.48678204600475933,0.7059615085111001,1,Interleaved
996,196,0,0.014598651008279848,0.7189807842972927,1,Interleaved
997,197,0,0.6799691932476264,0.876742170788533,1,Interleaved
998,198,0,0.47890697913218333,0.4264192536338055,1,Interleaved
999,199,0,0.5027341653975864,0.6818564493627907,1,Interleaved
1000,0,0,0.016576226907375147,0.5808432535039942,1,Instructed
1001,1,0,0.559174485478712,0.42385278579593155,1,Instructed
1002,2,0,0.9767680136088961,0.9010420916055579,1,Instructed
1003,3,0,0.4107865397873446,0.7404780299338289,1,Instructed
1004,4,0,0.7272150675473277,0.6589581838221876,1,Instructed
1005,5,0,0.5986847156272211,0.5481745211682509,1,Instructed
1006,6,0,0.9729329991703395,0.46199966219731425,1,Instructed
1007,7,0,0.5004936375591023,1.353347502397983,1,Instructed
1008,8,0,0.8166457192248295,0.49170677301309706,1,Instructed
1009,9,0,0.48702388218625076,0.5564300512709162,1,Instructed
1010,10,0,0.8407984844273755,0.7407990310066481,1,Instructed
1011,11,0,0.7572726471051103,0.4770962287803028,1,Instructed
1012,12,0,0.5699517280499303,0.5855503982519074,1,Instructed
1013,13,0,0.6979916639471078,0.3566944082415806,1,Instructed
1014,14,0,0.4370521626492545,0.6891415247755632,1,Instructed
1015,15,0,0.40481577349690506,0.8332904696192445,1,Instructed
1016,16,0,0.7346611552050104,0.6602251410373265,1,Instructed
1017,17,0,0.33875336271719814,0.8574057722524853,1,Instructed
1018,18,0,0.6613530843516058,0.537302764831098,1,Instructed
1019,19,0,0.7696702268736516,0.9614502343453635,1,Instructed
1020,20,0,0.781194402304451,0.5249105221534409,1,Instructed
1021,21,0,0.6503886124089276,0.8052039161934322,1,Instructed
1022,22,0,0.4833943299760387,0.7468468903887062,1,Instructed
1023,23,0,0.508016178906036,0.6607541201229652,1,Instructed
1024,24,0,0.26850348849992123,0.606314005255414,1,Instructed
1025,25,0,0.9174947517499342,0.4434554725683364,1,Instructed
1026,26,0,0.3110382889373509,0.543139823329502,1,Instructed
1027,27,0,0.46865952534564237,0.5081817059943734,1,Instructed
1028,28,0,0.9617404579546522,0.7444626639904633,1,Instructed
1029,29,0,0.6393792784434768,0.8717706022728824,1,Instructed
1030,30,0,0.35833254010215193,0.7120377226253118,1,Instructed
1031,31,0,0.5446390116481877,0.6811608561745145,1,Instructed
1032,32,0,0.5893612083912603,0.5937447575870702,1,Instructed
1033,33,0,0.28043656109742926,0.4406937368692243,1,Instructed
1034,34,0,0.16696625257847664,0.6475204409623343,1,Instructed
1035,35,0,0.6471658920318003,0.6474276300696955,1,Instructed
1036,36,0,0.9179673555982254,0.2961013829807872,1,Instructed
1037,37,0,0.5373291898157292,0.5695040254698722,1,Instructed
1038,38,0,0.7325409918152226,0.8443361800384471,1,Instructed
1039,39,0,0.43416574011815406,0.7548087100696343,1,Instructed
1040,40,0,0.07309438318954566,0.8138922701808835,1,Instructed
1041,41,0,0.04510338158354179,0.5875956664590404,1,Instructed
1042,42,0,0.16043066699956235,0.7510925434303045,1,Instructed
1043,43,0,0.49564389519003643,0.6697980240804362,1,Instructed
1044,44,0,0.5058679436976123,0.6405029167413645,1,Instructed
1045,45,0,0.46310346267764624,0.5638923166691328,1,Instructed
1046,46,0,0.5937143505416722,0.6007561768189003,1,Instructed
1047,47,0,0.5473684264106076,0.7825573212893628,1,Instructed
1048,48,0,0.9626860468862806,0.4641559625072629,1,Instructed
1049,49,0,0.3095279165489122,0.5645339674996719,1,Instructed
1050,50,0,0.9448230355481233,0.40709431050851647,1,Instructed
1051,51,0,0.5315188136974983,0.6212843135415105,1,Instructed
1052,52,0,0.5205424752522908,0.7083648747673716,1,Instructed
1053,53,0,0.2500459887765714,0.6029654240211222,1,Instructed
1054,54,0,0.6107816251190445,0.5843219323637405,1,Instructed
1055,55,0,0.6485625606587337,0.6671729617660748,1,Instructed
1056,56,0,0.47110164584116493,0.7416667988395386,1,Instructed
1057,57,0,0.48214434441089105,0.6767599165373268,1,Instructed
1058,58,0,0.9818608992449962,0.6346588941561422,1,Instructed
1059,59,0,0.08317737853020113,0.6877018467291874,1,Instructed
1060,60,0,0.6107320825324095,0.4602299408615068,1,Instructed
1061,61,0,0.5526604357913586,0.4243397168331553,1,Instructed
1062,62,0,0.5940057403258379,0.5448160378897096,1,Instructed
1063,63,0,0.48084843038656694,0.6924094764539206,1,Instructed
1064,64,0,0.8665705208338036,0.5760262796944752,1,Instructed
1065,65,0,0.9149248053105867,0.302433342919042,1,Instructed
1066,66,0,0.23269466808612677,0.6282030828445571,1,Instructed
1067,67,0,0.3031162592652399,0.577907127996674,1,Instructed
1068,68,0,0.5886099466690251,0.5399828901190815,1,Instructed
1069,69,0,0.3734086946736717,0.47738168710978723,1,Instructed
1070,70,0,0.6428712447187818,0.5329241742120889,1,Instructed
1071,71,0,0.8294259645280868,0.6158384562565459,1,Instructed
1072,72,0,0.5159618693249213,0.5195385304305211,1,Instructed
1073,73,0,0.09694787040599706,0.4745853982853232,1,Instructed
1074,74,0,0.5644325329299963,0.5414285042378648,1,Instructed
1075,75,0,0.5093017684243886,0.9803760149284921,1,Instructed
1076,76,0,0.47277551536526985,0.7379413604287997,1,Instructed
1077,77,0,0.18940655763985337,0.5471019076343355,1,Instructed
1078,78,0,0.5880889530318565,0.5648126206836928,1,Instructed
1079,79,0,0.9265133965954531,0.5696912304811959,1,Instructed
1080,80,0,0.5093367914172993,0.4205177799280505,1,Instructed
1081,81,0,0.4379782876822942,0.5953684782472681,1,Instructed
1082,82,0,0.9010378510883965,0.5679877367687984,1,Instructed
1083,83,0,0.8283406194254084,0.46706378840143814,1,Instructed
1084,84,0,0.20581234891084416,0.603661703980184,1,Instructed
1085,85,0,0.5061522453830409,0.6234784630438978,1,Instructed
1086,86,0,0.35808944526456915,0.6776999945347097,1,Instructed
1087,87,0,0.020670539421509183,0.6379082247127544,1,Instructed
1088,88,0,0.41211164860976907,0.7094298130865386,1,Instructed
1089,89,0,0.3902394608587534,0.6860995608462233,1,Instructed
1090,90,0,0.6727333041695382,0.5500788255934782,1,Instructed
1091,91,0,0.30205635181644525,0.7110250224844797,1,Instructed
1092,92,0,0.7558804532099064,0.573322541816653,1,Instructed
1093,93,0,0.050276832202977385,0.7589430977825582,1,Instructed
1094,94,0,0.49735349516399346,0.5200219690287073,1,Instructed
1095,95,0,0.7562433739079286,0.8071366309557653,1,Instructed
1096,96,0,0.7430569137244935,0.7924840175048331,1,Instructed
1097,97,0,0.509839034453075,0.5111599149810588,1,Instructed
1098,98,0,0.9881341552276872,0.4894335845224446,1,Instructed
1099,99,0,0.09760208525587001,0.6061529776233503,1,Instructed
1100,100,0,0.09022916769861036,0.5032389251574443,1,Instructed
1101,101,0,0.35171088676599405,0.6406003665181492,1,Instructed
1102,102,0,0.5179507322717982,0.6480897954148543,1,Instructed
1103,103,0,0.8372219267061669,0.6100944066552326,1,Instructed
1104,104,0,0.3130909027628144,0.933479537717732,1,Instructed
1105,105,0,0.5470500086549352,0.7893726431234587,1,Instructed
1106,106,0,0.505461537990968,0.8720552469789784,1,Instructed
1107,107,0,0.7949767761647308,0.5423949146639575,1,Instructed
1108,108,0,0.6154241142168455,0.6259646865029418,1,Instructed
1109,109,0,0.1833478807861973,0.5284202863290237,1,Instructed
1110,110,0,0.6474853021150243,0.3807907098342632,1,Instructed
1111,111,0,0.7091976109770689,0.4903499763798703,1,Instructed
1112,112,0,0.6526515890116067,0.5692543035275397,1,Instructed
1113,113,0,0.23777695501448728,0.6323131769789876,1,Instructed
1114,114,0,0.7988972487854258,0.6290650564994045,1,Instructed
1115,115,0,0.444472835526677,0.7437942401687505,1,Instructed
1116,116,0,0.886125350721575,0.6105728467097555,1,Instructed
1117,117,0,0.16665067615058196,0.7539942613097821,1,Instructed
1118,118,0,0.935740175083826,0.6621969720692368,1,Instructed
1119,119,0,0.5119628936672784,0.6013078732381278,1,Instructed
1120,120,0,0.5052484235765156,0.4975350398708608,1,Instructed
1121,121,0,0.10386743320768527,0.7070152342319493,1,Instructed
1122,122,0,0.5222441550577954,0.562463379606351,1,Instructed
1123,123,0,0.6422850382404207,0.3857371646198264,1,Instructed
1124,124,0,0.4044808409960489,0.4464824358533594,1,Instructed
1125,125,0,0.3828476805380848,0.49538378408718314,1,Instructed
1126,126,0,0.5937672071078715,0.5851283238789557,1,Instructed
1127,127,0,0.5649640027386809,0.4560159021626925,1,Instructed
1128,128,0,0.6162543116650264,0.5887931700396767,1,Instructed
1129,129,0,0.8333165836315749,0.577265454239268,1,Instructed
1130,130,0,0.44807538430662985,0.7706091184944401,1,Instructed
1131,131,0,0.502318499828864,0.8008119794122952,1,Instructed
1132,132,0,0.3642963748464961,0.558825247011292,1,Instructed
1133,133,0,0.3360019486128799,1.4454983379011377,1,Instructed
1134,134,0,0.9990592255706292,0.6268371264589554,1,Instructed
1135,135,0,0.9983864740692492,0.8690643185927469,1,Instructed
1136,136,0,0.4886117425209212,0.831470832337288,1,Instructed
1137,137,0,0.6547825786607274,0.5129812620620822,1,Instructed
1138,138,0,0.9003503791714504,0.5901954047684617,1,Instructed
1139,139,0,0.04668931669405206,0.5404971900972559,1,Instructed
1140,140,0,0.5249864750738881,0.511275360928159,1,Instructed
1141,141,0,0.1689026862661151,0.763299932892767,1,Instructed
1142,142,0,0.3095697097580902,0.8137513501625199,1,Instructed
1143,143,0,0.09038088429299815,0.5942656430798294,1,Instructed
1144,144,0,0.36207745459282026,0.8300583708779931,1,Instructed
1145,145,0,0.48917378880573653,0.7427339047616632,1,Instructed
1146,146,0,0.9536095056069152,0.6217731764430493,1,Instructed
1147,147,0,0.9445258968221555,0.5571521519296705,1,Instructed
1148,148,0,0.9440061186049985,0.47803537078936875,1,Instructed
1149,149,0,0.4960448528994871,0.5803065799351167,1,Instructed
1150,150,0,0.2447374992228473,0.6136945618962764,1,Instructed
1151,151,0,0.3192574906130729,0.9532200352964089,1,Instructed
1152,152,0,0.468306770863313,0.6382146420960262,1,Instructed
1153,153,0,0.44807129634545106,0.713304560212711,1,Instructed
1154,154,0,0.5080984809477163,0.6321756982213985,1,Instructed
1155,155,0,0.634473365190227,0.4558445460313165,1,Instructed
1156,156,0,0.4309720910588698,0.7120241188958221,1,Instructed
1157,157,0,0.8487354817936074,0.7569447772254507,1,Instructed
1158,158,0,0.19780398772639038,0.700045945191603,1,Instructed
1159,159,0,0.34288736268068537,0.4892128164491726,1,Instructed
1160,160,0,0.6965097328349362,2.2722703695913067,1,Instructed
1161,161,0,0.3386061810557001,0.6605318169847356,1,Instructed
1162,162,0,0.8629388078373355,0.5794619870737967,1,Instructed
1163,163,0,0.6085399734320649,0.6137440628414232,1,Instructed
1164,164,0,0.6056714184480883,0.7034946391313519,1,Instructed
1165,165,0,0.6553345784521073,0.7453956973129454,1,Instructed
1166,166,0,0.36773851971290034,0.44001489859262943,1,Instructed
1167,167,0,0.06272085600101271,0.8379463030699739,1,Instructed
1168,168,0,0.4186882791704198,0.7796834726754651,1,Instructed
1169,169,0,0.8694107879580034,0.5615233008534,1,Instructed
1170,170,0,0.6602792758526392,0.8680726935777004,1,Instructed
1171,171,0,0.3989414995265612,0.5912441544214735,1,Instructed
1172,172,0,0.048274961006135625,0.6457731106164619,1,Instructed
1173,173,0,0.7554180795369791,0.5035926194210734,1,Instructed
1174,174,0,0.6086503009322831,0.9060521524014088,1,Instructed
1175,175,0,0.03853721946499072,0.5191430818468503,1,Instructed
1176,176,0,0.08105703195714338,0.5723100700461126,1,Instructed
1177,177,0,0.6858652437589026,0.3419702180930194,1,Instructed
1178,178,0,0.18502646888873536,0.6342463878733531,1,Instructed
1179,179,0,0.7650881790024215,0.3413195689979554,1,Instructed
1180,180,0,0.5350489435683082,0.5174217933802041,1,Instructed
1181,181,0,0.3826146098816576,0.4819953099874789,1,Instructed
1182,182,0,0.03316555781281944,0.7744346703525861,1,Instructed
1183,183,0,0.14691925316815432,0.6100878399297844,1,Instructed
1184,184,0,0.30242040144445714,0.6935404020101059,1,Instructed
1185,185,0,0.06401055711498387,0.8477341037048193,1,Instructed
1186,186,0,0.49453320237970577,0.822337033291513,1,Instructed
1187,187,0,0.6863186815953044,0.482726338381113,1,Instructed
1188,188,0,0.5212143832505707,0.6185803033184023,1,Instructed
1189,189,0,0.5988774247619812,0.7075986862015506,1,Instructed
1190,190,0,0.5766269692211,0.5647621166257045,1,Instructed
1191,191,0,0.8912000493125303,0.7941486956295285,1,Instructed
1192,192,0,0.8921460800290371,0.5158179113298947,1,Instructed
1193,193,0,0.3543210746887179,0.6603582715662806,1,Instructed
1194,194,0,0.2957185834110109,0.5858687857684807,1,Instructed
1195,195,0,0.35063865525466,0.6250274860988538,1,Instructed
1196,196,0,0.4364398582839283,0.8039117915334701,1,Instructed
1197,197,0,0.5992476758105589,0.8213150802944171,1,Instructed
1198,198,0,0.48046013698321294,0.7187536247693176,1,Instructed
1199,199,0,0.43353602342291414,0.633316866993334,1,Instructed
