,t,e_hat,Accuracy,pe,batch,Condition
0,0,0,0.4178219145013381,0.7758339885773236,0,Blocked
1,1,0,0.6982874183613206,0.6895832330478473,0,Blocked
2,2,0,0.6742448901740122,0.555903278832484,0,Blocked
3,3,0,0.3322545089052523,0.45440750798596763,0,Blocked
4,4,0,0.9119894716395445,0.6271907267725306,0,Blocked
5,5,0,0.4277585242113807,0.592672712365788,0,Blocked
6,6,0,0.6295054436776707,0.6022404277483753,0,Blocked
7,7,0,0.8171771449063251,0.49798936648622716,0,Blocked
8,8,0,0.5901521539910468,0.4341342217657734,0,Blocked
9,9,0,0.6252205605077382,0.511889104226134,0,Blocked
10,10,0,0.7926829773499662,0.5066552336819485,0,Blocked
11,11,0,0.36798685843300416,0.5146082771321264,0,Blocked
12,12,0,0.39424325936320803,0.5655670241730968,0,Blocked
13,13,0,0.3232735669845898,0.6081952807277289,0,Blocked
14,14,0,0.5984269712474518,0.4833097913275587,0,Blocked
15,15,0,0.6465806510596055,0.381254497977387,0,Blocked
16,16,0,0.6330961660598518,0.5025825077847718,0,Blocked
17,17,0,0.9549248313846341,0.5385137872884546,0,Blocked
18,18,0,0.20257127916070722,0.5883100413289457,0,Blocked
19,19,0,0.9991754531612591,0.5292945690971449,0,Blocked
20,20,0,0.7369321908009592,0.5010063433287962,0,Blocked
21,21,0,0.5110423017989408,0.4248739542779836,0,Blocked
22,22,0,0.5439039332147708,0.42936051906399697,0,Blocked
23,23,0,0.7988958029937168,0.46120866219084194,0,Blocked
24,24,0,0.9193312475063806,0.5998249851098393,0,Blocked
25,25,0,0.6169409345149317,0.3514063291048214,0,Blocked
26,26,0,0.9961413868089848,0.5808288474253056,0,Blocked
27,27,0,0.1934356823239323,0.4622095867452684,0,Blocked
28,28,0,0.8590596263046433,0.33371489902384144,0,Blocked
29,29,0,0.9552117352989868,0.4117401074123046,0,Blocked
30,30,0,0.09198129248327655,0.6412750565814817,0,Blocked
31,31,0,0.7069698707276821,0.3993233099673924,0,Blocked
32,32,0,0.5424254752579041,0.5148806554891446,0,Blocked
33,33,0,0.8616668805928133,0.5256215872647766,0,Blocked
34,34,0,0.9983706914472507,0.986357632191511,0,Blocked
35,35,0,0.9852042064278745,0.39618843746695387,0,Blocked
36,36,0,0.706686598246391,0.46040018894632184,0,Blocked
37,37,0,0.975050137611935,0.33651676427135124,0,Blocked
38,38,0,0.99531322425385,0.3509580145145488,0,Blocked
39,39,0,0.9687862619088592,0.4253108657702446,0,Blocked
40,40,0,0.5220064150447296,0.6181968641527081,0,Blocked
41,41,0,0.4436518096379473,0.6902092105104511,0,Blocked
42,42,0,0.9399168952073667,0.3889253318009758,0,Blocked
43,43,0,0.09906303923404368,0.8151647572799343,0,Blocked
44,44,0,0.5687446307459539,0.5022005601141752,0,Blocked
45,45,0,0.6797104357518842,0.4643118887151021,0,Blocked
46,46,0,0.5818065171163328,0.43604628300706993,0,Blocked
47,47,0,0.26927213519301424,0.6042508019516073,0,Blocked
48,48,0,0.7575784652253494,0.4812203967341059,0,Blocked
49,49,0,0.4737961039046581,0.5149010416669416,0,Blocked
50,50,0,0.7526145721270427,0.5831965527588329,0,Blocked
51,51,0,0.826953746664987,0.49292760985487205,0,Blocked
52,52,0,0.909227552564854,0.40083228866529186,0,Blocked
53,53,0,0.8476589940056123,0.6031969441756546,0,Blocked
54,54,0,0.7413382509510091,0.468411730079985,0,Blocked
55,55,0,0.6079524211493813,0.46773087199117513,0,Blocked
56,56,0,0.7094248103393836,0.5137759838316551,0,Blocked
57,57,0,0.6348281029569284,0.5226812193540533,0,Blocked
58,58,0,0.7932070833464695,0.40980243093945695,0,Blocked
59,59,0,0.9357889154289261,0.38706240928245067,0,Blocked
60,60,0,0.9746662277382587,0.4094340084411707,0,Blocked
61,61,0,0.9507475588560184,0.3484169547846622,0,Blocked
62,62,0,0.9190631014236235,0.45529467704052873,0,Blocked
63,63,0,0.947451086469668,0.5940690918526113,0,Blocked
64,64,0,0.9584448944603717,0.2787195612288025,0,Blocked
65,65,0,0.6282811072436965,0.4811225606497957,0,Blocked
66,66,0,0.9972343160575201,0.5016695935592066,0,Blocked
67,67,0,0.939156583475208,0.3433592260902545,0,Blocked
68,68,0,0.9450633986125059,0.352306205500025,0,Blocked
69,69,0,0.1743730043836253,0.49418890561260825,0,Blocked
70,70,0,0.8005298729010202,0.5601634657680183,0,Blocked
71,71,0,0.9149378632732729,0.4033519574050307,0,Blocked
72,72,0,0.4148826480934625,0.6161945512537133,0,Blocked
73,73,0,0.47862264162734547,0.4503797092898133,0,Blocked
74,74,0,0.5017601126907586,0.4839945351137854,0,Blocked
75,75,0,0.9256347827963651,0.36355781240784835,0,Blocked
76,76,0,0.9989965033246089,0.6018494142008997,0,Blocked
77,77,0,0.9905379367953593,0.4958863565570412,0,Blocked
78,78,0,0.9244409253590301,0.4837666884356622,0,Blocked
79,79,0,0.6270589866546495,0.39470847725135727,0,Blocked
80,80,0,0.03768060717651545,0.4637995308796644,0,Blocked
81,81,0,0.6254377276194952,0.38720121040576905,0,Blocked
82,82,0,0.8394594987820931,0.519062598506157,0,Blocked
83,83,0,0.718980593394111,0.4704249747768684,0,Blocked
84,84,0,0.11507215942284912,0.48772577328490235,0,Blocked
85,85,0,0.9806167008112856,0.346353320620747,0,Blocked
86,86,0,0.8546550185693793,0.454753890957624,0,Blocked
87,87,0,0.5099123296629238,0.49430377228213224,0,Blocked
88,88,0,0.7261429540663658,0.4171605667888467,0,Blocked
89,89,0,0.9012959883849752,0.3325650806778643,0,Blocked
90,90,0,0.8925004807114164,0.38083043659082916,0,Blocked
91,91,0,0.5060714764855282,0.4908028649365682,0,Blocked
92,92,0,0.9839001228755546,0.3734051863453678,0,Blocked
93,93,0,0.6351320366488487,0.4124967333390224,0,Blocked
94,94,0,0.6128544276589121,0.34178720082786973,0,Blocked
95,95,0,0.9987781427558595,0.4482280699120085,0,Blocked
96,96,0,0.9031626212970274,0.47193864255693624,0,Blocked
97,97,0,0.9388509249366674,0.43907467506308373,0,Blocked
98,98,0,0.8385884140943793,0.3970513096365591,0,Blocked
99,99,0,0.9925796167579974,0.635336725321783,0,Blocked
100,100,0,0.99540937792363,0.39274499920566874,0,Blocked
101,101,0,0.9976043504073745,0.5636552974143478,0,Blocked
102,102,0,0.9133262874663963,0.3988440421391196,0,Blocked
103,103,0,0.5194149441392273,0.4414840769354786,0,Blocked
104,104,0,0.7478266195419878,0.2672538489384261,0,Blocked
105,105,0,0.989265189628005,0.3331564891022309,0,Blocked
106,106,0,0.9639221298353355,0.41230279622971244,0,Blocked
107,107,0,0.6749827191494283,0.3780040143924189,0,Blocked
108,108,0,0.42631080234473034,0.41850868238913275,0,Blocked
109,109,0,0.645337143742875,0.5050867507375328,0,Blocked
110,110,0,0.4249010849278625,0.50607134400137,0,Blocked
111,111,0,0.962723872292764,0.5022298680148749,0,Blocked
112,112,0,0.3495253669424649,0.5420056014952022,0,Blocked
113,113,0,0.99971950033419,0.39216213558660595,0,Blocked
114,114,0,0.7755095003213507,0.32463760355380467,0,Blocked
115,115,0,0.9988496632532027,0.4021369015564823,0,Blocked
116,116,0,0.9811740266663606,0.7284920215080154,0,Blocked
117,117,0,0.9944190800981983,0.4114755771142271,0,Blocked
118,118,0,0.8034882440330466,0.3908775741429943,0,Blocked
119,119,0,0.980178065736691,0.5398692135911661,0,Blocked
120,120,0,0.4742177442929174,0.5636008691637469,0,Blocked
121,121,0,0.16273056817373166,0.4737169425912093,0,Blocked
122,122,0,0.5056424177683295,0.3694516011468272,0,Blocked
123,123,0,0.42173244795334724,0.44041139310761607,0,Blocked
124,124,0,0.487406767592332,0.5492460078070641,0,Blocked
125,125,0,0.6386045753635057,0.45583265967475906,0,Blocked
126,126,0,0.641555952121791,0.541869413734704,0,Blocked
127,127,0,0.7075138219884043,0.585734882723641,0,Blocked
128,128,0,0.3290115387516557,0.33225239579606736,0,Blocked
129,129,0,0.34528691530650363,0.5392660695733869,0,Blocked
130,130,0,0.7002886477474756,0.5148646398911725,0,Blocked
131,131,0,0.6042485692581666,0.5162055979597583,0,Blocked
132,132,0,0.7629138937437092,0.674067610456016,0,Blocked
133,133,0,0.9726433577668767,0.5223843780352292,0,Blocked
134,134,0,0.9583304167269259,0.35490776993273954,0,Blocked
135,135,0,0.9832540856368608,0.42333597261780437,0,Blocked
136,136,0,0.6021307114039338,0.35871146010391614,0,Blocked
137,137,0,0.9271863855500687,0.43064271075941474,0,Blocked
138,138,0,0.7311489613668707,0.35307780741757305,0,Blocked
139,139,0,0.9664436859906216,0.4776077107207265,0,Blocked
140,140,0,0.812955573401923,0.4259297890131243,0,Blocked
141,141,0,0.45724083235038276,0.5993774764092474,0,Blocked
142,142,0,0.7818193981286176,0.33862629868593713,0,Blocked
143,143,0,0.8768457659434671,0.3468561411902332,0,Blocked
144,144,0,0.7022153645234859,0.3633236983928494,0,Blocked
145,145,0,0.851901330029319,0.4745049442858305,0,Blocked
146,146,0,0.9729661240854878,0.3893329060487416,0,Blocked
147,147,0,0.9839864730726358,0.30737975372177806,0,Blocked
148,148,0,0.8656051922676672,0.36706481251938994,0,Blocked
149,149,0,0.9879288542131639,0.3900375846772486,0,Blocked
150,150,0,0.9878880808248565,0.4743093957311641,0,Blocked
151,151,0,0.9844775382891009,0.21182377636068112,0,Blocked
152,152,0,0.43947748824984206,0.4261308078107186,0,Blocked
153,153,0,0.7386304108724377,0.3727966227594103,0,Blocked
154,154,0,0.8227536808883429,0.35440158722011283,0,Blocked
155,155,0,0.8164499689975853,0.5236942436496501,0,Blocked
156,156,0,0.989356631854898,0.25699243054762033,0,Blocked
157,157,0,0.994453183566046,0.24568705228579193,0,Blocked
158,158,0,0.9928969563647354,0.4899887648424374,0,Blocked
159,159,0,0.6869409900628373,0.3501915975216667,0,Blocked
160,160,0,0.45110053847124804,0.6154498714054546,0,Blocked
161,161,0,0.3474178626936313,0.4579326819672748,0,Blocked
162,162,0,0.7833552221724704,0.5454375390569663,0,Blocked
163,163,0,0.49564972420295805,0.4542688573267689,0,Blocked
164,164,0,0.2082548269814744,0.5965517218808174,0,Blocked
165,165,0,0.5007399969631763,0.4871102832477141,0,Blocked
166,166,0,0.4957491134238723,0.36225062055116897,0,Blocked
167,167,0,0.6589946758332285,0.47839424729578317,0,Blocked
168,168,0,0.6603833926703478,0.337835034647049,0,Blocked
169,169,0,0.6166437115136598,0.4686566284603396,0,Blocked
170,170,0,0.7622304629483077,0.4167422824240352,0,Blocked
171,171,0,0.8047285847454677,0.22744535722322254,0,Blocked
172,172,0,0.5453043787121474,0.4679453256099494,0,Blocked
173,173,0,0.5228349026630853,0.38848828526845663,0,Blocked
174,174,0,0.9111594263133531,0.4698593051956277,0,Blocked
175,175,0,0.42831339669712415,0.47736370264044786,0,Blocked
176,176,0,0.9819396121223836,0.29686815803412475,0,Blocked
177,177,0,0.8666242205476885,0.4943047395732568,0,Blocked
178,178,0,0.608252897196633,0.48059822004863784,0,Blocked
179,179,0,0.52350671141753,0.37197070167556623,0,Blocked
180,180,0,0.7759436218594056,0.3151061283947181,0,Blocked
181,181,0,0.8956972568990775,0.47842638926637293,0,Blocked
182,182,0,0.9950740833571678,0.6669329508782802,0,Blocked
183,183,0,0.501350399493813,0.5470109287052887,0,Blocked
184,184,0,0.24185371626803456,0.536781575893947,0,Blocked
185,185,0,0.7047744399996191,0.4244995591725045,0,Blocked
186,186,0,0.3898911329157991,0.6117103839652394,0,Blocked
187,187,0,0.9012777812754236,0.45962676428757765,0,Blocked
188,188,0,0.899677879850993,0.4147267972482761,0,Blocked
189,189,0,0.8901336652303239,0.3368771090708811,0,Blocked
190,190,0,0.5328126728857143,0.4366382614602,0,Blocked
191,191,0,0.8053804441629357,0.32747256775711553,0,Blocked
192,192,0,0.3461102086469675,0.5735286772496024,0,Blocked
193,193,0,0.6869973073059961,0.4349116999847253,0,Blocked
194,194,0,0.5846732310080077,0.6187752639990407,0,Blocked
195,195,0,0.9805936672139786,0.3626254843172369,0,Blocked
196,196,0,0.9000693427288045,0.5303719920404981,0,Blocked
197,197,0,0.49508977438138163,0.4602740660305288,0,Blocked
198,198,0,0.8485636291494238,0.3533413623018812,0,Blocked
199,199,0,0.4593241084372214,0.4795211824240164,0,Blocked
200,0,0,0.7907397004150548,0.6288051716575069,0,Interleaved
201,1,0,0.7617380031826815,0.5002435879205686,0,Interleaved
202,2,0,0.31651016545094757,0.670771614023904,0,Interleaved
203,3,0,0.30022822643382446,0.8375821822883698,0,Interleaved
204,4,0,0.40201455671678377,0.7977880339488654,0,Interleaved
205,5,0,0.4053302025833383,0.8221698964746562,0,Interleaved
206,6,0,0.5064223968808412,0.6852787244627818,0,Interleaved
207,7,0,0.6072501337129133,0.5385453919836736,0,Interleaved
208,8,0,0.5411313025543047,0.48747377645736945,0,Interleaved
209,9,0,0.029222363095463316,0.8142079337033792,0,Interleaved
210,10,0,0.2243706012410679,0.7761870291531843,0,Interleaved
211,11,0,0.28601653117361897,0.34212042566067197,0,Interleaved
212,12,0,0.44879739802440477,0.45438527757620334,0,Interleaved
213,13,0,0.2871949401710759,0.5398022765686405,0,Interleaved
214,14,0,0.7394864425929819,0.4756087765785493,0,Interleaved
215,15,0,0.3625802224133236,0.45801554795283816,0,Interleaved
216,16,0,0.6725431695755837,0.5083963741019194,0,Interleaved
217,17,0,0.822980598553312,0.5507374326861528,0,Interleaved
218,18,0,0.6573548702431048,0.6074782893173739,0,Interleaved
219,19,0,0.4440463379842462,0.5564433150899848,0,Interleaved
220,20,0,0.3422298099935828,0.6095626965145344,0,Interleaved
221,21,0,0.2606768706180951,0.8090116064330404,0,Interleaved
222,22,0,0.5762825281115478,0.40881429619438125,0,Interleaved
223,23,0,0.6571159448817125,0.4189365733638336,0,Interleaved
224,24,0,0.8022550930934834,0.8696477144925037,0,Interleaved
225,25,0,0.5632739295859635,0.4703344059103897,0,Interleaved
226,26,0,0.9167463009376409,0.5148219089913798,0,Interleaved
227,27,0,0.5904239117406898,0.5916702844160548,0,Interleaved
228,28,0,0.20480469958276104,0.7757848596560768,0,Interleaved
229,29,0,0.9555301746424921,0.630852158632655,0,Interleaved
230,30,0,0.48069260236255634,0.5409740970618431,0,Interleaved
231,31,0,0.939109059519327,0.4679256483711528,0,Interleaved
232,32,0,0.4543962202038341,0.4670263316087926,0,Interleaved
233,33,0,0.5687609110962506,0.6561947690103349,0,Interleaved
234,34,0,0.39043248460110286,0.5851549621407228,0,Interleaved
235,35,0,0.30458855879241326,0.41976555515947966,0,Interleaved
236,36,0,0.6188860639427013,0.57472226254971,0,Interleaved
237,37,0,0.011621758768512253,0.6813419780618557,0,Interleaved
238,38,0,0.5260555294408231,0.5600282022479283,0,Interleaved
239,39,0,0.056821738325633656,0.6684529816056424,0,Interleaved
240,40,0,0.6036347335214658,0.4004195027934532,0,Interleaved
241,41,0,0.22887537616933407,0.5396880587728048,0,Interleaved
242,42,0,0.24519761164859658,0.5965349920947746,0,Interleaved
243,43,0,0.4481393108711665,0.553247842537232,0,Interleaved
244,44,0,0.23755700426934562,0.695824607244655,0,Interleaved
245,45,0,0.4519851529309695,0.5357483416559923,0,Interleaved
246,46,0,0.2927284239833456,0.6748281957173882,0,Interleaved
247,47,0,0.252175945611391,0.5212043992815081,0,Interleaved
248,48,0,0.5044299704447945,0.6142910205474386,0,Interleaved
249,49,0,0.9069130299120175,0.5354106198601954,0,Interleaved
250,50,0,0.5177290296593233,0.4524004749827715,0,Interleaved
251,51,0,0.04642147026491291,0.4868189488306335,0,Interleaved
252,52,0,0.5194757036607974,0.4541448076731347,0,Interleaved
253,53,0,0.4004352959017331,0.41930385046065544,0,Interleaved
254,54,0,0.5012848709126019,0.3907309618444966,0,Interleaved
255,55,0,0.8891327470923764,0.3807646738252616,0,Interleaved
256,56,0,0.5209583103921924,0.32377413585625014,0,Interleaved
257,57,0,0.9517874524678236,0.5589326132596082,0,Interleaved
258,58,0,0.5090996167029392,0.518011532682699,0,Interleaved
259,59,0,0.09949393907124243,0.6417939515212538,0,Interleaved
260,60,0,0.5073028095131189,0.585058524552976,0,Interleaved
261,61,0,0.5157020680073616,0.4457255750161474,0,Interleaved
262,62,0,0.39566506668150747,0.502800065385233,0,Interleaved
263,63,0,0.9570341859525204,0.45004608780625827,0,Interleaved
264,64,0,0.4982501832103073,0.7840195968193457,0,Interleaved
265,65,0,0.8716799151602317,0.6608072847013241,0,Interleaved
266,66,0,0.5444319911808564,0.5304877951527653,0,Interleaved
267,67,0,0.20926551799999174,0.6494924130549924,0,Interleaved
268,68,0,0.3890492195185474,0.49672469044568845,0,Interleaved
269,69,0,0.14798280127093544,0.5091444935638472,0,Interleaved
270,70,0,0.619709302624277,0.46541341308044504,0,Interleaved
271,71,0,0.024866393356848867,0.5324598536814971,0,Interleaved
272,72,0,0.5011819237584558,0.5117294653239242,0,Interleaved
273,73,0,0.8623279280400037,0.3908166662839909,0,Interleaved
274,74,0,0.5216202111230439,0.5276885773877127,0,Interleaved
275,75,0,0.6555322073647367,0.4523171296821932,0,Interleaved
276,76,0,0.6547168563868055,0.6545190093848487,0,Interleaved
277,77,0,0.3737588684592639,0.41186644378797715,0,Interleaved
278,78,0,0.2509404588911802,0.4430087387993881,0,Interleaved
279,79,0,0.7014328470238599,0.6005462009218507,0,Interleaved
280,80,0,0.5703967676024913,0.5644360906720425,0,Interleaved
281,81,0,0.8553732442223079,0.43239421588032567,0,Interleaved
282,82,0,0.2773193468379778,0.5947770016281722,0,Interleaved
283,83,0,0.6351092562193152,0.47493939619327197,0,Interleaved
284,84,0,0.4307433001229593,0.451006478527325,0,Interleaved
285,85,0,0.017476984559167776,0.85493636355368,0,Interleaved
286,86,0,0.44299080637644994,0.5723609719080442,0,Interleaved
287,87,0,0.9840375908610794,0.7165384264069689,0,Interleaved
288,88,0,0.32138237827886706,0.6110950682140016,0,Interleaved
289,89,0,0.14872612148215333,0.8611372486838742,0,Interleaved
290,90,0,0.5859758243582318,0.5328443270050905,0,Interleaved
291,91,0,0.627941187505114,0.49307820712822714,0,Interleaved
292,92,0,0.3857379935914134,0.44927708787063636,0,Interleaved
293,93,0,0.7016874427110975,0.29849508538332914,0,Interleaved
294,94,0,0.5506485161528873,0.5909541912571289,0,Interleaved
295,95,0,0.9006654808191371,0.5098847953589379,0,Interleaved
296,96,0,0.5808523484286376,0.3619759792726569,0,Interleaved
297,97,0,0.38985084513816914,0.5301065875432106,0,Interleaved
298,98,0,0.3290468757681316,0.4706581412179933,0,Interleaved
299,99,0,0.03868173209627413,0.6359870289496599,0,Interleaved
300,100,0,0.5868260380911122,0.465284037620803,0,Interleaved
301,101,0,0.5008471509426442,0.5200018757284668,0,Interleaved
302,102,0,0.2791843101788947,0.6281818714896021,0,Interleaved
303,103,0,0.8676437711175423,0.5253959705050788,0,Interleaved
304,104,0,0.5316018722388778,0.5117993278813927,0,Interleaved
305,105,0,0.9880747444909994,0.7826298522499039,0,Interleaved
306,106,0,0.5171634478086394,0.353062898167146,0,Interleaved
307,107,0,0.8224160641391387,0.44695911019718243,0,Interleaved
308,108,0,0.5318820538072103,0.4301287826748481,0,Interleaved
309,109,0,0.9900671351429328,0.3858726151877563,0,Interleaved
310,110,0,0.415994435805245,0.586646581680637,0,Interleaved
311,111,0,0.5798896082982188,0.5036204914099516,0,Interleaved
312,112,0,0.773140913958869,0.3652263135271001,0,Interleaved
313,113,0,0.03885494348848793,0.6540426544741966,0,Interleaved
314,114,0,0.6735031091098054,0.46835066831703065,0,Interleaved
315,115,0,0.22845381597542808,0.6159764581330693,0,Interleaved
316,116,0,0.5174620482476299,0.597282496801341,0,Interleaved
317,117,0,0.6482782030506573,0.623009749153417,0,Interleaved
318,118,0,0.555195510764388,0.4576358018933311,0,Interleaved
319,119,0,0.5333726460550232,0.5879046839507112,0,Interleaved
320,120,0,0.5305996186092498,0.4689310937430875,0,Interleaved
321,121,0,0.9190334869891444,0.42262910407712606,0,Interleaved
322,122,0,0.5123939772244291,0.3376110202146023,0,Interleaved
323,123,0,0.10486872550877435,0.44704753770977657,0,Interleaved
324,124,0,0.46956402995137786,0.5468013999674695,0,Interleaved
325,125,0,0.5022837981473216,0.46900339515167316,0,Interleaved
326,126,0,0.494253377545567,0.44503445686337684,0,Interleaved
327,127,0,0.7108570846113438,0.45003889524444707,0,Interleaved
328,128,0,0.4416785771348224,0.5032783420462812,0,Interleaved
329,129,0,0.5502178342554753,0.5609752308212517,0,Interleaved
330,130,0,0.8378065447052037,0.3676431823248547,0,Interleaved
331,131,0,0.2119808666951873,0.633929585293852,0,Interleaved
332,132,0,0.5985859540975782,0.4566519905788833,0,Interleaved
333,133,0,0.07372888323252255,0.6389947222882739,0,Interleaved
334,134,0,0.5460640780795168,0.6500873522822488,0,Interleaved
335,135,0,0.6510217593662124,0.5979917861735036,0,Interleaved
336,136,0,0.5011346594355348,0.6347869542162194,0,Interleaved
337,137,0,0.9565969196471971,0.5351410403975752,0,Interleaved
338,138,0,0.5053743076174868,0.5720782316987554,0,Interleaved
339,139,0,0.5175015963401632,0.4745279238222954,0,Interleaved
340,140,0,0.4160969513466001,0.5240168099880764,0,Interleaved
341,141,0,0.5927716884505092,0.6965640507811139,0,Interleaved
342,142,0,0.5873346135882812,0.5090300308910558,0,Interleaved
343,143,0,0.23905793358847544,0.420099475536168,0,Interleaved
344,144,0,0.619386827725192,0.3638113234118101,0,Interleaved
345,145,0,0.24561840151921163,0.5491493107556699,0,Interleaved
346,146,0,0.550490092303012,0.4541902055447326,0,Interleaved
347,147,0,0.7613913134759371,0.2695847772674315,0,Interleaved
348,148,0,0.6876316262145477,0.4515163514572902,0,Interleaved
349,149,0,0.5085959746125184,0.3818436762725175,0,Interleaved
350,150,0,0.8549796733730778,0.39763068916651045,0,Interleaved
351,151,0,0.3839995989167128,0.6765542844975233,0,Interleaved
352,152,0,0.5870554850858046,0.44459733556180936,0,Interleaved
353,153,0,0.8660538690219486,0.45698450485729225,0,Interleaved
354,154,0,0.509688985496312,0.4970307576012628,0,Interleaved
355,155,0,0.4910687330521696,0.5923631578598105,0,Interleaved
356,156,0,0.8223336297887305,0.47137150620056656,0,Interleaved
357,157,0,0.44923487840172127,0.459183260872004,0,Interleaved
358,158,0,0.8987665574445776,0.605226779767907,0,Interleaved
359,159,0,0.5090086898895924,0.39061902963415945,0,Interleaved
360,160,0,0.6775840519623957,0.5269518632798176,0,Interleaved
361,161,0,0.6340609572549321,0.5328405431421771,0,Interleaved
362,162,0,0.9015420057759111,0.43774020134096325,0,Interleaved
363,163,0,0.6411281950389783,0.4502519290634182,0,Interleaved
364,164,0,0.8937921576625674,0.41851543683411785,0,Interleaved
365,165,0,0.5939514694329777,0.4904497821747958,0,Interleaved
366,166,0,0.6507272871517872,0.48464173615787265,0,Interleaved
367,167,0,0.1150434294059374,0.6461136863274213,0,Interleaved
368,168,0,0.5844527827712522,0.46844219874179405,0,Interleaved
369,169,0,0.5678138882649904,0.40040622994733577,0,Interleaved
370,170,0,0.9930139236944512,0.6549623088510372,0,Interleaved
371,171,0,0.9286119271724647,0.4583141327538006,0,Interleaved
372,172,0,0.9398336832292624,0.383118911750749,0,Interleaved
373,173,0,0.8955941106960608,0.41184768918989667,0,Interleaved
374,174,0,0.7683170764316696,0.47320966035903994,0,Interleaved
375,175,0,0.43220045859607675,0.4915368414828588,0,Interleaved
376,176,0,0.31322597422532694,0.6251862300318244,0,Interleaved
377,177,0,0.14839861390789516,0.589114632242502,0,Interleaved
378,178,0,0.5251562960801955,0.37558501157747626,0,Interleaved
379,179,0,0.9842660510416088,0.440861440710566,0,Interleaved
380,180,0,0.8747069248131367,0.5788627736514846,0,Interleaved
381,181,0,0.5749555101709269,0.44414477207300473,0,Interleaved
382,182,0,0.9333665695312305,0.5657134471558287,0,Interleaved
383,183,0,0.9948870817171692,0.43125364196049043,0,Interleaved
384,184,0,0.5148754280766757,0.575034470019352,0,Interleaved
385,185,0,0.1623764900413015,0.6692576616204828,0,Interleaved
386,186,0,0.5703273997913697,0.4803347887136004,0,Interleaved
387,187,0,0.49567052247518895,0.5140392557825544,0,Interleaved
388,188,0,0.5257804536819956,0.618648786696359,0,Interleaved
389,189,0,0.6937036874291095,0.5266069005010969,0,Interleaved
390,190,0,0.7699164452414503,0.49435078908238866,0,Interleaved
391,191,0,0.739708150443976,0.28396563682714704,0,Interleaved
392,192,0,0.8620710078751745,0.3308209950325742,0,Interleaved
393,193,0,0.5375381576195019,0.5531961806946736,0,Interleaved
394,194,0,0.8868871986665985,0.46957577036721976,0,Interleaved
395,195,0,0.8043895646558223,0.29642019243033946,0,Interleaved
396,196,0,0.5042595731219085,0.48843220355415107,0,Interleaved
397,197,0,0.5222460075766236,0.3934718012501777,0,Interleaved
398,198,0,0.4767086613483694,0.39528027745566496,0,Interleaved
399,199,0,0.7347378613084772,0.40829428550272717,0,Interleaved
400,0,0,0.46502494029472363,0.6680447627409012,0,Instructed
401,1,0,0.5200030107463474,1.1539219860809908,0,Instructed
402,2,0,0.29152871677379155,1.126022769999301,0,Instructed
403,3,0,0.32540904313322594,0.778434448537082,0,Instructed
404,4,0,0.5028450073731796,0.9125124084712524,0,Instructed
405,5,0,0.9890828007239573,0.7326238867854897,0,Instructed
406,6,0,0.6337665457679322,0.5951763439484349,0,Instructed
407,7,0,0.5463635276758108,0.618847394272048,0,Instructed
408,8,0,0.20884879959342156,0.5220173479201667,0,Instructed
409,9,0,0.4801242197824291,0.682842361212255,0,Instructed
410,10,0,0.5641575519850132,0.6653652119817002,0,Instructed
411,11,0,0.8067878468816894,0.37512997923277247,0,Instructed
412,12,0,0.12038237488292629,0.5488817646262032,0,Instructed
413,13,0,0.25610679715936946,0.5271469411055243,0,Instructed
414,14,0,0.3411885351547676,0.516430134291161,0,Instructed
415,15,0,0.5586708447778662,0.4324242283703352,0,Instructed
416,16,0,0.979487761170527,0.48363607108622686,0,Instructed
417,17,0,0.530938341663988,0.6762740863651705,0,Instructed
418,18,0,0.9747175160940582,0.4118202954509088,0,Instructed
419,19,0,0.5671128080304713,0.5052186462824875,0,Instructed
420,20,0,0.03284504930807881,0.4974140848766708,0,Instructed
421,21,0,0.5012163988227829,0.6579702367571689,0,Instructed
422,22,0,0.4305342749676748,0.3501851089285565,0,Instructed
423,23,0,0.6485840780481091,0.4910499130427352,0,Instructed
424,24,0,0.19827002232134344,0.41468176601304035,0,Instructed
425,25,0,0.485382836922637,0.6948611328290244,0,Instructed
426,26,0,0.8138483581631513,0.283716121649501,0,Instructed
427,27,0,0.38642829696748243,0.5923290338001934,0,Instructed
428,28,0,0.8941662936043966,0.3178787846770726,0,Instructed
429,29,0,0.8730626190264591,0.4047289625290241,0,Instructed
430,30,0,0.016538971487607496,0.5076710672947103,0,Instructed
431,31,0,0.9699581803655803,0.5092530171607924,0,Instructed
432,32,0,0.5781675993738074,0.4703076844938465,0,Instructed
433,33,0,0.5031508959172438,0.5773226894727124,0,Instructed
434,34,0,0.5153764413608534,0.5256875228302995,0,Instructed
435,35,0,0.2664504107407314,0.33080453932275683,0,Instructed
436,36,0,0.6193233508065055,0.39348898091800977,0,Instructed
437,37,0,0.6471433785947812,0.5297608579455475,0,Instructed
438,38,0,0.3997319881390995,0.41980968074088665,0,Instructed
439,39,0,0.2155584483881587,0.37991385325345467,0,Instructed
440,40,0,0.637591442168318,0.394368289067075,0,Instructed
441,41,0,0.6573061599837702,0.4228147536505513,0,Instructed
442,42,0,0.9864857591595706,0.42927925782919873,0,Instructed
443,43,0,0.5412229183336272,0.6809913960411889,0,Instructed
444,44,0,0.611913593392851,0.48071205094436276,0,Instructed
445,45,0,0.4803236651443956,0.35629704643525856,0,Instructed
446,46,0,0.032751245481131716,0.4850314148786299,0,Instructed
447,47,0,0.41762036225120475,0.5363342560009932,0,Instructed
448,48,0,0.5695125051415276,0.43477228740762824,0,Instructed
449,49,0,0.2911678263265595,0.5071575555292855,0,Instructed
450,50,0,0.7146151034536691,0.4208517978365443,0,Instructed
451,51,0,0.5712617242297874,0.5285080214432101,0,Instructed
452,52,0,0.8074069896524125,0.39013807752836627,0,Instructed
453,53,0,0.8818483433387039,0.4501007944266123,0,Instructed
454,54,0,0.11872045775704167,0.7170838717340188,0,Instructed
455,55,0,0.8364688144110854,0.4442686246482347,0,Instructed
456,56,0,0.6136367029822707,0.3609793162180951,0,Instructed
457,57,0,0.2761150117952428,0.43918658920991316,0,Instructed
458,58,0,0.12310149903414369,0.44997628150550717,0,Instructed
459,59,0,0.8493073291196462,0.5343654159752993,0,Instructed
460,60,0,0.20790230725612602,0.6174638517372726,0,Instructed
461,61,0,0.37910479858331814,0.6705727373253292,0,Instructed
462,62,0,0.0646326626619576,0.4029404534519918,0,Instructed
463,63,0,0.967032123603678,0.5686138698325648,0,Instructed
464,64,0,0.2836134746296258,0.49983419431310827,0,Instructed
465,65,0,0.49477815910634604,0.47535576363369747,0,Instructed
466,66,0,0.6345398681418407,0.4436169346165174,0,Instructed
467,67,0,0.7731958030939554,0.4131392413093907,0,Instructed
468,68,0,0.5164322899308618,0.6463087327237773,0,Instructed
469,69,0,0.5384304362874271,0.46326156368205573,0,Instructed
470,70,0,0.8645500975005711,0.5914304082585893,0,Instructed
471,71,0,0.16006693232179922,0.41838426816872376,0,Instructed
472,72,0,0.24570184754173996,0.6811012327616663,0,Instructed
473,73,0,0.4788058731674725,0.3527216896027147,0,Instructed
474,74,0,0.30268248912470547,0.41907894393000633,0,Instructed
475,75,0,0.5067825020466625,0.4114426935976754,0,Instructed
476,76,0,0.37283865977561953,0.42722040238919967,0,Instructed
477,77,0,0.6744741765292877,0.5101034296663665,0,Instructed
478,78,0,0.0824747064821834,0.6348665750473061,0,Instructed
479,79,0,0.42133986819703895,0.6212705632272149,0,Instructed
480,80,0,0.873521404722089,0.3878945596715891,0,Instructed
481,81,0,0.3328350046074633,0.5405191431644301,0,Instructed
482,82,0,0.5780897591223986,0.4311720245831611,0,Instructed
483,83,0,0.6846719399070484,0.5222707079404603,0,Instructed
484,84,0,0.7685485232236648,0.4100482451221489,0,Instructed
485,85,0,0.6050209747966053,0.5503503689024581,0,Instructed
486,86,0,0.48225575034012574,0.49984850444620066,0,Instructed
487,87,0,0.8909321546197904,0.5058918586959131,0,Instructed
488,88,0,0.9758118326313807,0.4728457917146638,0,Instructed
489,89,0,0.5425399355167017,0.4034645986331725,0,Instructed
490,90,0,0.4839176201266431,0.44990239125766834,0,Instructed
491,91,0,0.9854969111659336,0.4821417110103108,0,Instructed
492,92,0,0.23693951210113431,0.32161179061087863,0,Instructed
493,93,0,0.3762926821742439,0.41281057718031355,0,Instructed
494,94,0,0.5597006437962693,0.367512596963444,0,Instructed
495,95,0,0.8236102622270015,0.412645039788438,0,Instructed
496,96,0,0.06354877736153224,0.6135796200838817,0,Instructed
497,97,0,0.46956847003313273,0.5735952322318976,0,Instructed
498,98,0,0.5082048282075082,0.40532925224459104,0,Instructed
499,99,0,0.5724338593373567,0.7521216882422843,0,Instructed
500,100,0,0.6357753780229475,0.3657317401381184,0,Instructed
501,101,0,0.0510529703904526,0.6880462794664962,0,Instructed
502,102,0,0.8768845906433521,0.2360116631792949,0,Instructed
503,103,0,0.11594152405957785,0.5881964901662098,0,Instructed
504,104,0,0.6956673323612261,0.36988254081519023,0,Instructed
505,105,0,0.9202169461560283,0.4650585540824801,0,Instructed
506,106,0,0.3399814573049468,0.43701579085990194,0,Instructed
507,107,0,0.4045887107500996,0.3547224721356494,0,Instructed
508,108,0,0.5053308137900429,0.42836270802652354,0,Instructed
509,109,0,0.6749960841156972,0.3541877258046376,0,Instructed
510,110,0,0.7175876640031551,0.3383529849677851,0,Instructed
511,111,0,0.5849297648732983,0.3628038029300751,0,Instructed
512,112,0,0.7814035906738865,0.3975755174081357,0,Instructed
513,113,0,0.5713798734702189,0.3529629009155629,0,Instructed
514,114,0,0.964873844908047,0.3197262513343395,0,Instructed
515,115,0,0.2666206684456912,0.5210741575740678,0,Instructed
516,116,0,0.009791653020375731,0.7291971504373664,0,Instructed
517,117,0,0.49859422728178626,0.3562375089630937,0,Instructed
518,118,0,0.9475355265339378,0.3710991633846579,0,Instructed
519,119,0,0.22445481654764016,0.4933992713632512,0,Instructed
520,120,0,0.6156484646910869,0.3792513302250111,0,Instructed
521,121,0,0.32655608747164794,0.5005185036509383,0,Instructed
522,122,0,0.906943638872955,0.4328205649280934,0,Instructed
523,123,0,0.42413519529885424,0.44090598629577993,0,Instructed
524,124,0,0.0391703648729997,0.4388734924716817,0,Instructed
525,125,0,0.6347978361314549,0.6043411567939839,0,Instructed
526,126,0,0.863867612859943,0.4022885543424904,0,Instructed
527,127,0,0.5712520413651796,0.7047797862384996,0,Instructed
528,128,0,0.2644096432543151,0.35167394178853495,0,Instructed
529,129,0,0.8692664264916914,0.47164174160762673,0,Instructed
530,130,0,0.22042926218449516,0.49734899219882167,0,Instructed
531,131,0,0.41232439437987595,0.4584156482020846,0,Instructed
532,132,0,0.027874540999441314,0.630485987504749,0,Instructed
533,133,0,0.672010281970001,0.6382874718766944,0,Instructed
534,134,0,0.0694663807871844,0.7011330255707633,0,Instructed
535,135,0,0.4843621328555107,0.5086440286389815,0,Instructed
536,136,0,0.05277312155741461,0.44659736135855804,0,Instructed
537,137,0,0.43989302461268986,0.3406454781346205,0,Instructed
538,138,0,0.5130887646598529,0.5416507896666787,0,Instructed
539,139,0,0.7761379152247789,0.32660403008269834,0,Instructed
540,140,0,0.9195833560237574,0.5956192138508005,0,Instructed
541,141,0,0.6461950351999433,0.455480360561229,0,Instructed
542,142,0,0.39168617842351544,0.45198163044576156,0,Instructed
543,143,0,0.2510164422051244,0.572787448096387,0,Instructed
544,144,0,0.43929690452111436,0.3234728685813697,0,Instructed
545,145,0,0.5290188130462824,0.5459817404941522,0,Instructed
546,146,0,0.6586046563081149,0.3337306004769806,0,Instructed
547,147,0,0.5610158023673653,0.40146260267886846,0,Instructed
548,148,0,0.9802999938143425,0.5114225865580375,0,Instructed
549,149,0,0.573884546360128,0.4488068897390091,0,Instructed
550,150,0,0.8664962943420362,0.47316887303741234,0,Instructed
551,151,0,0.5782061165432565,0.3397175577940096,0,Instructed
552,152,0,0.05865356789522937,0.5235561527031558,0,Instructed
553,153,0,0.3768003083569929,0.47522728034900685,0,Instructed
554,154,0,0.9024695691871263,0.49514683701532713,0,Instructed
555,155,0,0.3680592663356625,0.463585762513444,0,Instructed
556,156,0,0.5005250079582327,0.4005475128389493,0,Instructed
557,157,0,0.635209244893432,0.5301683364413032,0,Instructed
558,158,0,0.21661185539431188,0.623092101370463,0,Instructed
559,159,0,0.870985644601721,0.36454175896702684,0,Instructed
560,160,0,0.1200570909990554,0.7264317282930348,0,Instructed
561,161,0,0.619618582520764,0.627133181369092,0,Instructed
562,162,0,0.4836633424006079,0.3229760202716254,0,Instructed
563,163,0,0.7880873931538455,0.4810871521656754,0,Instructed
564,164,0,0.581883885618707,0.31824471997428366,0,Instructed
565,165,0,0.5250336560164593,0.31185519075860846,0,Instructed
566,166,0,0.26629055826883385,0.5731848500482051,0,Instructed
567,167,0,0.3363570566670101,0.50018948687596,0,Instructed
568,168,0,0.709886285286751,0.4024641615916479,0,Instructed
569,169,0,0.22258538028553898,0.46383570657549134,0,Instructed
570,170,0,0.4211308278338952,0.5575066977812404,0,Instructed
571,171,0,0.3292469765793158,0.5880162429504395,0,Instructed
572,172,0,0.5156070266148545,0.4242423957638989,0,Instructed
573,173,0,0.8339305363459641,0.34017616492503666,0,Instructed
574,174,0,0.6262995308992083,0.43315734571778375,0,Instructed
575,175,0,0.6177312327694412,0.5522887435316082,0,Instructed
576,176,0,0.8014766495416086,0.33130471979231724,0,Instructed
577,177,0,0.5465266322031654,0.5130003368606216,0,Instructed
578,178,0,0.6497219797601794,0.32634729491324443,0,Instructed
579,179,0,0.8562146027995643,0.4543216274803405,0,Instructed
580,180,0,0.507036721111225,0.3846524432982972,0,Instructed
581,181,0,0.8517402404695887,0.35232675290146176,0,Instructed
582,182,0,0.42253918190552564,0.5320545874194977,0,Instructed
583,183,0,0.5079217067724997,0.3445528218973823,0,Instructed
584,184,0,0.4426739616043125,0.3080496364525851,0,Instructed
585,185,0,0.21008124680845244,0.417288963050204,0,Instructed
586,186,0,0.29414922049132136,0.4825721224919406,0,Instructed
587,187,0,0.42377127015653515,0.2960302558784007,0,Instructed
588,188,0,0.29879488357017625,0.5159998965033057,0,Instructed
589,189,0,0.46731049582430473,0.29499227400887873,0,Instructed
590,190,0,0.4547263084214425,0.5696904438468487,0,Instructed
591,191,0,0.9577230240725563,0.48796108087188395,0,Instructed
592,192,0,0.7190611221608282,0.5321285796229156,0,Instructed
593,193,0,0.010363330317603062,0.43499494037165776,0,Instructed
594,194,0,0.6188446404142823,0.6480370579560135,0,Instructed
595,195,0,0.6911085702851094,0.3392960058266968,0,Instructed
596,196,0,0.6926519203921866,0.47202964529682645,0,Instructed
597,197,0,0.32854362495497236,0.3454443910381268,0,Instructed
598,198,0,0.1063035596216356,0.5302160037407683,0,Instructed
599,199,0,0.4691693369833341,0.39231107812790955,0,Instructed
600,0,0,0.020408556912463474,1.031813139746841,1,Blocked
601,1,0,0.8642852832652935,0.6226012886863039,1,Blocked
602,2,0,0.2552441110336464,0.5710773405002489,1,Blocked
603,3,0,0.5577067356455571,0.6262371269737939,1,Blocked
604,4,0,0.16470603433358766,0.5712137779857944,1,Blocked
605,5,0,0.6843605218478912,0.5537587471153779,1,Blocked
606,6,0,0.4980864853971253,0.47706450243542464,1,Blocked
607,7,0,0.5497543920571082,0.6904588769344617,1,Blocked
608,8,0,0.24690990734027382,0.8071395137710037,1,Blocked
609,9,0,0.8321512655942145,0.5418693954789482,1,Blocked
610,10,0,0.09122565800003776,0.746565624638102,1,Blocked
611,11,0,0.7277145955606557,0.3663614736312608,1,Blocked
612,12,0,0.5196195602100627,0.5042241522936001,1,Blocked
613,13,0,0.2973590823496163,0.5574985696051715,1,Blocked
614,14,0,0.514685471164084,0.6531302982825566,1,Blocked
615,15,0,0.6762487969334172,0.6906271173894629,1,Blocked
616,16,0,0.6131407209073613,0.49959727375369056,1,Blocked
617,17,0,0.38309974119274554,0.6636057776057284,1,Blocked
618,18,0,0.7999900798002605,0.47194596973902914,1,Blocked
619,19,0,0.47795962706031075,0.30484920488917605,1,Blocked
620,20,0,0.7982211008140228,0.542569152798666,1,Blocked
621,21,0,0.3785286517679458,0.5266979018172762,1,Blocked
622,22,0,0.5581560968086474,0.5293899638748818,1,Blocked
623,23,0,0.5108601637120908,0.6240014059418266,1,Blocked
624,24,0,0.580247319969321,0.49054113076261885,1,Blocked
625,25,0,0.47067544414554496,0.6473387950974769,1,Blocked
626,26,0,0.48227149531874774,0.7428918533441445,1,Blocked
627,27,0,0.5522476017113966,0.5780815978214098,1,Blocked
628,28,0,0.45443778062687495,0.6183168680641645,1,Blocked
629,29,0,0.5905803472974621,0.41124853373859993,1,Blocked
630,30,0,0.5849620837684316,0.4383710741546215,1,Blocked
631,31,0,0.8090581008256887,0.47580256040600455,1,Blocked
632,32,0,0.9847420471496757,0.5703717749978392,1,Blocked
633,33,0,0.24751407132722336,0.6964346007748417,1,Blocked
634,34,0,0.5362652451646597,0.5918452178946341,1,Blocked
635,35,0,0.5387026346407947,0.7095949468825826,1,Blocked
636,36,0,0.8672090683510397,0.5989921997439149,1,Blocked
637,37,0,0.8697605863784847,0.49731876994695945,1,Blocked
638,38,0,0.8107894355527916,0.4786002709131733,1,Blocked
639,39,0,0.8621220540057182,0.49364178866843667,1,Blocked
640,40,0,0.5289023083989494,0.5887846473435117,1,Blocked
641,41,0,0.6269878259559831,0.4533126853157631,1,Blocked
642,42,0,0.09685412413674117,0.6146856957475992,1,Blocked
643,43,0,0.7231317745793819,0.48486723351209726,1,Blocked
644,44,0,0.7508311736269382,0.4770102232470576,1,Blocked
645,45,0,0.8780913503238658,0.42259654810004255,1,Blocked
646,46,0,0.9291596639796471,0.37538066990826446,1,Blocked
647,47,0,0.01585564862170147,0.5955528035799256,1,Blocked
648,48,0,0.0840750173666948,0.5515452289719656,1,Blocked
649,49,0,0.503695671132804,0.48446048387308216,1,Blocked
650,50,0,0.3684203344323867,0.6808206456135596,1,Blocked
651,51,0,0.47388851335112153,0.4940013966960105,1,Blocked
652,52,0,0.5394954370968675,0.6324805644024081,1,Blocked
653,53,0,0.808280264422486,0.5068535421641666,1,Blocked
654,54,0,0.8274197222135877,0.5598740527796213,1,Blocked
655,55,0,0.792328765005287,0.4017854348437848,1,Blocked
656,56,0,0.9950071086021341,0.48316341066227053,1,Blocked
657,57,0,0.9593292236002102,0.5186144341152913,1,Blocked
658,58,0,0.1352648162034889,0.5920353307397672,1,Blocked
659,59,0,0.679259355861408,0.5313331135305503,1,Blocked
660,60,0,0.84096139213641,0.4604880430095018,1,Blocked
661,61,0,0.7917358620098276,0.5107157198759628,1,Blocked
662,62,0,0.9697801861084712,0.5612247061235505,1,Blocked
663,63,0,0.9902008572685463,0.45299795614606564,1,Blocked
664,64,0,0.3010953511584738,0.627908028120322,1,Blocked
665,65,0,0.9787921012530816,0.416196065341627,1,Blocked
666,66,0,0.7143351694548958,0.5766808408327677,1,Blocked
667,67,0,0.8789740083097083,0.3916752748936349,1,Blocked
668,68,0,0.7582310693675672,0.527255233306855,1,Blocked
669,69,0,0.06493490157553171,0.7166791262109655,1,Blocked
670,70,0,0.9564525383957876,0.43392939772824,1,Blocked
671,71,0,0.2746581515655879,0.5422691932773342,1,Blocked
672,72,0,0.7205291501911513,0.5487614272955927,1,Blocked
673,73,0,0.4401067194866519,0.6541914195143208,1,Blocked
674,74,0,0.8086281825984554,0.5353096229048835,1,Blocked
675,75,0,0.4011356033799664,0.7438929357617957,1,Blocked
676,76,0,0.9407424019801989,0.6556172424573583,1,Blocked
677,77,0,0.6745342917220307,0.498630653955874,1,Blocked
678,78,0,0.060996152167188615,0.5335731970785461,1,Blocked
679,79,0,0.9253293124486279,0.4148329008228796,1,Blocked
680,80,0,0.2243861684663201,0.6014297425135547,1,Blocked
681,81,0,0.12575781045234094,0.5051069343937944,1,Blocked
682,82,0,0.709474352137703,0.4673627970687185,1,Blocked
683,83,0,0.573687095951754,0.44981550946447385,1,Blocked
684,84,0,0.7149278863524977,0.4514774977241821,1,Blocked
685,85,0,0.8075570495192277,0.4168910192589929,1,Blocked
686,86,0,0.15112588120128218,0.6125018490283742,1,Blocked
687,87,0,0.3238039144768594,0.6477066505583473,1,Blocked
688,88,0,0.37323193404289434,0.6437087912018216,1,Blocked
689,89,0,0.024876419259580437,0.49686979654828717,1,Blocked
690,90,0,0.1458862250649191,0.6009294694062589,1,Blocked
691,91,0,0.3006166111239915,0.6853462256797248,1,Blocked
692,92,0,0.8104495319674292,0.46928823487851523,1,Blocked
693,93,0,0.3600726766466509,0.5838424848210926,1,Blocked
694,94,0,0.6901821677015738,0.5628106426111315,1,Blocked
695,95,0,0.7310758283755047,0.37090924963801175,1,Blocked
696,96,0,0.5862778594655855,0.5498531497504036,1,Blocked
697,97,0,0.5022352461936023,0.4546856783826024,1,Blocked
698,98,0,0.8954993162912515,0.3600534905954778,1,Blocked
699,99,0,0.852834249446821,0.45226451110717697,1,Blocked
700,100,0,0.6648014838093843,0.5667900377425708,1,Blocked
701,101,0,0.45671855117912485,0.5949898694091773,1,Blocked
702,102,0,0.5733116128788844,0.4100418765022486,1,Blocked
703,103,0,0.7220291711424068,0.3058464160454523,1,Blocked
704,104,0,0.5769530123157876,0.49856749967311037,1,Blocked
705,105,0,0.5770188992916244,0.8461377192346308,1,Blocked
706,106,0,0.9774999713857593,0.5580402030378034,1,Blocked
707,107,0,0.7893899211266808,0.5871880893852766,1,Blocked
708,108,0,0.7697600043445318,0.4883446207306247,1,Blocked
709,109,0,0.36502680906593765,0.4878305788553239,1,Blocked
710,110,0,0.5175667916187842,0.5047776799891843,1,Blocked
711,111,0,0.22072062372733808,0.70432611078164,1,Blocked
712,112,0,0.7326670579167587,0.4624808654904071,1,Blocked
713,113,0,0.45319025168976157,0.432786576577478,1,Blocked
714,114,0,0.293231230554253,0.4737743516132056,1,Blocked
715,115,0,0.9597971883064687,0.47706230214340367,1,Blocked
716,116,0,0.4451505579541087,0.7655114893528455,1,Blocked
717,117,0,0.16083029800330517,0.5529744545318694,1,Blocked
718,118,0,0.9232520425345957,0.4372831231272196,1,Blocked
719,119,0,0.9483437872034897,0.36729937874463203,1,Blocked
720,120,0,0.5460129546333372,0.5025648641430998,1,Blocked
721,121,0,0.2818535696610125,0.5523428291923141,1,Blocked
722,122,0,0.010179329224492543,1.0029220291796963,1,Blocked
723,123,0,0.5669561546930583,0.5163594183851083,1,Blocked
724,124,0,0.6068221543365606,0.5476054157638298,1,Blocked
725,125,0,0.3249163695349251,0.4202512838993194,1,Blocked
726,126,0,0.8987625149816916,0.3660217766313292,1,Blocked
727,127,0,0.765900332483662,0.3452283856620764,1,Blocked
728,128,0,0.5223050079190303,0.6259938605092308,1,Blocked
729,129,0,0.4442470211122381,0.6844788715365353,1,Blocked
730,130,0,0.8028825580778989,0.38533322910637446,1,Blocked
731,131,0,0.9698778984984928,0.566715407185438,1,Blocked
732,132,0,0.01614373981465468,0.8247770675399488,1,Blocked
733,133,0,0.44063237254318405,0.5851162004129228,1,Blocked
734,134,0,0.7787975752738538,0.4518924289656281,1,Blocked
735,135,0,0.6141394064420596,0.5493621720810739,1,Blocked
736,136,0,0.4691460635597095,0.4788113196057476,1,Blocked
737,137,0,0.64547917716352,0.527931994103183,1,Blocked
738,138,0,0.7126673999767161,0.49296448354742484,1,Blocked
739,139,0,0.504630978891532,0.5926029976623123,1,Blocked
740,140,0,0.9222279159547786,0.4610009653700588,1,Blocked
741,141,0,0.9579070518349779,0.39661837448211273,1,Blocked
742,142,0,0.781696280479901,0.46110562711378683,1,Blocked
743,143,0,0.5706112369256434,0.4684732972148865,1,Blocked
744,144,0,0.8530390049253326,0.4277531995419691,1,Blocked
745,145,0,0.530338156747995,0.8330841749437985,1,Blocked
746,146,0,0.6459730719746409,0.3027392294542264,1,Blocked
747,147,0,0.8880499391077921,0.379133972177881,1,Blocked
748,148,0,0.6111168187912023,0.31905915928738915,1,Blocked
749,149,0,0.9798967206227345,0.4419518834289585,1,Blocked
750,150,0,0.7999458078556287,0.4820091306095474,1,Blocked
751,151,0,0.48448659307356723,0.5866919197854539,1,Blocked
752,152,0,0.7520100217597774,0.42732630067638494,1,Blocked
753,153,0,0.4422502053710741,0.5644147384532705,1,Blocked
754,154,0,0.8843012384845875,0.6343722577092583,1,Blocked
755,155,0,0.6500516324177963,0.5192249733780959,1,Blocked
756,156,0,0.9521632052713571,0.3722577267900037,1,Blocked
757,157,0,0.9366381928159586,0.3940334511982023,1,Blocked
758,158,0,0.5391490384592018,0.7325897334592646,1,Blocked
759,159,0,0.8129874187501636,0.6489262277270589,1,Blocked
760,160,0,0.4893784411268986,0.5226673215479412,1,Blocked
761,161,0,0.48851011639704145,0.7023480424441597,1,Blocked
762,162,0,0.21533086932349418,0.43415669226590575,1,Blocked
763,163,0,0.6872099962174558,0.6768165588105892,1,Blocked
764,164,0,0.4354026196739414,0.5421271814667126,1,Blocked
765,165,0,0.1991151439894333,0.6332497380577526,1,Blocked
766,166,0,0.5208927204752952,0.6998190934220385,1,Blocked
767,167,0,0.49051546913697186,0.5426570605712839,1,Blocked
768,168,0,0.2245962751109135,0.5289930102186386,1,Blocked
769,169,0,0.6167257210304652,0.5415863935979254,1,Blocked
770,170,0,0.6960972662783094,0.45928350852419125,1,Blocked
771,171,0,0.710827981666326,0.4408252784795847,1,Blocked
772,172,0,0.5908900636554832,0.4892252485438464,1,Blocked
773,173,0,0.8707050987463867,0.48611899013455045,1,Blocked
774,174,0,0.8682472366449194,0.2802155803439298,1,Blocked
775,175,0,0.4281930133592803,0.4504457080254947,1,Blocked
776,176,0,0.24928670682944637,0.6779541704207561,1,Blocked
777,177,0,0.3031179840772795,0.6517774492637287,1,Blocked
778,178,0,0.5239815530855207,0.49813884876033054,1,Blocked
779,179,0,0.8536465080355012,0.3998038517100627,1,Blocked
780,180,0,0.5059975991835836,0.42982547416505146,1,Blocked
781,181,0,0.918057025669584,0.4191949402602405,1,Blocked
782,182,0,0.2394554021155835,0.528502540442277,1,Blocked
783,183,0,0.5530874521926603,0.3436168950526526,1,Blocked
784,184,0,0.48561879732625435,0.4719438941585874,1,Blocked
785,185,0,0.42465460578402553,0.3648110627974676,1,Blocked
786,186,0,0.5874653467272294,0.6245214272709827,1,Blocked
787,187,0,0.6030954671440794,0.5466410171123277,1,Blocked
788,188,0,0.6738540338102735,0.42089442375109704,1,Blocked
789,189,0,0.5136412032065524,0.6056836108987774,1,Blocked
790,190,0,0.48361144728892214,0.34693679118370413,1,Blocked
791,191,0,0.5088156418239522,0.5012494405120586,1,Blocked
792,192,0,0.44666530474900695,0.6171752936971712,1,Blocked
793,193,0,0.33057195720555943,0.5075394174319348,1,Blocked
794,194,0,0.5196539110793305,0.40002719645762963,1,Blocked
795,195,0,0.4080882563225485,0.5811423803535223,1,Blocked
796,196,0,0.8014641379938828,0.3530703295738966,1,Blocked
797,197,0,0.44808566066743527,0.48641458681113786,1,Blocked
798,198,0,0.6868380429672021,0.4988585522041885,1,Blocked
799,199,0,0.7055247475797832,0.40552036488151766,1,Blocked
800,0,0,0.4137462835357259,0.7458446280192852,1,Interleaved
801,1,0,0.016284400197128766,0.6145268623167782,1,Interleaved
802,2,0,0.626368852144355,0.4407616762856508,1,Interleaved
803,3,0,0.3127359643044003,0.6736751368331773,1,Interleaved
804,4,0,0.49950087725186015,0.7466097389980764,1,Interleaved
805,5,0,0.9715640735729167,0.5468024294192192,1,Interleaved
806,6,0,0.4388024059061431,0.6611388874591821,1,Interleaved
807,7,0,0.7546500894092651,0.453586804127167,1,Interleaved
808,8,0,0.40969327101525443,0.565390847090329,1,Interleaved
809,9,0,0.20151952696162595,0.8251788277026101,1,Interleaved
810,10,0,0.5097584252646143,0.7015105635924656,1,Interleaved
811,11,0,0.6971676014542365,0.4889005853800835,1,Interleaved
812,12,0,0.47589742346181196,0.6829520324602854,1,Interleaved
813,13,0,0.06544100533799187,0.6060901707953061,1,Interleaved
814,14,0,0.5897762545987933,0.54390238138792,1,Interleaved
815,15,0,0.5033776214659185,0.5138924596699498,1,Interleaved
816,16,0,0.9131281922805556,0.40906178264362253,1,Interleaved
817,17,0,0.479717166236768,0.5857815496773169,1,Interleaved
818,18,0,0.14904669440278248,0.5346079704009269,1,Interleaved
819,19,0,0.5290053638484216,0.5409307232866267,1,Interleaved
820,20,0,0.7003188172848941,0.5529997492679567,1,Interleaved
821,21,0,0.4163122512966581,0.5540151146404266,1,Interleaved
822,22,0,0.1851255988123226,0.6503739171659423,1,Interleaved
823,23,0,0.4855706077213719,0.47517690409412316,1,Interleaved
824,24,0,0.18763376489851125,0.5216101110530462,1,Interleaved
825,25,0,0.6806708954651924,0.5463118607435529,1,Interleaved
826,26,0,0.44877159771755376,0.6814180264404744,1,Interleaved
827,27,0,0.28510784093988967,0.5980974940622581,1,Interleaved
828,28,0,0.6890974127462894,0.4081945408946046,1,Interleaved
829,29,0,0.7857312037069809,0.3735810482811416,1,Interleaved
830,30,0,0.43410431617228085,0.6798390375172327,1,Interleaved
831,31,0,0.7017424536544972,0.5252555257296987,1,Interleaved
832,32,0,0.43470375312461706,0.47316280123554644,1,Interleaved
833,33,0,0.3990555341017059,0.47199658765677655,1,Interleaved
834,34,0,0.6242779392189848,0.36573566461570295,1,Interleaved
835,35,0,0.8731143732328237,0.5046448468266987,1,Interleaved
836,36,0,0.5135528999850065,0.4756221152255783,1,Interleaved
837,37,0,0.022380350420062495,0.536665053195794,1,Interleaved
838,38,0,0.5785501061504278,0.5150089722731866,1,Interleaved
839,39,0,0.7130957594364958,0.4860708660510241,1,Interleaved
840,40,0,0.6478745618246429,0.46887498872379896,1,Interleaved
841,41,0,0.10900219531292027,0.5064868131686842,1,Interleaved
842,42,0,0.654228940978794,0.4197319056868203,1,Interleaved
843,43,0,0.05954513813926276,0.6345233973346085,1,Interleaved
844,44,0,0.7175953510402429,0.4537747661447095,1,Interleaved
845,45,0,0.37511757351499975,0.41115513519575214,1,Interleaved
846,46,0,0.5109732440985331,0.35905696112945196,1,Interleaved
847,47,0,0.7663780943971495,0.44741399756824496,1,Interleaved
848,48,0,0.49684449096514194,0.509635422547613,1,Interleaved
849,49,0,0.6424274604598847,0.5227604859002764,1,Interleaved
850,50,0,0.5687578854189296,0.4990681536381561,1,Interleaved
851,51,0,0.6228133289513459,0.4978019027887617,1,Interleaved
852,52,0,0.42567929984979863,0.7136310535984463,1,Interleaved
853,53,0,0.534754184993937,0.6393882303704475,1,Interleaved
854,54,0,0.6920327977816756,0.5380833076083171,1,Interleaved
855,55,0,0.3788770468580299,0.48475373594872606,1,Interleaved
856,56,0,0.5028425256441929,0.578297798098663,1,Interleaved
857,57,0,0.7119816807408541,0.4662618108973954,1,Interleaved
858,58,0,0.3368532929987772,0.4126037646367128,1,Interleaved
859,59,0,0.45193706466766015,0.5790483553599726,1,Interleaved
860,60,0,0.6509848115394119,0.5514800734640273,1,Interleaved
861,61,0,0.36596136373426097,0.4811337401274176,1,Interleaved
862,62,0,0.8561706422920066,0.4948713668698688,1,Interleaved
863,63,0,0.15026002688079468,0.6150670110958698,1,Interleaved
864,64,0,0.7221940730541774,0.47649904399738263,1,Interleaved
865,65,0,0.45489957449973994,0.5187507942492208,1,Interleaved
866,66,0,0.850699915049774,0.4451791664205962,1,Interleaved
867,67,0,0.5510426357317367,0.4333067989073592,1,Interleaved
868,68,0,0.721281424132856,0.30019936722558244,1,Interleaved
869,69,0,0.9046600173227795,0.4703052828431205,1,Interleaved
870,70,0,0.45459660056034956,0.5114991162245784,1,Interleaved
871,71,0,0.6235145302799847,0.47149465742264196,1,Interleaved
872,72,0,0.6621628943469472,0.3839362894454351,1,Interleaved
873,73,0,0.3036375128997924,0.523534896578612,1,Interleaved
874,74,0,0.1607266367678016,0.5630787085612617,1,Interleaved
875,75,0,0.25208516655401103,0.7423344604691859,1,Interleaved
876,76,0,0.8192726385596624,0.4238114644851104,1,Interleaved
877,77,0,0.5353840302705114,0.5316181879092907,1,Interleaved
878,78,0,0.07463068755942093,0.7734841227802702,1,Interleaved
879,79,0,0.13054143732411394,0.5610890305689784,1,Interleaved
880,80,0,0.5023846850574618,0.4051197395201592,1,Interleaved
881,81,0,0.6322981912339578,0.6592097177896572,1,Interleaved
882,82,0,0.7431070953998407,0.5956376572142965,1,Interleaved
883,83,0,0.26297778408394046,0.5218605041753698,1,Interleaved
884,84,0,0.702883453091357,0.5920328879279164,1,Interleaved
885,85,0,0.04772763835172286,0.6428160844222841,1,Interleaved
886,86,0,0.5630716598163215,0.4379677677448045,1,Interleaved
887,87,0,0.39936696990148746,0.37522487772419477,1,Interleaved
888,88,0,0.25358358023462174,0.6495437571757295,1,Interleaved
889,89,0,0.9454757554911504,0.4795782497157036,1,Interleaved
890,90,0,0.4831110994416751,0.5322572101322223,1,Interleaved
891,91,0,0.7396389536682819,0.39568942100962534,1,Interleaved
892,92,0,0.7887678141749949,0.45170706316027304,1,Interleaved
893,93,0,0.6957860772541473,0.4146600959804232,1,Interleaved
894,94,0,0.6458308094059093,0.3707660006052798,1,Interleaved
895,95,0,0.7142800075885406,0.6311782833202815,1,Interleaved
896,96,0,0.42153742722319315,0.5789856610106433,1,Interleaved
897,97,0,0.9593311817006164,0.47405650021578527,1,Interleaved
898,98,0,0.6515149276340385,0.5172525231541378,1,Interleaved
899,99,0,0.1534074591969825,0.6206575356176544,1,Interleaved
900,100,0,0.47614004498343626,0.6654150167236995,1,Interleaved
901,101,0,0.5563028223200173,0.3609817328228145,1,Interleaved
902,102,0,0.9116140702050468,0.34662591213363353,1,Interleaved
903,103,0,0.1463989739327925,0.5845724696318298,1,Interleaved
904,104,0,0.8975992082935546,0.4132976101346997,1,Interleaved
905,105,0,0.6395697565265688,0.5461688802382196,1,Interleaved
906,106,0,0.8502610067225276,0.4347273642516505,1,Interleaved
907,107,0,0.2857929661343416,0.49063613930605077,1,Interleaved
908,108,0,0.6415469216107879,0.4884241179696609,1,Interleaved
909,109,0,0.35285780305463615,0.45385595623732666,1,Interleaved
910,110,0,0.32209323892202246,0.6046962101301803,1,Interleaved
911,111,0,0.5633553331198755,0.4678857075529123,1,Interleaved
912,112,0,0.3480630518882913,0.4481503740716515,1,Interleaved
913,113,0,0.4748611449044796,0.7674184175976547,1,Interleaved
914,114,0,0.32607950969877453,0.6264593876289997,1,Interleaved
915,115,0,0.9686253921965693,0.4029394610081779,1,Interleaved
916,116,0,0.47536521145179167,0.5175532775109296,1,Interleaved
917,117,0,0.0318611068055005,0.7457981797511484,1,Interleaved
918,118,0,0.6870004566453327,0.4920969290419911,1,Interleaved
919,119,0,0.3671670506934619,0.5277190669106101,1,Interleaved
920,120,0,0.8832983076290338,0.5317755702349852,1,Interleaved
921,121,0,0.6002418976160591,0.5545231777413868,1,Interleaved
922,122,0,0.445236932241447,0.5233232622960038,1,Interleaved
923,123,0,0.06820399238684387,0.6104736047622384,1,Interleaved
924,124,0,0.43751797013816096,0.3884189655705646,1,Interleaved
925,125,0,0.37895941042616976,0.4011361292354306,1,Interleaved
926,126,0,0.45243574720886015,0.4698656858026885,1,Interleaved
927,127,0,0.10863324163046673,0.4361783210531103,1,Interleaved
928,128,0,0.8082427853331524,0.5655725558120391,1,Interleaved
929,129,0,0.42197076718297666,0.49629704339175096,1,Interleaved
930,130,0,0.4242184761680218,0.32531715333298084,1,Interleaved
931,131,0,0.21351040406701385,0.7140980157422008,1,Interleaved
932,132,0,0.4053148335214082,0.4448184174600301,1,Interleaved
933,133,0,0.8849354609005258,0.45943303356147674,1,Interleaved
934,134,0,0.7726039730300499,0.42184299830406413,1,Interleaved
935,135,0,0.4243561709123924,0.7691138892269813,1,Interleaved
936,136,0,0.8160534624901957,0.4220848864883693,1,Interleaved
937,137,0,0.7233628039439671,0.5253970021142433,1,Interleaved
938,138,0,0.20022972809800343,0.6487222854149306,1,Interleaved
939,139,0,0.024092856912714226,0.7437622379998202,1,Interleaved
940,140,0,0.5252798738054936,0.45965311264188824,1,Interleaved
941,141,0,0.5475277286599756,0.5984852964196764,1,Interleaved
942,142,0,0.4085894719178973,0.45773177111568925,1,Interleaved
943,143,0,0.7130616105969809,0.4949370217235086,1,Interleaved
944,144,0,0.714455592752574,0.4068568942648033,1,Interleaved
945,145,0,0.5374047555062577,0.41112579120711423,1,Interleaved
946,146,0,0.3100236963496513,0.4913806053401013,1,Interleaved
947,147,0,0.2920952367624249,0.575965488822082,1,Interleaved
948,148,0,0.5714788381513634,0.7187890913263786,1,Interleaved
949,149,0,0.9516421189947051,0.31491355084554645,1,Interleaved
950,150,0,0.5331513693713126,0.5416545504929615,1,Interleaved
951,151,0,0.35324738772556136,0.5227207434781633,1,Interleaved
952,152,0,0.8324777044456435,0.47634749178486013,1,Interleaved
953,153,0,0.2860405516948303,0.7510080856454394,1,Interleaved
954,154,0,0.8336285914235506,0.5095834121347189,1,Interleaved
955,155,0,0.5678236330832863,0.5559048616892878,1,Interleaved
956,156,0,0.8325869523987821,0.3432269960256472,1,Interleaved
957,157,0,0.1133883708610563,0.5158901698212471,1,Interleaved
958,158,0,0.7679067435500299,0.3938200516339902,1,Interleaved
959,159,0,0.7477819674738475,0.5056329774962067,1,Interleaved
960,160,0,0.08348014444465948,0.5788280261942356,1,Interleaved
961,161,0,0.8389285526487763,0.3469716464684346,1,Interleaved
962,162,0,0.7907846699621108,0.43746244332570206,1,Interleaved
963,163,0,0.5156472017512068,0.4084677302722751,1,Interleaved
964,164,0,0.9295638696297303,0.44990339372475346,1,Interleaved
965,165,0,0.8899856021828789,0.3906417925837823,1,Interleaved
966,166,0,0.6399332445027243,0.6306282892365955,1,Interleaved
967,167,0,0.07017366760044519,0.4594718701165729,1,Interleaved
968,168,0,0.9591138868019483,0.45453083689268026,1,Interleaved
969,169,0,0.7055683581249548,0.5462354335324575,1,Interleaved
970,170,0,0.7205831474215387,0.27300502304491897,1,Interleaved
971,171,0,0.6119699132701175,0.5068842620968879,1,Interleaved
972,172,0,0.8518749801418186,0.37496494857740126,1,Interleaved
973,173,0,0.15998154465694087,0.39362685734806013,1,Interleaved
974,174,0,0.9388818741597466,0.5030275197364011,1,Interleaved
975,175,0,0.7663680619881514,0.4921970823544168,1,Interleaved
976,176,0,0.43660959180970305,0.5681628592803201,1,Interleaved
977,177,0,0.5098207955071703,0.414487130776983,1,Interleaved
978,178,0,0.6604497091594912,0.45168360457766055,1,Interleaved
979,179,0,0.6048626103666771,0.4549483467684413,1,Interleaved
980,180,0,0.5857428964611926,0.4715310246954105,1,Interleaved
981,181,0,0.30934952805499694,0.5385379795779874,1,Interleaved
982,182,0,0.7724122569518952,0.3566757315345524,1,Interleaved
983,183,0,0.8897022239438686,0.41877766146231643,1,Interleaved
984,184,0,0.2182704312789311,0.46723888468206043,1,Interleaved
985,185,0,0.31193349727352676,0.3943176980128608,1,Interleaved
986,186,0,0.7015209552020767,0.4554872957316781,1,Interleaved
987,187,0,0.6730909400612782,0.33495014136437384,1,Interleaved
988,188,0,0.3116725752407547,0.48744887610935694,1,Interleaved
989,189,0,0.9329533467039761,0.5349413179888757,1,Interleaved
990,190,0,0.9164617430523796,0.47000880171160353,1,Interleaved
991,191,0,0.15975160832515306,0.5163375787378708,1,Interleaved
992,192,0,0.3553243324628784,0.5938923268152223,1,Interleaved
993,193,0,0.8286406889966633,0.352366968868501,1,Interleaved
994,194,0,0.3656535866193155,0.5777771346663891,1,Interleaved
995,195,0,0.27716710970415287,0.5482008408374057,1,Interleaved
996,196,0,0.7652659580857695,0.4753638967866759,1,Interleaved
997,197,0,0.4008981806573587,0.6352236871319111,1,Interleaved
998,198,0,0.461990932624095,0.4351597325192645,1,Interleaved
999,199,0,0.8530629201421852,0.33172940442250004,1,Interleaved
1000,0,0,0.5082097253429376,0.7948982429036026,1,Instructed
1001,1,0,0.8339324740860993,1.1913125163298108,1,Instructed
1002,2,0,0.3266844493503176,0.6732295600145011,1,Instructed
1003,3,0,0.8745107070505242,0.5385766980311244,1,Instructed
1004,4,0,0.3485724424511272,0.42584093513124444,1,Instructed
1005,5,0,0.49686552524216476,0.5561537869528108,1,Instructed
1006,6,0,0.5870268551473213,0.6840755020030834,1,Instructed
1007,7,0,0.9466515387697327,0.7287427680861793,1,Instructed
1008,8,0,0.5078092206793408,0.3988097565512611,1,Instructed
1009,9,0,0.7297085340055421,0.48884035293763073,1,Instructed
1010,10,0,0.32538632476642737,0.46091875817643846,1,Instructed
1011,11,0,0.5282224190360345,0.6662403444892787,1,Instructed
1012,12,0,0.3878620069919406,0.410507167610249,1,Instructed
1013,13,0,0.6079628202614389,0.4666150457509889,1,Instructed
1014,14,0,0.24794593590468558,0.3512688006828143,1,Instructed
1015,15,0,0.6181081872456172,0.4461772036541933,1,Instructed
1016,16,0,0.497798343005759,0.4222244896596353,1,Instructed
1017,17,0,0.5771334863570642,0.6181273754306847,1,Instructed
1018,18,0,0.26251354384876285,0.3582942108261374,1,Instructed
1019,19,0,0.09697742547880547,0.6601625935112709,1,Instructed
1020,20,0,0.6690186806374651,0.7483245613738856,1,Instructed
1021,21,0,0.09177576059955316,0.4458439996452297,1,Instructed
1022,22,0,0.49510378350861817,0.49272071018148317,1,Instructed
1023,23,0,0.32736438854409716,0.40798371458045857,1,Instructed
1024,24,0,0.7274378180314502,0.51127904473546,1,Instructed
1025,25,0,0.7395586989950856,0.44410781938193056,1,Instructed
1026,26,0,0.14036343308273264,0.556329185611422,1,Instructed
1027,27,0,0.24428330738906956,0.6538069345119277,1,Instructed
1028,28,0,0.4061239306526951,0.6558299679479442,1,Instructed
1029,29,0,0.8936677830145527,0.3590451507813876,1,Instructed
1030,30,0,0.34661491985237625,0.5277645601218276,1,Instructed
1031,31,0,0.0690650015625209,0.6279439172584707,1,Instructed
1032,32,0,0.39443978303544297,0.4323949937020719,1,Instructed
1033,33,0,0.9558107777551031,0.3873571670441875,1,Instructed
1034,34,0,0.6567372207624007,0.3285996343100094,1,Instructed
1035,35,0,0.9797933960593475,0.39667284006276693,1,Instructed
1036,36,0,0.5139454106765751,0.3459036416093163,1,Instructed
1037,37,0,0.9778591578014678,0.42076009182461527,1,Instructed
1038,38,0,0.6244789516749771,0.5105866415054814,1,Instructed
1039,39,0,0.9822527574783162,0.4858509353895545,1,Instructed
1040,40,0,0.8859120977772325,0.4172210275845695,1,Instructed
1041,41,0,0.3470570344584731,0.3879618415330508,1,Instructed
1042,42,0,0.7339301291963289,0.39685516282620237,1,Instructed
1043,43,0,0.3144478881381803,0.4760855314252169,1,Instructed
1044,44,0,0.8847569204926641,0.3383976947252053,1,Instructed
1045,45,0,0.1453523825069067,0.38250419272530933,1,Instructed
1046,46,0,0.2975845860488425,0.4967045080355107,1,Instructed
1047,47,0,0.25182799284257923,0.4598862114685338,1,Instructed
1048,48,0,0.2751565233686572,0.4891266571145404,1,Instructed
1049,49,0,0.6005585357239441,0.38448114837937386,1,Instructed
1050,50,0,0.49341424654876476,0.4093526158534507,1,Instructed
1051,51,0,0.07703363846335091,0.5363450207136466,1,Instructed
1052,52,0,0.40672040072480226,0.5144735951966551,1,Instructed
1053,53,0,0.5337749770525395,0.5720743931312389,1,Instructed
1054,54,0,0.6200497380086302,0.5334472433038995,1,Instructed
1055,55,0,0.04714465777360306,0.535984642735218,1,Instructed
1056,56,0,0.49015873446481484,0.605827055565779,1,Instructed
1057,57,0,0.49404251744480027,0.4779035459239855,1,Instructed
1058,58,0,0.49157085315777144,0.45102343357894137,1,Instructed
1059,59,0,0.6079118859295107,0.4750899682470036,1,Instructed
1060,60,0,0.3248472204825809,0.48717324327732126,1,Instructed
1061,61,0,0.09048544473623743,0.5302819914541421,1,Instructed
1062,62,0,0.5210188551692931,0.5727206278468073,1,Instructed
1063,63,0,0.34891356817218633,0.4857727919344958,1,Instructed
1064,64,0,0.6745492894538718,0.3340144627670902,1,Instructed
1065,65,0,0.9728410439511765,0.357288808511747,1,Instructed
1066,66,0,0.7204582751575968,0.46639621398246883,1,Instructed
1067,67,0,0.9935897031879424,0.47879261544611945,1,Instructed
1068,68,0,0.5965400529600638,0.3766221456392444,1,Instructed
1069,69,0,0.9226785582598902,0.4690379628817452,1,Instructed
1070,70,0,0.8417414346562689,0.4232096387271884,1,Instructed
1071,71,0,0.8611642550170762,0.6350486887132891,1,Instructed
1072,72,0,0.47781421231551635,0.40275873049711464,1,Instructed
1073,73,0,0.7831778515815722,0.39663786023343933,1,Instructed
1074,74,0,0.4377519506816405,0.5409629587559933,1,Instructed
1075,75,0,0.432898536685277,0.3581896929017109,1,Instructed
1076,76,0,0.15883315789157515,0.5949122200445457,1,Instructed
1077,77,0,0.9238625591852153,0.49553539695596477,1,Instructed
1078,78,0,0.5214176147219303,0.545430900211679,1,Instructed
1079,79,0,0.9835465188600832,0.39416359475417656,1,Instructed
1080,80,0,0.2057489911015001,0.5847761186222881,1,Instructed
1081,81,0,0.2304623124893192,0.4379631592746263,1,Instructed
1082,82,0,0.60306048550608,0.35186297148804596,1,Instructed
1083,83,0,0.47324770029886587,0.3635281130369282,1,Instructed
1084,84,0,0.28328580355201566,0.4238226336319736,1,Instructed
1085,85,0,0.7830671908350647,0.3755731458324798,1,Instructed
1086,86,0,0.6112865588003986,0.42124870319090396,1,Instructed
1087,87,0,0.5065133436646664,0.6398652827879644,1,Instructed
1088,88,0,0.8100748731312913,0.41430108312637465,1,Instructed
1089,89,0,0.2974366313419755,0.5314446926583669,1,Instructed
1090,90,0,0.6455243609862419,0.29116392088080567,1,Instructed
1091,91,0,0.7121456603762294,0.41405037408243184,1,Instructed
1092,92,0,0.3502881323889043,0.4890096659113764,1,Instructed
1093,93,0,0.9210759762616356,0.27056039412326494,1,Instructed
1094,94,0,0.5658164709512896,0.609849118394801,1,Instructed
1095,95,0,0.042637974753602995,0.5727282818182831,1,Instructed
1096,96,0,0.644580974369775,0.40341948378376663,1,Instructed
1097,97,0,0.7804836984657028,0.4436449605909718,1,Instructed
1098,98,0,0.4958307755284399,0.6271144022202145,1,Instructed
1099,99,0,0.6409523177991048,0.3658685448870551,1,Instructed
1100,100,0,0.8638302712140535,0.64469154130612,1,Instructed
1101,101,0,0.04766548298035032,0.5889958781195623,1,Instructed
1102,102,0,0.6330440332171599,0.44256694427344356,1,Instructed
1103,103,0,0.9632605035814275,0.8184372875538022,1,Instructed
1104,104,0,0.9330945622534347,0.35360603513176747,1,Instructed
1105,105,0,0.9546701146890716,0.750703287786544,1,Instructed
1106,106,0,0.8613977946958284,0.414255533296854,1,Instructed
1107,107,0,0.004100266145882282,0.5903509504836446,1,Instructed
1108,108,0,0.7700612111146455,0.4270424857948518,1,Instructed
1109,109,0,0.40453625466294035,0.4508169814741717,1,Instructed
1110,110,0,0.20581815736429288,0.4324276599772183,1,Instructed
1111,111,0,0.8722365646506807,0.5582765375834726,1,Instructed
1112,112,0,0.5806546198735055,0.46189420094994343,1,Instructed
1113,113,0,0.5775840162159842,0.31645246394074344,1,Instructed
1114,114,0,0.23899998303586062,0.4468515856344891,1,Instructed
1115,115,0,0.21410170737287482,0.380027135445403,1,Instructed
1116,116,0,0.4788997654231143,0.42105682044469983,1,Instructed
1117,117,0,0.16651994629126088,0.45754588443208777,1,Instructed
1118,118,0,0.7542033850614341,0.2811921315129473,1,Instructed
1119,119,0,0.9743565717893667,0.2798207693352701,1,Instructed
1120,120,0,0.8776424547994862,0.36033957180192955,1,Instructed
1121,121,0,0.48225010620912906,0.36517444756172934,1,Instructed
1122,122,0,0.7864699178322905,0.39942616185169477,1,Instructed
1123,123,0,0.44872402213024154,0.42583330765716576,1,Instructed
1124,124,0,0.3446009096822826,0.555223718134506,1,Instructed
1125,125,0,0.08727805847723381,0.6184385310821889,1,Instructed
1126,126,0,0.41326221726245865,0.4634431145409612,1,Instructed
1127,127,0,0.11356081357596282,0.4925290702786246,1,Instructed
1128,128,0,0.289578865172929,0.5115582806489749,1,Instructed
1129,129,0,0.5547731796382462,0.4669132736099365,1,Instructed
1130,130,0,0.3019444540274599,0.5192644373900678,1,Instructed
1131,131,0,0.3552250874743774,0.42671010401026005,1,Instructed
1132,132,0,0.3839131070133314,0.5478613467178848,1,Instructed
1133,133,0,0.9599424709019402,0.34637301506312856,1,Instructed
1134,134,0,0.9461112787787469,0.5365404933191626,1,Instructed
1135,135,0,0.5986611191513984,0.4543616011598637,1,Instructed
1136,136,0,0.4972444653080936,0.40867659861398087,1,Instructed
1137,137,0,0.5039696815592392,0.33312418852302716,1,Instructed
1138,138,0,0.1358155848827406,0.5657453068012235,1,Instructed
1139,139,0,0.849150719921883,0.4332089734253777,1,Instructed
1140,140,0,0.40867260268430783,0.44096145923705055,1,Instructed
1141,141,0,0.8609319885281427,0.47548585015282013,1,Instructed
1142,142,0,0.36225742884947487,0.41838143443347686,1,Instructed
1143,143,0,0.3827674964723274,0.4827611320127062,1,Instructed
1144,144,0,0.20465620706140494,0.5605993405130396,1,Instructed
1145,145,0,0.33472035069850375,0.4569896953647279,1,Instructed
1146,146,0,0.16330333374287695,0.4273638760970895,1,Instructed
1147,147,0,0.6479649162991259,0.5516057051490877,1,Instructed
1148,148,0,0.438735327708954,0.47894277041390226,1,Instructed
1149,149,0,0.0022875619196448998,0.869022995323089,1,Instructed
1150,150,0,0.5149237804325586,0.4608539412662533,1,Instructed
1151,151,0,0.9978776761958487,0.35071683182305413,1,Instructed
1152,152,0,0.8320372722255339,0.4668160210582607,1,Instructed
1153,153,0,0.04838463186175918,0.5493162126984444,1,Instructed
1154,154,0,0.24257488660338336,0.45179432246774465,1,Instructed
1155,155,0,0.6323837651658856,0.3267505566969296,1,Instructed
1156,156,0,0.5333138820612968,0.590336117455426,1,Instructed
1157,157,0,0.9639642833282805,0.3629328853414167,1,Instructed
1158,158,0,0.09298371877557772,0.7412291670191856,1,Instructed
1159,159,0,0.8297894342668506,0.5015958088871779,1,Instructed
1160,160,0,0.4650561448849228,0.3625732386437051,1,Instructed
1161,161,0,0.886647422165409,0.4030093012165602,1,Instructed
1162,162,0,0.8426319500860275,0.44528727685218494,1,Instructed
1163,163,0,0.9551333379806485,0.41171357723397295,1,Instructed
1164,164,0,0.9557431926756585,0.36360625986177675,1,Instructed
1165,165,0,0.3520219540080625,0.39741986759025494,1,Instructed
1166,166,0,0.7632462770736966,0.29770695159031024,1,Instructed
1167,167,0,0.4047973896606065,0.3808255268769302,1,Instructed
1168,168,0,0.834393056830256,0.38796250302662194,1,Instructed
1169,169,0,0.5403718736688448,0.41050625022554044,1,Instructed
1170,170,0,0.8975417088484713,0.6766880288070113,1,Instructed
1171,171,0,0.7548767052197152,0.36964129575643867,1,Instructed
1172,172,0,0.9105884381887194,0.43998128591585517,1,Instructed
1173,173,0,0.04099223238702163,0.5194923964452698,1,Instructed
1174,174,0,0.9473020916901629,0.4448729994369474,1,Instructed
1175,175,0,0.23453847919712062,0.5055736022989126,1,Instructed
1176,176,0,0.23656525811358822,0.8067606808204022,1,Instructed
1177,177,0,0.9515885009222085,0.3194361839541775,1,Instructed
1178,178,0,0.13776539703840313,0.5770243829878736,1,Instructed
1179,179,0,0.6874571325997898,0.388848379330047,1,Instructed
1180,180,0,0.50856092959523,0.6650935057779623,1,Instructed
1181,181,0,0.5410918352339867,0.3153828813698051,1,Instructed
1182,182,0,0.4892091772824368,0.44023315551152076,1,Instructed
1183,183,0,0.818885620963688,0.45789374539291977,1,Instructed
1184,184,0,0.66399796839973,0.38683405825572736,1,Instructed
1185,185,0,0.5836494562574366,0.4238343535009581,1,Instructed
1186,186,0,0.5188493652162365,0.6172481466893261,1,Instructed
1187,187,0,0.9249903727522562,0.3643981287902883,1,Instructed
1188,188,0,0.11651176494692868,0.3992866094507026,1,Instructed
1189,189,0,0.5998222306953975,0.47650304527049414,1,Instructed
1190,190,0,0.5382951451690174,0.46821393880889556,1,Instructed
1191,191,0,0.09304281215212833,0.6655337127495671,1,Instructed
1192,192,0,0.5503808950188882,0.3907017724968282,1,Instructed
1193,193,0,0.6696422316405242,0.4056720065291668,1,Instructed
1194,194,0,0.758499746557451,0.44577020712336735,1,Instructed
1195,195,0,0.2002670524346505,0.5857471022185967,1,Instructed
1196,196,0,0.7102124350763512,0.4349972491029351,1,Instructed
1197,197,0,0.389416669713343,0.599624190201047,1,Instructed
1198,198,0,0.7823497946857204,0.37857762150271923,1,Instructed
1199,199,0,0.3334838071930213,0.6932424578179931,1,Instructed
