,t,e_hat,Accuracy,pe,batch,Condition
0,0,0,0.5867137928629669,0.7929845022521738,0,Blocked
1,1,0,0.7562769332156948,0.4416631474499032,0,Blocked
2,2,0,0.4301000447340696,0.500563666256556,0,Blocked
3,3,0,0.7670254560636828,0.501594848051839,0,Blocked
4,4,0,0.18938913286561557,0.5866807225432864,0,Blocked
5,5,0,0.3993068127038357,0.5388535313254358,0,Blocked
6,6,0,0.9889101357152504,0.7341351317477082,0,Blocked
7,7,0,0.9635696459450026,0.492394848432602,0,Blocked
8,8,0,0.4890036995261784,0.44221022932067117,0,Blocked
9,9,0,0.4061678558899507,0.7138377616404934,0,Blocked
10,10,0,0.8923337947711922,0.6513725383526725,0,Blocked
11,11,0,0.8816656280596078,0.7324446875987674,0,Blocked
12,12,0,0.04794859029325388,0.7982145900427915,0,Blocked
13,13,0,0.9738327330615562,0.4512288066353243,0,Blocked
14,14,0,0.41937950045795447,0.4743745175048154,0,Blocked
15,15,0,0.9638647531844384,0.4004089544604925,0,Blocked
16,16,0,0.9748664237102811,0.6202766075106971,0,Blocked
17,17,0,0.8906255338063285,0.5193922009367509,0,Blocked
18,18,0,0.9156951556558784,0.6278240429975339,0,Blocked
19,19,0,0.019744566047879792,0.687706310364117,0,Blocked
20,20,0,0.7678987974679906,0.4541838947429376,0,Blocked
21,21,0,0.28178436697871423,0.7065789451320766,0,Blocked
22,22,0,0.7470124499375862,0.5362742306946778,0,Blocked
23,23,0,0.028751402271131706,0.5039369844007728,0,Blocked
24,24,0,0.07498739155506727,0.632031757994219,0,Blocked
25,25,0,0.4110164198978846,0.6545482499932654,0,Blocked
26,26,0,0.21171478184515932,0.6599423588955328,0,Blocked
27,27,0,0.7429971246889518,0.5297988823999372,0,Blocked
28,28,0,0.8595254685308502,0.38316007360757837,0,Blocked
29,29,0,0.42256329358311473,0.46294437638360064,0,Blocked
30,30,0,0.46201816744254476,0.625148945329125,0,Blocked
31,31,0,0.9737032887808781,0.3902027888184248,0,Blocked
32,32,0,0.9246449723342777,0.51688335400394,0,Blocked
33,33,0,0.7842269050215891,0.44711500684964833,0,Blocked
34,34,0,0.5513908575523059,0.47330380341106104,0,Blocked
35,35,0,0.5076206322534449,0.6986620483899392,0,Blocked
36,36,0,0.14222917193952087,0.6618429581574241,0,Blocked
37,37,0,0.036882273031765195,0.744855627889421,0,Blocked
38,38,0,0.9224844882723946,0.6707575849811863,0,Blocked
39,39,0,0.3657821563874757,0.6079221436027711,0,Blocked
40,40,0,0.6572027240161837,0.4095494095252453,0,Blocked
41,41,0,0.36574113599149033,0.5353130281018619,0,Blocked
42,42,0,0.49669318144399177,0.6206633680837573,0,Blocked
43,43,0,0.7943288587979214,0.5591955143430631,0,Blocked
44,44,0,0.4834574320193796,0.4620661750391876,0,Blocked
45,45,0,0.34615373183371106,0.5839782102995273,0,Blocked
46,46,0,0.3185507252046589,0.8265667039899482,0,Blocked
47,47,0,0.3239996033892109,0.4966918433721342,0,Blocked
48,48,0,0.8236512448963893,0.579068132988598,0,Blocked
49,49,0,0.43288037931320034,0.3354478645217017,0,Blocked
50,50,0,0.8062486625451606,0.5633206270489198,0,Blocked
51,51,0,0.42136589292809024,0.4615542542203089,0,Blocked
52,52,0,0.4886042555594927,0.4788374342665259,0,Blocked
53,53,0,0.33077868372349983,0.675751922969201,0,Blocked
54,54,0,0.4067517826569837,0.5842539022145461,0,Blocked
55,55,0,0.2321060080580196,0.6101807282393279,0,Blocked
56,56,0,0.21005642761551152,0.679079695255459,0,Blocked
57,57,0,0.40886412398969774,0.7363322131162815,0,Blocked
58,58,0,0.4095902512545381,0.5711524205300679,0,Blocked
59,59,0,0.7335811589068666,0.6215844923437557,0,Blocked
60,60,0,0.4750346574940414,0.8436513475775287,0,Blocked
61,61,0,0.5837684230549949,0.5395259967088748,0,Blocked
62,62,0,0.19084768540247868,0.524672739996545,0,Blocked
63,63,0,0.5707590404744125,0.5120538152094407,0,Blocked
64,64,0,0.7686024064960217,0.5286920127442261,0,Blocked
65,65,0,0.4749021877992766,0.7630023668364294,0,Blocked
66,66,0,0.709980049234209,0.578096824896564,0,Blocked
67,67,0,0.760203875586667,0.48407770202483524,0,Blocked
68,68,0,0.6440325206670308,0.6751130705743866,0,Blocked
69,69,0,0.421574128680304,0.610714703203473,0,Blocked
70,70,0,0.38880376964749774,0.43953314919493347,0,Blocked
71,71,0,0.7479609850735827,0.5424069925211732,0,Blocked
72,72,0,0.29047348161617625,0.629449213541805,0,Blocked
73,73,0,0.4320207823829276,0.6107634791951402,0,Blocked
74,74,0,0.8081625183673019,0.5675513151052729,0,Blocked
75,75,0,0.6918371021177281,0.3938563175849016,0,Blocked
76,76,0,0.292343771306986,0.6661388948989972,0,Blocked
77,77,0,0.4705277391474453,0.5913918924362036,0,Blocked
78,78,0,0.41425163170384827,0.7119979014589606,0,Blocked
79,79,0,0.15352004082700946,0.6201889031943386,0,Blocked
80,80,0,0.6108290017754998,0.6645076456892954,0,Blocked
81,81,0,0.9254222778728799,0.5685222452697156,0,Blocked
82,82,0,0.02328124621678305,0.8107895047316978,0,Blocked
83,83,0,0.8271656173124902,0.4228631040656228,0,Blocked
84,84,0,0.8807698900097223,0.6291103890482161,0,Blocked
85,85,0,0.13889991396056706,0.4634950824272829,0,Blocked
86,86,0,0.6192289208138759,0.7352579186848593,0,Blocked
87,87,0,0.34012909137451064,0.56564595256638,0,Blocked
88,88,0,0.21689297112324138,0.6420233622204617,0,Blocked
89,89,0,0.26196600416126653,0.5669725733228193,0,Blocked
90,90,0,0.46877022573925164,0.6558322057622541,0,Blocked
91,91,0,0.1416372604102501,0.5961356752593605,0,Blocked
92,92,0,0.5087801210375801,0.55407954601932,0,Blocked
93,93,0,0.5015353127592337,0.6244177718901718,0,Blocked
94,94,0,0.1957259036479254,0.6757242738492633,0,Blocked
95,95,0,0.3288052829071406,0.8290514126267208,0,Blocked
96,96,0,0.9612867157976286,0.6033440307833003,0,Blocked
97,97,0,0.35575790242435196,0.6653399001711582,0,Blocked
98,98,0,0.7486978149976837,0.5032709716269593,0,Blocked
99,99,0,0.7951370377396687,0.8176356026766364,0,Blocked
100,100,0,0.5223415656567267,0.7209858943799465,0,Blocked
101,101,0,0.8044932904709843,0.8102968593371564,0,Blocked
102,102,0,0.5589991757805253,0.40573440724608856,0,Blocked
103,103,0,0.6363613993978797,0.3479281840785733,0,Blocked
104,104,0,0.4589724807710459,0.5885838242105047,0,Blocked
105,105,0,0.7486217457779392,0.6558071800983878,0,Blocked
106,106,0,0.4800431800402732,0.547879798050506,0,Blocked
107,107,0,0.7166195899985417,0.6239902427081696,0,Blocked
108,108,0,0.2121752430542473,0.547783966371272,0,Blocked
109,109,0,0.7788998467087587,0.4736580845341868,0,Blocked
110,110,0,0.13908764515018418,0.5170015945528565,0,Blocked
111,111,0,0.7513921129171217,0.5069772268756632,0,Blocked
112,112,0,0.8547918715193286,0.5747279430891055,0,Blocked
113,113,0,0.14375350925576474,0.6042472114517828,0,Blocked
114,114,0,0.4709572203233945,0.5490530393013306,0,Blocked
115,115,0,0.8907914801936964,0.48675653596495444,0,Blocked
116,116,0,0.3782417571790462,0.7123495896177392,0,Blocked
117,117,0,0.8070522591460305,0.4422629600111986,0,Blocked
118,118,0,0.8310987712258397,0.6659871724876164,0,Blocked
119,119,0,0.004868036479770237,0.6817538789367172,0,Blocked
120,120,0,0.49736532461524835,0.6877559373140134,0,Blocked
121,121,0,0.4459134750835409,0.7826913245405155,0,Blocked
122,122,0,0.6003972922403247,0.5298026265031077,0,Blocked
123,123,0,0.6144066099852696,0.6294131266202321,0,Blocked
124,124,0,0.4971651166787396,0.6764643125576566,0,Blocked
125,125,0,0.5186472803385085,0.5710941682624316,0,Blocked
126,126,0,0.6050636194834754,0.5840992209975406,0,Blocked
127,127,0,0.9252411731393938,0.6926706273476999,0,Blocked
128,128,0,0.619549609802886,0.5024617747056397,0,Blocked
129,129,0,0.44953871202490137,0.5760371154556977,0,Blocked
130,130,0,0.3088838126846332,0.5051924358451683,0,Blocked
131,131,0,0.5213566317611144,0.4858774481912309,0,Blocked
132,132,0,0.4483207285560577,0.5043867617758953,0,Blocked
133,133,0,0.6221081012896943,0.5235619328249592,0,Blocked
134,134,0,0.41043753284310275,0.6740870199233795,0,Blocked
135,135,0,0.6886025862447925,0.8683834926804311,0,Blocked
136,136,0,0.7542042796821191,0.7850858578161797,0,Blocked
137,137,0,0.558413787577511,0.5554844475257761,0,Blocked
138,138,0,0.5857734891950195,0.7754481900608061,0,Blocked
139,139,0,0.653176504562391,0.46752144651673766,0,Blocked
140,140,0,0.5849844582419358,0.4729048212617468,0,Blocked
141,141,0,0.5796834779797989,0.49961156216527636,0,Blocked
142,142,0,0.9454185051161295,0.43859726500959273,0,Blocked
143,143,0,0.938863781503395,0.45075965439742216,0,Blocked
144,144,0,0.5428453543985593,0.7541142632084241,0,Blocked
145,145,0,0.6537931754323815,0.5806763915037627,0,Blocked
146,146,0,0.48311600066669363,0.540123032784594,0,Blocked
147,147,0,0.5144101462782661,0.5951812711545416,0,Blocked
148,148,0,0.3436995058863782,0.61521823177241,0,Blocked
149,149,0,0.536454530780824,0.5000354488103431,0,Blocked
150,150,0,0.4418597226117096,0.6777542222012887,0,Blocked
151,151,0,0.35580060638121536,0.5997781233280843,0,Blocked
152,152,0,0.5768640526926261,0.7446626198117376,0,Blocked
153,153,0,0.6089287799672072,0.5862723773104899,0,Blocked
154,154,0,0.2972396462162119,0.7222177288316942,0,Blocked
155,155,0,0.6199796778888578,0.6648894182711796,0,Blocked
156,156,0,0.6592520452514812,0.45098672404491735,0,Blocked
157,157,0,0.5463051638059211,0.5411543703859646,0,Blocked
158,158,0,0.6405926664135014,0.6589448269804021,0,Blocked
159,159,0,0.535004246789046,0.475025334499777,0,Blocked
160,160,0,0.5047513439558569,0.6290294388337292,0,Blocked
161,161,0,0.05438372428547598,0.6205625692852795,0,Blocked
162,162,0,0.5122360884476204,0.5253754275056367,0,Blocked
163,163,0,0.8538390109852578,0.404693907661705,0,Blocked
164,164,0,0.6861583226716244,0.5393028711950121,0,Blocked
165,165,0,0.872704499906416,0.5269645272408876,0,Blocked
166,166,0,0.5452580458080534,0.6665416072327908,0,Blocked
167,167,0,0.24376919070014602,0.6120026937323177,0,Blocked
168,168,0,0.42379515283935854,0.4922420223430838,0,Blocked
169,169,0,0.6994435055926467,0.4070332347441646,0,Blocked
170,170,0,0.4738486419123256,0.5303425113819792,0,Blocked
171,171,0,0.5159123148996624,0.5224052902107831,0,Blocked
172,172,0,0.6281873452421041,0.6626139637551389,0,Blocked
173,173,0,0.703158296758603,0.4517486405515373,0,Blocked
174,174,0,0.7988472938930133,0.5658267321077535,0,Blocked
175,175,0,0.44652843363921185,0.7607879808288254,0,Blocked
176,176,0,0.5820479221938657,0.5799151966640972,0,Blocked
177,177,0,0.6599489876128494,0.7322059509144832,0,Blocked
178,178,0,0.382168342641688,0.7979265820856128,0,Blocked
179,179,0,0.7379569418363188,0.5343170047935153,0,Blocked
180,180,0,0.7242009045935673,0.5617148384541704,0,Blocked
181,181,0,0.5611342869844937,0.6973214278498483,0,Blocked
182,182,0,0.6483924097963734,0.7063889183865115,0,Blocked
183,183,0,0.45666447248585623,0.5609041284049112,0,Blocked
184,184,0,0.5023743550747531,0.544168028097875,0,Blocked
185,185,0,0.2809306046342358,0.5675635050893053,0,Blocked
186,186,0,0.5532796049203507,0.6525801016194637,0,Blocked
187,187,0,0.591984117094155,0.49828290936968966,0,Blocked
188,188,0,0.9899012321759273,0.6804820012867172,0,Blocked
189,189,0,0.6290143935722657,0.5066492141091851,0,Blocked
190,190,0,0.4719582716262942,0.43206694098817333,0,Blocked
191,191,0,0.46917658609734847,0.5001778986499124,0,Blocked
192,192,0,0.47784687948379595,0.4474186649243095,0,Blocked
193,193,0,0.6686318202764605,0.3844870813302172,0,Blocked
194,194,0,0.8170154157307343,0.4229836772364317,0,Blocked
195,195,0,0.5141535039839727,0.6589786632030352,0,Blocked
196,196,0,0.44171186495277304,0.6119058874808212,0,Blocked
197,197,0,0.9079278920158411,0.43011047682890025,0,Blocked
198,198,0,0.24306960937011765,0.606095164015634,0,Blocked
199,199,0,0.387554843774778,0.4720578527851933,0,Blocked
200,0,0,0.001706289399370438,0.9786919388728339,0,Interleaved
201,1,0,0.5785235366299715,0.6387111050471986,0,Interleaved
202,2,0,0.7328988279551574,0.4787101922861722,0,Interleaved
203,3,0,0.3505742997966899,0.47397036121900316,0,Interleaved
204,4,0,0.24980585950404594,0.5972303903451268,0,Interleaved
205,5,0,0.4530609781147751,0.41938358198592557,0,Interleaved
206,6,0,0.8601576216076079,0.5875970844341158,0,Interleaved
207,7,0,0.6464192067389707,0.3481963788927899,0,Interleaved
208,8,0,0.9373546606574847,0.5825080020677618,0,Interleaved
209,9,0,0.614097309456737,0.5569379745641789,0,Interleaved
210,10,0,0.8637044251057661,0.5069786299500458,0,Interleaved
211,11,0,0.6336011212921976,0.5519551167810828,0,Interleaved
212,12,0,0.10363965523276233,0.6576631500233079,0,Interleaved
213,13,0,0.5329352366848393,0.5267953309413996,0,Interleaved
214,14,0,0.959039942970938,0.42913827589533415,0,Interleaved
215,15,0,0.4178821048779923,0.6478379463854702,0,Interleaved
216,16,0,0.11853601183491765,0.5406136826803268,0,Interleaved
217,17,0,0.18953030002827173,0.509675733367857,0,Interleaved
218,18,0,0.8670246919292977,0.4010051539483161,0,Interleaved
219,19,0,0.13810693411829883,0.7319452952639852,0,Interleaved
220,20,0,0.1870401960715008,0.5478178057914314,0,Interleaved
221,21,0,0.7948512656357594,0.5411602469416493,0,Interleaved
222,22,0,0.01070124274041064,0.8407134710008086,0,Interleaved
223,23,0,0.2527401983254276,0.5070492852922552,0,Interleaved
224,24,0,0.21227456037811554,0.8813683506213508,0,Interleaved
225,25,0,0.48500079911790833,0.4741262967839793,0,Interleaved
226,26,0,0.8893574852787596,0.6677293892240378,0,Interleaved
227,27,0,0.7330505417566193,0.450122986144125,0,Interleaved
228,28,0,0.11481455311342001,0.7260393107362061,0,Interleaved
229,29,0,0.4779525086690141,0.42211937907366515,0,Interleaved
230,30,0,0.9690033684414803,0.45333876139330703,0,Interleaved
231,31,0,0.5025034074631914,0.4815591144558432,0,Interleaved
232,32,0,0.36363285888743263,0.68776537918201,0,Interleaved
233,33,0,0.4214461431423099,0.6325337894487648,0,Interleaved
234,34,0,0.8489355833295775,0.375586712914707,0,Interleaved
235,35,0,0.4793241730116909,0.6254483308839602,0,Interleaved
236,36,0,0.4703253380293121,0.4009173911380388,0,Interleaved
237,37,0,0.4683054243062423,0.685253600587441,0,Interleaved
238,38,0,0.10438266233155949,0.4002683954255693,0,Interleaved
239,39,0,0.39599383680624006,0.6507207133484759,0,Interleaved
240,40,0,0.746481209352033,0.47094356530243786,0,Interleaved
241,41,0,0.4469776919011873,0.5431306489537844,0,Interleaved
242,42,0,0.08794800745126324,0.7120901672634512,0,Interleaved
243,43,0,0.33286343490078946,0.4948633353693398,0,Interleaved
244,44,0,0.020968989214822993,0.882960891645848,0,Interleaved
245,45,0,0.4325093440249155,0.39897055555972405,0,Interleaved
246,46,0,0.026197424928204663,0.46007470892704094,0,Interleaved
247,47,0,0.48230242125947076,0.43797999403499166,0,Interleaved
248,48,0,0.5848216636485303,0.3180343919998582,0,Interleaved
249,49,0,0.6160961482748885,0.49507685694331544,0,Interleaved
250,50,0,0.5323622227727475,0.7071652744903154,0,Interleaved
251,51,0,0.6033625744488019,0.6044991669789475,0,Interleaved
252,52,0,0.05966468141611834,0.6117071195289226,0,Interleaved
253,53,0,0.517345439660149,0.7645260619085823,0,Interleaved
254,54,0,0.01412312138281998,0.5343433580443797,0,Interleaved
255,55,0,0.5041792165091349,0.5028460484440265,0,Interleaved
256,56,0,0.14840978662752224,0.5898256971013955,0,Interleaved
257,57,0,0.7103987573658169,0.45787959069593803,0,Interleaved
258,58,0,0.8883008175511391,0.7112135769783985,0,Interleaved
259,59,0,0.41025101659355867,0.7101858231330158,0,Interleaved
260,60,0,0.9222147838228011,0.46252954223599635,0,Interleaved
261,61,0,0.2815693856566328,0.6340754089051224,0,Interleaved
262,62,0,0.49483009951155765,0.5429577840234592,0,Interleaved
263,63,0,0.6988307709580523,0.5000141549787294,0,Interleaved
264,64,0,0.7548057619980066,0.5584929061227483,0,Interleaved
265,65,0,0.22633683630399315,0.5824179155989202,0,Interleaved
266,66,0,0.5288172032563468,0.5651256652312729,0,Interleaved
267,67,0,0.5195543567253922,0.41604991003027947,0,Interleaved
268,68,0,0.014170629044598548,0.7319009127572329,0,Interleaved
269,69,0,0.41350645946612913,0.6643607494333628,0,Interleaved
270,70,0,0.02043752767391843,0.7728207733232434,0,Interleaved
271,71,0,0.7995731935747618,0.552865759808828,0,Interleaved
272,72,0,0.7022352507156742,0.6775598771213038,0,Interleaved
273,73,0,0.4579989880853446,0.5450627680457176,0,Interleaved
274,74,0,0.2065646901524957,0.6994875413412109,0,Interleaved
275,75,0,0.5201751296569455,0.7048870019924034,0,Interleaved
276,76,0,0.02517299469741633,0.7204317563401728,0,Interleaved
277,77,0,0.4771086239649372,0.4683716147117797,0,Interleaved
278,78,0,0.9776460309551189,0.38744957138418423,0,Interleaved
279,79,0,0.5046389117649112,0.5354555416781721,0,Interleaved
280,80,0,0.39333273705063965,0.6306157214059587,0,Interleaved
281,81,0,0.4741590760693157,0.5438172027395971,0,Interleaved
282,82,0,0.8934334083410296,0.390293511321816,0,Interleaved
283,83,0,0.4739297846297083,0.49840681569324785,0,Interleaved
284,84,0,0.6713539837046258,0.47089913761757873,0,Interleaved
285,85,0,0.5786822111746412,0.5246815276139679,0,Interleaved
286,86,0,0.6000580800399374,0.4515689765983244,0,Interleaved
287,87,0,0.5651690212001987,0.5575596808061698,0,Interleaved
288,88,0,0.2657163214693076,0.6169659981784681,0,Interleaved
289,89,0,0.5015462388043581,0.6289814912231204,0,Interleaved
290,90,0,0.9513724212936387,0.4963991732029072,0,Interleaved
291,91,0,0.730995008092417,0.512674969085822,0,Interleaved
292,92,0,0.2096567116225879,0.7394690324640458,0,Interleaved
293,93,0,0.6749738004759895,0.3505816059736282,0,Interleaved
294,94,0,0.4229685261589302,0.6118291126294142,0,Interleaved
295,95,0,0.47767086588738233,0.5463418384712081,0,Interleaved
296,96,0,0.37482330205563813,0.6378330161944434,0,Interleaved
297,97,0,0.4243739976477263,0.6931158664380824,0,Interleaved
298,98,0,0.939980429891452,0.6126824455749503,0,Interleaved
299,99,0,0.4978827274487308,0.7315917452770853,0,Interleaved
300,100,0,0.028989535585488745,0.6764899738792168,0,Interleaved
301,101,0,0.5890199233961737,0.4878723164225154,0,Interleaved
302,102,0,0.4224579198277937,0.44803724588964006,0,Interleaved
303,103,0,0.8714296806895772,0.5804710634209833,0,Interleaved
304,104,0,0.07958488871920581,0.5272222244774831,0,Interleaved
305,105,0,0.838561173709214,0.5956934050598073,0,Interleaved
306,106,0,0.7800098434039267,0.47011971422507914,0,Interleaved
307,107,0,0.4176776960070383,0.5443210060864823,0,Interleaved
308,108,0,0.7123927276250673,0.5050770172661984,0,Interleaved
309,109,0,0.5200761629879436,0.4957725819188472,0,Interleaved
310,110,0,0.961835034179862,0.4396791485943481,0,Interleaved
311,111,0,0.5988610813049972,0.3874278289288562,0,Interleaved
312,112,0,0.4685202518199077,0.6016460817560132,0,Interleaved
313,113,0,0.534858335465334,0.5304519689382934,0,Interleaved
314,114,0,0.009973535326258224,0.8439021569917096,0,Interleaved
315,115,0,0.5384320436835748,0.4842228971094099,0,Interleaved
316,116,0,0.04352219214456319,0.695395089705196,0,Interleaved
317,117,0,0.6867849884799822,0.5824695558056256,0,Interleaved
318,118,0,0.7582586543979665,0.41032020107182354,0,Interleaved
319,119,0,0.5273825965701782,0.5141401763885401,0,Interleaved
320,120,0,0.4231616900389934,0.5223989065962333,0,Interleaved
321,121,0,0.5200838696851677,0.47935994662845827,0,Interleaved
322,122,0,0.08124548613818722,0.6141702155070798,0,Interleaved
323,123,0,0.39696005077696717,0.30824513105194645,0,Interleaved
324,124,0,0.5167483442563442,0.33639007171834656,0,Interleaved
325,125,0,0.3511015386541168,0.6765333891054975,0,Interleaved
326,126,0,0.44520109221951243,0.5168014508068481,0,Interleaved
327,127,0,0.5737380342649545,0.5396392791436433,0,Interleaved
328,128,0,0.8608982927108102,0.5085788626399427,0,Interleaved
329,129,0,0.5009301456436871,0.6555000532284595,0,Interleaved
330,130,0,0.0068185761084625564,0.6667196409945193,0,Interleaved
331,131,0,0.3326676181075397,0.4046023403225374,0,Interleaved
332,132,0,0.14633206300093757,0.4809306141824106,0,Interleaved
333,133,0,0.20078665455727704,0.6126520608150117,0,Interleaved
334,134,0,0.07445288522869767,0.5033914272170176,0,Interleaved
335,135,0,0.2934361656709177,0.54936874496925,0,Interleaved
336,136,0,0.17414582759796432,0.4465295815698306,0,Interleaved
337,137,0,0.8083880741597459,0.42885288013927836,0,Interleaved
338,138,0,0.3287303687459383,0.6904375763973929,0,Interleaved
339,139,0,0.5046740902810715,0.680093447723004,0,Interleaved
340,140,0,0.011757882147921679,0.6391496370616752,0,Interleaved
341,141,0,0.5249763083192331,0.4932423167961974,0,Interleaved
342,142,0,0.037232596921537985,0.5592688052312949,0,Interleaved
343,143,0,0.5291612936812948,0.5441731708927309,0,Interleaved
344,144,0,0.9741386207517674,0.4987411474106067,0,Interleaved
345,145,0,0.5374094525997807,0.48458199434779026,0,Interleaved
346,146,0,0.3484145089435927,0.33117125226526833,0,Interleaved
347,147,0,0.5329741466677407,0.5685962095635833,0,Interleaved
348,148,0,0.26407756540337946,0.5359655468240827,0,Interleaved
349,149,0,0.6762883978080586,0.35738008374683133,0,Interleaved
350,150,0,0.538749471480241,0.39010792860345617,0,Interleaved
351,151,0,0.3713788818807897,0.5399527924813615,0,Interleaved
352,152,0,0.8482289862349939,0.5234471174629745,0,Interleaved
353,153,0,0.4960284546818179,0.4826212926776017,0,Interleaved
354,154,0,0.7097431526090912,0.4729699286356098,0,Interleaved
355,155,0,0.6772869407592249,0.426037350846587,0,Interleaved
356,156,0,0.9358718943180182,0.43520883154593293,0,Interleaved
357,157,0,0.8128977240286606,0.5869429975627669,0,Interleaved
358,158,0,0.48360639326729665,0.5339780070928685,0,Interleaved
359,159,0,0.6003163970405132,0.4430778859006253,0,Interleaved
360,160,0,0.5247155398165059,0.3665759241971985,0,Interleaved
361,161,0,0.14119755862197808,0.6528198050696987,0,Interleaved
362,162,0,0.535003358783653,0.4016758101312014,0,Interleaved
363,163,0,0.5168397198749677,0.7410832983688604,0,Interleaved
364,164,0,0.4483302735836019,0.6985177948362924,0,Interleaved
365,165,0,0.34182910155424917,0.5176197507827264,0,Interleaved
366,166,0,0.4701162978066871,0.6098035533323549,0,Interleaved
367,167,0,0.6531481959456807,0.8333177328364112,0,Interleaved
368,168,0,0.2926874781224072,0.5412576984584967,0,Interleaved
369,169,0,0.6199097767459,0.47865499730841216,0,Interleaved
370,170,0,0.14353628570331425,0.531811145300966,0,Interleaved
371,171,0,0.4451156745256802,0.5931498586813282,0,Interleaved
372,172,0,0.6328748272710543,0.4446377645833253,0,Interleaved
373,173,0,0.5748254730995505,0.5007048204622482,0,Interleaved
374,174,0,0.6119220759603761,0.6966651827466812,0,Interleaved
375,175,0,0.5106236893441969,0.6639055615692113,0,Interleaved
376,176,0,0.5365965708598226,0.6022375366733685,0,Interleaved
377,177,0,0.9153365890536682,0.718185858259148,0,Interleaved
378,178,0,0.030729413249339924,0.542547139627318,0,Interleaved
379,179,0,0.15135606727301312,0.738369675519694,0,Interleaved
380,180,0,0.47819567882409375,0.5475315453089707,0,Interleaved
381,181,0,0.5613351981876216,0.7776095729982629,0,Interleaved
382,182,0,0.4624731974069138,0.5969732925899891,0,Interleaved
383,183,0,0.10358412777951886,0.887915223965714,0,Interleaved
384,184,0,0.08907076008908225,0.5357192980745007,0,Interleaved
385,185,0,0.9152225526000559,0.4421730771737268,0,Interleaved
386,186,0,0.713540307539146,0.39015011259248866,0,Interleaved
387,187,0,0.7865303831156124,0.40603591745632417,0,Interleaved
388,188,0,0.13909994890846428,0.5946907384912115,0,Interleaved
389,189,0,0.6018068066866991,0.5944602694116853,0,Interleaved
390,190,0,0.1687880798082588,0.8796891437386074,0,Interleaved
391,191,0,0.4382930029325697,0.5112149032549191,0,Interleaved
392,192,0,0.24051744209348294,0.637235130877557,0,Interleaved
393,193,0,0.40692157249091165,0.6916138243364323,0,Interleaved
394,194,0,0.9367764552674807,0.4534357406392533,0,Interleaved
395,195,0,0.5075075199881076,0.6827300839304447,0,Interleaved
396,196,0,0.07451186611197058,0.8170849456763278,0,Interleaved
397,197,0,0.3561484431991368,0.7274881508534987,0,Interleaved
398,198,0,0.4932472643771075,0.655166606010532,0,Interleaved
399,199,0,0.42142876507616944,0.5648290496827573,0,Interleaved
400,0,0,0.327702702181724,0.8395878050980168,0,Instructed
401,1,0,0.6006647768986315,0.5473890091051176,0,Instructed
402,2,0,0.5164959488462669,0.7421250727436621,0,Instructed
403,3,0,0.5150505175762361,0.7296416917866042,0,Instructed
404,4,0,0.9453391421544118,0.5930488988184052,0,Instructed
405,5,0,0.30101325074381013,0.5565513434182532,0,Instructed
406,6,0,0.8365457992574916,0.43640517258669176,0,Instructed
407,7,0,0.5065871392305824,0.4537679899743034,0,Instructed
408,8,0,0.215450361789111,0.5557883068317907,0,Instructed
409,9,0,0.40091842330584465,0.6078883134037936,0,Instructed
410,10,0,0.4040082022412632,0.51627597241215,0,Instructed
411,11,0,0.5143531598999047,0.6394039257060454,0,Instructed
412,12,0,0.45409809534607726,0.4559848939091047,0,Instructed
413,13,0,0.5154959324993114,0.40110742175289044,0,Instructed
414,14,0,0.348829188007098,1.0764477635999594,0,Instructed
415,15,0,0.45713931912467176,0.6629782081013504,0,Instructed
416,16,0,0.8622046207826559,0.678095966112916,0,Instructed
417,17,0,0.14499490040242058,0.8681299499266455,0,Instructed
418,18,0,0.3105565700485363,0.4063403829528337,0,Instructed
419,19,0,0.4159567737847545,0.6754685765389696,0,Instructed
420,20,0,0.5476550153952525,0.45334840313745417,0,Instructed
421,21,0,0.9559615176831824,0.4430069955549608,0,Instructed
422,22,0,0.9883925518670491,0.7209789721424869,0,Instructed
423,23,0,0.6358033566355951,0.42295383410277765,0,Instructed
424,24,0,0.7776562348328663,0.41863681110005446,0,Instructed
425,25,0,0.6904477670084013,0.5465786138432234,0,Instructed
426,26,0,0.5421864993986323,0.5315569679034848,0,Instructed
427,27,0,0.4797568068119805,0.5724827059032913,0,Instructed
428,28,0,0.691239350856291,0.4345034928023259,0,Instructed
429,29,0,0.5704814469340791,0.42195400373748915,0,Instructed
430,30,0,0.0005555576264454695,1.2612965748881901,0,Instructed
431,31,0,0.9175994084698151,0.48978684005055956,0,Instructed
432,32,0,0.41002255023051487,0.6777350395500883,0,Instructed
433,33,0,0.5378756255333952,0.5236015660307729,0,Instructed
434,34,0,0.8197708984136372,0.3532275746458483,0,Instructed
435,35,0,0.1730726132144006,0.6036421473888571,0,Instructed
436,36,0,0.6232205871661642,0.5685124999809641,0,Instructed
437,37,0,0.4917423036836705,0.5907176478857383,0,Instructed
438,38,0,0.31740360716495636,0.5827899631749934,0,Instructed
439,39,0,0.49003042172378247,0.6104658560352039,0,Instructed
440,40,0,0.3452241461742791,0.5085941217294475,0,Instructed
441,41,0,0.43520757589149955,0.6126630462134383,0,Instructed
442,42,0,0.2466719613207578,0.41694023342637143,0,Instructed
443,43,0,0.6074184748815941,0.42887562760444525,0,Instructed
444,44,0,0.4891658271248408,0.48733283017510565,0,Instructed
445,45,0,0.6774216686875194,0.5223669867729528,0,Instructed
446,46,0,0.4671424991807366,0.5368471928776531,0,Instructed
447,47,0,0.9788866539616607,0.785639803589493,0,Instructed
448,48,0,0.4635924259313492,0.5245595268201435,0,Instructed
449,49,0,0.7231966383447951,0.9169329479505404,0,Instructed
450,50,0,0.45837273350923213,0.647230325786035,0,Instructed
451,51,0,0.38992672382365684,0.5726195173037,0,Instructed
452,52,0,0.6418891224477642,0.5203008630984544,0,Instructed
453,53,0,0.016517654965797858,0.8750104018829424,0,Instructed
454,54,0,0.26013021670477326,0.4507767528742558,0,Instructed
455,55,0,0.5041718193424587,0.8728002418640058,0,Instructed
456,56,0,0.3252200899275188,0.6819305299917398,0,Instructed
457,57,0,0.9647023149315914,0.5465316795191898,0,Instructed
458,58,0,0.26534573511002846,0.47937254121669787,0,Instructed
459,59,0,0.3594095093548473,0.6735460425832126,0,Instructed
460,60,0,0.3434439637157858,0.4842506293588358,0,Instructed
461,61,0,0.5713797013846836,1.212745003023833,0,Instructed
462,62,0,0.5522945553350658,0.5180570753487972,0,Instructed
463,63,0,0.5499087219564319,0.5106154107158921,0,Instructed
464,64,0,0.5364731033476963,0.5811583353417609,0,Instructed
465,65,0,0.6191631978023133,0.6000430339661984,0,Instructed
466,66,0,0.6040780048063724,0.5919738603215036,0,Instructed
467,67,0,0.04251013978590613,0.5944959090574949,0,Instructed
468,68,0,0.8889429573319694,0.6026284021776631,0,Instructed
469,69,0,0.5974797095554505,0.45351693192974957,0,Instructed
470,70,0,0.3373963181922006,0.46554780450438304,0,Instructed
471,71,0,0.3518417395878393,0.4268931909558278,0,Instructed
472,72,0,0.03688959627825155,0.7381515816091611,0,Instructed
473,73,0,0.6007538175216851,0.6189237987594753,0,Instructed
474,74,0,0.34200090890202034,0.5539311244716505,0,Instructed
475,75,0,0.5253490948077045,0.6344986597557223,0,Instructed
476,76,0,0.4046111821409683,0.554221931798407,0,Instructed
477,77,0,0.14840714428810728,0.6388292076863984,0,Instructed
478,78,0,0.3634234305450938,0.4068933832412087,0,Instructed
479,79,0,0.7258075812744966,0.42612050629948783,0,Instructed
480,80,0,0.48080235172271824,0.39362204760606223,0,Instructed
481,81,0,0.3013772755962065,0.7206390119229844,0,Instructed
482,82,0,0.17491924181996454,0.6073663693161964,0,Instructed
483,83,0,0.16533309081871636,0.524123853953659,0,Instructed
484,84,0,0.2768725975322136,0.4316612812352793,0,Instructed
485,85,0,0.31566928505034647,0.48325425444306724,0,Instructed
486,86,0,0.19402714879860675,0.5891294311775939,0,Instructed
487,87,0,0.37314595659685745,0.4911504248643901,0,Instructed
488,88,0,0.47051865521906155,0.5090062192836015,0,Instructed
489,89,0,0.5590706787198011,0.5813807218684611,0,Instructed
490,90,0,0.8587743511546015,0.5697670613943135,0,Instructed
491,91,0,0.771083627532854,0.41429801616689577,0,Instructed
492,92,0,0.008417622522360349,0.8899910594173863,0,Instructed
493,93,0,0.505891540993954,0.7251326830885698,0,Instructed
494,94,0,0.6349521384272955,0.5009560594882965,0,Instructed
495,95,0,0.1906776695111245,0.4811367284069422,0,Instructed
496,96,0,0.9911253761553249,0.45989098342633483,0,Instructed
497,97,0,0.40053600400531053,0.4933310038783477,0,Instructed
498,98,0,0.351789040424648,0.6056707622444667,0,Instructed
499,99,0,0.5971842146450624,0.6284519806386344,0,Instructed
500,100,0,0.8958028745906388,0.45890179838713074,0,Instructed
501,101,0,0.4627414076825944,0.3753613212721789,0,Instructed
502,102,0,0.08540479626343311,0.5425544366532317,0,Instructed
503,103,0,0.8342528971828149,0.4241001732047222,0,Instructed
504,104,0,0.16643092647743926,0.6211478733108224,0,Instructed
505,105,0,0.42092267980012643,0.4633576672411266,0,Instructed
506,106,0,0.7375272641130798,0.44988775688816124,0,Instructed
507,107,0,0.2860750509953508,1.1883572607281112,0,Instructed
508,108,0,0.539605956153429,0.5975534886293083,0,Instructed
509,109,0,0.7462858564908155,0.7268554113048431,0,Instructed
510,110,0,0.5691894712861607,0.5734000783530165,0,Instructed
511,111,0,0.536259425564636,0.5020778478966416,0,Instructed
512,112,0,0.290104558000656,0.44807272838450785,0,Instructed
513,113,0,0.4986292417987746,0.7465292979598216,0,Instructed
514,114,0,0.48619569291877685,0.7075108839043571,0,Instructed
515,115,0,0.544179102855538,0.6730082257494646,0,Instructed
516,116,0,0.029075191045748468,0.596137247413016,0,Instructed
517,117,0,0.33436173122440443,0.7521855231873472,0,Instructed
518,118,0,0.985389123117745,0.6354731198676142,0,Instructed
519,119,0,0.5081718514237578,0.667247926551371,0,Instructed
520,120,0,0.5609794126715841,0.7078568976714897,0,Instructed
521,121,0,0.6934694482311718,0.5723327520152739,0,Instructed
522,122,0,0.5092837472503282,0.5148322520089628,0,Instructed
523,123,0,0.7869576007055865,0.5396268653246022,0,Instructed
524,124,0,0.32308419347665324,0.7170581246151388,0,Instructed
525,125,0,0.914242395458818,0.7041618534011069,0,Instructed
526,126,0,0.923122158265659,0.39859183624647004,0,Instructed
527,127,0,0.6584694999660394,0.47052595969817385,0,Instructed
528,128,0,0.4114527659199977,0.5428415204304384,0,Instructed
529,129,0,0.6612327447959407,0.5509723314181968,0,Instructed
530,130,0,0.6490717598164893,0.5031057703541179,0,Instructed
531,131,0,0.2590720772883535,0.6798604590663228,0,Instructed
532,132,0,0.9187779599195629,0.35400361894365495,0,Instructed
533,133,0,0.6139263326562474,0.7230868996488109,0,Instructed
534,134,0,0.6555627891851659,0.6832755666602446,0,Instructed
535,135,0,0.24152875939726007,0.5690130616158553,0,Instructed
536,136,0,0.839628790778951,0.7586482382231726,0,Instructed
537,137,0,0.7012765115594427,0.44349189654293897,0,Instructed
538,138,0,0.6560443493753306,0.556424623594606,0,Instructed
539,139,0,0.7040458406747545,0.4996488789157652,0,Instructed
540,140,0,0.7746366091634306,0.3970858639249729,0,Instructed
541,141,0,0.09971144817864847,0.7786837025790867,0,Instructed
542,142,0,0.5002096943764711,0.42017936832668956,0,Instructed
543,143,0,0.6005794714836203,0.6540102067788018,0,Instructed
544,144,0,0.3065488725900353,0.5816626618949476,0,Instructed
545,145,0,0.22705599451472722,0.5267956807026009,0,Instructed
546,146,0,0.965045435291565,0.6118067513885248,0,Instructed
547,147,0,0.9524714719563179,0.5127014628933076,0,Instructed
548,148,0,0.11403799561697238,0.5793804579142406,0,Instructed
549,149,0,0.5498911895895431,0.540097106422992,0,Instructed
550,150,0,0.8052674538038738,0.5047750909480604,0,Instructed
551,151,0,0.5624507669075782,0.3374115842316643,0,Instructed
552,152,0,0.7441817762808354,0.39171949437088094,0,Instructed
553,153,0,0.44110360568745144,0.5833001974401684,0,Instructed
554,154,0,0.10672261368796473,0.7255726151377968,0,Instructed
555,155,0,0.5439858384236311,0.5046577301313585,0,Instructed
556,156,0,0.12187133645885334,0.6655347713814919,0,Instructed
557,157,0,0.31934011400680024,0.6627541959226582,0,Instructed
558,158,0,0.9941749158670881,0.5177035976414982,0,Instructed
559,159,0,0.7162056572570397,0.5300703877133368,0,Instructed
560,160,0,0.47803614992128074,0.5459650472234346,0,Instructed
561,161,0,0.9506992324554225,0.49269185583130726,0,Instructed
562,162,0,0.619753447277796,0.5483137881563453,0,Instructed
563,163,0,0.23490026126787267,0.44456579725456463,0,Instructed
564,164,0,0.18053291652853493,0.5060571815105751,0,Instructed
565,165,0,0.8880866606791116,0.45267019411879045,0,Instructed
566,166,0,0.3139181608474798,0.4179364211156765,0,Instructed
567,167,0,0.47865954443104025,0.5069410999146705,0,Instructed
568,168,0,0.4572567295409207,0.40767300925470196,0,Instructed
569,169,0,0.7995014357008524,0.42904782708849004,0,Instructed
570,170,0,0.26243738894280344,0.6623576088274362,0,Instructed
571,171,0,0.8628206980728923,0.48232112045476394,0,Instructed
572,172,0,0.5601021543711677,0.5535106347462213,0,Instructed
573,173,0,0.015285613051261358,0.5035406499839739,0,Instructed
574,174,0,0.9740960565432355,0.4557622000711242,0,Instructed
575,175,0,0.6676740631478313,0.5057960207210485,0,Instructed
576,176,0,0.7140760223051092,0.4014189569331224,0,Instructed
577,177,0,0.3771025291573694,0.38946189455701563,0,Instructed
578,178,0,0.6429669972840869,0.7061915528709785,0,Instructed
579,179,0,0.6569319087255131,0.5148850256939924,0,Instructed
580,180,0,0.37442386722156795,0.5723654128238203,0,Instructed
581,181,0,0.6907071440455819,0.4274239234573147,0,Instructed
582,182,0,0.8753060426491797,0.40298513432601335,0,Instructed
583,183,0,0.9951252406628996,0.5535287215762947,0,Instructed
584,184,0,0.9526561800381421,0.43286831742414866,0,Instructed
585,185,0,0.6254056423602146,0.36481506420381643,0,Instructed
586,186,0,0.5321168834592558,0.3835102159882371,0,Instructed
587,187,0,0.14017764816696843,0.4766548674193346,0,Instructed
588,188,0,0.4718797615536607,0.46431814249457604,0,Instructed
589,189,0,0.48405758282282924,0.426726986700833,0,Instructed
590,190,0,0.4486189679826498,0.5164115372951337,0,Instructed
591,191,0,0.47548969673720104,0.5268337385373663,0,Instructed
592,192,0,0.4529739545447851,0.40920845667617545,0,Instructed
593,193,0,0.47683902742725026,0.5010720034799754,0,Instructed
594,194,0,0.7249177944105205,0.503139723016967,0,Instructed
595,195,0,0.7180219401337039,0.5842434565326223,0,Instructed
596,196,0,0.4457270187167406,0.3733574416320664,0,Instructed
597,197,0,0.7314851675581349,0.4987808222638664,0,Instructed
598,198,0,0.3366501748969007,0.5257266621522871,0,Instructed
599,199,0,0.07224694774934742,0.6685390448334008,0,Instructed
600,0,0,0.21443640110022658,0.6921252881504254,1,Blocked
601,1,0,0.8039170302899845,0.47522790487001076,1,Blocked
602,2,0,0.05671289050987108,0.515806815529285,1,Blocked
603,3,0,0.48748994948434654,0.6887384211389782,1,Blocked
604,4,0,0.03892869274586328,0.6341391848109438,1,Blocked
605,5,0,0.17470431751081444,0.7585777863907721,1,Blocked
606,6,0,0.6862962042870178,0.7571275474704683,1,Blocked
607,7,0,0.7252249528410801,0.5954667207844079,1,Blocked
608,8,0,0.28950478036701227,0.5194014663771518,1,Blocked
609,9,0,0.643025002448471,0.6107266187030648,1,Blocked
610,10,0,0.9338075810481667,0.32345776737636434,1,Blocked
611,11,0,0.1712112739288811,0.5645310510453171,1,Blocked
612,12,0,0.7280340035058566,0.46708099556354904,1,Blocked
613,13,0,0.6333326977731768,0.479162109530783,1,Blocked
614,14,0,0.5232646100131702,0.6238361300627687,1,Blocked
615,15,0,0.8951668291128254,0.45236752221305854,1,Blocked
616,16,0,0.0523340650007814,0.5317369274792212,1,Blocked
617,17,0,0.1404391665457693,0.6029077357924455,1,Blocked
618,18,0,0.0637894602010857,0.5603053567005418,1,Blocked
619,19,0,0.9566003971886858,0.4923425922032809,1,Blocked
620,20,0,0.7788067318099492,0.6981591233168436,1,Blocked
621,21,0,0.5172414321541118,0.6087757216629011,1,Blocked
622,22,0,0.5148058130880215,0.6274427861477524,1,Blocked
623,23,0,0.532436288770213,0.5077365618297796,1,Blocked
624,24,0,0.5921417886650656,0.4440865351924257,1,Blocked
625,25,0,0.5517819198205602,0.3541760041754062,1,Blocked
626,26,0,0.5153662860844084,0.46250979825200206,1,Blocked
627,27,0,0.6779112457861937,0.5146595006876908,1,Blocked
628,28,0,0.9072438485875831,0.6174602969715022,1,Blocked
629,29,0,0.43866795833043626,0.3842346493920825,1,Blocked
630,30,0,0.48608960288692243,0.6347007166499522,1,Blocked
631,31,0,0.3740029303360629,0.47835809591358375,1,Blocked
632,32,0,0.7308265451405215,0.6828100930917789,1,Blocked
633,33,0,0.507899460158205,0.6350573703813536,1,Blocked
634,34,0,0.3946040411119094,0.3483400951471225,1,Blocked
635,35,0,0.8880379470634607,0.7059640853293752,1,Blocked
636,36,0,0.42772217974408033,0.586154849321616,1,Blocked
637,37,0,0.858810925482097,0.4252419948524817,1,Blocked
638,38,0,0.595904469506108,0.5031731091861096,1,Blocked
639,39,0,0.11931082221584573,0.7337739628499212,1,Blocked
640,40,0,0.3213414174997229,0.8180733261584505,1,Blocked
641,41,0,0.09553899996596596,0.7576702825589601,1,Blocked
642,42,0,0.15556413381275808,0.5937324677670475,1,Blocked
643,43,0,0.7655533930295197,0.5344852132594549,1,Blocked
644,44,0,0.769924607633706,0.5082544532798993,1,Blocked
645,45,0,0.8581757410227009,0.42393800179544516,1,Blocked
646,46,0,0.5003277063145413,0.5567440503770582,1,Blocked
647,47,0,0.5951541360876552,0.5672703658454983,1,Blocked
648,48,0,0.1933285354453628,0.5233896823705406,1,Blocked
649,49,0,0.43655332810224434,0.7627865568253361,1,Blocked
650,50,0,0.5113703981268369,0.5487815350509966,1,Blocked
651,51,0,0.44508750978012385,0.6215164051820202,1,Blocked
652,52,0,0.34551490051979017,0.643770212530572,1,Blocked
653,53,0,0.7643485051325821,0.4555501635018868,1,Blocked
654,54,0,0.8582456768856497,0.41582635388857325,1,Blocked
655,55,0,0.11695176720205032,0.5353874174397343,1,Blocked
656,56,0,0.3096389279674251,0.37747224233709537,1,Blocked
657,57,0,0.582791757728615,0.6171427770235955,1,Blocked
658,58,0,0.27115997677131204,0.6804178638158858,1,Blocked
659,59,0,0.3769514340508387,0.5863063265388644,1,Blocked
660,60,0,0.22694062953906638,0.5054761091339885,1,Blocked
661,61,0,0.7143238872399011,0.5217058706121271,1,Blocked
662,62,0,0.668719102043954,0.5980819333648404,1,Blocked
663,63,0,0.6323764575018379,0.3364134020175805,1,Blocked
664,64,0,0.527430249346747,0.47146518500865964,1,Blocked
665,65,0,0.5059671054113649,0.3848220285884282,1,Blocked
666,66,0,0.5200799563399341,0.5290051594384443,1,Blocked
667,67,0,0.6520442989038222,0.5649833379488869,1,Blocked
668,68,0,0.9739118934681861,0.7263742833892008,1,Blocked
669,69,0,0.5372654370789903,0.34700036547300245,1,Blocked
670,70,0,0.495185763737521,0.7740510983122841,1,Blocked
671,71,0,0.7441545477496326,0.5176634026405005,1,Blocked
672,72,0,0.1129248136860144,0.7220013978909747,1,Blocked
673,73,0,0.7619613543770305,0.4519760742749951,1,Blocked
674,74,0,0.10377111515352866,0.6223593376489687,1,Blocked
675,75,0,0.7063512578553462,0.7125406555401975,1,Blocked
676,76,0,0.5749352626670456,0.643594471053363,1,Blocked
677,77,0,0.3719570992987853,0.6081888753697888,1,Blocked
678,78,0,0.5231042022896447,0.6022822897582818,1,Blocked
679,79,0,0.6488259720043198,0.38422596997681546,1,Blocked
680,80,0,0.8451494983725287,0.5141742409022884,1,Blocked
681,81,0,0.40803699903255713,0.5430645256294466,1,Blocked
682,82,0,0.598416999196256,0.5799123719134549,1,Blocked
683,83,0,0.8430359561333649,0.433054919635979,1,Blocked
684,84,0,0.4755739701955687,0.5351697376201312,1,Blocked
685,85,0,0.15635459698892482,0.5538384572089152,1,Blocked
686,86,0,0.8569620613824172,0.6361068378735606,1,Blocked
687,87,0,0.4927512542684789,0.553524690087383,1,Blocked
688,88,0,0.7896827274554398,0.6028256041347845,1,Blocked
689,89,0,0.5563708434943381,0.45240645880294067,1,Blocked
690,90,0,0.498120923460965,0.6855821935471804,1,Blocked
691,91,0,0.6364041203868902,0.5217065090322565,1,Blocked
692,92,0,0.7384825120904586,0.4759009032960887,1,Blocked
693,93,0,0.5323547351800824,0.4894497221481013,1,Blocked
694,94,0,0.514355253652489,0.38627288696658835,1,Blocked
695,95,0,0.7682385892995063,0.5954918994016832,1,Blocked
696,96,0,0.0830000299239301,0.5066203194747647,1,Blocked
697,97,0,0.16542880572527285,0.6407765273479418,1,Blocked
698,98,0,0.8199131059720777,0.5414373675539085,1,Blocked
699,99,0,0.9021423950672305,0.5129122126650146,1,Blocked
700,100,0,0.529464641606022,0.39561122270651733,1,Blocked
701,101,0,0.8563642499191321,0.5309572869490844,1,Blocked
702,102,0,0.3838173345949436,0.72553222386985,1,Blocked
703,103,0,0.5082416180221238,0.45876873487603276,1,Blocked
704,104,0,0.5077838208481964,0.5892191634037234,1,Blocked
705,105,0,0.7945283660002802,0.49479293407975034,1,Blocked
706,106,0,0.5801887752445957,0.62162520556527,1,Blocked
707,107,0,0.7178487105858307,0.47044662737014337,1,Blocked
708,108,0,0.33315892855301593,0.5993961494279422,1,Blocked
709,109,0,0.4444510029337136,0.6398528957340857,1,Blocked
710,110,0,0.34634403134908,0.5997017270443583,1,Blocked
711,111,0,0.5640672878568155,0.6770476376777665,1,Blocked
712,112,0,0.05086118289465785,0.5401319298675875,1,Blocked
713,113,0,0.5277821239681493,0.7596774882639576,1,Blocked
714,114,0,0.5482647482850089,0.4799663097797926,1,Blocked
715,115,0,0.5851261123837248,0.6473129324016238,1,Blocked
716,116,0,0.6315903709406832,0.5296101685509065,1,Blocked
717,117,0,0.8142246637651103,0.4358382189318425,1,Blocked
718,118,0,0.16517285126410014,0.5661827625544271,1,Blocked
719,119,0,0.5881684010995101,0.5762911183346907,1,Blocked
720,120,0,0.7428190322381354,0.4253980417301386,1,Blocked
721,121,0,0.9622886597823846,0.813449412111954,1,Blocked
722,122,0,0.18628711823435612,0.44715487269902626,1,Blocked
723,123,0,0.44821218107259075,0.5834606266944744,1,Blocked
724,124,0,0.44675159457418434,0.5486290914044369,1,Blocked
725,125,0,0.3462135480560681,0.5423170549885007,1,Blocked
726,126,0,0.16530175602734523,0.5492363050543798,1,Blocked
727,127,0,0.39066693246878526,0.4707474084713478,1,Blocked
728,128,0,0.5680676662116656,0.48303991027780124,1,Blocked
729,129,0,0.741706261506178,0.49473509560919415,1,Blocked
730,130,0,0.45909801772460557,0.4825118467518309,1,Blocked
731,131,0,0.8755882444723924,0.5433317128882823,1,Blocked
732,132,0,0.36385219295893945,0.6986382432819283,1,Blocked
733,133,0,0.47785723484578413,0.7572002483600065,1,Blocked
734,134,0,0.3437605757078573,0.6806885236674011,1,Blocked
735,135,0,0.22416399444288157,0.7153314675529887,1,Blocked
736,136,0,0.7605735516660281,0.45945093129200154,1,Blocked
737,137,0,0.36664102146095423,0.4437098985359634,1,Blocked
738,138,0,0.4918569162063447,0.5010398476284268,1,Blocked
739,139,0,0.6117929282927608,0.5658912776917924,1,Blocked
740,140,0,0.48772324000824935,0.582688602895973,1,Blocked
741,141,0,0.9495675016472738,0.35881540261975015,1,Blocked
742,142,0,0.9843639463787563,0.32341356277809175,1,Blocked
743,143,0,0.8742688565219237,0.46501381515763457,1,Blocked
744,144,0,0.1731840716936725,0.5628678145963337,1,Blocked
745,145,0,0.3870027024341189,0.6569062997437778,1,Blocked
746,146,0,0.9279576651037655,0.526682691053058,1,Blocked
747,147,0,0.9867237280808117,0.44133081324498824,1,Blocked
748,148,0,0.6535116377299459,0.44167742137854143,1,Blocked
749,149,0,0.630774023740653,0.5186546639019698,1,Blocked
750,150,0,0.44741840493995966,0.6511369811461344,1,Blocked
751,151,0,0.281283153084127,0.48447359412547586,1,Blocked
752,152,0,0.056902008498353376,0.628740490950561,1,Blocked
753,153,0,0.5365450984246749,0.5296422212576294,1,Blocked
754,154,0,0.07992656558669006,0.7158857478578586,1,Blocked
755,155,0,0.10353282018392065,0.7505965891717168,1,Blocked
756,156,0,0.6501552220004779,0.5445150217889362,1,Blocked
757,157,0,0.943797776985007,0.45381996237590827,1,Blocked
758,158,0,0.6254661675664729,0.6383762663698496,1,Blocked
759,159,0,0.012325297852076086,0.6500145633818328,1,Blocked
760,160,0,0.9532607163039404,0.4902559422940086,1,Blocked
761,161,0,0.8649216371585005,0.4290911833711817,1,Blocked
762,162,0,0.008776434157680497,0.5971694406492758,1,Blocked
763,163,0,0.2778722926151477,0.6527846455965567,1,Blocked
764,164,0,0.8296588021641955,0.3897180088553309,1,Blocked
765,165,0,0.7515003582164699,0.4538379439878433,1,Blocked
766,166,0,0.6022494213680967,0.5056990658718274,1,Blocked
767,167,0,0.49955489435772826,0.27848355244416384,1,Blocked
768,168,0,0.5615526938174511,0.3884233748708401,1,Blocked
769,169,0,0.5870042669661961,0.675019654896017,1,Blocked
770,170,0,0.23694545314736654,0.5717641764551729,1,Blocked
771,171,0,0.9863851642499792,0.4299986311112306,1,Blocked
772,172,0,0.37363105849127204,0.5165563093111958,1,Blocked
773,173,0,0.4285487842552936,0.4132702945154738,1,Blocked
774,174,0,0.4866914243405896,0.4956231046117314,1,Blocked
775,175,0,0.5097999437185552,0.5404517155457841,1,Blocked
776,176,0,0.5650142243548699,0.4883834452046456,1,Blocked
777,177,0,0.8609575629897137,0.5127484763743073,1,Blocked
778,178,0,0.5829819331576009,0.4170408097066792,1,Blocked
779,179,0,0.3820851672523452,0.7034107061839023,1,Blocked
780,180,0,0.6906299741730153,0.37761460218091086,1,Blocked
781,181,0,0.14586000536611193,0.5154564469154913,1,Blocked
782,182,0,0.3762820180792414,0.534721263969011,1,Blocked
783,183,0,0.3349278244805192,0.5058188006419293,1,Blocked
784,184,0,0.3276475577516822,0.6353043736001602,1,Blocked
785,185,0,0.08100148927245016,0.48161325960129475,1,Blocked
786,186,0,0.6074156319405933,0.3405221424194168,1,Blocked
787,187,0,0.48079878200422443,0.6050553484213399,1,Blocked
788,188,0,0.5103753726660827,0.5038844270390013,1,Blocked
789,189,0,0.8360637071797172,0.39820405067874964,1,Blocked
790,190,0,0.06347169353023885,0.5837655337599431,1,Blocked
791,191,0,0.5487155385935044,0.5211505296964005,1,Blocked
792,192,0,0.5048663441793503,0.46749441494696986,1,Blocked
793,193,0,0.4196039621284451,0.4805358601503962,1,Blocked
794,194,0,0.5810660601683993,0.6896951601906485,1,Blocked
795,195,0,0.513962182609268,0.41147495598021305,1,Blocked
796,196,0,0.8842071881226283,0.48759766875872673,1,Blocked
797,197,0,0.19270389539604404,0.6408270581047548,1,Blocked
798,198,0,0.49991605685407436,0.46192703189408146,1,Blocked
799,199,0,0.547385182344266,0.460699265377586,1,Blocked
800,0,0,0.46640144589089283,0.612254028274402,1,Interleaved
801,1,0,0.1865861360206463,0.6621844038005784,1,Interleaved
802,2,0,0.10859933379278497,0.6424812715118425,1,Interleaved
803,3,0,0.7576374884145242,0.5747739106223546,1,Interleaved
804,4,0,0.3375272972946433,0.6988413120683054,1,Interleaved
805,5,0,0.6514289876416003,0.559007143607319,1,Interleaved
806,6,0,0.6668634819896054,0.5506351604005055,1,Interleaved
807,7,0,0.7344392141522398,0.598857319344606,1,Interleaved
808,8,0,0.9013628981863706,0.4324719240871922,1,Interleaved
809,9,0,0.6596139178140286,0.6452287875588598,1,Interleaved
810,10,0,0.7452882469799638,0.5389648024191697,1,Interleaved
811,11,0,0.410422858883531,0.6135517710639719,1,Interleaved
812,12,0,0.06877853798998657,0.7724296436591067,1,Interleaved
813,13,0,0.5723062233169065,0.5203690982951616,1,Interleaved
814,14,0,0.9129020925660118,0.5155630729206453,1,Interleaved
815,15,0,0.22678912041314836,0.620539038934214,1,Interleaved
816,16,0,0.8904441913096621,0.7514708612872958,1,Interleaved
817,17,0,0.41861727221172595,0.6793360130649571,1,Interleaved
818,18,0,0.6480424761048745,0.8955610917096359,1,Interleaved
819,19,0,0.1546851898723407,0.6519816840338349,1,Interleaved
820,20,0,0.5688196507752198,0.592400801520432,1,Interleaved
821,21,0,0.32251851829776,0.48613837423076656,1,Interleaved
822,22,0,0.008057983627562403,0.9242341504920704,1,Interleaved
823,23,0,0.7779653773650954,0.5468877137098522,1,Interleaved
824,24,0,0.8975375542113184,0.5211408169676082,1,Interleaved
825,25,0,0.506886005416125,0.8136692890135696,1,Interleaved
826,26,0,0.7135876559675645,0.5106405577826121,1,Interleaved
827,27,0,0.11020140350400306,0.794047134019976,1,Interleaved
828,28,0,0.5756769649003692,0.8633562705098694,1,Interleaved
829,29,0,0.4906333934625059,0.5145656448413602,1,Interleaved
830,30,0,0.05219092092800026,0.7583669661182528,1,Interleaved
831,31,0,0.6595192661518713,0.5616336923241771,1,Interleaved
832,32,0,0.9296409658243816,0.7296586003777769,1,Interleaved
833,33,0,0.49541400733162855,0.8203317076500514,1,Interleaved
834,34,0,0.040286078692326165,0.692499916941279,1,Interleaved
835,35,0,0.32872768893743015,0.6150172647670809,1,Interleaved
836,36,0,0.9759256118535697,0.5228025024514273,1,Interleaved
837,37,0,0.2277002132404726,0.7203982325911831,1,Interleaved
838,38,0,0.6554826612293057,0.48585345177438766,1,Interleaved
839,39,0,0.30260933337784274,0.8163152991193346,1,Interleaved
840,40,0,0.4083959428155388,0.5046301540871403,1,Interleaved
841,41,0,0.27854555124377417,0.7644360727662961,1,Interleaved
842,42,0,0.5902258156874928,0.5038449112442216,1,Interleaved
843,43,0,0.4473019721791137,0.7114469012271785,1,Interleaved
844,44,0,0.9684722027116275,0.7113404233791405,1,Interleaved
845,45,0,0.19082661367590106,0.5760025400501281,1,Interleaved
846,46,0,0.4309031158267586,0.7292151040515011,1,Interleaved
847,47,0,0.333721042566114,0.6604779779848153,1,Interleaved
848,48,0,0.9787010191915994,0.5430489214393399,1,Interleaved
849,49,0,0.39458167818029904,0.6430568155771119,1,Interleaved
850,50,0,0.26200990559991044,0.5029148205912737,1,Interleaved
851,51,0,0.42216285697613853,0.44969846452550444,1,Interleaved
852,52,0,0.29010513405942995,0.43894265603559,1,Interleaved
853,53,0,0.6013177887345079,0.48822834126499126,1,Interleaved
854,54,0,0.08845953416079379,0.5558894065420317,1,Interleaved
855,55,0,0.47583057094257986,0.60915127281465,1,Interleaved
856,56,0,0.4495305826773821,0.5374948255331822,1,Interleaved
857,57,0,0.7932207828739626,0.6536307143310429,1,Interleaved
858,58,0,0.7051806889970089,0.5081924007401469,1,Interleaved
859,59,0,0.7317173731926855,0.6048143435679534,1,Interleaved
860,60,0,0.09330446373885828,0.7244604370570403,1,Interleaved
861,61,0,0.3591082601646964,0.43437908071063136,1,Interleaved
862,62,0,0.7558396681245632,0.3932977140378655,1,Interleaved
863,63,0,0.24028973576542018,0.5676427306798038,1,Interleaved
864,64,0,0.5727511275359983,0.5407011425129107,1,Interleaved
865,65,0,0.5099073282409692,0.4631195984849378,1,Interleaved
866,66,0,0.6687962779316627,0.5576863038845989,1,Interleaved
867,67,0,0.49234759623867375,0.7728810111216139,1,Interleaved
868,68,0,0.006766318853301585,0.9370131924059663,1,Interleaved
869,69,0,0.06300474109492951,0.5997720249016161,1,Interleaved
870,70,0,0.11165179838534364,0.7465727011551163,1,Interleaved
871,71,0,0.6699172868041852,0.5476120979250197,1,Interleaved
872,72,0,0.9438073874855488,0.6289754830252008,1,Interleaved
873,73,0,0.8129717104551899,0.6397086429956116,1,Interleaved
874,74,0,0.6156374549053164,0.6325275869357144,1,Interleaved
875,75,0,0.7827330715935651,0.3683426817683187,1,Interleaved
876,76,0,0.8162466342820959,0.4721801400289542,1,Interleaved
877,77,0,0.11686958228075403,0.652724353605541,1,Interleaved
878,78,0,0.8744832395978299,0.4677417499523265,1,Interleaved
879,79,0,0.5238579630472772,0.4944777713684534,1,Interleaved
880,80,0,0.8119150190016927,0.4678817225595603,1,Interleaved
881,81,0,0.7067100993458313,0.7062469621918769,1,Interleaved
882,82,0,0.37584990242088395,0.6265232269743188,1,Interleaved
883,83,0,0.45692885726091353,0.7393653801442592,1,Interleaved
884,84,0,0.9899922659155111,0.530567999787013,1,Interleaved
885,85,0,0.7577913525147085,0.5735621264002018,1,Interleaved
886,86,0,0.5879948701617792,0.5820961487482464,1,Interleaved
887,87,0,0.4583742334464825,1.018273526624749,1,Interleaved
888,88,0,0.6592063784991596,0.5899368695527697,1,Interleaved
889,89,0,0.4923744002132546,0.7393249439028136,1,Interleaved
890,90,0,0.051867325919049544,0.7340314424421273,1,Interleaved
891,91,0,0.4999269123534058,0.7291624248841873,1,Interleaved
892,92,0,0.2491347094244537,0.6465996840272905,1,Interleaved
893,93,0,0.20657561449174688,0.6251034849226247,1,Interleaved
894,94,0,0.5678421982404882,0.48485109040486696,1,Interleaved
895,95,0,0.8083918908188277,0.7532021577051224,1,Interleaved
896,96,0,0.5097034422850488,0.5195545080006554,1,Interleaved
897,97,0,0.942236819927001,0.5430690666374947,1,Interleaved
898,98,0,0.40799548923784723,0.6713002433483579,1,Interleaved
899,99,0,0.5296437846345188,0.6609874457626482,1,Interleaved
900,100,0,0.9679783352260795,0.5242867834543689,1,Interleaved
901,101,0,0.5536341105084265,0.49663519917575577,1,Interleaved
902,102,0,0.013713855231482835,0.5498254398278909,1,Interleaved
903,103,0,0.5483774596456187,0.5346484840068652,1,Interleaved
904,104,0,0.5293221623389449,0.7239367060404946,1,Interleaved
905,105,0,0.2535189730315706,0.6627574715599658,1,Interleaved
906,106,0,0.4762607279146751,0.5620743761762954,1,Interleaved
907,107,0,0.7020332525553061,0.5206133950067235,1,Interleaved
908,108,0,0.8320543771689539,0.5607793569081405,1,Interleaved
909,109,0,0.45039906720048123,0.49638821800367827,1,Interleaved
910,110,0,0.27827489554678875,0.5908780968922669,1,Interleaved
911,111,0,0.8643288260978443,0.4017715890600905,1,Interleaved
912,112,0,0.7523466831847586,0.4540988062818083,1,Interleaved
913,113,0,0.4932860047113557,0.5249433470616128,1,Interleaved
914,114,0,0.6858923945734168,0.5450282443632122,1,Interleaved
915,115,0,0.5082313464270312,0.6229184744210133,1,Interleaved
916,116,0,0.03991512009573892,0.703357174425187,1,Interleaved
917,117,0,0.7454802405288345,0.5789367583211774,1,Interleaved
918,118,0,0.6025760579838435,0.45102058770443854,1,Interleaved
919,119,0,0.1856576218551591,0.5994964321565679,1,Interleaved
920,120,0,0.21816432862006216,0.5885352791390166,1,Interleaved
921,121,0,0.3107877481999809,0.9076054886659282,1,Interleaved
922,122,0,0.01798278715058763,0.6709074492031434,1,Interleaved
923,123,0,0.9214176342991034,0.43292368675634324,1,Interleaved
924,124,0,0.24869382535377144,0.5681097904596802,1,Interleaved
925,125,0,0.4441472956976648,0.4684156295688059,1,Interleaved
926,126,0,0.959876376081745,0.4605074330853617,1,Interleaved
927,127,0,0.4808820940718179,0.5267664147461368,1,Interleaved
928,128,0,0.21541422052383477,0.8318930477841121,1,Interleaved
929,129,0,0.5485480971880234,0.584838791827093,1,Interleaved
930,130,0,0.20768477182551176,0.6099759233329518,1,Interleaved
931,131,0,0.4049582816663985,0.7043894760337008,1,Interleaved
932,132,0,0.058913049042895106,0.6950506079710732,1,Interleaved
933,133,0,0.24233968797873548,0.6034481701596754,1,Interleaved
934,134,0,0.7340439178403263,0.4070026892490475,1,Interleaved
935,135,0,0.6233949004573703,0.5141446022303521,1,Interleaved
936,136,0,0.5373161967699018,0.7941944753986163,1,Interleaved
937,137,0,0.3972055846441253,0.5836366447831927,1,Interleaved
938,138,0,0.7912006365445965,0.5654233059553395,1,Interleaved
939,139,0,0.35052864338252804,0.59342102349464,1,Interleaved
940,140,0,0.7941554168448131,0.39684939444817674,1,Interleaved
941,141,0,0.6914272795143097,0.7005468024105967,1,Interleaved
942,142,0,0.7831942144121351,0.5530061671626256,1,Interleaved
943,143,0,0.5469645235432062,0.513286592934975,1,Interleaved
944,144,0,0.9104987967163232,0.5463318321040702,1,Interleaved
945,145,0,0.5260555472337093,0.6740150649243107,1,Interleaved
946,146,0,0.8647379242129672,0.6125428897490056,1,Interleaved
947,147,0,0.8564894868911036,0.3493356648258436,1,Interleaved
948,148,0,0.03804261856327918,0.6071522284461838,1,Interleaved
949,149,0,0.5264353554099969,0.5891375265928017,1,Interleaved
950,150,0,0.19921242308123854,0.5920986512866276,1,Interleaved
951,151,0,0.3870280060821939,0.5225674413511646,1,Interleaved
952,152,0,0.38751242370098554,0.4663176953511866,1,Interleaved
953,153,0,0.11436228317505545,0.5712647550675574,1,Interleaved
954,154,0,0.701970176653537,0.5438063608486698,1,Interleaved
955,155,0,0.5028127360060356,0.5523891597844023,1,Interleaved
956,156,0,0.011188736292791265,0.8793975815372475,1,Interleaved
957,157,0,0.3883241824890383,0.5625854924391153,1,Interleaved
958,158,0,0.09706502092225694,0.8261723195512845,1,Interleaved
959,159,0,0.4349124138613092,0.5932232736700358,1,Interleaved
960,160,0,0.4977019157398498,0.9856588610306283,1,Interleaved
961,161,0,0.3180293501876301,0.8661042211493561,1,Interleaved
962,162,0,0.30200585734078467,0.7693132593165632,1,Interleaved
963,163,0,0.5841962427135465,0.8140557108286989,1,Interleaved
964,164,0,0.022158619200701897,0.6463787693033545,1,Interleaved
965,165,0,0.7018221940033453,0.559912994717663,1,Interleaved
966,166,0,0.31615386574014936,0.5512418988222778,1,Interleaved
967,167,0,0.3938925762325167,0.7996761407965256,1,Interleaved
968,168,0,0.3317774535338511,0.733956428072946,1,Interleaved
969,169,0,0.47789586412221985,0.5387799712616652,1,Interleaved
970,170,0,0.024124669561120214,0.6539808623393275,1,Interleaved
971,171,0,0.9282524371410805,0.5936927500792819,1,Interleaved
972,172,0,0.8078168617232595,0.4760898383055562,1,Interleaved
973,173,0,0.5728254418735941,0.49309345326899945,1,Interleaved
974,174,0,0.7973455279876638,0.49628438503118166,1,Interleaved
975,175,0,0.9366882055865211,0.5210970966774155,1,Interleaved
976,176,0,0.03545678545692172,0.8175714049916127,1,Interleaved
977,177,0,0.5637717972969744,0.5677821833267477,1,Interleaved
978,178,0,0.11739183182776483,0.4984725308756214,1,Interleaved
979,179,0,0.5110085864186432,0.554603539394418,1,Interleaved
980,180,0,0.6020754820978624,0.4765623381785984,1,Interleaved
981,181,0,0.7247578008948873,0.6427289844211279,1,Interleaved
982,182,0,0.501108745810609,0.4966369844422054,1,Interleaved
983,183,0,0.0286209553007086,0.5834366400126508,1,Interleaved
984,184,0,0.5394356798123408,0.4862474816655681,1,Interleaved
985,185,0,0.01522985097166852,0.6844503227750781,1,Interleaved
986,186,0,0.2914974393782626,0.5261700809974967,1,Interleaved
987,187,0,0.05949979717110383,0.7506758016431563,1,Interleaved
988,188,0,0.7880899975363667,0.7201538090717106,1,Interleaved
989,189,0,0.1969801947892863,0.5397576084581236,1,Interleaved
990,190,0,0.8220109664606446,0.5963879397499889,1,Interleaved
991,191,0,0.6078754518534856,0.5108531054189386,1,Interleaved
992,192,0,0.6008557284647585,0.6317690545982895,1,Interleaved
993,193,0,0.7023012967126052,0.45778768422595073,1,Interleaved
994,194,0,0.5219852323698768,0.6012870281611425,1,Interleaved
995,195,0,0.419798437808269,0.7160490408445271,1,Interleaved
996,196,0,0.05697109012931253,0.72509350504887,1,Interleaved
997,197,0,0.062377938289482036,0.6328963453716316,1,Interleaved
998,198,0,0.5035120316581627,0.4727180662453322,1,Interleaved
999,199,0,0.7342543223619674,0.531727040736788,1,Interleaved
1000,0,0,0.07725892737032578,0.7792738965033108,1,Instructed
1001,1,0,0.871341542743748,0.5494293020444633,1,Instructed
1002,2,0,0.7566885725902817,0.7424212713330838,1,Instructed
1003,3,0,0.9719289984227224,0.9302392418131809,1,Instructed
1004,4,0,0.9277611199898318,0.528249583185671,1,Instructed
1005,5,0,0.9613594127326883,0.48395452145418894,1,Instructed
1006,6,0,0.26631626138059,0.5297981323836178,1,Instructed
1007,7,0,0.4197785636171093,0.6388190279682736,1,Instructed
1008,8,0,0.5398331952419159,0.7149905245292045,1,Instructed
1009,9,0,0.7384488099242827,0.5109491804269992,1,Instructed
1010,10,0,0.5012321599226578,0.5329442121886874,1,Instructed
1011,11,0,0.8264010793420253,0.36027809334297134,1,Instructed
1012,12,0,0.7958546398494473,0.46645203742726876,1,Instructed
1013,13,0,0.6506404594309225,0.48200486900530404,1,Instructed
1014,14,0,0.7877199623845763,0.49695084501096115,1,Instructed
1015,15,0,0.7538377489361602,0.3631330378973852,1,Instructed
1016,16,0,0.8507653144881182,0.47335540568243667,1,Instructed
1017,17,0,0.012524028536925129,0.724609127573091,1,Instructed
1018,18,0,0.4520105774679883,0.4955897799282324,1,Instructed
1019,19,0,0.17051733873268102,0.7412133466782869,1,Instructed
1020,20,0,0.22817418902329079,0.728277874186421,1,Instructed
1021,21,0,0.027795535467331024,0.7576428355924045,1,Instructed
1022,22,0,0.5030868457113854,0.48683869331886154,1,Instructed
1023,23,0,0.9954312300419403,0.5983004170637168,1,Instructed
1024,24,0,0.25270629741921574,0.7484546325463035,1,Instructed
1025,25,0,0.12368058431681728,0.6975841493636601,1,Instructed
1026,26,0,0.3262957588844903,0.532302116403833,1,Instructed
1027,27,0,0.053335433889340256,0.6381385046162742,1,Instructed
1028,28,0,0.15575337235746572,0.497205873774369,1,Instructed
1029,29,0,0.2507454423599939,0.5893377159957053,1,Instructed
1030,30,0,0.301660851330691,0.6882120305112402,1,Instructed
1031,31,0,0.5175959320666118,0.637629378437723,1,Instructed
1032,32,0,0.8209632676420135,0.5930981877988657,1,Instructed
1033,33,0,0.624030872526395,0.5658250668343741,1,Instructed
1034,34,0,0.3970571051244233,0.49411619817717783,1,Instructed
1035,35,0,0.41635721663766767,0.806507611126347,1,Instructed
1036,36,0,0.13311974115973618,0.5104210660357422,1,Instructed
1037,37,0,0.7604432224831708,0.5000033744071435,1,Instructed
1038,38,0,0.6666712194673301,0.4353934257343113,1,Instructed
1039,39,0,0.017812994658630097,0.6078272899280177,1,Instructed
1040,40,0,0.5019104816817064,0.5070068361202416,1,Instructed
1041,41,0,0.9566595533385188,0.4593473872349928,1,Instructed
1042,42,0,0.5684011500217374,0.509404901515874,1,Instructed
1043,43,0,0.9232308344973714,0.32426176566507703,1,Instructed
1044,44,0,0.4816889068644108,0.5528751819166592,1,Instructed
1045,45,0,0.504683569068573,0.7988246076449859,1,Instructed
1046,46,0,0.23643856144339748,0.6540543702329218,1,Instructed
1047,47,0,0.37079439027887046,0.6335570214794628,1,Instructed
1048,48,0,0.14431340817817576,0.6149976570057352,1,Instructed
1049,49,0,0.9491530672560677,0.5592474473767872,1,Instructed
1050,50,0,0.056477911146575625,0.6733882012283066,1,Instructed
1051,51,0,0.7685910678738197,0.7920422598685528,1,Instructed
1052,52,0,0.5015245580953153,0.5587864303497301,1,Instructed
1053,53,0,0.0020905799841905914,0.8629059420235181,1,Instructed
1054,54,0,0.5724864179771745,0.4903452626791419,1,Instructed
1055,55,0,0.6581398859591027,0.6983485512905276,1,Instructed
1056,56,0,0.5380090675724043,0.44297831796115616,1,Instructed
1057,57,0,0.824168650044541,0.5061212410884683,1,Instructed
1058,58,0,0.40577686909471533,0.5568368802687655,1,Instructed
1059,59,0,0.019891933299584767,0.9072298588934392,1,Instructed
1060,60,0,0.7105821105761261,0.4299431386381243,1,Instructed
1061,61,0,0.042416628903415965,0.690744371691926,1,Instructed
1062,62,0,0.9079639752965938,0.609577384060101,1,Instructed
1063,63,0,0.941657625818204,0.5073771694125113,1,Instructed
1064,64,0,0.30607310763664863,0.5853287396948251,1,Instructed
1065,65,0,0.7471307106054054,0.4153826416059654,1,Instructed
1066,66,0,0.8328452182739053,0.4819999416457703,1,Instructed
1067,67,0,0.8235055751284833,0.6170165589892829,1,Instructed
1068,68,0,0.3082799753892382,0.5136647840848018,1,Instructed
1069,69,0,0.6484240889679354,1.1637523407727772,1,Instructed
1070,70,0,0.5067481123772024,0.4680661028806218,1,Instructed
1071,71,0,0.69112782218643,0.4543292587929415,1,Instructed
1072,72,0,0.3874013833856685,0.5936305343609793,1,Instructed
1073,73,0,0.6446139774175144,0.6160679114515566,1,Instructed
1074,74,0,0.20890246913870128,0.5005017240535891,1,Instructed
1075,75,0,0.15572292335050478,0.45664072928771976,1,Instructed
1076,76,0,0.484241552785123,0.5591877917699055,1,Instructed
1077,77,0,0.6352619870395911,0.5437408917174724,1,Instructed
1078,78,0,0.7985939141758913,0.563218409995664,1,Instructed
1079,79,0,0.1828922364351463,0.4755363614682706,1,Instructed
1080,80,0,0.9444351694449458,0.4680258439776779,1,Instructed
1081,81,0,0.7615907844749974,0.5102097239884713,1,Instructed
1082,82,0,0.5097908275337055,0.6491472404130814,1,Instructed
1083,83,0,0.5037835498885752,0.5539583314158729,1,Instructed
1084,84,0,0.2975163449320572,0.5002182903139263,1,Instructed
1085,85,0,0.9007766732732034,0.4117779728457216,1,Instructed
1086,86,0,0.4928305223602054,0.5766174037215,1,Instructed
1087,87,0,0.3949607801797098,0.6972612132084701,1,Instructed
1088,88,0,0.4261234729790438,0.4515270671627132,1,Instructed
1089,89,0,0.8648710418174017,0.4769387626020969,1,Instructed
1090,90,0,0.4139530191679547,0.5737210931990414,1,Instructed
1091,91,0,0.031781840317331674,0.45711291914952884,1,Instructed
1092,92,0,0.5738856083940764,0.5977279211058781,1,Instructed
1093,93,0,0.8322697360159031,0.5303995029024653,1,Instructed
1094,94,0,0.47434588649103604,0.47540410676595063,1,Instructed
1095,95,0,0.43145715941313945,0.6635399086369936,1,Instructed
1096,96,0,0.9615734162999795,0.4912953068858469,1,Instructed
1097,97,0,0.5556834438982957,0.7776532326369996,1,Instructed
1098,98,0,0.6031716326653114,0.5089793378928628,1,Instructed
1099,99,0,0.5118592243787494,0.7511340532316328,1,Instructed
1100,100,0,0.7948001278696285,0.6856938793652942,1,Instructed
1101,101,0,0.36195139498129125,0.47254361970550024,1,Instructed
1102,102,0,0.16571077932551637,0.48303498759259933,1,Instructed
1103,103,0,0.14965908477098744,0.6579223766736264,1,Instructed
1104,104,0,0.539169704073269,0.4052927651495456,1,Instructed
1105,105,0,0.6824281987164016,0.6238781954711821,1,Instructed
1106,106,0,0.03864091998909151,0.7214549601453402,1,Instructed
1107,107,0,0.4615847426954319,0.5345147415261785,1,Instructed
1108,108,0,0.9341484911697187,0.4926736550332912,1,Instructed
1109,109,0,0.25080507666873914,0.6407598729233941,1,Instructed
1110,110,0,0.3485203038382588,0.6114631153448993,1,Instructed
1111,111,0,0.5000986899480256,0.7974556727969828,1,Instructed
1112,112,0,0.36027514705260816,0.5967465299804908,1,Instructed
1113,113,0,0.9931094867505954,0.5469315977278923,1,Instructed
1114,114,0,0.34330553991313634,0.5956317093688783,1,Instructed
1115,115,0,0.7839393141018451,0.37635776531878795,1,Instructed
1116,116,0,0.4366537774338993,0.4362549111896331,1,Instructed
1117,117,0,0.14208987908925422,0.6495136387490839,1,Instructed
1118,118,0,0.9604332260696715,0.4524282311936005,1,Instructed
1119,119,0,0.536325119916417,0.5183351613764857,1,Instructed
1120,120,0,0.4327282275496096,0.6291596594416062,1,Instructed
1121,121,0,0.49301644561574093,0.5877295816851322,1,Instructed
1122,122,0,0.14575657370683087,0.49229468461159,1,Instructed
1123,123,0,0.20679942001182122,0.792302006676075,1,Instructed
1124,124,0,0.3353995020690724,0.4427069863822406,1,Instructed
1125,125,0,0.28338058103208735,0.4631917535769805,1,Instructed
1126,126,0,0.7366207088426526,0.5652955249432281,1,Instructed
1127,127,0,0.9542444168557136,0.4079546056435336,1,Instructed
1128,128,0,0.8849632454668526,0.5715080589672241,1,Instructed
1129,129,0,0.2274329538250846,0.5032737767698123,1,Instructed
1130,130,0,0.8113650014541146,0.49042285905380756,1,Instructed
1131,131,0,0.6595682649325674,0.5131768091498959,1,Instructed
1132,132,0,0.5667422966237905,0.5451397312273192,1,Instructed
1133,133,0,0.9904942115636416,0.5265594619333337,1,Instructed
1134,134,0,0.4919811623634453,0.3412263737830611,1,Instructed
1135,135,0,0.40876750015487384,0.5727509407407032,1,Instructed
1136,136,0,0.6456636281962295,0.3843379465325223,1,Instructed
1137,137,0,0.010632658724322605,0.7271956996950638,1,Instructed
1138,138,0,0.6512194421470157,0.44401789455150587,1,Instructed
1139,139,0,0.867756682835099,0.4274152833121175,1,Instructed
1140,140,0,0.39855833479145186,0.809321074688152,1,Instructed
1141,141,0,0.5026100638987551,0.26065400697926433,1,Instructed
1142,142,0,0.7591882177403324,0.38442167979339437,1,Instructed
1143,143,0,0.6488483012610885,0.5567530153582732,1,Instructed
1144,144,0,0.39985368051111514,0.583622450778873,1,Instructed
1145,145,0,0.808554287779155,0.6299442817921969,1,Instructed
1146,146,0,0.43659477308403594,0.7410648923151317,1,Instructed
1147,147,0,0.9935493647786262,0.4019339177018294,1,Instructed
1148,148,0,0.6013839377028011,0.38296533064483085,1,Instructed
1149,149,0,0.40156181697235316,0.383693209168924,1,Instructed
1150,150,0,0.5315183123878059,0.5217577600020871,1,Instructed
1151,151,0,0.8701475933128404,0.5228698776701572,1,Instructed
1152,152,0,0.6005585048307627,0.6033883281382597,1,Instructed
1153,153,0,0.9167422710004325,0.37157866335512385,1,Instructed
1154,154,0,0.3494366855517676,0.5044810866857863,1,Instructed
1155,155,0,0.3942105229701774,0.48808216077151334,1,Instructed
1156,156,0,0.7385280158185579,0.6226426712103854,1,Instructed
1157,157,0,0.11637768947400388,0.39568976119267874,1,Instructed
1158,158,0,0.7700898421655489,0.40938908725312234,1,Instructed
1159,159,0,0.3381137643614705,0.5456937413032364,1,Instructed
1160,160,0,0.5020569625894494,0.46635572971329564,1,Instructed
1161,161,0,0.751068888218123,0.31273552464376086,1,Instructed
1162,162,0,0.4421022659830289,0.4825026815868882,1,Instructed
1163,163,0,0.6880250071724138,0.42570826875517176,1,Instructed
1164,164,0,0.2483392009530808,0.7214115668335617,1,Instructed
1165,165,0,0.23217622279189143,0.41232440888781274,1,Instructed
1166,166,0,0.915362981872003,0.6421688386324564,1,Instructed
1167,167,0,0.7471042372289143,0.6689226306186193,1,Instructed
1168,168,0,0.8081644075912685,0.6639934387962506,1,Instructed
1169,169,0,0.35792749581391725,0.7177113241664379,1,Instructed
1170,170,0,0.48518565086749943,0.624878553894084,1,Instructed
1171,171,0,0.935375983603579,0.5392089666449703,1,Instructed
1172,172,0,0.6734763560670238,0.5037208821666246,1,Instructed
1173,173,0,0.699161497340409,0.4414229082853366,1,Instructed
1174,174,0,0.4781173665113709,0.5819088399399139,1,Instructed
1175,175,0,0.43555785260954555,0.45339271137878223,1,Instructed
1176,176,0,0.5595776941546489,0.41362532446233513,1,Instructed
1177,177,0,0.6878052792978847,0.606753819568163,1,Instructed
1178,178,0,0.9513704992603466,0.41396075675803,1,Instructed
1179,179,0,0.5435680376910585,0.6330640074524072,1,Instructed
1180,180,0,0.6867570451367241,0.43812970936099904,1,Instructed
1181,181,0,0.5637772837148527,0.6548807324714612,1,Instructed
1182,182,0,0.9294687507597004,0.5261753571622849,1,Instructed
1183,183,0,0.6453309931931428,0.5083416224741689,1,Instructed
1184,184,0,0.934922731550919,0.4043933214576301,1,Instructed
1185,185,0,0.9953751072410932,0.3362050420422944,1,Instructed
1186,186,0,0.7724748033377664,0.41475283479176606,1,Instructed
1187,187,0,0.6172801052276312,0.7845208663499874,1,Instructed
1188,188,0,0.5258357979687839,0.49343304589101994,1,Instructed
1189,189,0,0.7365083637398857,0.5529157712023193,1,Instructed
1190,190,0,0.873401152979514,0.7262368101350412,1,Instructed
1191,191,0,0.744874653499777,0.5144087526910501,1,Instructed
1192,192,0,0.4503129158954038,0.616718574909839,1,Instructed
1193,193,0,0.8055688404902697,1.018469834244625,1,Instructed
1194,194,0,0.3654117755636806,0.5118284208728958,1,Instructed
1195,195,0,0.7850368908788072,0.6414751687709073,1,Instructed
1196,196,0,0.16999848933155615,0.36722356875285295,1,Instructed
1197,197,0,0.7717831344546948,0.5997873573345984,1,Instructed
1198,198,0,0.09047591274532846,0.43531026823604047,1,Instructed
1199,199,0,0.0998149766987155,0.6580493621010435,1,Instructed
