,t,e_hat,Accuracy,pe,batch,Condition
0,0,0,0.5467561525284851,0.9649685388864204,0,Blocked
1,1,0,0.5795680892343502,0.7553026645770765,0,Blocked
2,2,0,0.49350234459512893,0.6405332972076061,0,Blocked
3,3,0,0.2602036291245028,0.7073358643514333,0,Blocked
4,4,0,0.3353870356718418,0.6688158603034811,0,Blocked
5,5,0,0.7537148153699602,0.5171896801618528,0,Blocked
6,6,0,0.7350202122535953,0.4690592375116885,0,Blocked
7,7,0,0.5604520114980979,0.5334370000053374,0,Blocked
8,8,0,0.6329053938588988,0.6646220504018832,0,Blocked
9,9,0,0.9247055395645318,0.3668788452887373,0,Blocked
10,10,0,0.030933426560690314,0.9181525146375145,0,Blocked
11,11,0,0.9509070673518253,0.48700644690288086,0,Blocked
12,12,0,0.7097445371337633,0.4560921048005595,0,Blocked
13,13,0,0.7196643859927044,0.3826891099865831,0,Blocked
14,14,0,0.24881915798649,0.44802366135391697,0,Blocked
15,15,0,0.9218804156981596,0.49547728189543044,0,Blocked
16,16,0,0.1120569125569115,0.5372848732522971,0,Blocked
17,17,0,0.15366221617292847,0.5464464528509935,0,Blocked
18,18,0,0.5921862337216077,0.5328864350557949,0,Blocked
19,19,0,0.5617463969510115,0.4803868233084857,0,Blocked
20,20,0,0.4262718378043493,0.527461958027134,0,Blocked
21,21,0,0.5676572643205408,0.5331599908163124,0,Blocked
22,22,0,0.2599417371064432,0.5999263359341174,0,Blocked
23,23,0,0.9314172275756123,0.3291192766629366,0,Blocked
24,24,0,0.3759503387358342,0.4577988044964323,0,Blocked
25,25,0,0.8920936007936107,0.48124757406907565,0,Blocked
26,26,0,0.6077234074478326,0.6664744661188948,0,Blocked
27,27,0,0.19959123509073234,0.49781553841931914,0,Blocked
28,28,0,0.512159339512226,0.5331722733254304,0,Blocked
29,29,0,0.44737305322683374,0.4955402562652392,0,Blocked
30,30,0,0.5880280212343368,0.43065636298013565,0,Blocked
31,31,0,0.5080871766639607,0.5463160869475603,0,Blocked
32,32,0,0.5953282783629572,0.4971226626634361,0,Blocked
33,33,0,0.5682850126713641,0.49167918187122284,0,Blocked
34,34,0,0.5724800332807316,0.5496158800245903,0,Blocked
35,35,0,0.5325690773482644,0.5726882144668197,0,Blocked
36,36,0,0.5485565773034111,0.500252681631758,0,Blocked
37,37,0,0.779689227096312,0.356453143493229,0,Blocked
38,38,0,0.7339127824095031,0.5236301846135809,0,Blocked
39,39,0,0.8952615454167243,0.45741132634695986,0,Blocked
40,40,0,0.4936419399308709,0.6098552919259699,0,Blocked
41,41,0,0.18553162733561449,0.5906551285123084,0,Blocked
42,42,0,0.6183423153808216,0.7469954709697377,0,Blocked
43,43,0,0.029407078252046397,0.6884825607756305,0,Blocked
44,44,0,0.7367646352416497,0.5004784940282989,0,Blocked
45,45,0,0.5450804217274595,0.3910729100238983,0,Blocked
46,46,0,0.442488201643792,0.4404058292139731,0,Blocked
47,47,0,0.6040136350164407,0.5110706206449711,0,Blocked
48,48,0,0.6240140676497157,0.3996640324528844,0,Blocked
49,49,0,0.6156860482389671,0.5520087211307343,0,Blocked
50,50,0,0.189237562396452,0.4725259401965678,0,Blocked
51,51,0,0.17002044263676203,0.4529269469967149,0,Blocked
52,52,0,0.23337442912600398,0.46478588511401897,0,Blocked
53,53,0,0.8006986932462585,0.5685741275496484,0,Blocked
54,54,0,0.34889245940762353,0.4398479934595646,0,Blocked
55,55,0,0.5018513757544969,0.48199104877922466,0,Blocked
56,56,0,0.5230063848529715,0.351228781110945,0,Blocked
57,57,0,0.47092665705104597,0.5957321172056471,0,Blocked
58,58,0,0.5090281080783442,0.5186039312338602,0,Blocked
59,59,0,0.17771243747882048,0.5697248725392786,0,Blocked
60,60,0,0.09191810105501272,0.5972583923320707,0,Blocked
61,61,0,0.24882281358202446,0.5547762898118037,0,Blocked
62,62,0,0.43188581921752833,0.43460303269354955,0,Blocked
63,63,0,0.27570574113693247,0.5525291644111223,0,Blocked
64,64,0,0.23964296152408265,0.40750508709611,0,Blocked
65,65,0,0.45441395562942216,0.43253349022505194,0,Blocked
66,66,0,0.46145785763757213,0.45464950763497,0,Blocked
67,67,0,0.7178126076414806,0.49114560538431407,0,Blocked
68,68,0,0.8750544772587207,0.49463128972616555,0,Blocked
69,69,0,0.946042507482983,0.4820004052932586,0,Blocked
70,70,0,0.08454094375052097,0.8073257686841732,0,Blocked
71,71,0,0.16153217553271068,0.5606162932847367,0,Blocked
72,72,0,0.42920815033983767,0.434146426806583,0,Blocked
73,73,0,0.3902522263757841,0.4424134073006456,0,Blocked
74,74,0,0.4493248364324057,0.38120142831673076,0,Blocked
75,75,0,0.5100456329518352,0.5412490316878098,0,Blocked
76,76,0,0.724875007151062,0.44087852710270603,0,Blocked
77,77,0,0.7776350395695523,0.5627902678036116,0,Blocked
78,78,0,0.6643665383636823,0.6644822212116361,0,Blocked
79,79,0,0.6747064453400604,0.36827978346090084,0,Blocked
80,80,0,0.22208862097854495,0.615392753350763,0,Blocked
81,81,0,0.6308953875315978,0.362733547584072,0,Blocked
82,82,0,0.6814636716076734,0.4242707283863099,0,Blocked
83,83,0,0.2460053352833671,0.4562747935072122,0,Blocked
84,84,0,0.08214430117268587,0.6034614838710295,0,Blocked
85,85,0,0.6496788341405614,0.4683605086030234,0,Blocked
86,86,0,0.45149882378979994,0.5526730484130101,0,Blocked
87,87,0,0.8630768696289727,0.5584566422976712,0,Blocked
88,88,0,0.9897994004013059,0.38043568726167865,0,Blocked
89,89,0,0.0039019969793984656,0.7292956990069293,0,Blocked
90,90,0,0.9948031801146546,0.4057424323466588,0,Blocked
91,91,0,0.9835438695921677,0.2909583345541059,0,Blocked
92,92,0,0.06313438920568515,0.71327121040236,0,Blocked
93,93,0,0.15017590431107514,0.6862282575436185,0,Blocked
94,94,0,0.34513172724145863,0.485978399175659,0,Blocked
95,95,0,0.5205914254950497,0.5144824716092433,0,Blocked
96,96,0,0.521021491767132,0.49992354306967657,0,Blocked
97,97,0,0.5390261432687683,0.4696070760177351,0,Blocked
98,98,0,0.4570933889422818,0.5141579537872849,0,Blocked
99,99,0,0.7570589464091624,0.48788039629697155,0,Blocked
100,100,0,0.18218879933774484,0.4623979858221844,0,Blocked
101,101,0,0.5079671560459194,0.6097072345298633,0,Blocked
102,102,0,0.5024589613306109,0.5347080410449525,0,Blocked
103,103,0,0.31627357724334454,0.6903012720899939,0,Blocked
104,104,0,0.6427014442910091,0.40996738319223913,0,Blocked
105,105,0,0.7208243897463746,0.47765873086672317,0,Blocked
106,106,0,0.9641245573304886,0.40331890209874044,0,Blocked
107,107,0,0.5608726001685393,0.6387892709800149,0,Blocked
108,108,0,0.7308275081188331,0.6689425701425538,0,Blocked
109,109,0,0.8501410643595957,0.3329669704267016,0,Blocked
110,110,0,0.9132558497493446,0.4084983631058328,0,Blocked
111,111,0,0.9174869584832483,0.5197476311777888,0,Blocked
112,112,0,0.42547421485083164,0.45882525469438035,0,Blocked
113,113,0,0.6383342829604376,0.5207532991201581,0,Blocked
114,114,0,0.8074761448663341,0.44179888375290977,0,Blocked
115,115,0,0.9794044950481909,0.4506343521558416,0,Blocked
116,116,0,0.7926011683765344,0.4387702733203326,0,Blocked
117,117,0,0.9185283210204567,0.5414912690252884,0,Blocked
118,118,0,0.7828459713133971,0.523381881511249,0,Blocked
119,119,0,0.5011671435023893,0.592411413019607,0,Blocked
120,120,0,0.7233657567837719,0.5240781519449984,0,Blocked
121,121,0,0.0048495449581865005,0.9471591046752914,0,Blocked
122,122,0,0.7610625766693694,0.6606102416693032,0,Blocked
123,123,0,0.5213494375644263,0.3417772208110721,0,Blocked
124,124,0,0.5037223695729376,0.56993147915922,0,Blocked
125,125,0,0.4657648427974538,0.528178503604295,0,Blocked
126,126,0,0.38367450487197174,0.5019693842338406,0,Blocked
127,127,0,0.36375971396357387,0.43875403961171733,0,Blocked
128,128,0,0.6137479953333823,0.5217933293241067,0,Blocked
129,129,0,0.9367718824749818,0.5741785514790755,0,Blocked
130,130,0,0.8787799829739015,0.40306366389255877,0,Blocked
131,131,0,0.11537009668787719,0.5493350509346231,0,Blocked
132,132,0,0.16550881100341125,0.5056395911165801,0,Blocked
133,133,0,0.500724409732092,0.41676910580732474,0,Blocked
134,134,0,0.4918407566721746,0.5697421059924392,0,Blocked
135,135,0,0.5126657236076958,0.40629329447831275,0,Blocked
136,136,0,0.6665717312646278,0.3615837029927531,0,Blocked
137,137,0,0.6988738635385231,0.5404888201044089,0,Blocked
138,138,0,0.9434803702161243,0.39394022569542153,0,Blocked
139,139,0,0.3039002106291188,0.5779075706299086,0,Blocked
140,140,0,0.6912239470091497,0.40877185340143296,0,Blocked
141,141,0,0.3242319709266786,0.44759159991208847,0,Blocked
142,142,0,0.7050544297655211,0.6769843965499802,0,Blocked
143,143,0,0.36000214088265436,0.4967737911313471,0,Blocked
144,144,0,0.779436279907687,0.34105535835415024,0,Blocked
145,145,0,0.7436113274857105,0.5187830318185016,0,Blocked
146,146,0,0.6247724184966467,0.6005983140316384,0,Blocked
147,147,0,0.5436008294031818,0.5380870919330264,0,Blocked
148,148,0,0.8312600029297654,0.4385255258808052,0,Blocked
149,149,0,0.745834770609129,0.5228331407905746,0,Blocked
150,150,0,0.27948517725042044,0.4837955300840293,0,Blocked
151,151,0,0.7038924091859267,0.508329053144609,0,Blocked
152,152,0,0.6269579354775833,0.40461959714689566,0,Blocked
153,153,0,0.7008469658860743,0.7145172775162116,0,Blocked
154,154,0,0.46053406877428815,0.4691543183422499,0,Blocked
155,155,0,0.5585398514021542,0.5658107125854249,0,Blocked
156,156,0,0.48442110593550125,0.7746477304711312,0,Blocked
157,157,0,0.36806080307621414,0.6519769666362742,0,Blocked
158,158,0,0.334699439967956,0.45245282255644664,0,Blocked
159,159,0,0.946536973470676,0.4041361462517469,0,Blocked
160,160,0,0.45361772567753733,0.6171889275561642,0,Blocked
161,161,0,0.45089591023878084,0.43537674615200916,0,Blocked
162,162,0,0.7367311253429558,0.4715618481563181,0,Blocked
163,163,0,0.13278213035745523,0.37827375306110034,0,Blocked
164,164,0,0.11234090708806699,0.45572058641380225,0,Blocked
165,165,0,0.6800656611239694,0.5854186534408665,0,Blocked
166,166,0,0.8411382310524467,0.3922210577726545,0,Blocked
167,167,0,0.2791495267021955,0.3986314237869681,0,Blocked
168,168,0,0.5628037001622564,0.46937064291380387,0,Blocked
169,169,0,0.41314459334063236,0.6515665176375305,0,Blocked
170,170,0,0.4448513537758469,0.42189142261050927,0,Blocked
171,171,0,0.583139753355278,0.5229682417070616,0,Blocked
172,172,0,0.7047825549557657,0.45025604458504104,0,Blocked
173,173,0,0.22836814912086345,0.5454782897110879,0,Blocked
174,174,0,0.606199796401363,0.3761242141643186,0,Blocked
175,175,0,0.3261806731256816,0.4618666919062939,0,Blocked
176,176,0,0.22925301492266417,0.5349333388449106,0,Blocked
177,177,0,0.08616197086254368,0.5363714626240079,0,Blocked
178,178,0,0.5073426657752682,0.5917653688523155,0,Blocked
179,179,0,0.5990807567573158,0.6669081312431739,0,Blocked
180,180,0,0.5384714801015951,0.5939084139770305,0,Blocked
181,181,0,0.5145027445361753,0.46070112198639224,0,Blocked
182,182,0,0.5589984419548251,0.5033412166113918,0,Blocked
183,183,0,0.6177472534723379,0.5541090855812575,0,Blocked
184,184,0,0.0816846337043872,0.6911552831936545,0,Blocked
185,185,0,0.18219734350573588,0.5115718488544635,0,Blocked
186,186,0,0.3742963187424234,0.5538915423217748,0,Blocked
187,187,0,0.1437460098627727,0.6239909024980126,0,Blocked
188,188,0,0.4789629624488587,0.39399481060910224,0,Blocked
189,189,0,0.864871210699818,0.3839789615029542,0,Blocked
190,190,0,0.46265286961275986,0.6358537235893474,0,Blocked
191,191,0,0.5437330813927721,0.3902052885475673,0,Blocked
192,192,0,0.530976255774479,0.4018683069060882,0,Blocked
193,193,0,0.6364764276900972,0.423266292065764,0,Blocked
194,194,0,0.3011518156941461,0.5866915800017958,0,Blocked
195,195,0,0.5296151670624627,0.6459779659457552,0,Blocked
196,196,0,0.2453371265566457,0.619431768200768,0,Blocked
197,197,0,0.7307849660436048,0.5573854232348665,0,Blocked
198,198,0,0.9035891248717693,0.4902991245042535,0,Blocked
199,199,0,0.46251947231926027,0.5141615917769224,0,Blocked
200,0,0,0.36583995188303065,0.7158344941013688,0,Interleaved
201,1,0,0.42132662084714567,0.6282767701949008,0,Interleaved
202,2,0,0.1913373300584114,0.6303703297748828,0,Interleaved
203,3,0,0.4341057222754777,0.6606221830356771,0,Interleaved
204,4,0,0.0035650615909802595,0.9009143731442673,0,Interleaved
205,5,0,0.5705004162764862,0.5622530595584221,0,Interleaved
206,6,0,0.4379135235831001,0.7251558606579306,0,Interleaved
207,7,0,0.8066947537366882,0.5830311613439343,0,Interleaved
208,8,0,0.8922702679314225,0.5257405834625506,0,Interleaved
209,9,0,0.5698507443472288,0.4373620311054886,0,Interleaved
210,10,0,0.7295517963095679,0.5471186887230565,0,Interleaved
211,11,0,0.2714218569491976,0.5857689515491994,0,Interleaved
212,12,0,0.6868146504961209,0.5624494644142907,0,Interleaved
213,13,0,0.3705465081417795,0.5595613178238632,0,Interleaved
214,14,0,0.7965131960903115,0.48499683883871786,0,Interleaved
215,15,0,0.49752825678244833,0.461578627347625,0,Interleaved
216,16,0,0.1343189298048822,0.5093267412062965,0,Interleaved
217,17,0,0.45800111482300127,0.6000465418733782,0,Interleaved
218,18,0,0.6899978764165626,0.5428534353664151,0,Interleaved
219,19,0,0.5699565771055809,0.5770910191914075,0,Interleaved
220,20,0,0.08327556470180993,0.7104398853194833,0,Interleaved
221,21,0,0.6465637943698668,0.5867734801666293,0,Interleaved
222,22,0,0.4006269658358093,0.4152138864384444,0,Interleaved
223,23,0,0.2311790585758873,0.4536689712195694,0,Interleaved
224,24,0,0.4540131369223505,0.40286587756329284,0,Interleaved
225,25,0,0.46749206450619163,0.5117868170314449,0,Interleaved
226,26,0,0.3390280920323967,0.5395643030274337,0,Interleaved
227,27,0,0.7408770954116539,0.3781346299635493,0,Interleaved
228,28,0,0.4528079559043111,0.7102061739175245,0,Interleaved
229,29,0,0.16678773939863184,0.5105782869469495,0,Interleaved
230,30,0,0.6798058522733353,0.44800090943318815,0,Interleaved
231,31,0,0.605398789910169,0.5115451968620879,0,Interleaved
232,32,0,0.5868462498094135,0.4075000900667815,0,Interleaved
233,33,0,0.6101106107679048,0.43546863847295353,0,Interleaved
234,34,0,0.8248098175669254,0.5393476075260206,0,Interleaved
235,35,0,0.5564655373029074,0.5409591683557039,0,Interleaved
236,36,0,0.23729390868316463,0.6976660384120379,0,Interleaved
237,37,0,0.4951028965426706,0.5527700185273,0,Interleaved
238,38,0,0.24084152065998765,0.4783470802774745,0,Interleaved
239,39,0,0.4642724053527925,0.5622229272286424,0,Interleaved
240,40,0,0.757010563831732,0.4041802327202435,0,Interleaved
241,41,0,0.8043144197877383,0.4377699880941144,0,Interleaved
242,42,0,0.6521002871352498,0.4219484951342477,0,Interleaved
243,43,0,0.6828314734597736,0.5032153413921832,0,Interleaved
244,44,0,0.8666670490873947,0.33121854183043287,0,Interleaved
245,45,0,0.5860217837672729,0.514102597829152,0,Interleaved
246,46,0,0.7219224571096431,0.47082919225036024,0,Interleaved
247,47,0,0.4850381849158921,0.4376625628021469,0,Interleaved
248,48,0,0.12353460004844571,0.5240968447604668,0,Interleaved
249,49,0,0.5827654608948422,0.5457195575466709,0,Interleaved
250,50,0,0.15383247726297325,0.5646106989925026,0,Interleaved
251,51,0,0.46116076841143266,0.4862074283537987,0,Interleaved
252,52,0,0.2291817111926659,0.518996262769666,0,Interleaved
253,53,0,0.3991962894737005,0.36234603898687756,0,Interleaved
254,54,0,0.1581733104335357,0.49314142749638656,0,Interleaved
255,55,0,0.4741095803245088,0.48782772185736134,0,Interleaved
256,56,0,0.9962708805100161,0.7745921458519711,0,Interleaved
257,57,0,0.47047523011587467,0.4940031213840643,0,Interleaved
258,58,0,0.9883074367102473,0.6054660553207758,0,Interleaved
259,59,0,0.5010287814320753,0.47160536516064655,0,Interleaved
260,60,0,0.6641118429368124,0.33589139620623865,0,Interleaved
261,61,0,0.27929646822060084,0.41019474362538033,0,Interleaved
262,62,0,0.3911423341599009,0.515988120299322,0,Interleaved
263,63,0,0.5487299553275651,0.5212952977377419,0,Interleaved
264,64,0,0.2788136160615414,0.6914462627217615,0,Interleaved
265,65,0,0.4715661384738068,0.49365766864449406,0,Interleaved
266,66,0,0.1404208429338022,0.5229662514906671,0,Interleaved
267,67,0,0.5904417095338261,0.6332554336832704,0,Interleaved
268,68,0,0.41768505207476153,0.518569555467775,0,Interleaved
269,69,0,0.24779070713261442,0.5559335886250917,0,Interleaved
270,70,0,0.0578412363671157,0.523707619521113,0,Interleaved
271,71,0,0.5202019965804294,0.44477655286149853,0,Interleaved
272,72,0,0.24352833977816007,0.42770885282306764,0,Interleaved
273,73,0,0.6367029677475073,0.35264249846702095,0,Interleaved
274,74,0,0.5595146520730409,0.5141204462580989,0,Interleaved
275,75,0,0.3998585469546697,0.49017317944067096,0,Interleaved
276,76,0,0.9054601772736844,0.3367425298011738,0,Interleaved
277,77,0,0.45843711214154337,0.49211732468752717,0,Interleaved
278,78,0,0.10452377142394098,0.4835190639453818,0,Interleaved
279,79,0,0.3932760755003919,0.5560715191144754,0,Interleaved
280,80,0,0.679374132455391,0.39898971408265554,0,Interleaved
281,81,0,0.6129803433721752,0.45973461962216056,0,Interleaved
282,82,0,0.924781522263135,0.3643280849886147,0,Interleaved
283,83,0,0.518709805364795,0.40167061861297393,0,Interleaved
284,84,0,0.41774395306014506,0.6526091691280417,0,Interleaved
285,85,0,0.52001863806147,0.5015770138901942,0,Interleaved
286,86,0,0.4810080433073606,0.5390863820310936,0,Interleaved
287,87,0,0.7579444491399929,0.5422306170582254,0,Interleaved
288,88,0,0.5573670706363427,0.568944149977332,0,Interleaved
289,89,0,0.42448697156764725,0.5384783168542338,0,Interleaved
290,90,0,0.38985076125594514,0.49843056404652325,0,Interleaved
291,91,0,0.40003699917784163,0.4333778827306726,0,Interleaved
292,92,0,0.47080816887046906,0.6178237176943268,0,Interleaved
293,93,0,0.4952713828389756,0.3972765340500116,0,Interleaved
294,94,0,0.4362501375233493,0.5966451197330918,0,Interleaved
295,95,0,0.32737419043868543,0.5860716812704816,0,Interleaved
296,96,0,0.5410408200088104,0.6228328108544079,0,Interleaved
297,97,0,0.19533118788571438,0.4732042066222617,0,Interleaved
298,98,0,0.8860723053139277,0.2928212303932336,0,Interleaved
299,99,0,0.3517356438710968,0.5378383132055083,0,Interleaved
300,100,0,0.16206925905575673,0.5830556327599133,0,Interleaved
301,101,0,0.42300546785611726,0.4997337464004779,0,Interleaved
302,102,0,0.5782552688803142,0.3424955638903,0,Interleaved
303,103,0,0.4782246368295948,0.39452159394487746,0,Interleaved
304,104,0,0.13272202592589522,0.44376103859896654,0,Interleaved
305,105,0,0.5038455672133434,0.4002916042783495,0,Interleaved
306,106,0,0.8278988135568139,0.37546624168469767,0,Interleaved
307,107,0,0.6262071026249769,0.41745173574918953,0,Interleaved
308,108,0,0.7893595994836154,0.5779155131991496,0,Interleaved
309,109,0,0.41432502495208123,0.4998917499047679,0,Interleaved
310,110,0,0.9958104575438376,0.5861787686607347,0,Interleaved
311,111,0,0.5119291907035579,0.47905152509583604,0,Interleaved
312,112,0,0.8379206105710018,0.4169584958606738,0,Interleaved
313,113,0,0.4517083177978649,0.5303525612661688,0,Interleaved
314,114,0,0.904355824722617,0.3922520817125025,0,Interleaved
315,115,0,0.4876310755408703,0.5390662695821723,0,Interleaved
316,116,0,0.01452521370013649,0.7808455347442795,0,Interleaved
317,117,0,0.4691297166361635,0.29729501677415326,0,Interleaved
318,118,0,0.413056935868601,0.3177189314474561,0,Interleaved
319,119,0,0.47145668330847723,0.5469871900951274,0,Interleaved
320,120,0,0.5580686162440853,0.4111983180678513,0,Interleaved
321,121,0,0.6190091719848188,0.3994511296289692,0,Interleaved
322,122,0,0.48184254993318526,0.3185098033315869,0,Interleaved
323,123,0,0.7898675774529462,0.33360189963264275,0,Interleaved
324,124,0,0.19390288931045283,0.6098131539767522,0,Interleaved
325,125,0,0.6686176200932018,0.4700950371583247,0,Interleaved
326,126,0,0.750018329762629,0.5302597254200505,0,Interleaved
327,127,0,0.6627803279842828,0.5279004379130141,0,Interleaved
328,128,0,0.2836271306666932,0.4650448757469987,0,Interleaved
329,129,0,0.4836061800869684,0.5050193965502917,0,Interleaved
330,130,0,0.04722324352074996,0.5301047155974214,0,Interleaved
331,131,0,0.5482254313231765,0.5622609810196368,0,Interleaved
332,132,0,0.32296841673018295,0.6386067231297669,0,Interleaved
333,133,0,0.515339849271921,0.4270828601706413,0,Interleaved
334,134,0,0.006643904028264009,0.7297882065147868,0,Interleaved
335,135,0,0.4922673181621876,0.600064181314641,0,Interleaved
336,136,0,0.24922482863723688,0.6584221695065132,0,Interleaved
337,137,0,0.17849511092076834,0.688653842535107,0,Interleaved
338,138,0,0.8926467605179491,0.5012495263468987,0,Interleaved
339,139,0,0.49891519410775065,0.4979335379160237,0,Interleaved
340,140,0,0.1677486027797737,0.3981187895058296,0,Interleaved
341,141,0,0.8889249937416109,0.5481340565179053,0,Interleaved
342,142,0,0.6763548078377948,0.44927944130580855,0,Interleaved
343,143,0,0.46468825568192557,0.6379460810816029,0,Interleaved
344,144,0,0.9857546161218107,0.47425531119334996,0,Interleaved
345,145,0,0.4231836274704979,0.3878040516011664,0,Interleaved
346,146,0,0.8970912214735332,0.49841791102037514,0,Interleaved
347,147,0,0.3598610078523545,0.6554979726266514,0,Interleaved
348,148,0,0.9115592621166562,0.39422630510416634,0,Interleaved
349,149,0,0.16597511847129542,0.5449662467562236,0,Interleaved
350,150,0,0.6351582375276629,0.450660320816339,0,Interleaved
351,151,0,0.4782591768864928,0.44448072907012515,0,Interleaved
352,152,0,0.04309376311845789,0.5678592362568471,0,Interleaved
353,153,0,0.47979436014919674,0.6519614761110605,0,Interleaved
354,154,0,0.11948982384465169,0.6912437609148729,0,Interleaved
355,155,0,0.5322573304521168,0.4574830208124372,0,Interleaved
356,156,0,0.43618342130715215,0.442745157745557,0,Interleaved
357,157,0,0.4882277900388958,0.47645499141769676,0,Interleaved
358,158,0,0.4204757311427158,0.4852038431208277,0,Interleaved
359,159,0,0.7929290982358306,0.727373304576515,0,Interleaved
360,160,0,0.7074218748953777,0.4295597988717236,0,Interleaved
361,161,0,0.4331491784389746,0.5492318409365127,0,Interleaved
362,162,0,0.8076314303324267,0.4751490302395699,0,Interleaved
363,163,0,0.944115168394644,0.42501241202847756,0,Interleaved
364,164,0,0.9594372894323485,0.41541962136006905,0,Interleaved
365,165,0,0.44392535096682484,0.689430845301926,0,Interleaved
366,166,0,0.16781812131950472,0.5745737262772868,0,Interleaved
367,167,0,0.7761646611871944,0.5890688691462995,0,Interleaved
368,168,0,0.19821756796931286,0.5238495935294583,0,Interleaved
369,169,0,0.16231766951023982,0.6847280986679485,0,Interleaved
370,170,0,0.4399595099373239,0.5364869307059404,0,Interleaved
371,171,0,0.48830264573514337,0.38919049547549567,0,Interleaved
372,172,0,0.4749256191859703,0.5383003320609645,0,Interleaved
373,173,0,0.24027542826500398,0.6682432286013519,0,Interleaved
374,174,0,0.5325873793254882,0.53365415051631,0,Interleaved
375,175,0,0.8597772602806445,0.6366326537665127,0,Interleaved
376,176,0,0.9557951078076847,0.5142582059776328,0,Interleaved
377,177,0,0.5003639703321351,0.6928340443118436,0,Interleaved
378,178,0,0.993838527295971,0.4305413004531211,0,Interleaved
379,179,0,0.6480404759708291,0.43430500085122253,0,Interleaved
380,180,0,0.45504394954124205,0.5998484813427654,0,Interleaved
381,181,0,0.1942129226318211,0.6008218511327346,0,Interleaved
382,182,0,0.8620366605866397,0.44207694840408945,0,Interleaved
383,183,0,0.24897982969421398,0.4944295596025142,0,Interleaved
384,184,0,0.1235364482983421,0.61579990560944,0,Interleaved
385,185,0,0.4875270015488088,0.509342792777448,0,Interleaved
386,186,0,0.1538308362504405,0.5782114484738148,0,Interleaved
387,187,0,0.4876820673489023,0.4000332267186912,0,Interleaved
388,188,0,0.09931133931791425,0.31875772206275826,0,Interleaved
389,189,0,0.4916548195986677,0.43597935383305697,0,Interleaved
390,190,0,0.5092742782262536,0.5298811494785207,0,Interleaved
391,191,0,0.4555224602961113,0.5604258897583265,0,Interleaved
392,192,0,0.7248578367825778,0.7355064089872753,0,Interleaved
393,193,0,0.37098118702047755,0.47809699495144553,0,Interleaved
394,194,0,0.6277159982996662,0.6041235752070903,0,Interleaved
395,195,0,0.2521677759262558,0.5045695674943311,0,Interleaved
396,196,0,0.8558246237891112,0.6030478409150908,0,Interleaved
397,197,0,0.5444487250245322,0.49886824324196,0,Interleaved
398,198,0,0.5668311810331085,0.42369008965067245,0,Interleaved
399,199,0,0.5259370248824498,0.5183532568226228,0,Interleaved
400,0,0,0.46171436905787255,0.5423340989559564,0,Instructed
401,1,0,0.5331132932941233,0.7891774806643479,0,Instructed
402,2,0,0.41830316964408737,0.6981272412878695,0,Instructed
403,3,0,0.9460480730735426,0.40816405499165653,0,Instructed
404,4,0,0.8644969550194301,0.6910646526917956,0,Instructed
405,5,0,0.7289591844184382,0.48829555768523003,0,Instructed
406,6,0,0.58694059109181,0.5012097571645997,0,Instructed
407,7,0,0.3753466111957354,0.5956954316095509,0,Instructed
408,8,0,0.646408444363511,0.49238647439444405,0,Instructed
409,9,0,0.39082305546597484,0.45866138736663187,0,Instructed
410,10,0,0.4899752732348291,0.5029182159117396,0,Instructed
411,11,0,0.570794171102314,0.35884694669643513,0,Instructed
412,12,0,0.5297331676510234,0.3524736800452556,0,Instructed
413,13,0,0.19280186679830671,0.5458341703256159,0,Instructed
414,14,0,0.44593336967061165,0.5274601830615276,0,Instructed
415,15,0,0.6130609517870875,0.5840500360029444,0,Instructed
416,16,0,0.17570682411760657,0.5922698372641505,0,Instructed
417,17,0,0.8943434814314402,0.4631038883018397,0,Instructed
418,18,0,0.19175029046201156,0.391068038191267,0,Instructed
419,19,0,0.6873060549204464,0.36499336899514134,0,Instructed
420,20,0,0.43353534510015473,0.314078481955435,0,Instructed
421,21,0,0.7391462841226889,0.4248968727344291,0,Instructed
422,22,0,0.5064470676212331,0.4205756322518599,0,Instructed
423,23,0,0.7635373879579215,0.23657069442001005,0,Instructed
424,24,0,0.619025193080367,0.44129921972624475,0,Instructed
425,25,0,0.20042675537511426,0.5100259512541475,0,Instructed
426,26,0,0.7911473851721793,0.3792092467140499,0,Instructed
427,27,0,0.5649845412296909,0.4810012312234533,0,Instructed
428,28,0,0.45883002127254113,0.3806291668179491,0,Instructed
429,29,0,0.13197778771379692,0.5025998435218973,0,Instructed
430,30,0,0.5145899720298203,0.5192873249463094,0,Instructed
431,31,0,0.15734893369671937,0.4098701395243818,0,Instructed
432,32,0,0.3716612105329683,0.3571800177022458,0,Instructed
433,33,0,0.5335836223204093,0.38278663088230713,0,Instructed
434,34,0,0.1287002420274782,0.6054205424207515,0,Instructed
435,35,0,0.973402446840629,0.30829103112156764,0,Instructed
436,36,0,0.49452923107793556,0.4986987980299292,0,Instructed
437,37,0,0.13051457445669956,0.7056866180370629,0,Instructed
438,38,0,0.7790692852436147,0.367869548933323,0,Instructed
439,39,0,0.8914020009268797,0.5113353603462969,0,Instructed
440,40,0,0.552687695312674,0.4090330807022755,0,Instructed
441,41,0,0.3787524280176982,0.542376388985857,0,Instructed
442,42,0,0.5243908918592561,0.42232582436243676,0,Instructed
443,43,0,0.2898280286537207,0.3706596858572635,0,Instructed
444,44,0,0.6534556766483025,0.35998904802899034,0,Instructed
445,45,0,0.2925312320398649,0.4194534767046677,0,Instructed
446,46,0,0.5779088208600821,0.6184853077935892,0,Instructed
447,47,0,0.27592991786464927,0.34753097324952154,0,Instructed
448,48,0,0.04188638417659784,0.5411434970945437,0,Instructed
449,49,0,0.4024419448044991,0.33880599378759135,0,Instructed
450,50,0,0.6828495890573412,0.42662623490930474,0,Instructed
451,51,0,0.037881545327826685,0.43695066579037267,0,Instructed
452,52,0,0.5304139451784732,0.34684579117006437,0,Instructed
453,53,0,0.8130501942677283,0.31242783392825646,0,Instructed
454,54,0,0.27696301584772937,0.6283260494309564,0,Instructed
455,55,0,0.8518908375249425,0.33046977734407657,0,Instructed
456,56,0,0.2969027585325781,0.5135245701914222,0,Instructed
457,57,0,0.6650085123743765,0.40099117254028727,0,Instructed
458,58,0,0.5491375101565696,0.4425720176518958,0,Instructed
459,59,0,0.021872869913384697,0.4499733812890276,0,Instructed
460,60,0,0.4534495750643076,0.33537809821801545,0,Instructed
461,61,0,0.9036428993789443,0.2872862825182486,0,Instructed
462,62,0,0.6481254709203228,0.4056121512916928,0,Instructed
463,63,0,0.8024639518072438,0.46284056038121146,0,Instructed
464,64,0,0.12755850997789753,0.5385490978496776,0,Instructed
465,65,0,0.4033444786585763,0.29782828312562526,0,Instructed
466,66,0,0.5405478356693996,0.36318129002451316,0,Instructed
467,67,0,0.7463007915376944,0.40129001224983774,0,Instructed
468,68,0,0.7533056353248946,0.41694306506218237,0,Instructed
469,69,0,0.8035406004327033,0.3206258271043392,0,Instructed
470,70,0,0.7893964438896155,0.34146364971666976,0,Instructed
471,71,0,0.1372187810982933,0.3373191901769844,0,Instructed
472,72,0,0.3697834756293575,0.4403751634147862,0,Instructed
473,73,0,0.7669827708481447,0.34379889104308414,0,Instructed
474,74,0,0.7115569021510577,0.37476996974607835,0,Instructed
475,75,0,0.8864247231429928,0.3743441731372,0,Instructed
476,76,0,0.1943458144043129,0.40933691858758764,0,Instructed
477,77,0,0.13810147139571982,0.5930345935997179,0,Instructed
478,78,0,0.3191972881262278,0.5325281225532374,0,Instructed
479,79,0,0.7340444021398056,0.37343719038222883,0,Instructed
480,80,0,0.39506081147876426,0.6909435662939931,0,Instructed
481,81,0,0.6117184362955169,0.24742227440187275,0,Instructed
482,82,0,0.32563018181623854,0.47534617137742885,0,Instructed
483,83,0,0.6962717995165131,0.3681150996518915,0,Instructed
484,84,0,0.4330791316602538,0.420078449606788,0,Instructed
485,85,0,0.18958239008427938,0.4750390099982559,0,Instructed
486,86,0,0.4332357456927584,0.403979571700689,0,Instructed
487,87,0,0.609560390252976,0.5968159610241627,0,Instructed
488,88,0,0.6501238530948776,0.4181023631952493,0,Instructed
489,89,0,0.09187824420539722,0.4366226272175118,0,Instructed
490,90,0,0.48764100498241036,0.752009971177843,0,Instructed
491,91,0,0.7854581946653882,0.33945679043684746,0,Instructed
492,92,0,0.2687975572329613,0.464024930013185,0,Instructed
493,93,0,0.12571537639676114,0.48952410481917563,0,Instructed
494,94,0,0.48073362914659157,0.43924655250191397,0,Instructed
495,95,0,0.31877935042186867,0.3416307743368475,0,Instructed
496,96,0,0.4626450890671713,0.3311315845142373,0,Instructed
497,97,0,0.8544470769799541,0.3197492297125474,0,Instructed
498,98,0,0.8231840787403165,0.34491738252711057,0,Instructed
499,99,0,0.39113951940015945,0.42073270973593613,0,Instructed
500,100,0,0.6340624311014638,0.3085853065847506,0,Instructed
501,101,0,0.5021406361646328,0.3012108722255321,0,Instructed
502,102,0,0.8037336635112751,0.5061207532359793,0,Instructed
503,103,0,0.9046944745833345,0.42294509635316657,0,Instructed
504,104,0,0.4995314576137403,0.3953664553318106,0,Instructed
505,105,0,0.9590473965758622,0.2789526940417516,0,Instructed
506,106,0,0.6839616426337571,0.548684383264295,0,Instructed
507,107,0,0.15593533158994466,0.4249848579373155,0,Instructed
508,108,0,0.5917360189533308,0.4242207389167878,0,Instructed
509,109,0,0.43079834336046463,0.3544194422081709,0,Instructed
510,110,0,0.3437944449116366,0.37828063625650443,0,Instructed
511,111,0,0.8382627295287264,0.3765732602061304,0,Instructed
512,112,0,0.323361610860419,0.4366166687570023,0,Instructed
513,113,0,0.5321670133490876,0.39597379856814885,0,Instructed
514,114,0,0.5112727050698178,0.2827560250560671,0,Instructed
515,115,0,0.9777080382819345,0.44500074604389483,0,Instructed
516,116,0,0.46181317183267373,0.32984218324050785,0,Instructed
517,117,0,0.06097042288194328,0.5167499905462652,0,Instructed
518,118,0,0.648198811062688,0.5523533809676797,0,Instructed
519,119,0,0.34444738628530386,0.3719771165787326,0,Instructed
520,120,0,0.06740744493873757,0.614633878634742,0,Instructed
521,121,0,0.10673743091365961,0.3827782172391988,0,Instructed
522,122,0,0.5021318464918771,0.4019042034171948,0,Instructed
523,123,0,0.9288401766389633,0.5456766748998759,0,Instructed
524,124,0,0.534762597897495,0.45314422903371104,0,Instructed
525,125,0,0.3382812143943848,0.49679797865797287,0,Instructed
526,126,0,0.2641403288903261,0.6422145256644316,0,Instructed
527,127,0,0.9546070405709546,0.2793327094462029,0,Instructed
528,128,0,0.5440094047723784,0.40770877929957006,0,Instructed
529,129,0,0.026205183270322747,0.5474141720655368,0,Instructed
530,130,0,0.6402862492673029,0.44231328405587966,0,Instructed
531,131,0,0.07255962483478966,0.5500408982776299,0,Instructed
532,132,0,0.5315536616853991,0.42096744508480277,0,Instructed
533,133,0,0.6848231478585847,0.3506174568569059,0,Instructed
534,134,0,0.5463541757666444,0.3970432622314521,0,Instructed
535,135,0,0.8739954921069568,0.2999179686743765,0,Instructed
536,136,0,0.4375617090977451,0.3611221235845037,0,Instructed
537,137,0,0.80282180987413,0.4775926858280898,0,Instructed
538,138,0,0.3212489354647816,0.3994471750361164,0,Instructed
539,139,0,0.15113352857665882,0.4202589056871425,0,Instructed
540,140,0,0.5331538040165491,0.33972288723595523,0,Instructed
541,141,0,0.7226425181549859,0.35203477794157845,0,Instructed
542,142,0,0.3554185525062924,0.4290584840131322,0,Instructed
543,143,0,0.6799213689941421,0.3181990345948944,0,Instructed
544,144,0,0.42577640309481307,0.3890627911173713,0,Instructed
545,145,0,0.09542441748922598,0.4898497398490144,0,Instructed
546,146,0,0.5295348497328493,0.4097378896595302,0,Instructed
547,147,0,0.3017929833428689,0.35166241201948834,0,Instructed
548,148,0,0.66468195790201,0.49981054944380354,0,Instructed
549,149,0,0.3570808908924867,0.4163324711448636,0,Instructed
550,150,0,0.5661340409391639,0.3579716725915148,0,Instructed
551,151,0,0.8419453449685254,0.28200077720001604,0,Instructed
552,152,0,0.7757009880689786,0.4102911874907308,0,Instructed
553,153,0,0.9767619757114712,0.5491077955514003,0,Instructed
554,154,0,0.3799539445673131,0.5666426497589927,0,Instructed
555,155,0,0.885912423951966,0.4411728286622116,0,Instructed
556,156,0,0.5072319480171092,0.3611160022440937,0,Instructed
557,157,0,0.5787780172728181,0.37863009893341004,0,Instructed
558,158,0,0.5059344942858698,0.42157506230112757,0,Instructed
559,159,0,0.4199510142169467,0.4716413649786041,0,Instructed
560,160,0,0.43447336402641373,0.4304992196433277,0,Instructed
561,161,0,0.8093281364788386,0.2907887247693099,0,Instructed
562,162,0,0.633441828841987,0.4911477911120504,0,Instructed
563,163,0,0.2933348267059434,0.49535694741232317,0,Instructed
564,164,0,0.369046917804584,0.39291713401791417,0,Instructed
565,165,0,0.36858598656462893,0.29884130621207194,0,Instructed
566,166,0,0.894495846404013,0.5854527599166044,0,Instructed
567,167,0,0.7667753470979364,0.38255469120261815,0,Instructed
568,168,0,0.5069605567793309,0.40206787082219064,0,Instructed
569,169,0,0.6011578701815552,0.418172666099487,0,Instructed
570,170,0,0.40328873070270677,0.5243693494347874,0,Instructed
571,171,0,0.7882925068242059,0.2990122097834065,0,Instructed
572,172,0,0.6611599214626376,0.5197673523372065,0,Instructed
573,173,0,0.4049776437408476,0.4326238652012261,0,Instructed
574,174,0,0.2260016219512363,0.43716597409444313,0,Instructed
575,175,0,0.6271785183089211,0.3037408332708996,0,Instructed
576,176,0,0.5301066933262413,0.5078902695198548,0,Instructed
577,177,0,0.9646483087900835,0.3777381716008281,0,Instructed
578,178,0,0.6078197895096636,0.44929369498245375,0,Instructed
579,179,0,0.5598330323733615,0.5317665162031426,0,Instructed
580,180,0,0.4455632512627581,0.5395596703289917,0,Instructed
581,181,0,0.37191456128100453,0.4912094342793252,0,Instructed
582,182,0,0.5243359763209385,0.34338737116825413,0,Instructed
583,183,0,0.24924894438919937,0.42976030422050715,0,Instructed
584,184,0,0.8226890968873123,0.41864339977818354,0,Instructed
585,185,0,0.34959660233792716,0.4515559701984198,0,Instructed
586,186,0,0.6185360085498208,0.5556200942345818,0,Instructed
587,187,0,0.34560945170152924,0.400461101992063,0,Instructed
588,188,0,0.46541970961227613,0.5279359320065428,0,Instructed
589,189,0,0.324779568338596,0.39708714137232454,0,Instructed
590,190,0,0.45293857772991053,0.31188929882635374,0,Instructed
591,191,0,0.268796088548229,0.5026955686506012,0,Instructed
592,192,0,0.7303456723145961,0.46383464053640644,0,Instructed
593,193,0,0.0788102628590808,0.5332668362929505,0,Instructed
594,194,0,0.3459453371514767,0.4502362315557911,0,Instructed
595,195,0,0.44123294897957244,0.4693969318705218,0,Instructed
596,196,0,0.8798387400290208,0.4588581963260807,0,Instructed
597,197,0,0.76490379261257,0.5020159269429343,0,Instructed
598,198,0,0.7948247527718479,0.3995325121743968,0,Instructed
599,199,0,0.8093201374036776,0.4863224867134609,0,Instructed
600,0,0,0.6794311412168927,0.7315675857518418,1,Blocked
601,1,0,0.2161062406245804,0.5148980134368301,1,Blocked
602,2,0,0.22877584239323187,0.5551211927106495,1,Blocked
603,3,0,0.2869891123130611,0.6907597861543133,1,Blocked
604,4,0,0.5148740236045793,0.5061686923719528,1,Blocked
605,5,0,0.5266527791984481,0.6926631823411389,1,Blocked
606,6,0,0.6369478840600837,0.6372933600201481,1,Blocked
607,7,0,0.8944791176616791,0.5664723649309211,1,Blocked
608,8,0,0.19683063884416538,0.5409185772996957,1,Blocked
609,9,0,0.6124871834079162,0.3821441804114213,1,Blocked
610,10,0,0.23180575965581318,0.6943588496897839,1,Blocked
611,11,0,0.8014347294599935,0.36959660076007195,1,Blocked
612,12,0,0.2199797149398754,0.6892662597970651,1,Blocked
613,13,0,0.7012811474165879,0.5426732344423849,1,Blocked
614,14,0,0.2879650733128066,0.5601240769451686,1,Blocked
615,15,0,0.26059418334047957,0.4860746136916204,1,Blocked
616,16,0,0.50098674154379,0.5107185074555205,1,Blocked
617,17,0,0.5140024118412866,0.49786296437869604,1,Blocked
618,18,0,0.7685025151512872,0.7004071547565693,1,Blocked
619,19,0,0.9709903241444249,0.36234507412037853,1,Blocked
620,20,0,0.983428982981958,0.4603930577184533,1,Blocked
621,21,0,0.9787519594956775,0.37722899184382686,1,Blocked
622,22,0,0.9725509683848687,0.4589677764967669,1,Blocked
623,23,0,0.06764885682008019,0.511448825060838,1,Blocked
624,24,0,0.22091369112166614,0.45069926236024105,1,Blocked
625,25,0,0.5674519371739842,0.7074459230404859,1,Blocked
626,26,0,0.5066891243806239,0.532303032454815,1,Blocked
627,27,0,0.5983902005665112,0.42910392132067016,1,Blocked
628,28,0,0.28910726680669596,0.5424617122990489,1,Blocked
629,29,0,0.1993084561063872,0.5167321693095362,1,Blocked
630,30,0,0.802121622392066,0.45671707263694383,1,Blocked
631,31,0,0.2589859115673642,0.6808089524249179,1,Blocked
632,32,0,0.6828290274679851,0.519900887343183,1,Blocked
633,33,0,0.652806862467757,0.5636177236879716,1,Blocked
634,34,0,0.8008652760935673,0.51836456203159,1,Blocked
635,35,0,0.19078525297756624,0.6364560259579377,1,Blocked
636,36,0,0.8170024958006902,0.45631072717874566,1,Blocked
637,37,0,0.2012941895643821,0.6107348810741677,1,Blocked
638,38,0,0.26693857325018044,0.6377844427184618,1,Blocked
639,39,0,0.6162631838520717,0.6792987032966133,1,Blocked
640,40,0,0.5558975889091674,0.4540821168858686,1,Blocked
641,41,0,0.5969072869172769,0.43964144636625285,1,Blocked
642,42,0,0.6445513136939329,0.5132670654078718,1,Blocked
643,43,0,0.3906035774729389,0.5678295276887744,1,Blocked
644,44,0,0.45189915106259654,0.5108175089889359,1,Blocked
645,45,0,0.5739056161153488,0.5671950258561246,1,Blocked
646,46,0,0.2055536329735169,0.5902291592392817,1,Blocked
647,47,0,0.2770495980358969,0.6641859622438326,1,Blocked
648,48,0,0.5455751311009704,0.5534350748329726,1,Blocked
649,49,0,0.4848843242010612,0.6393651877311977,1,Blocked
650,50,0,0.5214816438297432,0.49225506289766807,1,Blocked
651,51,0,0.5514310650250529,0.6157084502905528,1,Blocked
652,52,0,0.6166192394552911,0.7050074760542931,1,Blocked
653,53,0,0.3948224750949623,0.4929425027956816,1,Blocked
654,54,0,0.5331759860960297,0.5010438583541519,1,Blocked
655,55,0,0.4888959796156681,0.5672502201709775,1,Blocked
656,56,0,0.4616403946948702,0.5969415323425551,1,Blocked
657,57,0,0.538048338600687,0.493522311047892,1,Blocked
658,58,0,0.32909363644037837,0.4576058995073687,1,Blocked
659,59,0,0.43401693301582717,0.6153448312719033,1,Blocked
660,60,0,0.5529036810913716,0.5465672029758042,1,Blocked
661,61,0,0.47355922651685545,0.4885692833499051,1,Blocked
662,62,0,0.4992152075169414,0.39283303800556,1,Blocked
663,63,0,0.4348340989109554,0.6537321023854665,1,Blocked
664,64,0,0.4134420615166538,0.49424031861570705,1,Blocked
665,65,0,0.5914936761329033,0.5203502271242109,1,Blocked
666,66,0,0.5024303920069654,0.5113601552029149,1,Blocked
667,67,0,0.5370195501847395,0.4319374247270788,1,Blocked
668,68,0,0.5879903077175448,0.5852217054603088,1,Blocked
669,69,0,0.34985612358740387,0.4996705145252706,1,Blocked
670,70,0,0.8185518241515071,0.5034069917263634,1,Blocked
671,71,0,0.3987867025408873,0.4858780139889609,1,Blocked
672,72,0,0.3955541200372099,0.49007968513879097,1,Blocked
673,73,0,0.3962563126363938,0.4697290708787968,1,Blocked
674,74,0,0.4414922701394433,0.5263763804490368,1,Blocked
675,75,0,0.3370134798087243,0.5138817044174829,1,Blocked
676,76,0,0.34659126618745423,0.6470182414474951,1,Blocked
677,77,0,0.6480712061390256,0.42310854014068827,1,Blocked
678,78,0,0.5122108707819691,0.45916418651045965,1,Blocked
679,79,0,0.48352356791118295,0.6146971107122328,1,Blocked
680,80,0,0.07048289600374723,0.5631915285349152,1,Blocked
681,81,0,0.0578394608833069,0.6640618889456619,1,Blocked
682,82,0,0.7838350239438066,0.4408654433564696,1,Blocked
683,83,0,0.5732871387331555,0.650071813290809,1,Blocked
684,84,0,0.2388726355028471,0.5357600528092493,1,Blocked
685,85,0,0.6949014292913329,0.57334275376514,1,Blocked
686,86,0,0.755072857372787,0.5146010349002123,1,Blocked
687,87,0,0.1516383517250689,0.5047817625816604,1,Blocked
688,88,0,0.5225799489842923,0.5048866356910664,1,Blocked
689,89,0,0.09857278182626028,0.5937612704917574,1,Blocked
690,90,0,0.10163530797501541,0.5519681452931815,1,Blocked
691,91,0,0.3111731070299613,0.5457491501905296,1,Blocked
692,92,0,0.4203474060862389,0.5025878904792298,1,Blocked
693,93,0,0.3992940749941356,0.5158871924135726,1,Blocked
694,94,0,0.33597911129420344,0.47694233070112446,1,Blocked
695,95,0,0.8844963364586526,0.3589574276443525,1,Blocked
696,96,0,0.1443929274462239,0.7186088692270767,1,Blocked
697,97,0,0.8688052729510122,0.3442723128468757,1,Blocked
698,98,0,0.7181587042983336,0.6675694096369439,1,Blocked
699,99,0,0.3728797660499009,0.44760428417768194,1,Blocked
700,100,0,0.2961091463143173,0.5366415530580807,1,Blocked
701,101,0,0.5057442969445217,0.46961049243311026,1,Blocked
702,102,0,0.8863384708677027,0.3787249929564134,1,Blocked
703,103,0,0.18985735658837807,0.5363030657368246,1,Blocked
704,104,0,0.13720661047761912,0.5162671145925388,1,Blocked
705,105,0,0.6206212765460373,0.5398433049339701,1,Blocked
706,106,0,0.118655948685421,0.5574394288491995,1,Blocked
707,107,0,0.748813481087558,0.5601882869991959,1,Blocked
708,108,0,0.47360443911512656,0.4853622057013023,1,Blocked
709,109,0,0.9652030215574258,0.44553587490117896,1,Blocked
710,110,0,0.7980664151854948,0.5093324408055311,1,Blocked
711,111,0,0.7319894956093715,0.6327801583473938,1,Blocked
712,112,0,0.8874704445063795,0.3248554547796053,1,Blocked
713,113,0,0.21920727632238676,0.5787786403634554,1,Blocked
714,114,0,0.4335079447702085,0.4756852304626428,1,Blocked
715,115,0,0.7622264688121185,0.3400416387485733,1,Blocked
716,116,0,0.561247376827035,0.5456824114529042,1,Blocked
717,117,0,0.836000680315067,0.534782598622796,1,Blocked
718,118,0,0.9406236561400712,0.45755670513186386,1,Blocked
719,119,0,0.5852602876938668,0.5359573629195926,1,Blocked
720,120,0,0.22526073459400425,0.520833364461649,1,Blocked
721,121,0,0.5550816174658785,0.5218510137134494,1,Blocked
722,122,0,0.12312871815957462,0.6988213356991937,1,Blocked
723,123,0,0.7255298210855367,0.5146483525850859,1,Blocked
724,124,0,0.3501007489213672,0.44034992702956066,1,Blocked
725,125,0,0.3668477752985967,0.5911345114559912,1,Blocked
726,126,0,0.6260019652615186,0.8249839046317992,1,Blocked
727,127,0,0.4701116966695865,0.6057993689998957,1,Blocked
728,128,0,0.527246690621989,0.6440527532093827,1,Blocked
729,129,0,0.34606096161703576,0.6808349838738491,1,Blocked
730,130,0,0.5335124976174477,0.5213582686558621,1,Blocked
731,131,0,0.6361613115819122,0.42254813734026564,1,Blocked
732,132,0,0.18387777845304798,0.5727705697513839,1,Blocked
733,133,0,0.13308844942926223,0.622913455489857,1,Blocked
734,134,0,0.46064609655941,0.555346570805033,1,Blocked
735,135,0,0.438537735856452,0.56539463927942,1,Blocked
736,136,0,0.6525988112904174,0.5120160766830518,1,Blocked
737,137,0,0.16357990729774396,0.5852112257612151,1,Blocked
738,138,0,0.8800015845378222,0.4395991869530478,1,Blocked
739,139,0,0.7067717841965417,0.5058809252877822,1,Blocked
740,140,0,0.57409399728467,0.5254442095868145,1,Blocked
741,141,0,0.6367718788082077,0.5546465516430563,1,Blocked
742,142,0,0.6776491896503387,0.4784741821494899,1,Blocked
743,143,0,0.4392246951917469,0.5476479090523353,1,Blocked
744,144,0,0.6381098991826203,0.515476652626067,1,Blocked
745,145,0,0.48390357533213696,0.612242896970286,1,Blocked
746,146,0,0.8041768934768353,0.48353958941412656,1,Blocked
747,147,0,0.6762925701477808,0.5329165628645829,1,Blocked
748,148,0,0.7096602434512549,0.35040699878033055,1,Blocked
749,149,0,0.5691203077367127,0.6014151670283325,1,Blocked
750,150,0,0.5056992877540851,0.5896344380940207,1,Blocked
751,151,0,0.5497861158960329,0.46461496173125405,1,Blocked
752,152,0,0.5755866213652622,0.6100911101181036,1,Blocked
753,153,0,0.6827345619634436,0.3920176993940384,1,Blocked
754,154,0,0.9583747904297262,0.5185336372675201,1,Blocked
755,155,0,0.5295464619099058,0.5023453457320983,1,Blocked
756,156,0,0.8629223642301226,0.47931844969777937,1,Blocked
757,157,0,0.7832576609120927,0.3771947200456779,1,Blocked
758,158,0,0.3615150340500765,0.6873649968192674,1,Blocked
759,159,0,0.32006004225563855,0.6123722296965728,1,Blocked
760,160,0,0.14799048978048226,0.6395194804475185,1,Blocked
761,161,0,0.18698120484735706,0.516609698349046,1,Blocked
762,162,0,0.3589824677554523,0.5711122417393539,1,Blocked
763,163,0,0.6075141265471236,0.5292103744477317,1,Blocked
764,164,0,0.700444928694343,0.40547959478850104,1,Blocked
765,165,0,0.07324213202557858,0.6114817314370001,1,Blocked
766,166,0,0.9503297531701349,0.42774765358713807,1,Blocked
767,167,0,0.46209168170009,0.7051765922511471,1,Blocked
768,168,0,0.5274815962347909,0.5048600565115656,1,Blocked
769,169,0,0.7109793828705371,0.45952573357786863,1,Blocked
770,170,0,0.7765818288931217,0.4615281738902814,1,Blocked
771,171,0,0.39081961661899567,0.4887440865660667,1,Blocked
772,172,0,0.5747452904631627,0.44149087513767815,1,Blocked
773,173,0,0.3653228081498246,0.513124855339923,1,Blocked
774,174,0,0.5051290012290313,0.5440060836361913,1,Blocked
775,175,0,0.5229471846981891,0.5219963259315507,1,Blocked
776,176,0,0.12077254144891078,0.6085451804387101,1,Blocked
777,177,0,0.08385071333442716,0.5251703541253268,1,Blocked
778,178,0,0.09591252822454804,0.5666191257465047,1,Blocked
779,179,0,0.7584407962848054,0.5057211121569745,1,Blocked
780,180,0,0.1878731203020963,0.5803257597083781,1,Blocked
781,181,0,0.3954321227877282,0.4490752723483292,1,Blocked
782,182,0,0.8280511477998518,0.37853663788861147,1,Blocked
783,183,0,0.4957491035065625,0.6199627627206188,1,Blocked
784,184,0,0.5101612653436427,0.5277087952252586,1,Blocked
785,185,0,0.7626467332404281,0.6392096682071982,1,Blocked
786,186,0,0.9551630505157039,0.5348669942255818,1,Blocked
787,187,0,0.9499168801128615,0.42666247781703875,1,Blocked
788,188,0,0.6442855355901896,0.41912032108204456,1,Blocked
789,189,0,0.3281842103430724,0.7117774676469846,1,Blocked
790,190,0,0.19366364394362617,0.5492723377640308,1,Blocked
791,191,0,0.5356495822603582,0.7146041299690749,1,Blocked
792,192,0,0.36442801737094316,0.674280169605344,1,Blocked
793,193,0,0.6588966630481798,0.5213041690961843,1,Blocked
794,194,0,0.34354952495497204,0.6732259830783115,1,Blocked
795,195,0,0.7712342678683294,0.4034555274784468,1,Blocked
796,196,0,0.1916206691060046,0.4838339039229985,1,Blocked
797,197,0,0.8061860070077767,0.5472413953444575,1,Blocked
798,198,0,0.8007725703508801,0.3862103028916035,1,Blocked
799,199,0,0.6484877860737267,0.37859004530524,1,Blocked
800,0,0,0.5476793597029905,0.5820085160118895,1,Interleaved
801,1,0,0.5737956600257802,0.6097342857596174,1,Interleaved
802,2,0,0.8456070948401899,0.3249317931791429,1,Interleaved
803,3,0,0.8574100660984897,0.41736054214486995,1,Interleaved
804,4,0,0.4076297927921414,0.6348275931159648,1,Interleaved
805,5,0,0.03718361392404235,0.7645882620017834,1,Interleaved
806,6,0,0.47264508265874194,0.6643151858318199,1,Interleaved
807,7,0,0.7960142059957565,0.490172228565835,1,Interleaved
808,8,0,0.6000758443581808,0.4583551783692196,1,Interleaved
809,9,0,0.7599911933089835,0.4214050160802572,1,Interleaved
810,10,0,0.4881682908514032,0.5095234589676825,1,Interleaved
811,11,0,0.047706273426056114,0.5747558024384087,1,Interleaved
812,12,0,0.537410329467351,0.5385200446215228,1,Interleaved
813,13,0,0.021558369966345105,0.6972362385406388,1,Interleaved
814,14,0,0.49720589296568296,0.7906496366662246,1,Interleaved
815,15,0,0.21125304865739775,0.6473938472810338,1,Interleaved
816,16,0,0.5598423844462015,0.5387666997785571,1,Interleaved
817,17,0,0.18202389046471135,0.7372797946542415,1,Interleaved
818,18,0,0.5469156592312681,0.7215227091258754,1,Interleaved
819,19,0,0.3642073934523943,0.5435228476614019,1,Interleaved
820,20,0,0.12988597156638404,0.6553571526871722,1,Interleaved
821,21,0,0.4397371697160429,0.7692875237212022,1,Interleaved
822,22,0,0.2625813824119638,0.4843769368811573,1,Interleaved
823,23,0,0.3158950769009996,0.7822953556689403,1,Interleaved
824,24,0,0.6780320722488259,0.4229160436898965,1,Interleaved
825,25,0,0.7497174415900644,0.7904043248021233,1,Interleaved
826,26,0,0.725725793228144,0.5049006691856803,1,Interleaved
827,27,0,0.5552336994465178,0.6145599289311714,1,Interleaved
828,28,0,0.32406234206412354,0.5739193895902358,1,Interleaved
829,29,0,0.3123297466213478,0.569771987715273,1,Interleaved
830,30,0,0.6506993326693522,0.6158309136542539,1,Interleaved
831,31,0,0.6764089299511626,0.708372288859286,1,Interleaved
832,32,0,0.9665566073533612,0.6258331978112126,1,Interleaved
833,33,0,0.5586627947312844,0.45870289632692407,1,Interleaved
834,34,0,0.1549913871268365,0.6840155268189732,1,Interleaved
835,35,0,0.8260975971585338,0.6346245114003313,1,Interleaved
836,36,0,0.5311732741367925,0.653279896931459,1,Interleaved
837,37,0,0.03669738940729981,0.695818476025353,1,Interleaved
838,38,0,0.611032962936005,0.5063785154213505,1,Interleaved
839,39,0,0.7078986385066579,0.4744424419482512,1,Interleaved
840,40,0,0.3844610863629083,0.6053843094950115,1,Interleaved
841,41,0,0.5342431887729101,0.6810475257689659,1,Interleaved
842,42,0,0.9256758341245348,0.40055619897248274,1,Interleaved
843,43,0,0.7104446519363248,0.47403959381047484,1,Interleaved
844,44,0,0.354590849740006,0.7763268141147847,1,Interleaved
845,45,0,0.06833419070696653,0.5023279601901056,1,Interleaved
846,46,0,0.488120980554309,0.5687443913404737,1,Interleaved
847,47,0,0.10555529248057385,0.6092522746913758,1,Interleaved
848,48,0,0.22573406780422017,0.6854372629487198,1,Interleaved
849,49,0,0.5438418972790584,0.6817828954410785,1,Interleaved
850,50,0,0.7897978552948932,0.4367459009376233,1,Interleaved
851,51,0,0.42428801957644746,0.44184422754192265,1,Interleaved
852,52,0,0.08396724153648771,0.5026996302933877,1,Interleaved
853,53,0,0.5933392618973303,0.36209539834037474,1,Interleaved
854,54,0,0.7923098018599455,0.5188257048877921,1,Interleaved
855,55,0,0.3457619977604782,0.6035723209319632,1,Interleaved
856,56,0,0.3756485370363628,0.617745480992034,1,Interleaved
857,57,0,0.2579757325698625,0.6397224090274418,1,Interleaved
858,58,0,0.7093622157395696,0.4485490749684732,1,Interleaved
859,59,0,0.16457687922527445,0.6614234627755036,1,Interleaved
860,60,0,0.4321999807403344,0.6122503863271365,1,Interleaved
861,61,0,0.9639311514840059,0.41979214450863434,1,Interleaved
862,62,0,0.49057670057106084,0.7688597338113662,1,Interleaved
863,63,0,0.09819803351295309,0.5872890221786331,1,Interleaved
864,64,0,0.9125920563070506,0.7195969317482529,1,Interleaved
865,65,0,0.7241627114823564,0.6244403152169296,1,Interleaved
866,66,0,0.7779595255518964,0.5805290462391393,1,Interleaved
867,67,0,0.5292520413190074,0.4873237135499461,1,Interleaved
868,68,0,0.12785023050243588,0.48823732499616324,1,Interleaved
869,69,0,0.21299950798581127,0.6156697132495829,1,Interleaved
870,70,0,0.37364689035975085,0.488579536538971,1,Interleaved
871,71,0,0.9052706235525536,0.2828438807702901,1,Interleaved
872,72,0,0.4815969650284954,0.6218150574035357,1,Interleaved
873,73,0,0.22922415170930702,0.6597244815496743,1,Interleaved
874,74,0,0.8707203496775526,0.44500414372429475,1,Interleaved
875,75,0,0.6240233330215774,0.4871759955605398,1,Interleaved
876,76,0,0.34055505225375565,0.6618743899610446,1,Interleaved
877,77,0,0.6824788608694645,0.46117149965021503,1,Interleaved
878,78,0,0.6042305448114642,0.5975482271439978,1,Interleaved
879,79,0,0.18997923288684243,0.5658199713078025,1,Interleaved
880,80,0,0.21781677976337233,0.5353466283863142,1,Interleaved
881,81,0,0.3732474040316411,0.5178740557235266,1,Interleaved
882,82,0,0.4705649699159145,0.6462080454079284,1,Interleaved
883,83,0,0.5214411011282318,0.5125732038257891,1,Interleaved
884,84,0,0.5658431662040321,0.5961459395736768,1,Interleaved
885,85,0,0.24397819839105261,0.5526534864100023,1,Interleaved
886,86,0,0.21343140340832298,0.6301146751161228,1,Interleaved
887,87,0,0.43782879566902666,0.5527930752163597,1,Interleaved
888,88,0,0.6657505072298835,0.5281833821762203,1,Interleaved
889,89,0,0.4027528222776163,0.4809636887803882,1,Interleaved
890,90,0,0.3920057221064096,0.4688042140916028,1,Interleaved
891,91,0,0.23968897442124526,0.418657138249278,1,Interleaved
892,92,0,0.4411822042502405,0.5569247568733389,1,Interleaved
893,93,0,0.9059133863995616,0.33470743721285356,1,Interleaved
894,94,0,0.32426432270433175,0.74118580518339,1,Interleaved
895,95,0,0.8614782648259584,0.42629657220027406,1,Interleaved
896,96,0,0.5803675862414722,0.3693514478206327,1,Interleaved
897,97,0,0.864752597447977,0.5390148946535993,1,Interleaved
898,98,0,0.6994578996967096,0.531560922089358,1,Interleaved
899,99,0,0.2506309700889616,0.5881434011416964,1,Interleaved
900,100,0,0.7699450777841914,0.40034972246050005,1,Interleaved
901,101,0,0.706588350397929,0.4522313934804734,1,Interleaved
902,102,0,0.6079208962971694,0.7157294104489766,1,Interleaved
903,103,0,0.8435901841675162,0.47538881348218065,1,Interleaved
904,104,0,0.6792468468612056,0.5890108848492045,1,Interleaved
905,105,0,0.2802658709381527,0.549701747519197,1,Interleaved
906,106,0,0.30663174046919595,0.4911842419366132,1,Interleaved
907,107,0,0.8061150070246926,0.5394013372845499,1,Interleaved
908,108,0,0.5391916046345633,0.4612914694599984,1,Interleaved
909,109,0,0.6701809120803566,0.33629416108583876,1,Interleaved
910,110,0,0.5173038830286891,0.668225256083087,1,Interleaved
911,111,0,0.9112757541346003,0.6489169320937725,1,Interleaved
912,112,0,0.551246936414721,0.4902757536337175,1,Interleaved
913,113,0,0.9563701665599086,0.38079804531549627,1,Interleaved
914,114,0,0.48320416124700205,0.42619346610351516,1,Interleaved
915,115,0,0.5070491156898501,0.6637358421775865,1,Interleaved
916,116,0,0.5200513254266539,0.6795914371606808,1,Interleaved
917,117,0,0.7930173156767722,0.4759394819450878,1,Interleaved
918,118,0,0.09917895898770486,0.7799524382397964,1,Interleaved
919,119,0,0.4318433746275399,0.7031592943967033,1,Interleaved
920,120,0,0.3311213948406212,0.5613082161691944,1,Interleaved
921,121,0,0.5974861965614595,0.5837597257743231,1,Interleaved
922,122,0,0.901977589068384,0.4072882395269758,1,Interleaved
923,123,0,0.36403007669737897,0.5308236629025759,1,Interleaved
924,124,0,0.2819757159812247,0.3531604030023306,1,Interleaved
925,125,0,0.6773364867084088,0.43400154568728544,1,Interleaved
926,126,0,0.703096828565312,0.5574327953843479,1,Interleaved
927,127,0,0.08472756109144591,0.48948079795722155,1,Interleaved
928,128,0,0.477795120253086,0.7164908884164527,1,Interleaved
929,129,0,0.9208028553664558,0.4515728815250392,1,Interleaved
930,130,0,0.8143834165021888,0.3884124988842276,1,Interleaved
931,131,0,0.45150776188469477,0.44980880682557994,1,Interleaved
932,132,0,0.953104426831781,0.4191872802501696,1,Interleaved
933,133,0,0.27138704895464055,0.7082566945969029,1,Interleaved
934,134,0,0.3385914191710542,0.4676538365888057,1,Interleaved
935,135,0,0.745601522374902,0.40260170872238976,1,Interleaved
936,136,0,0.3261092656876315,0.625750614695179,1,Interleaved
937,137,0,0.18922200334136416,0.635457895393341,1,Interleaved
938,138,0,0.4414946340867085,0.5464175450505161,1,Interleaved
939,139,0,0.6946005173896732,0.5765052627921305,1,Interleaved
940,140,0,0.5136655004760108,0.6773988338547114,1,Interleaved
941,141,0,0.1489974525260132,0.5658109525160152,1,Interleaved
942,142,0,0.4543560396584575,0.5126453458706686,1,Interleaved
943,143,0,0.6500919230019886,0.5911159727925701,1,Interleaved
944,144,0,0.6683044751647613,0.6335412194369607,1,Interleaved
945,145,0,0.5593771139679063,0.8422351007291146,1,Interleaved
946,146,0,0.17251243778415926,0.5248950383520009,1,Interleaved
947,147,0,0.3058516598556648,0.6808005950093279,1,Interleaved
948,148,0,0.5544626195151552,0.3475630140508772,1,Interleaved
949,149,0,0.951867310480297,0.44508034152474985,1,Interleaved
950,150,0,0.5013955781736059,0.6892935458727922,1,Interleaved
951,151,0,0.011667174668459398,0.7820468026730647,1,Interleaved
952,152,0,0.3736784927901698,0.5236450048933156,1,Interleaved
953,153,0,0.512976174759804,0.7701462241534469,1,Interleaved
954,154,0,0.19849699825121014,0.7019901254879877,1,Interleaved
955,155,0,0.5282265877483707,0.4949764671250729,1,Interleaved
956,156,0,0.3734648786370255,0.4664553845147894,1,Interleaved
957,157,0,0.6858364577252071,0.5305866291061049,1,Interleaved
958,158,0,0.49168808787012785,0.6614096068809362,1,Interleaved
959,159,0,0.32218005668403404,0.4916999342969635,1,Interleaved
960,160,0,0.7557530213755483,0.6299607327842842,1,Interleaved
961,161,0,0.554582210464468,0.6877304726858984,1,Interleaved
962,162,0,0.4649265734838233,0.5336661805823207,1,Interleaved
963,163,0,0.06441092193469253,0.6631098233721666,1,Interleaved
964,164,0,0.1258745613803672,0.5377490496739745,1,Interleaved
965,165,0,0.30506499758725897,0.7647151125142961,1,Interleaved
966,166,0,0.4312755094960879,0.6351247848512425,1,Interleaved
967,167,0,0.42459248968848484,0.5373138878907207,1,Interleaved
968,168,0,0.301162036300135,0.5534789081189486,1,Interleaved
969,169,0,0.8961809900735669,0.3675789227108777,1,Interleaved
970,170,0,0.8549914129335031,0.6887771002995053,1,Interleaved
971,171,0,0.1835236402326374,0.6837927766340621,1,Interleaved
972,172,0,0.6255625852509483,0.3278814909032588,1,Interleaved
973,173,0,0.8493515201546044,0.502861134143692,1,Interleaved
974,174,0,0.4688394357688331,0.5320784103795052,1,Interleaved
975,175,0,0.03926593486604281,0.5133129230162506,1,Interleaved
976,176,0,0.8756389168152607,0.4801131749503508,1,Interleaved
977,177,0,0.582159625107501,0.6169236151952404,1,Interleaved
978,178,0,0.6917984144226512,0.35720440830173644,1,Interleaved
979,179,0,0.513256103178779,0.6015227673263284,1,Interleaved
980,180,0,0.5141534320894059,0.4989999366055773,1,Interleaved
981,181,0,0.9812547211581493,0.3882296940948706,1,Interleaved
982,182,0,0.9553588078668183,0.3643077036741975,1,Interleaved
983,183,0,0.8969100644011316,0.44414660647465254,1,Interleaved
984,184,0,0.7798230245268936,0.562548025123421,1,Interleaved
985,185,0,0.8791087988246106,0.44519134030396423,1,Interleaved
986,186,0,0.2192192149932024,0.6218586599024208,1,Interleaved
987,187,0,0.6167751726512493,0.5352641723542675,1,Interleaved
988,188,0,0.12179763058408644,0.6302846690322963,1,Interleaved
989,189,0,0.6045943476847767,0.40361535651745595,1,Interleaved
990,190,0,0.6796170213043825,0.5657546006907173,1,Interleaved
991,191,0,0.06220167208886603,0.7012265006098536,1,Interleaved
992,192,0,0.8334435530529046,0.5394840514163783,1,Interleaved
993,193,0,0.7281645795559377,0.5863283741685628,1,Interleaved
994,194,0,0.2499868165200055,0.463411451580806,1,Interleaved
995,195,0,0.7556475973256207,0.4006352781950574,1,Interleaved
996,196,0,0.6239139489997358,0.4172989434939561,1,Interleaved
997,197,0,0.9521720409376491,0.37655129661194164,1,Interleaved
998,198,0,0.5693037903136224,0.559970758341939,1,Interleaved
999,199,0,0.12353440996029028,0.49560012744695736,1,Interleaved
1000,0,0,0.9667716106878549,0.5376763155665416,1,Instructed
1001,1,0,0.5368195195826535,0.7213070131257011,1,Instructed
1002,2,0,0.954549763299106,0.5483750508752235,1,Instructed
1003,3,0,0.24711865949047848,0.547159074395828,1,Instructed
1004,4,0,0.8370001714281048,0.4493947333842779,1,Instructed
1005,5,0,0.20977505321710604,0.4034817264713091,1,Instructed
1006,6,0,0.7324938778957197,0.5115898281655533,1,Instructed
1007,7,0,0.414671253088271,0.5339395269762728,1,Instructed
1008,8,0,0.5610872129636014,0.5661685103830629,1,Instructed
1009,9,0,0.8064932194562753,0.5163302685212607,1,Instructed
1010,10,0,0.5579770977718296,0.4105824386949336,1,Instructed
1011,11,0,0.07947169681904223,0.5959400437773834,1,Instructed
1012,12,0,0.5900754394038157,0.3825073801481488,1,Instructed
1013,13,0,0.8308790520332858,0.7038451370928922,1,Instructed
1014,14,0,0.46582082344609393,0.5566028414358354,1,Instructed
1015,15,0,0.01978798891646645,0.5839597810999524,1,Instructed
1016,16,0,0.9398685126861965,0.4538352686193241,1,Instructed
1017,17,0,0.6067668944713884,0.4668955755476738,1,Instructed
1018,18,0,0.16039638299570733,0.5448075576484352,1,Instructed
1019,19,0,0.9227229677536699,0.515345854292298,1,Instructed
1020,20,0,0.4752982288475401,0.36230949405139257,1,Instructed
1021,21,0,0.2788260389437658,0.4151060339739092,1,Instructed
1022,22,0,0.5086494731037919,0.5180786828659918,1,Instructed
1023,23,0,0.5013617208947491,0.42710479597162165,1,Instructed
1024,24,0,0.5625107917355715,0.37374054879576946,1,Instructed
1025,25,0,0.6182112397914622,0.4162468361175696,1,Instructed
1026,26,0,0.13288727198849745,0.25925004889096476,1,Instructed
1027,27,0,0.5023445680923362,0.4188682337274402,1,Instructed
1028,28,0,0.053695774998654563,0.5076321887580542,1,Instructed
1029,29,0,0.3351664166115354,0.3885794999033859,1,Instructed
1030,30,0,0.4285116510386836,0.49074518170003345,1,Instructed
1031,31,0,0.31757711514245174,0.4905269542537903,1,Instructed
1032,32,0,0.5425721659051435,0.24106955813064707,1,Instructed
1033,33,0,0.7294472462128652,0.42149730666033336,1,Instructed
1034,34,0,0.7553124536996874,0.43994703567381854,1,Instructed
1035,35,0,0.17432567738433338,0.502115992939899,1,Instructed
1036,36,0,0.09635753225689207,0.5378466009606873,1,Instructed
1037,37,0,0.4574228331247201,0.38755227538769804,1,Instructed
1038,38,0,0.5296731761314116,0.3622217665190345,1,Instructed
1039,39,0,0.4735464062152938,0.4576111705819428,1,Instructed
1040,40,0,0.651165908674779,0.4484730477995146,1,Instructed
1041,41,0,0.6394299729622904,0.43193056202923474,1,Instructed
1042,42,0,0.27138158458743367,0.32080008210691413,1,Instructed
1043,43,0,0.7580224664302203,0.35389835426930616,1,Instructed
1044,44,0,0.05267911122709708,0.759215617002855,1,Instructed
1045,45,0,0.33908965444224615,0.367455087118603,1,Instructed
1046,46,0,0.7466280759281628,0.5715022446444589,1,Instructed
1047,47,0,0.3852021467970764,0.6421922618642727,1,Instructed
1048,48,0,0.7631975091589052,0.32057789577960305,1,Instructed
1049,49,0,0.4285079376627711,0.38311801827658076,1,Instructed
1050,50,0,0.11503024552982566,0.44632379533544675,1,Instructed
1051,51,0,0.1812289982922968,0.5128635139236122,1,Instructed
1052,52,0,0.4164272081368519,0.5491173871767864,1,Instructed
1053,53,0,0.11171753951019774,0.39238452498913823,1,Instructed
1054,54,0,0.3917510268659043,0.489242544559933,1,Instructed
1055,55,0,0.7110471000306291,0.4357360620844925,1,Instructed
1056,56,0,0.4332428327721644,0.42213504636314614,1,Instructed
1057,57,0,0.5700529941639764,0.6077621641292176,1,Instructed
1058,58,0,0.19214373180211042,0.5690807479634562,1,Instructed
1059,59,0,0.378482858257722,0.37531775836218184,1,Instructed
1060,60,0,0.7762802565439267,0.44980269824897046,1,Instructed
1061,61,0,0.5599483615460163,0.5330955023088276,1,Instructed
1062,62,0,0.1269523278488508,0.32667816723668874,1,Instructed
1063,63,0,0.23146365159114823,0.5444496063459148,1,Instructed
1064,64,0,0.499215130947396,0.3623170499533832,1,Instructed
1065,65,0,0.48625928195185486,0.45265577889233255,1,Instructed
1066,66,0,0.4219425561205676,0.4395969530870637,1,Instructed
1067,67,0,0.09454762882571291,0.5463990461872085,1,Instructed
1068,68,0,0.2943910569147099,0.3259396745163895,1,Instructed
1069,69,0,0.532086468411837,0.4473844923085052,1,Instructed
1070,70,0,0.8754748417928588,0.4782767096565653,1,Instructed
1071,71,0,0.08720271762519628,0.44546413319233,1,Instructed
1072,72,0,0.44984681031421303,0.38681217087367215,1,Instructed
1073,73,0,0.6880322645055077,0.554304383887075,1,Instructed
1074,74,0,0.567693737947407,0.4685596926080691,1,Instructed
1075,75,0,0.3622186261634151,0.569949699828936,1,Instructed
1076,76,0,0.9895156976444909,0.39065376655616724,1,Instructed
1077,77,0,0.5091675750923282,0.6049779441641985,1,Instructed
1078,78,0,0.10149693065894273,0.4619437164785499,1,Instructed
1079,79,0,0.9367791042323059,0.34646556104497855,1,Instructed
1080,80,0,0.978149691324594,0.35305713599108185,1,Instructed
1081,81,0,0.308954172709638,0.5624876169023428,1,Instructed
1082,82,0,0.9617517242784241,0.44199582276703564,1,Instructed
1083,83,0,0.6117055169621829,0.5029621232158267,1,Instructed
1084,84,0,0.6994143013000149,0.32847950324486114,1,Instructed
1085,85,0,0.04942930048727165,0.45278682226657985,1,Instructed
1086,86,0,0.7081035002187139,0.45201566594751263,1,Instructed
1087,87,0,0.9574853394256003,0.3861758358251913,1,Instructed
1088,88,0,0.5209864605126633,0.39391846552329335,1,Instructed
1089,89,0,0.45072764161381845,0.38686952140881187,1,Instructed
1090,90,0,0.45304193489194794,0.28128477639766036,1,Instructed
1091,91,0,0.3381261145408387,0.4918167602210223,1,Instructed
1092,92,0,0.29131027803092097,0.40206892167619324,1,Instructed
1093,93,0,0.9233933811976461,0.36664529498025217,1,Instructed
1094,94,0,0.5114194953222289,0.493736286442946,1,Instructed
1095,95,0,0.9289073574990997,0.5370901998281982,1,Instructed
1096,96,0,0.6901343149307191,0.36785242584425193,1,Instructed
1097,97,0,0.7072846878650156,0.3989258056072885,1,Instructed
1098,98,0,0.5452612065130766,0.49179654897411557,1,Instructed
1099,99,0,0.6369392039643573,0.5047821892714303,1,Instructed
1100,100,0,0.5343331337400371,0.5019191343479757,1,Instructed
1101,101,0,0.45823692445384423,0.3742451664348048,1,Instructed
1102,102,0,0.5457277304886266,0.28608355012779546,1,Instructed
1103,103,0,0.8949582816541182,0.36381939646030154,1,Instructed
1104,104,0,0.6281910018407537,0.39494285118385675,1,Instructed
1105,105,0,0.6801239354579495,0.41697193272201494,1,Instructed
1106,106,0,0.16341274466999345,0.4404673293899883,1,Instructed
1107,107,0,0.6688046368161717,0.38546842532640435,1,Instructed
1108,108,0,0.747645216923009,0.3717548145233559,1,Instructed
1109,109,0,0.4872991944245846,0.40878210513983143,1,Instructed
1110,110,0,0.6134601535516948,0.4480704674994894,1,Instructed
1111,111,0,0.4896937865467261,0.3081144372610112,1,Instructed
1112,112,0,0.8353239300292526,0.39110115395860834,1,Instructed
1113,113,0,0.6867737357370874,0.3881415614292823,1,Instructed
1114,114,0,0.28852284622517776,0.5462243237693316,1,Instructed
1115,115,0,0.823353783319171,0.40544132780300035,1,Instructed
1116,116,0,0.21073899178513528,0.45318268547546897,1,Instructed
1117,117,0,0.5275703445964915,0.519724719502628,1,Instructed
1118,118,0,0.7660650817492551,0.521460195292307,1,Instructed
1119,119,0,0.3335070362681127,0.47309476861927846,1,Instructed
1120,120,0,0.8227087019318721,0.2514492222564116,1,Instructed
1121,121,0,0.4507618486306817,0.4079900466115411,1,Instructed
1122,122,0,0.6767584109850204,0.34977616060164163,1,Instructed
1123,123,0,0.4568500598589304,0.41893187963970613,1,Instructed
1124,124,0,0.281248867725814,0.35248718977568944,1,Instructed
1125,125,0,0.483744987777783,0.39253981691354134,1,Instructed
1126,126,0,0.4296375251766369,0.4097749144465982,1,Instructed
1127,127,0,0.4549052386062346,0.4177372486556519,1,Instructed
1128,128,0,0.8238791360560613,0.27857396655205247,1,Instructed
1129,129,0,0.8271282736931622,0.36740147357767416,1,Instructed
1130,130,0,0.6006731073296113,0.45109212854574254,1,Instructed
1131,131,0,0.49207421249883987,0.3786364710843053,1,Instructed
1132,132,0,0.06796081016242769,0.5336447233814721,1,Instructed
1133,133,0,0.4876465230106809,0.44443744677433494,1,Instructed
1134,134,0,0.5547246562377341,0.4089578326157831,1,Instructed
1135,135,0,0.27959280953564525,0.48279962769442386,1,Instructed
1136,136,0,0.4392139679207559,0.47144729933146773,1,Instructed
1137,137,0,0.5112957350860444,0.49600946212438485,1,Instructed
1138,138,0,0.25775716940299787,0.5100064122557568,1,Instructed
1139,139,0,0.44852065176775413,0.5336008429948252,1,Instructed
1140,140,0,0.9540248475991928,0.5371497488769517,1,Instructed
1141,141,0,0.35447078783832864,0.3976162780908159,1,Instructed
1142,142,0,0.24762472839034966,0.47430771714985204,1,Instructed
1143,143,0,0.544160052764224,0.44220337037112656,1,Instructed
1144,144,0,0.8633160929729565,0.34731367481427766,1,Instructed
1145,145,0,0.2480755768322702,0.23758394263372495,1,Instructed
1146,146,0,0.9466587311224746,0.2843283162694341,1,Instructed
1147,147,0,0.46522309829978514,0.43354664527920084,1,Instructed
1148,148,0,0.008274440268509022,0.9246790034026175,1,Instructed
1149,149,0,0.37829137755388337,0.3257277490178333,1,Instructed
1150,150,0,0.9324412156442782,0.49280309529104604,1,Instructed
1151,151,0,0.6127355086464659,0.4519071155867889,1,Instructed
1152,152,0,0.5704878126611328,0.35289224543185643,1,Instructed
1153,153,0,0.4963212434027479,0.41182396994948633,1,Instructed
1154,154,0,0.3871443388171439,0.5109625260692382,1,Instructed
1155,155,0,0.8564351967754498,0.30454711275571683,1,Instructed
1156,156,0,0.6990365358165418,0.45111010815377134,1,Instructed
1157,157,0,0.6640207002254209,0.4018849291387332,1,Instructed
1158,158,0,0.347895414219854,0.6063876664477668,1,Instructed
1159,159,0,0.7987683923938349,0.5455473129184023,1,Instructed
1160,160,0,0.2565663208917382,0.4044260357121553,1,Instructed
1161,161,0,0.032530265865673015,0.4798301210583548,1,Instructed
1162,162,0,0.48700775089570525,0.4846860954802803,1,Instructed
1163,163,0,0.7643633001933062,0.3395895128058165,1,Instructed
1164,164,0,0.3899042609475823,0.5301775773940595,1,Instructed
1165,165,0,0.6682103265767646,0.4802249956961022,1,Instructed
1166,166,0,0.40243936447424244,0.42619073757816694,1,Instructed
1167,167,0,0.8969380910651172,0.33109213059786036,1,Instructed
1168,168,0,0.1356039328583598,0.49053763797835326,1,Instructed
1169,169,0,0.9910005593085662,0.66866020032467,1,Instructed
1170,170,0,0.4238837290747994,0.45188571458016086,1,Instructed
1171,171,0,0.9018510802006348,0.4040139679438291,1,Instructed
1172,172,0,0.8577059770609373,0.3260215065601455,1,Instructed
1173,173,0,0.32304030669668043,0.37108887017932335,1,Instructed
1174,174,0,0.4642274626992187,0.331935119240407,1,Instructed
1175,175,0,0.7509069907912085,0.4325104297432327,1,Instructed
1176,176,0,0.4477609034621599,0.32721807442257655,1,Instructed
1177,177,0,0.8606432061872227,0.30218148994871663,1,Instructed
1178,178,0,0.11237041604751241,0.4529716758609199,1,Instructed
1179,179,0,0.6634432449075824,0.6131106025468427,1,Instructed
1180,180,0,0.6568770544627294,0.4287474332192199,1,Instructed
1181,181,0,0.6664192200165102,0.39107173874626977,1,Instructed
1182,182,0,0.47452502119391204,0.4502038990042678,1,Instructed
1183,183,0,0.7456299869907528,0.5214112152122263,1,Instructed
1184,184,0,0.2648017424213261,0.4918085141663978,1,Instructed
1185,185,0,0.14062481700119153,0.41424185433976235,1,Instructed
1186,186,0,0.7222501253591678,0.4269586365754535,1,Instructed
1187,187,0,0.5406763154938734,0.3602604775662782,1,Instructed
1188,188,0,0.4719279371059357,0.3534586491369156,1,Instructed
1189,189,0,0.4421357795764898,0.6412256298086627,1,Instructed
1190,190,0,0.5073701768404638,0.3935115354976272,1,Instructed
1191,191,0,0.8316816687492384,0.38837516343540557,1,Instructed
1192,192,0,0.5146296034609297,0.3686726433378895,1,Instructed
1193,193,0,0.2437831547245694,0.4216073024293558,1,Instructed
1194,194,0,0.6532708157168001,0.5412017963974868,1,Instructed
1195,195,0,0.5734848035106619,0.36110255017847426,1,Instructed
1196,196,0,0.4821931987586245,0.5852700697570404,1,Instructed
1197,197,0,0.06554647595855669,0.4082629612505254,1,Instructed
1198,198,0,0.13820583839482822,0.5249186169140847,1,Instructed
1199,199,0,0.568362936331776,0.42139007364162373,1,Instructed
