,t,e_hat,Accuracy,pe,batch,Condition
0,0,0,0.9525336175459729,0.8141710231412588,0,Blocked
1,1,0,0.9896692090923885,0.5457312511454901,0,Blocked
2,2,0,0.1710104635464711,0.7215393129715435,0,Blocked
3,3,0,0.3777639608591575,0.7654602751137777,0,Blocked
4,4,0,0.9801533033975754,0.4924393352777146,0,Blocked
5,5,0,0.963853495486449,0.32495708434099,0,Blocked
6,6,0,0.25257772773367704,0.6541558306561214,0,Blocked
7,7,0,0.8142390582197734,0.3968921203434952,0,Blocked
8,8,0,0.926575533252997,0.5252807094302594,0,Blocked
9,9,0,0.8663075275681948,0.5696575487357897,0,Blocked
10,10,0,0.7366867983776109,0.4339689454229472,0,Blocked
11,11,0,0.19344194548483287,0.5471560984972246,0,Blocked
12,12,0,0.4582012796340901,0.9691818420215115,0,Blocked
13,13,0,0.09182735058036069,0.9302003024756934,0,Blocked
14,14,0,0.4984889673946333,0.698672455470381,0,Blocked
15,15,0,0.7563697477911222,0.5836714784282497,0,Blocked
16,16,0,0.4891519010323842,0.5243672113657563,0,Blocked
17,17,0,0.4902272083740737,0.5970774834120174,0,Blocked
18,18,0,0.7195896260459644,0.48594019619919154,0,Blocked
19,19,0,0.1188427636451983,0.6060973489337819,0,Blocked
20,20,0,0.6096993205345556,0.6214210485115734,0,Blocked
21,21,0,0.026863078300243926,0.6820243963969164,0,Blocked
22,22,0,0.9688142218393838,0.6402929850704218,0,Blocked
23,23,0,0.2949037229537969,0.5043782354166164,0,Blocked
24,24,0,0.36222144925704347,0.6282468713229563,0,Blocked
25,25,0,0.2917089114544898,0.6907345153782172,0,Blocked
26,26,0,0.920857251340987,0.5411326527556417,0,Blocked
27,27,0,0.28786630661232165,0.38281411437997315,0,Blocked
28,28,0,0.17451237700584274,0.6955361301570827,0,Blocked
29,29,0,0.7859730485488774,0.4364181495888004,0,Blocked
30,30,0,0.9212309797895023,0.5248399861458646,0,Blocked
31,31,0,0.030589219788194802,0.5934456060209894,0,Blocked
32,32,0,0.8107109159046115,0.45878386820864536,0,Blocked
33,33,0,0.46137643734793826,0.6461886766113867,0,Blocked
34,34,0,0.1436853653596493,0.8723439373144859,0,Blocked
35,35,0,0.8403199256636125,0.5796843807259734,0,Blocked
36,36,0,0.49191664104396937,0.4109475113809357,0,Blocked
37,37,0,0.7043191972728837,0.4447694171879072,0,Blocked
38,38,0,0.4064977228006323,0.6852914604461494,0,Blocked
39,39,0,0.7129067574975317,0.3403545265235777,0,Blocked
40,40,0,0.823418265688819,0.6430415283717167,0,Blocked
41,41,0,0.9493260727040489,0.6957495733928256,0,Blocked
42,42,0,0.8863921230575333,0.5246932498795109,0,Blocked
43,43,0,0.3692990811459132,0.5869630723158124,0,Blocked
44,44,0,0.5412756629160008,0.47698824148917407,0,Blocked
45,45,0,0.5645688063760192,0.7105656909197317,0,Blocked
46,46,0,0.7378867776410225,0.6282109838482379,0,Blocked
47,47,0,0.5825823806048752,0.7086603983041027,0,Blocked
48,48,0,0.7392777390242915,0.4183959820574624,0,Blocked
49,49,0,0.4908967045321119,0.7256322236035715,0,Blocked
50,50,0,0.6884039815942301,0.44325119877569474,0,Blocked
51,51,0,0.020231733050079918,0.536271155501387,0,Blocked
52,52,0,0.08225926679767437,0.6502995306333446,0,Blocked
53,53,0,0.3692360240056979,0.5733828884462565,0,Blocked
54,54,0,0.7223474594315555,0.5370661184210139,0,Blocked
55,55,0,0.030990591818793108,0.6903130958540902,0,Blocked
56,56,0,0.5361600707752731,0.4668518139116221,0,Blocked
57,57,0,0.5865526570344483,0.6004794856704392,0,Blocked
58,58,0,0.7077317285400262,0.4621526900443337,0,Blocked
59,59,0,0.18794512375611283,0.5432452580034519,0,Blocked
60,60,0,0.6633622280898304,0.508414399818797,0,Blocked
61,61,0,0.23373514655296046,0.6642006137196107,0,Blocked
62,62,0,0.6879764226360188,0.49434520558610345,0,Blocked
63,63,0,0.8605766919610469,0.4595872376242516,0,Blocked
64,64,0,0.48267097326230446,0.37637386099660325,0,Blocked
65,65,0,0.2604218168597214,0.47094822700650335,0,Blocked
66,66,0,0.2500898729683227,0.5103642837817786,0,Blocked
67,67,0,0.1713041655731386,0.35972394422979226,0,Blocked
68,68,0,0.7753824046797987,0.6758704397629633,0,Blocked
69,69,0,0.8678274445788474,0.6320592300478123,0,Blocked
70,70,0,0.9106158918008143,0.6606083064115355,0,Blocked
71,71,0,0.3660135437798026,0.6820132487860298,0,Blocked
72,72,0,0.7156830390024909,0.5906389409477799,0,Blocked
73,73,0,0.8526940811429538,0.47538876429499155,0,Blocked
74,74,0,0.01722431397687558,1.0439922302507687,0,Blocked
75,75,0,0.49281231772587414,0.4004949958179491,0,Blocked
76,76,0,0.4835746147126161,0.8285902079484233,0,Blocked
77,77,0,0.5675309116265111,0.46630677545001675,0,Blocked
78,78,0,0.9142071801408138,0.668379073471739,0,Blocked
79,79,0,0.9734905433684906,0.582084159844236,0,Blocked
80,80,0,0.3036674166470013,0.6707913731508723,0,Blocked
81,81,0,0.2537209901420396,0.7614016696898451,0,Blocked
82,82,0,0.3998251370185467,0.6748314396645452,0,Blocked
83,83,0,0.07378344006244685,0.6547148471627919,0,Blocked
84,84,0,0.3596597758313442,0.5689081362778987,0,Blocked
85,85,0,0.903023211689755,0.6547970087028925,0,Blocked
86,86,0,0.030710882585326,0.8404574487032819,0,Blocked
87,87,0,0.5790423752134356,0.5122199332598433,0,Blocked
88,88,0,0.28121665656188205,0.6534942304026872,0,Blocked
89,89,0,0.7834105736546924,0.4460051069238019,0,Blocked
90,90,0,0.4636789482645222,0.8553450985265978,0,Blocked
91,91,0,0.5344665046308315,0.5753833792829021,0,Blocked
92,92,0,0.413385504012851,0.5907322079004654,0,Blocked
93,93,0,0.7466738814723093,0.5782880706969247,0,Blocked
94,94,0,0.21300821703635212,0.6981499310848622,0,Blocked
95,95,0,0.625420951653979,0.41913902597110736,0,Blocked
96,96,0,0.4910456624498523,0.6654283387444779,0,Blocked
97,97,0,0.06691091813790437,0.7625523359939763,0,Blocked
98,98,0,0.5693661066865556,0.4186285786318333,0,Blocked
99,99,0,0.97160317131817,0.4619513545738888,0,Blocked
100,100,0,0.15436022851516112,0.6717904347290602,0,Blocked
101,101,0,0.545221036664028,0.5935921346369735,0,Blocked
102,102,0,0.013021384907784745,0.7031762429195658,0,Blocked
103,103,0,0.043526682078378405,0.5104392310425583,0,Blocked
104,104,0,0.6984453916130895,0.65202399089453,0,Blocked
105,105,0,0.8322103574314086,0.3711891265079408,0,Blocked
106,106,0,0.597992066896996,0.579801108630257,0,Blocked
107,107,0,0.817938314906891,0.4103957741422417,0,Blocked
108,108,0,0.7563538515714698,0.6196076168015714,0,Blocked
109,109,0,0.17794942127465505,0.506495275140657,0,Blocked
110,110,0,0.040993477918089646,0.686983391809389,0,Blocked
111,111,0,0.38426098263134406,0.600412273191733,0,Blocked
112,112,0,0.8052202007947031,0.5648530645205796,0,Blocked
113,113,0,0.526717187214899,0.8241601089691908,0,Blocked
114,114,0,0.22710124707042006,0.6918718917087792,0,Blocked
115,115,0,0.29356413791215386,0.5054613333111084,0,Blocked
116,116,0,0.17194098321652104,0.5978190614333987,0,Blocked
117,117,0,0.7629594029695297,0.49338118831510536,0,Blocked
118,118,0,0.6219993239658428,0.5791365263493509,0,Blocked
119,119,0,0.1898022578884317,0.6990911378149638,0,Blocked
120,120,0,0.48678946372390386,0.6420572984529928,0,Blocked
121,121,0,0.4093729136184233,0.7309271099242466,0,Blocked
122,122,0,0.46299899320704624,0.773096259849742,0,Blocked
123,123,0,0.20899853193662885,0.5331205134033337,0,Blocked
124,124,0,0.043391598742804925,0.6733229119278732,0,Blocked
125,125,0,0.335919350565603,0.5436196421008255,0,Blocked
126,126,0,0.47490970447201086,0.682142424462223,0,Blocked
127,127,0,0.6809560695893755,0.594108475183622,0,Blocked
128,128,0,0.18368560304402076,0.5947824977274763,0,Blocked
129,129,0,0.19017541615745415,0.6541204286506292,0,Blocked
130,130,0,0.25947973921013195,0.560393934908418,0,Blocked
131,131,0,0.8432369270642606,0.5240965363717351,0,Blocked
132,132,0,0.5458688142578737,0.7074192690968579,0,Blocked
133,133,0,0.9811574899066494,0.5039083524410665,0,Blocked
134,134,0,0.9518935689315584,0.4321257099914303,0,Blocked
135,135,0,0.4828562371294732,0.4405097796013121,0,Blocked
136,136,0,0.4855795492739703,0.5938455817597004,0,Blocked
137,137,0,0.14006571033777387,0.5503086786389697,0,Blocked
138,138,0,0.8784285393422887,0.6451713743047254,0,Blocked
139,139,0,0.4466751347537401,0.6737482939228681,0,Blocked
140,140,0,0.3987977392848493,0.6047705292208175,0,Blocked
141,141,0,0.327324575448902,0.4285602580029497,0,Blocked
142,142,0,0.6168889762477331,0.5481018088412349,0,Blocked
143,143,0,0.9839214773738381,0.7012921344112957,0,Blocked
144,144,0,0.9473955681639912,0.4427939411963908,0,Blocked
145,145,0,0.9353699400215139,0.45557382153944614,0,Blocked
146,146,0,0.4812546508641893,0.6313092525907176,0,Blocked
147,147,0,0.3532771799686403,0.4696189080636187,0,Blocked
148,148,0,0.8357049716258904,0.631391919018305,0,Blocked
149,149,0,0.7196542893808775,0.5605669200461341,0,Blocked
150,150,0,0.3890506712929995,0.5924502889943093,0,Blocked
151,151,0,0.52468274048372,0.5354473170580032,0,Blocked
152,152,0,0.2066157451892656,0.6128666347643869,0,Blocked
153,153,0,0.49171787677963436,0.5547059724414469,0,Blocked
154,154,0,0.6436159823108561,0.4057860221878456,0,Blocked
155,155,0,0.6401871194192363,0.5429789595388519,0,Blocked
156,156,0,0.3222565029505104,0.43972086942886707,0,Blocked
157,157,0,0.4788571469684406,0.6711370170096475,0,Blocked
158,158,0,0.8838224718706926,0.6033977255516152,0,Blocked
159,159,0,0.5357083284473594,0.39852533644583055,0,Blocked
160,160,0,0.4168226913645777,0.563064734698013,0,Blocked
161,161,0,0.011604252729827904,0.6204193489086575,0,Blocked
162,162,0,0.42269613627567354,0.5108815911033451,0,Blocked
163,163,0,0.4665964139335772,0.5412531714424188,0,Blocked
164,164,0,0.1816053353381996,0.6949653165960392,0,Blocked
165,165,0,0.8201636776144123,0.48569356239115064,0,Blocked
166,166,0,0.6338843164914265,0.5695847768569072,0,Blocked
167,167,0,0.5245752578558157,0.6067937604352948,0,Blocked
168,168,0,0.38344733018646715,0.8573762083365841,0,Blocked
169,169,0,0.227622433908019,0.5905319806889735,0,Blocked
170,170,0,0.5589264890750448,0.6692542177653695,0,Blocked
171,171,0,0.1698666212961923,0.9863920494840928,0,Blocked
172,172,0,0.19224266588761205,0.6331264258077383,0,Blocked
173,173,0,0.33965493935026164,0.5487523413273869,0,Blocked
174,174,0,0.5021024660865655,0.7400054294678455,0,Blocked
175,175,0,0.4819606051588172,0.7050139615569705,0,Blocked
176,176,0,0.2769253090137487,0.7292840108694842,0,Blocked
177,177,0,0.5712140918595023,0.7022777442477887,0,Blocked
178,178,0,0.856055869104476,0.5922435664585286,0,Blocked
179,179,0,0.5175444987373328,0.6038587098220257,0,Blocked
180,180,0,0.6187481604309613,0.5091866509106996,0,Blocked
181,181,0,0.45891789360878027,0.5032013971132567,0,Blocked
182,182,0,0.6587412475585719,0.3842748701250372,0,Blocked
183,183,0,0.8887405985578278,0.4765421954832052,0,Blocked
184,184,0,0.3986638600637197,0.5610484310023764,0,Blocked
185,185,0,0.6439898141930871,0.6169726644642379,0,Blocked
186,186,0,0.48088806574271625,0.4818394431349199,0,Blocked
187,187,0,0.6109378961707526,0.6858997360145636,0,Blocked
188,188,0,0.642348189743686,0.4647433709876719,0,Blocked
189,189,0,0.20171643881214701,0.6477130807041833,0,Blocked
190,190,0,0.6245254622119704,0.5834142725808796,0,Blocked
191,191,0,0.4899211614467666,0.7596654907996916,0,Blocked
192,192,0,0.7888522717672342,0.4506074163536192,0,Blocked
193,193,0,0.03444748548976164,0.7741921400531375,0,Blocked
194,194,0,0.5688854334545063,0.5252528321065173,0,Blocked
195,195,0,0.6718302219255452,0.43882849880336694,0,Blocked
196,196,0,0.9470389204826966,0.4627243401147042,0,Blocked
197,197,0,0.5181197150714871,0.6888746212237621,0,Blocked
198,198,0,0.6878153022180729,0.47534535471868133,0,Blocked
199,199,0,0.6810473522229138,0.6062341423103896,0,Blocked
200,0,0,0.46609264732519284,0.691572784918722,0,Interleaved
201,1,0,0.26930299272855585,0.7081826839696796,0,Interleaved
202,2,0,0.2123886618237902,0.7802477385539707,0,Interleaved
203,3,0,0.997922673480355,0.8829977408148708,0,Interleaved
204,4,0,0.4913219740129096,0.777512879944041,0,Interleaved
205,5,0,0.45254403164900947,0.7249013304271267,0,Interleaved
206,6,0,0.9144105975424801,0.4866065373033176,0,Interleaved
207,7,0,0.21762906356142367,0.896334338062777,0,Interleaved
208,8,0,0.5015587102416821,0.7197076084981768,0,Interleaved
209,9,0,0.42823739116601306,0.640244648520407,0,Interleaved
210,10,0,0.4682241963491326,0.5466841696292125,0,Interleaved
211,11,0,0.40061084511879613,0.6436765689974541,0,Interleaved
212,12,0,0.955863372617699,0.6305923137801968,0,Interleaved
213,13,0,0.0421287978408121,0.5110957997691287,0,Interleaved
214,14,0,0.2344756960290642,0.5715455534350902,0,Interleaved
215,15,0,0.3557725269700509,0.6066349777447664,0,Interleaved
216,16,0,0.1520486499528766,0.5653058199724568,0,Interleaved
217,17,0,0.7691928851891483,0.5565895687647269,0,Interleaved
218,18,0,0.535622361064128,0.43472106130208843,0,Interleaved
219,19,0,0.021145543545219844,0.7038840612172148,0,Interleaved
220,20,0,0.6383830799279843,0.8736977638759766,0,Interleaved
221,21,0,0.5902430147967714,0.7454538206114307,0,Interleaved
222,22,0,0.19942581952756405,0.7373608963182027,0,Interleaved
223,23,0,0.2488079572881877,0.5362491847129179,0,Interleaved
224,24,0,0.9601702315889031,0.6285480593821265,0,Interleaved
225,25,0,0.5501372401264291,0.5048404930986398,0,Interleaved
226,26,0,0.26692988832170006,0.6613633744638863,0,Interleaved
227,27,0,0.6083201021250795,0.5290989186326532,0,Interleaved
228,28,0,0.35578828497957216,0.7672575185250657,0,Interleaved
229,29,0,0.253328643292783,0.7055069157833376,0,Interleaved
230,30,0,0.5001345816131626,0.8129983426505756,0,Interleaved
231,31,0,0.817649978788859,0.6414145715468011,0,Interleaved
232,32,0,0.5370704310716397,0.5443612865663647,0,Interleaved
233,33,0,0.16753169626232126,0.6071613070095971,0,Interleaved
234,34,0,0.5888758487559986,0.39215838407919545,0,Interleaved
235,35,0,0.1359187700817825,0.6849564314004046,0,Interleaved
236,36,0,0.9100694421612439,0.5077986104414238,0,Interleaved
237,37,0,0.9732341471623561,0.35313283488304814,0,Interleaved
238,38,0,0.47547669692860073,0.7322716790673677,0,Interleaved
239,39,0,0.7750359993119843,0.5794735055986946,0,Interleaved
240,40,0,0.6492301033278485,0.48803443723112067,0,Interleaved
241,41,0,0.5442339158961631,0.4113318354201136,0,Interleaved
242,42,0,0.8123827180913261,0.49063703459173275,0,Interleaved
243,43,0,0.9496717437820302,0.49732308886608523,0,Interleaved
244,44,0,0.7818042497563693,0.6677660832886085,0,Interleaved
245,45,0,0.5022537083154858,0.6320059318710418,0,Interleaved
246,46,0,0.06581843602373004,0.6240970785126612,0,Interleaved
247,47,0,0.7130731668993977,0.6636720409382176,0,Interleaved
248,48,0,0.5787126902178438,0.4414329829802626,0,Interleaved
249,49,0,0.179867857241922,0.6369662362040649,0,Interleaved
250,50,0,0.5251219682328938,0.37118148215902036,0,Interleaved
251,51,0,0.021712166117530116,0.7545053288630321,0,Interleaved
252,52,0,0.6022733872624152,0.3454098695021478,0,Interleaved
253,53,0,0.9607138607761257,0.49243801335128284,0,Interleaved
254,54,0,0.5857277775298215,0.3747693933043039,0,Interleaved
255,55,0,0.5512621113259912,0.621196720145772,0,Interleaved
256,56,0,0.1637980471062743,0.6627363245544391,0,Interleaved
257,57,0,0.8029336307881442,0.4575894344736603,0,Interleaved
258,58,0,0.4686826959494383,0.8193898295368008,0,Interleaved
259,59,0,0.4094138927610452,0.6419458235681836,0,Interleaved
260,60,0,0.22220589582449557,0.7348728231132657,0,Interleaved
261,61,0,0.3379280657236797,0.4849728037775928,0,Interleaved
262,62,0,0.2647151884864664,0.5654029366036896,0,Interleaved
263,63,0,0.44845537277857456,0.4778832529338267,0,Interleaved
264,64,0,0.9145683997827662,0.5831816034988857,0,Interleaved
265,65,0,0.05586291138264449,0.6249343368319074,0,Interleaved
266,66,0,0.1880219835330299,0.9754835393832837,0,Interleaved
267,67,0,0.04762897649991958,0.9104792793647991,0,Interleaved
268,68,0,0.5209888272294151,0.5221054322811962,0,Interleaved
269,69,0,0.9632522110141208,0.7139143666396836,0,Interleaved
270,70,0,0.7645097388535023,0.5411037684974269,0,Interleaved
271,71,0,0.5298243916963778,0.6511106973645131,0,Interleaved
272,72,0,0.5837465861195499,0.5535153645788089,0,Interleaved
273,73,0,0.7397239332299607,0.4559596601924306,0,Interleaved
274,74,0,0.45211134650230816,0.7166344659795123,0,Interleaved
275,75,0,0.5555673859847328,0.5736700854074804,0,Interleaved
276,76,0,0.1369467804048523,0.4931493546083689,0,Interleaved
277,77,0,0.4133620875613906,0.5095515864994966,0,Interleaved
278,78,0,0.6371160772569135,0.6435942607756915,0,Interleaved
279,79,0,0.46862131287070125,0.5182994220050064,0,Interleaved
280,80,0,0.7686129503636459,1.1596314963416043,0,Interleaved
281,81,0,0.3778288510076062,0.6766089766646362,0,Interleaved
282,82,0,0.42906234194865517,0.7385526360061765,0,Interleaved
283,83,0,0.4151485994171417,0.753522903041429,0,Interleaved
284,84,0,0.49574855884343105,0.5602927578858359,0,Interleaved
285,85,0,0.7354895934709351,0.41056009473456523,0,Interleaved
286,86,0,0.17126652504619702,0.4293147201347909,0,Interleaved
287,87,0,0.7917223466521408,0.6443188015077,0,Interleaved
288,88,0,0.4777876053058945,0.3988322752452924,0,Interleaved
289,89,0,0.5618191584620229,0.4780935960710976,0,Interleaved
290,90,0,0.5059233912634047,0.48582110972384296,0,Interleaved
291,91,0,0.7715746053580184,0.7784764152044681,0,Interleaved
292,92,0,0.27830826799305725,0.46598275573090187,0,Interleaved
293,93,0,0.01448487375171928,0.7780175008394246,0,Interleaved
294,94,0,0.34469590995413657,0.5109420199716743,0,Interleaved
295,95,0,0.9788989171544626,0.4081290274434889,0,Interleaved
296,96,0,0.5952786284646407,0.6760467732491888,0,Interleaved
297,97,0,0.5454402126857071,0.5209516135478383,0,Interleaved
298,98,0,0.15743669262990614,0.7048423078826758,0,Interleaved
299,99,0,0.4265944793518029,0.5394873045039674,0,Interleaved
300,100,0,0.30560064883622096,0.6513631993512953,0,Interleaved
301,101,0,0.2667810203398788,0.48550900389301643,0,Interleaved
302,102,0,0.5579459340449585,0.6448965427542376,0,Interleaved
303,103,0,0.09252908102464205,0.6350744682794831,0,Interleaved
304,104,0,0.5798104760183663,0.6299694922310912,0,Interleaved
305,105,0,0.5685788235151426,0.6070395492880072,0,Interleaved
306,106,0,0.2686786904159288,0.6167389773454413,0,Interleaved
307,107,0,0.8747825704235958,0.44788301090383936,0,Interleaved
308,108,0,0.5155944657425585,0.6692935945219867,0,Interleaved
309,109,0,0.29759118235115894,0.6722577710838695,0,Interleaved
310,110,0,0.12904592296323766,0.6305905183127949,0,Interleaved
311,111,0,0.7268386867248352,0.5392677651194178,0,Interleaved
312,112,0,0.3839246247969632,0.44537296014537175,0,Interleaved
313,113,0,0.176574046318075,0.5255269464389591,0,Interleaved
314,114,0,0.7659655278387305,0.6021446324024767,0,Interleaved
315,115,0,0.8926532594947778,0.5703846815673691,0,Interleaved
316,116,0,0.058961820599061666,0.6676797553996907,0,Interleaved
317,117,0,0.6428004748673702,0.5274525601943012,0,Interleaved
318,118,0,0.026055788863341003,1.1024621706332969,0,Interleaved
319,119,0,0.18111148321478235,0.665715795991289,0,Interleaved
320,120,0,0.04444444758580299,0.5822097295388101,0,Interleaved
321,121,0,0.3263021203171034,0.558658033418902,0,Interleaved
322,122,0,0.5122406231026796,0.6026267310101274,0,Interleaved
323,123,0,0.0008409888814708414,0.9790042523636588,0,Interleaved
324,124,0,0.5161554685763743,0.4913200928682857,0,Interleaved
325,125,0,0.8037031188162526,0.702017903400147,0,Interleaved
326,126,0,0.5077292843497307,0.5432405575564976,0,Interleaved
327,127,0,0.14839458208678435,0.7097524563216877,0,Interleaved
328,128,0,0.48489356923202903,0.6604297894196225,0,Interleaved
329,129,0,0.8925083341748117,0.3892117955340273,0,Interleaved
330,130,0,0.10353618291306757,0.46828815667748835,0,Interleaved
331,131,0,0.6237232517586005,0.554210776358447,0,Interleaved
332,132,0,0.47615077319061105,0.5627314869550797,0,Interleaved
333,133,0,0.7997945238150175,0.5297997673674604,0,Interleaved
334,134,0,0.2965123044053579,0.5238628752755683,0,Interleaved
335,135,0,0.6828283774604981,0.7665986416343327,0,Interleaved
336,136,0,0.6726494617280528,0.6669922147623334,0,Interleaved
337,137,0,0.4939994485500428,0.7324462687228123,0,Interleaved
338,138,0,0.15745804390171741,0.45985591288936795,0,Interleaved
339,139,0,0.9796161855027061,0.5309429670356838,0,Interleaved
340,140,0,0.4992894253280579,0.6704877328005636,0,Interleaved
341,141,0,0.8755654279416114,0.5056262786756218,0,Interleaved
342,142,0,0.3087290952641877,0.6257620221662404,0,Interleaved
343,143,0,0.7860572576325809,0.4563098758541281,0,Interleaved
344,144,0,0.396483585176152,0.6577867741873338,0,Interleaved
345,145,0,0.01596640183846549,0.801216591160866,0,Interleaved
346,146,0,0.9502150051006517,0.4153340853171558,0,Interleaved
347,147,0,0.2922725954726709,0.5632479762664643,0,Interleaved
348,148,0,0.745680048523965,0.6607338138677294,0,Interleaved
349,149,0,0.64758985082904,0.6596305555581513,0,Interleaved
350,150,0,0.2625480086025892,0.576848504555771,0,Interleaved
351,151,0,0.7935723728728483,0.5933816226447309,0,Interleaved
352,152,0,0.37541445627926123,0.6681434458306532,0,Interleaved
353,153,0,0.33329564252102,0.5351406784808017,0,Interleaved
354,154,0,0.6878128813201824,0.696435160117316,0,Interleaved
355,155,0,0.365517023159833,0.6290665373850693,0,Interleaved
356,156,0,0.6486253358626518,0.616628127361496,0,Interleaved
357,157,0,0.4402491570959621,0.7786370812962674,0,Interleaved
358,158,0,0.6748262608157151,0.43845735858288704,0,Interleaved
359,159,0,0.11951167716563499,0.4679683181476924,0,Interleaved
360,160,0,0.5593289065136735,0.45848919415284856,0,Interleaved
361,161,0,0.6750427119618945,0.40961039240721125,0,Interleaved
362,162,0,0.7142808859680903,0.5325650282480828,0,Interleaved
363,163,0,0.4806905968757139,0.5540083597498363,0,Interleaved
364,164,0,0.42892888252025924,0.6732254818819547,0,Interleaved
365,165,0,0.1667403629331147,0.5366924441724842,0,Interleaved
366,166,0,0.3998692080784897,0.6938453068012602,0,Interleaved
367,167,0,0.8221884586008099,0.4781272225581281,0,Interleaved
368,168,0,0.44573575121279246,0.60055637784503,0,Interleaved
369,169,0,0.13053730781953973,0.9783715361566243,0,Interleaved
370,170,0,0.06195872243773012,0.8083682999030606,0,Interleaved
371,171,0,0.02416034825547648,0.8144761246689234,0,Interleaved
372,172,0,0.8992652563956441,0.7766718425762471,0,Interleaved
373,173,0,0.5052129650482939,0.8988930014521871,0,Interleaved
374,174,0,0.5203273083778341,0.5035931175779598,0,Interleaved
375,175,0,0.6275631743167246,0.5468618850234804,0,Interleaved
376,176,0,0.9562275951043138,0.5973284163248744,0,Interleaved
377,177,0,0.8831769003109566,0.5037632669555411,0,Interleaved
378,178,0,0.1213345325120499,0.5681534833556144,0,Interleaved
379,179,0,0.9303429904519631,0.5607965277904379,0,Interleaved
380,180,0,0.495872486166724,0.5617055365759426,0,Interleaved
381,181,0,0.8982775518703264,0.4919234070021655,0,Interleaved
382,182,0,0.32521813627857965,0.6253024370220324,0,Interleaved
383,183,0,0.6091089927606004,0.5920615962631619,0,Interleaved
384,184,0,0.8670809757734559,0.4582602516280883,0,Interleaved
385,185,0,0.5814824349194678,0.7411981634998956,0,Interleaved
386,186,0,0.13072901973980247,0.6626063939277489,0,Interleaved
387,187,0,0.5549474466586629,0.4866252731283144,0,Interleaved
388,188,0,0.7655035688113858,0.6850893005097789,0,Interleaved
389,189,0,0.2382904860487138,0.42012473271411366,0,Interleaved
390,190,0,0.48437203906860193,0.7617879097689344,0,Interleaved
391,191,0,0.5968288533603758,0.4709242276356327,0,Interleaved
392,192,0,0.34341522981198175,0.4791800598379488,0,Interleaved
393,193,0,0.744736497983989,0.6282176890186979,0,Interleaved
394,194,0,0.8732692924786221,0.5690555126596232,0,Interleaved
395,195,0,0.506384525542386,0.5824759701167408,0,Interleaved
396,196,0,0.8979339846870745,0.5427555791567136,0,Interleaved
397,197,0,0.39997395050469126,0.5053715440593247,0,Interleaved
398,198,0,0.9473586481311376,0.4408138765620164,0,Interleaved
399,199,0,0.5458627869513005,0.5742028261589319,0,Interleaved
400,0,0,0.5022461150458937,0.7028981111464552,0,Instructed
401,1,0,0.8585101531594376,0.6486779025795851,0,Instructed
402,2,0,0.4131545256615408,0.6135205877816148,0,Instructed
403,3,0,0.5843333758663137,0.4692998090621594,0,Instructed
404,4,0,0.8378591146301909,0.42054279339897,0,Instructed
405,5,0,0.49986496966886523,0.4519392540397403,0,Instructed
406,6,0,0.06810595848368375,0.6875067011710441,0,Instructed
407,7,0,0.9088121200193677,0.4216298245875996,0,Instructed
408,8,0,0.034824731678742685,0.8200947051805171,0,Instructed
409,9,0,0.5013106688530995,0.45486294129561045,0,Instructed
410,10,0,0.9867865140216607,0.41757262081393354,0,Instructed
411,11,0,0.43628559869269223,0.4435587994286875,0,Instructed
412,12,0,0.5539498514612908,0.38684332931157184,0,Instructed
413,13,0,0.11419397079027188,0.4952700688732395,0,Instructed
414,14,0,0.9116656117526273,0.36525892751744676,0,Instructed
415,15,0,0.6966168232561691,0.537772446008758,0,Instructed
416,16,0,0.48022695306546925,0.46044424712471543,0,Instructed
417,17,0,0.11446612930550609,0.4892861823409497,0,Instructed
418,18,0,0.4986945928393729,0.2985874312293185,0,Instructed
419,19,0,0.46548004872369253,0.3830026758574804,0,Instructed
420,20,0,0.060692732362497226,0.5731225436220632,0,Instructed
421,21,0,0.7025098181804272,0.31408770268594827,0,Instructed
422,22,0,0.06550751674251512,0.493552742634485,0,Instructed
423,23,0,0.6059044390940522,0.4714387939891481,0,Instructed
424,24,0,0.4925346297927021,0.5770824015855447,0,Instructed
425,25,0,0.21546612906228496,0.6511054300320065,0,Instructed
426,26,0,0.058834930701627555,0.4923624503211017,0,Instructed
427,27,0,0.8170931248846602,0.45338416838526924,0,Instructed
428,28,0,0.1888818763373484,0.42680548335281066,0,Instructed
429,29,0,0.5009323987275083,0.5511425805984337,0,Instructed
430,30,0,0.6464869988993047,0.4132604866539863,0,Instructed
431,31,0,0.6561222112815543,0.49117361312846947,0,Instructed
432,32,0,0.6276849884178555,0.40144507327859635,0,Instructed
433,33,0,0.18387526087378778,0.47890482672103285,0,Instructed
434,34,0,0.06729892554045834,0.4185517527132442,0,Instructed
435,35,0,0.16724432610618792,0.5611752302959127,0,Instructed
436,36,0,0.8431259524013117,0.5774721452867156,0,Instructed
437,37,0,0.2974984533015297,0.5119566585051655,0,Instructed
438,38,0,0.7503779131155494,0.42618539001839406,0,Instructed
439,39,0,0.6826045142226632,0.3269360842292183,0,Instructed
440,40,0,0.8613739534907092,0.4102313446311021,0,Instructed
441,41,0,0.8721014444024482,0.400193800000467,0,Instructed
442,42,0,0.5739668528510258,0.3497177576638377,0,Instructed
443,43,0,0.7599977373241569,0.38033110269072085,0,Instructed
444,44,0,0.14399476695013966,0.6559006705147244,0,Instructed
445,45,0,0.6122216143695284,0.3649226927374626,0,Instructed
446,46,0,0.9946998282392334,0.3892517643473675,0,Instructed
447,47,0,0.43548529304763484,0.5224730111637963,0,Instructed
448,48,0,0.6420858512604958,0.57628082658472,0,Instructed
449,49,0,0.5638506254224273,0.5054545819134669,0,Instructed
450,50,0,0.08871498969099323,0.5495405113432179,0,Instructed
451,51,0,0.8038785875495709,0.4255792005889515,0,Instructed
452,52,0,0.49665737093786483,0.4636231573156211,0,Instructed
453,53,0,0.8553050205190686,0.31287247569910415,0,Instructed
454,54,0,0.06020802580420094,0.620526396956,0,Instructed
455,55,0,0.5138025427929052,0.3515596951627512,0,Instructed
456,56,0,0.9815729701368248,0.4433762951365944,0,Instructed
457,57,0,0.7285209273254358,0.43275643445949197,0,Instructed
458,58,0,0.919407625291734,0.5798690674701651,0,Instructed
459,59,0,0.4946034143579381,0.6958173395476595,0,Instructed
460,60,0,0.5551484884831694,0.4633728081281429,0,Instructed
461,61,0,0.46809573489478085,0.6349370107445453,0,Instructed
462,62,0,0.5052113423953046,0.6161913112703945,0,Instructed
463,63,0,0.3802570269898077,0.40813944426779,0,Instructed
464,64,0,0.669034003898493,0.3978618951105257,0,Instructed
465,65,0,0.5048317496712611,0.6222117272911735,0,Instructed
466,66,0,0.8401234766962629,0.5125552146436367,0,Instructed
467,67,0,0.229468823519837,0.4025122997885533,0,Instructed
468,68,0,0.9825604146164623,0.5466945238532814,0,Instructed
469,69,0,0.5248202828011771,0.5603511942262359,0,Instructed
470,70,0,0.1957522875165975,0.49463404559528823,0,Instructed
471,71,0,0.48329522257885804,0.6159125822486053,0,Instructed
472,72,0,0.4264172338821488,0.5420956059995985,0,Instructed
473,73,0,0.8359892324494791,0.31705012669316035,0,Instructed
474,74,0,0.6798347505560167,0.38911990941439345,0,Instructed
475,75,0,0.5124517557745819,0.5841094738964812,0,Instructed
476,76,0,0.016885559222337317,0.6213717546341051,0,Instructed
477,77,0,0.7656513257873869,0.36597920511585813,0,Instructed
478,78,0,0.5174999088781653,0.6986137947682937,0,Instructed
479,79,0,0.4984294720498517,0.40174972470056514,0,Instructed
480,80,0,0.02986518272980255,0.5123292661041692,0,Instructed
481,81,0,0.4957860306691754,0.4175456502483658,0,Instructed
482,82,0,0.8794541777486959,0.48976524904409313,0,Instructed
483,83,0,0.7664227109193078,0.45185183347963215,0,Instructed
484,84,0,0.5149720431401072,0.5063548201870995,0,Instructed
485,85,0,0.22411704119455392,0.46236555453913464,0,Instructed
486,86,0,0.5544642797956286,0.48040300642568257,0,Instructed
487,87,0,0.2920107970906482,0.4817123154342229,0,Instructed
488,88,0,0.500820359616311,0.4278460160166615,0,Instructed
489,89,0,0.7350996246761843,0.25943636625945743,0,Instructed
490,90,0,0.5200591813111931,0.40153254263648097,0,Instructed
491,91,0,0.4660282550592987,0.49668208295285843,0,Instructed
492,92,0,0.7827299285420403,0.5325282642824085,0,Instructed
493,93,0,0.5198567671240706,0.5871534397173419,0,Instructed
494,94,0,0.4361903462044024,0.5479608805653178,0,Instructed
495,95,0,0.5184036750275824,0.379287734145085,0,Instructed
496,96,0,0.9942675442810371,0.40818486056999126,0,Instructed
497,97,0,0.6657453957504437,0.4044730103047406,0,Instructed
498,98,0,0.16591306474566125,0.4442191879409186,0,Instructed
499,99,0,0.6086109923184309,0.5006414748094102,0,Instructed
500,100,0,0.6578961637546548,0.45027956223028237,0,Instructed
501,101,0,0.5132591521285029,0.4445616789362531,0,Instructed
502,102,0,2.50713360150292e-05,1.1010955325074203,0,Instructed
503,103,0,0.49142165962651296,0.5826167640374229,0,Instructed
504,104,0,0.1498823546777635,0.5432466375623244,0,Instructed
505,105,0,0.5695520139400367,0.49400704318683797,0,Instructed
506,106,0,0.9892104693436514,0.4112761246765153,0,Instructed
507,107,0,0.4494040545381979,0.47415131397986565,0,Instructed
508,108,0,0.45079477987066413,0.4919647950927467,0,Instructed
509,109,0,0.35551795060336877,0.7150352197743994,0,Instructed
510,110,0,0.5888259668021194,0.4541350320630886,0,Instructed
511,111,0,0.5050206284284243,0.4303212661077993,0,Instructed
512,112,0,0.5176813253141069,0.4048286890158091,0,Instructed
513,113,0,0.7439356861036535,0.5860928188884282,0,Instructed
514,114,0,0.735483480870184,0.3424945610791239,0,Instructed
515,115,0,0.5125069115907138,0.4724730007841923,0,Instructed
516,116,0,0.1223095694347065,0.5530818989828208,0,Instructed
517,117,0,0.34926645663374245,0.5939722026854438,0,Instructed
518,118,0,0.43956846022756363,0.32829401407995285,0,Instructed
519,119,0,0.8158082274311671,0.42883941145518534,0,Instructed
520,120,0,0.651933030904802,0.4192798834145103,0,Instructed
521,121,0,0.5054922086648802,0.5440195129473568,0,Instructed
522,122,0,0.6579506354650879,0.6652782995837412,0,Instructed
523,123,0,0.6246306426381051,0.45124046325903516,0,Instructed
524,124,0,0.3866388506760201,0.5794204545450425,0,Instructed
525,125,0,0.8589937038404456,0.39111994890969043,0,Instructed
526,126,0,0.3069537769593169,0.4641408304935397,0,Instructed
527,127,0,0.3479592382462574,0.5610784508650131,0,Instructed
528,128,0,0.5738181832725371,0.41341671359019405,0,Instructed
529,129,0,0.6673463797700194,0.2819687004834641,0,Instructed
530,130,0,0.541321725737719,0.507027946933806,0,Instructed
531,131,0,0.6814444675210936,0.26317712361393575,0,Instructed
532,132,0,0.966081581072451,0.39371505430674125,0,Instructed
533,133,0,0.4886898378621833,0.39619926363657476,0,Instructed
534,134,0,0.9795869606438348,0.48180779471758384,0,Instructed
535,135,0,0.8446990836389734,0.4562164652348494,0,Instructed
536,136,0,0.32624603942561914,0.6421619984076774,0,Instructed
537,137,0,0.35371942293518094,0.4300522637788693,0,Instructed
538,138,0,0.984798841163232,0.6152383112553894,0,Instructed
539,139,0,0.7290661230998923,0.42120015732817306,0,Instructed
540,140,0,0.7542916393546145,0.5852120570882635,0,Instructed
541,141,0,0.3167805584151555,0.6588116414251433,0,Instructed
542,142,0,0.82208004309794,0.4773025747314381,0,Instructed
543,143,0,0.49119338892054976,0.5401252241958779,0,Instructed
544,144,0,0.9327461256250335,0.3163464379060136,0,Instructed
545,145,0,0.7359678992815835,0.46809125196411017,0,Instructed
546,146,0,0.6070364772329561,0.39554074672443407,0,Instructed
547,147,0,0.290298526814779,0.4485867023175413,0,Instructed
548,148,0,0.750833850591434,0.4343097110413603,0,Instructed
549,149,0,0.22359535201865288,0.7199617913833485,0,Instructed
550,150,0,0.37499099522152723,0.5360129705404096,0,Instructed
551,151,0,0.10663546063345364,0.5282096941001088,0,Instructed
552,152,0,0.32693564455654844,0.6064138583133529,0,Instructed
553,153,0,0.49093509051630185,0.5366128505187847,0,Instructed
554,154,0,0.11625512249307761,0.49294134202641304,0,Instructed
555,155,0,0.49486368561247435,0.607471087566631,0,Instructed
556,156,0,0.5935560487232129,0.42750902816901215,0,Instructed
557,157,0,0.2497596467810712,0.4873707964073254,0,Instructed
558,158,0,0.10496410208237482,0.5319046196830681,0,Instructed
559,159,0,0.14054159380476788,0.5373250098387181,0,Instructed
560,160,0,0.9304100171110602,0.5001668607313554,0,Instructed
561,161,0,0.5131147907846573,0.38357559233027655,0,Instructed
562,162,0,0.5732512861864069,0.37970206949684926,0,Instructed
563,163,0,0.9487268241943546,0.5253963386659547,0,Instructed
564,164,0,0.5991446122562788,0.512173780335781,0,Instructed
565,165,0,0.8221972094151984,0.3511669320623888,0,Instructed
566,166,0,0.6368934639151124,0.5437468523595256,0,Instructed
567,167,0,0.4252950184627149,0.5185013237206635,0,Instructed
568,168,0,0.49045603739039717,0.37172898502757873,0,Instructed
569,169,0,0.07573883290801296,0.5602914004967864,0,Instructed
570,170,0,0.773338423930362,0.442096064695888,0,Instructed
571,171,0,0.7022443663216084,0.5567425670001339,0,Instructed
572,172,0,0.3088181565046126,0.5924342320076578,0,Instructed
573,173,0,0.2575480669372853,0.6519658373843678,0,Instructed
574,174,0,0.48046997795053503,0.46536818243886,0,Instructed
575,175,0,0.7366011102207064,0.42901100259756675,0,Instructed
576,176,0,0.4942410128048233,0.5857802352603926,0,Instructed
577,177,0,0.5047661921402405,0.46476083293739423,0,Instructed
578,178,0,0.9948059064719346,0.6323360647872689,0,Instructed
579,179,0,0.7926043274500827,0.5201542977411528,0,Instructed
580,180,0,0.5326048711368283,0.4965921559574792,0,Instructed
581,181,0,0.24361692299104168,0.3565803960212469,0,Instructed
582,182,0,0.049298804911300606,0.525296523089722,0,Instructed
583,183,0,0.5829317796804284,0.2628127478592961,0,Instructed
584,184,0,0.9675999024646973,0.4484168377704166,0,Instructed
585,185,0,0.43865948031388224,0.5414123300806369,0,Instructed
586,186,0,0.7773621805063269,0.4251665732060971,0,Instructed
587,187,0,0.22139899074235062,0.5214378883677707,0,Instructed
588,188,0,0.5307918284145858,0.37767763981603436,0,Instructed
589,189,0,0.4524596548060249,0.5864555792510566,0,Instructed
590,190,0,0.6359371939265097,0.4284878261939915,0,Instructed
591,191,0,0.5048085992297986,0.4466247391549386,0,Instructed
592,192,0,0.6437143610656516,0.40939803230306027,0,Instructed
593,193,0,0.1281323994806035,0.5488429880220417,0,Instructed
594,194,0,0.5691492930017928,0.4389099446648993,0,Instructed
595,195,0,0.5181562121130981,0.4647463135798599,0,Instructed
596,196,0,0.7318709579340064,0.3983850796728242,0,Instructed
597,197,0,0.22155632747681478,0.4850198780777558,0,Instructed
598,198,0,0.6297412099123297,0.5259614562895019,0,Instructed
599,199,0,0.4324449293804905,0.5592429786609137,0,Instructed
600,0,0,0.009732852635108258,1.001872517975651,1,Blocked
601,1,0,0.998703806576977,1.034952783413921,1,Blocked
602,2,0,0.4184812007413991,0.9448844219576739,1,Blocked
603,3,0,0.9911060762834261,0.5046187359505103,1,Blocked
604,4,0,0.5438810730155932,0.5244871507493871,1,Blocked
605,5,0,0.3531486927346559,0.6677972437536142,1,Blocked
606,6,0,0.5266746423277718,0.5964255280655927,1,Blocked
607,7,0,0.39579717083321353,0.5908870465691305,1,Blocked
608,8,0,0.7475750612349121,0.4571792454557755,1,Blocked
609,9,0,0.42069876569859915,0.7153554506287122,1,Blocked
610,10,0,0.5274376892275441,0.7750428349541169,1,Blocked
611,11,0,0.5109221045701648,0.42966088915897693,1,Blocked
612,12,0,0.9277425314230797,0.6678054299889489,1,Blocked
613,13,0,0.37814930702594374,0.5327784797152596,1,Blocked
614,14,0,0.7844087935366111,0.5655377519937137,1,Blocked
615,15,0,0.46655670354589074,0.44611847868230825,1,Blocked
616,16,0,0.2570556791194238,0.40462912528684847,1,Blocked
617,17,0,0.42339582678844223,0.599658850682169,1,Blocked
618,18,0,0.2961331112040174,0.43034395677671433,1,Blocked
619,19,0,0.9370522456125994,0.5783825702702999,1,Blocked
620,20,0,0.5626991893583911,0.5837831922172088,1,Blocked
621,21,0,0.44175600679218446,0.729886359939498,1,Blocked
622,22,0,0.3253580194226093,0.5762468287616942,1,Blocked
623,23,0,0.3842870455486973,0.5631334430506475,1,Blocked
624,24,0,0.1942871181223167,0.5474954743714471,1,Blocked
625,25,0,0.8155164204062271,0.3562703971384378,1,Blocked
626,26,0,0.1558725011824055,0.681535616558572,1,Blocked
627,27,0,0.4813620834684781,0.5382467259863963,1,Blocked
628,28,0,0.48545451637919085,0.5303318091722566,1,Blocked
629,29,0,0.6536262359250161,0.5649036388165805,1,Blocked
630,30,0,0.4416035085866843,0.47568579906928093,1,Blocked
631,31,0,0.5065010988414537,0.5321747926870656,1,Blocked
632,32,0,0.30807736423527693,0.5482906221369861,1,Blocked
633,33,0,0.6449265548450677,0.42850102139143187,1,Blocked
634,34,0,0.5062843998608186,0.31311011562898927,1,Blocked
635,35,0,0.6572082324219239,0.39746879751745096,1,Blocked
636,36,0,0.5996582295017168,0.3899820376163776,1,Blocked
637,37,0,0.6204388289085342,0.43709708101526157,1,Blocked
638,38,0,0.17082789386906336,0.5998208038198479,1,Blocked
639,39,0,0.7516821677684824,0.5238311951074422,1,Blocked
640,40,0,0.7793933333130942,0.5590882538011674,1,Blocked
641,41,0,0.2787421533551582,0.5195483018482612,1,Blocked
642,42,0,0.449552154713606,0.38363106037148176,1,Blocked
643,43,0,0.09038363870883569,0.6707109941487783,1,Blocked
644,44,0,0.5570671721043241,0.44767845424875974,1,Blocked
645,45,0,0.9334285931697113,0.5635817894999855,1,Blocked
646,46,0,0.5866158173113983,0.5428627555598221,1,Blocked
647,47,0,0.2807247218737376,0.5909664209773801,1,Blocked
648,48,0,0.49496631596556184,0.4524802456228033,1,Blocked
649,49,0,0.8381866580422621,0.6223836723759265,1,Blocked
650,50,0,0.5998477103786684,0.4650547788073345,1,Blocked
651,51,0,0.1394844160923876,0.5241806615258732,1,Blocked
652,52,0,0.22138633019865675,0.6081001195921096,1,Blocked
653,53,0,0.9124259667210225,0.4676182112270915,1,Blocked
654,54,0,0.22531679067958763,0.5726680717202843,1,Blocked
655,55,0,0.6923649392817808,0.556218577357057,1,Blocked
656,56,0,0.7615946725605922,0.46562937651235425,1,Blocked
657,57,0,0.06237374941046603,0.6327128077904149,1,Blocked
658,58,0,0.38725828906690773,0.6232747940506131,1,Blocked
659,59,0,0.31915455397927245,0.9095029162231114,1,Blocked
660,60,0,0.26026859833011534,0.5471468938045237,1,Blocked
661,61,0,0.4612688661989951,0.4664546966280525,1,Blocked
662,62,0,0.35247195865294706,0.6840009008459621,1,Blocked
663,63,0,0.32936340135784364,0.4700030823736149,1,Blocked
664,64,0,0.11744483195357658,0.6959740974904671,1,Blocked
665,65,0,0.417600751999684,0.5818097448808583,1,Blocked
666,66,0,0.2350922749272814,0.6069622576533269,1,Blocked
667,67,0,0.35281050013842213,0.3360169090543101,1,Blocked
668,68,0,0.496141876155822,0.8090669354236408,1,Blocked
669,69,0,0.44948593227455386,0.5868362761438677,1,Blocked
670,70,0,0.8781918933936449,0.34022674252596974,1,Blocked
671,71,0,0.7639497826599697,0.616718896489328,1,Blocked
672,72,0,0.532875862531534,0.6247884226656875,1,Blocked
673,73,0,0.41849430836881085,0.47118246976980593,1,Blocked
674,74,0,0.07270919969181558,0.5530310602859062,1,Blocked
675,75,0,0.5555354332605524,0.4684155231342534,1,Blocked
676,76,0,0.9369225142165563,0.6380862766653896,1,Blocked
677,77,0,0.08118209961593889,0.40287090100254863,1,Blocked
678,78,0,0.2887780164007175,0.6107581874693951,1,Blocked
679,79,0,0.6965505102091649,0.5701400231981186,1,Blocked
680,80,0,0.4960879991753449,0.629876792708469,1,Blocked
681,81,0,0.9255176193876766,0.5565551758061773,1,Blocked
682,82,0,0.5586927492851518,0.48312307680129585,1,Blocked
683,83,0,0.5492483954398792,0.3940699535278474,1,Blocked
684,84,0,0.7661317602464192,0.34784514920324616,1,Blocked
685,85,0,0.04973066419412951,0.6209062787516284,1,Blocked
686,86,0,0.48487681544817296,0.6229153673383627,1,Blocked
687,87,0,0.897976023892169,0.7120769658521843,1,Blocked
688,88,0,0.888575624554806,0.49335259914261,1,Blocked
689,89,0,0.3320603362120758,0.7208371240415776,1,Blocked
690,90,0,0.5487175091138171,0.4402026774077774,1,Blocked
691,91,0,0.9330042681611215,0.5832322784132213,1,Blocked
692,92,0,0.7190187431080598,0.6562557257290191,1,Blocked
693,93,0,0.41842945868827247,0.6441173133100768,1,Blocked
694,94,0,0.44181588901138524,0.7607414899436682,1,Blocked
695,95,0,0.8952488103580383,0.45664941939423387,1,Blocked
696,96,0,0.7819515774750014,0.5608336907808549,1,Blocked
697,97,0,0.2746670471641446,0.427046971328889,1,Blocked
698,98,0,0.5038303377453835,0.704874847178603,1,Blocked
699,99,0,0.6444151809279828,0.3185223202617507,1,Blocked
700,100,0,0.6893132849493576,0.5338458954469877,1,Blocked
701,101,0,0.5439889579545967,0.7572914854887702,1,Blocked
702,102,0,0.6828441722452052,0.6467738974416932,1,Blocked
703,103,0,0.22630816662822492,0.591441984514846,1,Blocked
704,104,0,0.562645541992601,0.6950892409163274,1,Blocked
705,105,0,0.575511802574145,0.5956847758340466,1,Blocked
706,106,0,0.7840104235737229,0.4399425439112491,1,Blocked
707,107,0,0.4198873708021993,0.5987215776686922,1,Blocked
708,108,0,0.9152907752830542,0.4274703345025379,1,Blocked
709,109,0,0.891089416520493,0.7036572348171902,1,Blocked
710,110,0,0.46264643736292993,0.49439195933961,1,Blocked
711,111,0,0.5749240013576371,0.5197916011933623,1,Blocked
712,112,0,0.5911622187399765,0.4662402032114839,1,Blocked
713,113,0,0.30096046348923283,0.6882900069177305,1,Blocked
714,114,0,0.8279508386530627,0.396074015361067,1,Blocked
715,115,0,0.9302599217730871,0.5864686212428478,1,Blocked
716,116,0,0.08101391273373648,0.6566381005282905,1,Blocked
717,117,0,0.3930531862732907,0.7593502943957282,1,Blocked
718,118,0,0.8768069019055208,0.3755779613674698,1,Blocked
719,119,0,0.1700924954451139,0.5320049744936773,1,Blocked
720,120,0,0.7121391838275991,0.5445924061954316,1,Blocked
721,121,0,0.45161749338573715,0.5320239290621211,1,Blocked
722,122,0,0.3368722363014243,0.6198056844767772,1,Blocked
723,123,0,0.03955035921213627,0.5883550344736375,1,Blocked
724,124,0,0.4957513331551449,0.48744901569516835,1,Blocked
725,125,0,0.6574636186962897,0.5305358293049958,1,Blocked
726,126,0,0.5402909222117476,0.5460774079035768,1,Blocked
727,127,0,0.9030798277744296,0.6227355382700162,1,Blocked
728,128,0,0.10639103493876245,0.5628535116110436,1,Blocked
729,129,0,0.4279411955830207,0.6637017969820045,1,Blocked
730,130,0,0.8772727237688975,0.37353243667865765,1,Blocked
731,131,0,0.5702869362668447,0.5707048378689893,1,Blocked
732,132,0,0.6906348244235262,0.47918703346854,1,Blocked
733,133,0,0.08086014716665421,0.6714949202217256,1,Blocked
734,134,0,0.6009459143059973,0.6873729638380285,1,Blocked
735,135,0,0.5004010895106992,0.5738429555315403,1,Blocked
736,136,0,0.9427232654582132,0.3350189864065828,1,Blocked
737,137,0,0.429686990873579,0.6033282756494558,1,Blocked
738,138,0,0.11193427145322564,0.6000930671886056,1,Blocked
739,139,0,0.7773168927262826,0.403545050044818,1,Blocked
740,140,0,0.550073668438709,0.47262468913469124,1,Blocked
741,141,0,0.660030228059214,0.5808260940647564,1,Blocked
742,142,0,0.8566996195573109,0.4924632820933507,1,Blocked
743,143,0,0.1011704746883855,0.44200067972330115,1,Blocked
744,144,0,0.7417708731785022,0.4861694696509239,1,Blocked
745,145,0,0.4451863494946837,0.6940796405479535,1,Blocked
746,146,0,0.8331509760739705,0.5323231470345561,1,Blocked
747,147,0,0.24035581294498676,0.6112786781234227,1,Blocked
748,148,0,0.8675976268082599,0.48858194302044416,1,Blocked
749,149,0,0.5798460874610377,0.35890439127348944,1,Blocked
750,150,0,0.796931767360102,0.44064350309085676,1,Blocked
751,151,0,0.3667381635560675,0.5867201588496033,1,Blocked
752,152,0,0.40844625806544854,0.7529144102138865,1,Blocked
753,153,0,0.5867954773874073,0.5485110623465244,1,Blocked
754,154,0,0.6073529755279141,0.6325906159953603,1,Blocked
755,155,0,0.5535206732758632,0.5088724318998619,1,Blocked
756,156,0,0.7847073103144171,0.5487549898915067,1,Blocked
757,157,0,0.12410843613732118,0.6797561320152066,1,Blocked
758,158,0,0.7049177582949422,0.4954219438445733,1,Blocked
759,159,0,0.30038298836409527,0.47767075739589737,1,Blocked
760,160,0,0.8312558841900464,0.5485000821871883,1,Blocked
761,161,0,0.701029186331972,0.4585603314507781,1,Blocked
762,162,0,0.40532373309235814,0.5231832512835008,1,Blocked
763,163,0,0.42475980586247347,0.40744925184419256,1,Blocked
764,164,0,0.05805364832300318,0.6095541092230903,1,Blocked
765,165,0,0.33474104452954323,0.49439232556982743,1,Blocked
766,166,0,0.18011458106578193,0.4445203350216268,1,Blocked
767,167,0,0.553048181137239,0.49317159815012723,1,Blocked
768,168,0,0.39608475942243504,0.5265886965205808,1,Blocked
769,169,0,0.7165760543608066,0.5150881824511495,1,Blocked
770,170,0,0.42285197759036003,0.4524335273408469,1,Blocked
771,171,0,0.49801546331257873,0.5515222828612996,1,Blocked
772,172,0,0.6171992349322504,0.5133784979880526,1,Blocked
773,173,0,0.35195571898338995,0.545907004782969,1,Blocked
774,174,0,0.4739876958367918,0.5472282563887525,1,Blocked
775,175,0,0.823932304324053,0.40299569427426674,1,Blocked
776,176,0,0.6179459288238329,0.3249866491045733,1,Blocked
777,177,0,0.03189339950595975,0.6307798126751615,1,Blocked
778,178,0,0.053742838949144764,0.6353403670864927,1,Blocked
779,179,0,0.7520453857551922,0.4841401689929988,1,Blocked
780,180,0,0.5125892320210059,0.5953040872791846,1,Blocked
781,181,0,0.2800081811563038,0.4275069837808176,1,Blocked
782,182,0,0.27772800086451177,0.4956054749067518,1,Blocked
783,183,0,0.581698794505332,0.4153481849607048,1,Blocked
784,184,0,0.27057353852164745,0.5262485834128119,1,Blocked
785,185,0,0.14979330087980935,0.552993256270726,1,Blocked
786,186,0,0.47932185570604907,0.4955521056075799,1,Blocked
787,187,0,0.36443777018863627,0.494571675757824,1,Blocked
788,188,0,0.5428855146787093,0.43780932871163086,1,Blocked
789,189,0,0.5581685190810681,0.47927929844374373,1,Blocked
790,190,0,0.36320969204750375,0.46749163356731793,1,Blocked
791,191,0,0.0689279970045557,0.7013048755950633,1,Blocked
792,192,0,0.5265901840023632,0.6165960837314725,1,Blocked
793,193,0,0.598508659851435,0.41368668737222336,1,Blocked
794,194,0,0.5455485334731118,0.535974150261077,1,Blocked
795,195,0,0.5638245218627355,0.5766454185961909,1,Blocked
796,196,0,0.7527920704826718,0.5002997417733206,1,Blocked
797,197,0,0.8881803715768277,0.5134852501629495,1,Blocked
798,198,0,0.8003650101445312,0.41910404667579315,1,Blocked
799,199,0,0.9481913550556316,0.6596190879710133,1,Blocked
800,0,0,0.7930015697314439,0.40227379066305446,1,Interleaved
801,1,0,0.4118785849814153,0.6798124635720939,1,Interleaved
802,2,0,0.49217813967556623,1.0820272758982514,1,Interleaved
803,3,0,0.15378327340815695,0.9917008683766306,1,Interleaved
804,4,0,0.013006789438809088,0.7653833494161653,1,Interleaved
805,5,0,0.42617849153006765,0.4763624587956107,1,Interleaved
806,6,0,0.6385836124907038,0.6549094611716035,1,Interleaved
807,7,0,0.6076343063607607,0.39904282425578597,1,Interleaved
808,8,0,0.46438070799496345,0.731218739180289,1,Interleaved
809,9,0,0.9111988574499161,0.5136571994203247,1,Interleaved
810,10,0,0.03740529197028374,0.7417451097020389,1,Interleaved
811,11,0,0.48751576123499996,0.46187202976427333,1,Interleaved
812,12,0,0.9413147712881517,0.5590398466568623,1,Interleaved
813,13,0,0.5475050391848396,0.736732339831146,1,Interleaved
814,14,0,0.22219289859638902,0.7298944176089266,1,Interleaved
815,15,0,0.7955563213692703,0.588841828896156,1,Interleaved
816,16,0,0.6269126377924104,0.6415439249545885,1,Interleaved
817,17,0,0.26121028673609226,0.6900051648383667,1,Interleaved
818,18,0,0.0510179149722072,0.6226963321661554,1,Interleaved
819,19,0,0.8647018385214841,0.4239272022961479,1,Interleaved
820,20,0,0.22617511604906948,0.5596402732959929,1,Interleaved
821,21,0,0.31403054282270726,0.7084466123827905,1,Interleaved
822,22,0,0.40471613272912066,0.5136272686776711,1,Interleaved
823,23,0,0.8777333609317884,0.48965593700782356,1,Interleaved
824,24,0,0.33233799252868423,0.49731269716272514,1,Interleaved
825,25,0,0.35551830430399944,0.6167161081615715,1,Interleaved
826,26,0,0.6994607283560238,0.48165628112190484,1,Interleaved
827,27,0,0.6240439182818135,0.6558776448267072,1,Interleaved
828,28,0,0.17823575352550783,0.6958678531967268,1,Interleaved
829,29,0,0.37383043487420653,0.6655833142130205,1,Interleaved
830,30,0,0.3709088409280925,0.5868884496290199,1,Interleaved
831,31,0,0.01953045725207312,0.663807268958958,1,Interleaved
832,32,0,0.3477703278461303,0.6847896338413553,1,Interleaved
833,33,0,0.9555832953406003,0.42483644169255763,1,Interleaved
834,34,0,0.196888495687645,0.7155665702337008,1,Interleaved
835,35,0,0.7860627439285099,0.4212950447790902,1,Interleaved
836,36,0,0.45583027015536587,0.8020009185238317,1,Interleaved
837,37,0,0.6073830952465102,0.5000215043040024,1,Interleaved
838,38,0,0.8072574268475817,0.5842560815700313,1,Interleaved
839,39,0,0.7024369426560473,0.5176416309983735,1,Interleaved
840,40,0,0.4145242319547505,0.5204531124099877,1,Interleaved
841,41,0,0.591493361646466,0.598285263301198,1,Interleaved
842,42,0,0.34144528552479864,0.6452955413788539,1,Interleaved
843,43,0,0.7429496686639172,0.7670378943127364,1,Interleaved
844,44,0,0.5499728972170653,0.553604690096035,1,Interleaved
845,45,0,0.0269932289953841,0.5643814898306061,1,Interleaved
846,46,0,0.31446703465682746,0.6360134212737736,1,Interleaved
847,47,0,0.4083560134245039,0.6880031522441221,1,Interleaved
848,48,0,0.3595776413866551,0.6812130292576266,1,Interleaved
849,49,0,0.37204064079486426,0.4857506259673263,1,Interleaved
850,50,0,0.4736772889938891,0.4020302494270023,1,Interleaved
851,51,0,0.33282538097791825,0.6831797131039039,1,Interleaved
852,52,0,0.4575608112042753,0.49006304093231357,1,Interleaved
853,53,0,0.7138578753899812,0.6683431258782266,1,Interleaved
854,54,0,0.6730778057675539,0.6062949299653976,1,Interleaved
855,55,0,0.26182769156803953,0.6493077587460401,1,Interleaved
856,56,0,0.9520079955081855,0.34633216320915905,1,Interleaved
857,57,0,0.4592104322379403,0.6029289612046349,1,Interleaved
858,58,0,0.07020353563306192,0.46628941743331953,1,Interleaved
859,59,0,0.6790174746230887,0.5956371099838245,1,Interleaved
860,60,0,0.24915473929724966,0.5257371912834268,1,Interleaved
861,61,0,0.023549380034180674,0.7535611221212402,1,Interleaved
862,62,0,0.4369166158630307,0.5960950177836006,1,Interleaved
863,63,0,0.6182923563622144,0.36797399564715016,1,Interleaved
864,64,0,0.9633613617358412,0.4879572360542041,1,Interleaved
865,65,0,0.6819356190959446,0.6742611045803993,1,Interleaved
866,66,0,0.8736032574430896,0.5561242641906771,1,Interleaved
867,67,0,0.5069835452187441,0.6222198310486857,1,Interleaved
868,68,0,0.08238982352640373,0.6138835470085603,1,Interleaved
869,69,0,0.7675842867810816,0.7115179150538896,1,Interleaved
870,70,0,0.3588662545609271,0.6189937427120362,1,Interleaved
871,71,0,0.6006539146545888,0.4374471509287955,1,Interleaved
872,72,0,0.01279987317772821,0.8602585983968682,1,Interleaved
873,73,0,0.5077058983269355,0.6332571087577403,1,Interleaved
874,74,0,0.6145301437036385,0.9639827312415863,1,Interleaved
875,75,0,0.19381872899548,0.6223575636450631,1,Interleaved
876,76,0,0.742453263411644,0.5627008033031777,1,Interleaved
877,77,0,0.07545932528123973,0.6969781437499796,1,Interleaved
878,78,0,0.41767491138446433,0.6273225849430343,1,Interleaved
879,79,0,0.2810793550154541,0.68555379987846,1,Interleaved
880,80,0,0.5489026193010424,0.5832879194654059,1,Interleaved
881,81,0,0.6366258568979983,0.7236705408473937,1,Interleaved
882,82,0,0.5163319301569289,0.7865378103966056,1,Interleaved
883,83,0,0.9525117113927444,0.4951165191436508,1,Interleaved
884,84,0,0.5430192424263107,0.773017906735265,1,Interleaved
885,85,0,0.053098242166756786,0.6555447315871893,1,Interleaved
886,86,0,0.061722781680211176,0.625526171249262,1,Interleaved
887,87,0,0.3179726712772455,0.8827276348963182,1,Interleaved
888,88,0,0.24214805635506145,0.4976365547932269,1,Interleaved
889,89,0,0.5100338915441357,0.45740889428330894,1,Interleaved
890,90,0,0.2807689978078709,0.6810828164541176,1,Interleaved
891,91,0,0.43030598632880623,0.46571105782705036,1,Interleaved
892,92,0,0.1442304646545952,0.7760959973361025,1,Interleaved
893,93,0,0.08673210582119617,0.6936395630377032,1,Interleaved
894,94,0,0.6252521913197346,0.5588818492729071,1,Interleaved
895,95,0,0.21656433368951394,0.7388064387008243,1,Interleaved
896,96,0,0.3562315250548111,0.6993079539947193,1,Interleaved
897,97,0,0.7996217520924948,0.42700887269919197,1,Interleaved
898,98,0,0.3319181531278787,0.4925672670165337,1,Interleaved
899,99,0,0.30542342983549176,0.6001813649039605,1,Interleaved
900,100,0,0.5494555206635745,0.38506476377741905,1,Interleaved
901,101,0,0.3356599979574478,0.760871634400405,1,Interleaved
902,102,0,0.9607483623300679,0.5650156113910882,1,Interleaved
903,103,0,0.22628353260128067,0.7825862790128142,1,Interleaved
904,104,0,0.7824296682454759,0.5766049939348721,1,Interleaved
905,105,0,0.5654733688320726,0.34094704476121085,1,Interleaved
906,106,0,0.05373344769767335,0.48710833642486673,1,Interleaved
907,107,0,0.09089752306412907,0.6661000118326632,1,Interleaved
908,108,0,0.10663003487521272,0.5827959296999438,1,Interleaved
909,109,0,0.1942699985723297,0.5253791181524969,1,Interleaved
910,110,0,0.20406314702779202,0.6717783120494043,1,Interleaved
911,111,0,0.5662099154111959,0.7150617114990079,1,Interleaved
912,112,0,0.4451803996066561,0.6275294954418765,1,Interleaved
913,113,0,0.18250838701566527,0.6493812782112571,1,Interleaved
914,114,0,0.36750876086565337,0.7371725908064961,1,Interleaved
915,115,0,0.5672873638446887,0.550193233114354,1,Interleaved
916,116,0,0.5323976540727324,0.6772406788493137,1,Interleaved
917,117,0,0.25727984307950313,0.5837535114690116,1,Interleaved
918,118,0,0.7485178952278051,0.40552699961511046,1,Interleaved
919,119,0,0.24374860651770713,0.31449550355796124,1,Interleaved
920,120,0,0.5659250681203187,0.5068277741878714,1,Interleaved
921,121,0,0.85870150886594,0.4185442830525957,1,Interleaved
922,122,0,0.8467586828210785,0.6010051730949023,1,Interleaved
923,123,0,0.5849824647863493,0.7521551250501026,1,Interleaved
924,124,0,0.22748108931402572,0.6714050548868808,1,Interleaved
925,125,0,0.8178850660059818,0.5683978279208819,1,Interleaved
926,126,0,0.9004317357146332,0.2684099879456082,1,Interleaved
927,127,0,0.8980119180101389,0.521073401467343,1,Interleaved
928,128,0,0.5233099893785371,0.47406562084627146,1,Interleaved
929,129,0,0.09599500057423449,0.6663147646354842,1,Interleaved
930,130,0,0.7996972870472588,0.5413516449962422,1,Interleaved
931,131,0,0.20436919210778984,0.5494493462264867,1,Interleaved
932,132,0,0.11674757157633597,0.6615462668295594,1,Interleaved
933,133,0,0.9538635017770597,0.652859171699973,1,Interleaved
934,134,0,0.602911864597255,0.48999593411156556,1,Interleaved
935,135,0,0.19583518172456862,0.5353839222364677,1,Interleaved
936,136,0,0.2774844867011878,0.5070586144641183,1,Interleaved
937,137,0,0.4500353670331936,0.6606498475754918,1,Interleaved
938,138,0,0.8505034054779932,0.38573397327972225,1,Interleaved
939,139,0,0.3849068770393611,0.4825984114179517,1,Interleaved
940,140,0,0.8302572758152489,0.47160031039938277,1,Interleaved
941,141,0,0.4763854976952842,0.5474618671879596,1,Interleaved
942,142,0,0.21747109454151833,0.5729566558805712,1,Interleaved
943,143,0,0.6520059725831048,0.5946634376561718,1,Interleaved
944,144,0,0.5553045143880462,0.518343436784831,1,Interleaved
945,145,0,0.03346512896933436,0.7637355992617345,1,Interleaved
946,146,0,0.8585516379447335,0.502151811594729,1,Interleaved
947,147,0,0.5607254059606134,0.43888134270655443,1,Interleaved
948,148,0,0.4978275813914425,0.7533094400167112,1,Interleaved
949,149,0,0.5229590012519518,0.618835181558448,1,Interleaved
950,150,0,0.4903421342901545,0.6149506270435676,1,Interleaved
951,151,0,0.4378015999130396,0.5037535028246761,1,Interleaved
952,152,0,0.7406553180679405,0.575794963457992,1,Interleaved
953,153,0,0.5609687870310517,0.42035060690197995,1,Interleaved
954,154,0,0.08128462236041273,0.5812877459113858,1,Interleaved
955,155,0,0.9950342402051444,0.445760491511219,1,Interleaved
956,156,0,0.7715684342804725,0.6140194432823625,1,Interleaved
957,157,0,0.9877618205277767,0.39051673959918853,1,Interleaved
958,158,0,0.544400414501769,0.5359416783628125,1,Interleaved
959,159,0,0.45095764400696187,0.6790215673334454,1,Interleaved
960,160,0,0.18358732151520032,0.5263606828889731,1,Interleaved
961,161,0,0.16719313904175642,0.6107385717804819,1,Interleaved
962,162,0,0.8439782783582924,0.5870959433333887,1,Interleaved
963,163,0,0.4783041709620367,0.6926040673125219,1,Interleaved
964,164,0,0.24846842991749277,0.6063081944386255,1,Interleaved
965,165,0,0.591568357746411,0.2844700027665234,1,Interleaved
966,166,0,0.7714898606696277,0.4578777199198677,1,Interleaved
967,167,0,0.44889896622056397,0.5755759552495527,1,Interleaved
968,168,0,0.3925738271207566,0.585875346013645,1,Interleaved
969,169,0,0.47847590078414937,0.5769615884932089,1,Interleaved
970,170,0,0.07908354608262466,0.5927904763262821,1,Interleaved
971,171,0,0.17180102735051522,0.6084943910466789,1,Interleaved
972,172,0,0.5528101651536367,0.5342819911300083,1,Interleaved
973,173,0,0.805776934822854,0.43566788833450354,1,Interleaved
974,174,0,0.5757783139128456,0.5285406624351665,1,Interleaved
975,175,0,0.5814421349570239,0.6551707911855656,1,Interleaved
976,176,0,0.7405331032041107,0.5980933248128456,1,Interleaved
977,177,0,0.04304183124412044,0.6710692560738292,1,Interleaved
978,178,0,0.1050244782637078,0.6821427098383219,1,Interleaved
979,179,0,0.5681028550548047,0.4952151196715355,1,Interleaved
980,180,0,0.3383113534392771,0.6958731638712108,1,Interleaved
981,181,0,0.5491022138788065,0.6582256759883709,1,Interleaved
982,182,0,0.5573175393894828,0.6150046997331509,1,Interleaved
983,183,0,0.6671308380396963,0.48102081733829904,1,Interleaved
984,184,0,0.37101723413973187,0.6635689872286346,1,Interleaved
985,185,0,0.8130290164710536,0.4469457031934788,1,Interleaved
986,186,0,0.20621286381714904,0.6913331353657979,1,Interleaved
987,187,0,0.5204794716400293,0.7099259792991275,1,Interleaved
988,188,0,0.6750768744534124,0.48116688403136293,1,Interleaved
989,189,0,0.4350548903216365,0.6514302499740726,1,Interleaved
990,190,0,0.5148374880953186,0.6620226867285903,1,Interleaved
991,191,0,0.2691514772034698,0.5965509564890137,1,Interleaved
992,192,0,0.8112960816811856,0.37814313075258554,1,Interleaved
993,193,0,0.48953082421532024,0.4388070566318804,1,Interleaved
994,194,0,0.8392218601848438,0.6704350897515525,1,Interleaved
995,195,0,0.5098436081295348,0.42583562779250217,1,Interleaved
996,196,0,0.09856904175539759,0.5857323045455367,1,Interleaved
997,197,0,0.7943656683599873,0.34416056218779645,1,Interleaved
998,198,0,0.9643496746074063,0.46280512810236496,1,Interleaved
999,199,0,0.5020677365409767,0.8698253363515878,1,Interleaved
1000,0,0,0.6463252501022851,0.7753898417882188,1,Instructed
1001,1,0,0.30357608675636355,0.7925313175981474,1,Instructed
1002,2,0,0.39354000521985144,0.6027392167750295,1,Instructed
1003,3,0,0.12942524904247243,0.7393636594282147,1,Instructed
1004,4,0,0.3615020305334465,0.6546189080237803,1,Instructed
1005,5,0,0.965647907923333,0.48627259202416206,1,Instructed
1006,6,0,0.5053224778527415,0.5583049281927677,1,Instructed
1007,7,0,0.9012271558286896,0.5673038745997474,1,Instructed
1008,8,0,0.8576667225934775,0.4874862553739,1,Instructed
1009,9,0,0.000993185707468798,0.8445019295751998,1,Instructed
1010,10,0,0.07154329637167874,0.6757329776618339,1,Instructed
1011,11,0,0.7251790612835756,1.029086837493133,1,Instructed
1012,12,0,0.4846873932172607,0.544589356452353,1,Instructed
1013,13,0,0.77549924688143,0.6637233863454074,1,Instructed
1014,14,0,0.859412821023344,0.5096896733587025,1,Instructed
1015,15,0,0.46238132754654293,0.47991361840694036,1,Instructed
1016,16,0,0.4257696373720149,0.6683279019071542,1,Instructed
1017,17,0,0.29679651339844465,0.5503255116535021,1,Instructed
1018,18,0,0.3967385459970547,0.5875761147240083,1,Instructed
1019,19,0,0.6028592497722521,0.5442676478219759,1,Instructed
1020,20,0,0.06347811842332114,0.5905891261060672,1,Instructed
1021,21,0,0.5225091984283692,0.6262956148706325,1,Instructed
1022,22,0,0.3854242380923418,0.7636317759684577,1,Instructed
1023,23,0,0.10910147458876554,0.6123530007619773,1,Instructed
1024,24,0,0.4372767799256018,0.5511571965190082,1,Instructed
1025,25,0,0.9438418745935977,0.5034409755245319,1,Instructed
1026,26,0,0.5231917128140566,0.6108733471499689,1,Instructed
1027,27,0,0.35530314288263687,0.655508163259862,1,Instructed
1028,28,0,0.6977469964026886,0.5059120551570547,1,Instructed
1029,29,0,0.353797570320862,0.7381107170906908,1,Instructed
1030,30,0,0.34605624115601863,0.7507274037111793,1,Instructed
1031,31,0,0.04853841886224752,0.7880465688914978,1,Instructed
1032,32,0,0.19316144618670245,0.7675232366111853,1,Instructed
1033,33,0,0.5445612446858864,0.5357196982952336,1,Instructed
1034,34,0,0.05508005844617453,0.7010928605479569,1,Instructed
1035,35,0,0.6997556800871598,0.48757168070645174,1,Instructed
1036,36,0,0.3341340347564174,0.5067924684922217,1,Instructed
1037,37,0,0.4592359095416619,0.6394324066652286,1,Instructed
1038,38,0,0.019642411130504887,0.6184389577011502,1,Instructed
1039,39,0,0.5473497610834186,0.5877900279543744,1,Instructed
1040,40,0,0.382106455046748,0.7172190449491046,1,Instructed
1041,41,0,0.9421919466894257,0.45799451870668695,1,Instructed
1042,42,0,0.06390636422089102,0.6404447140109486,1,Instructed
1043,43,0,0.998072448593476,0.7321849540548749,1,Instructed
1044,44,0,0.49457537013997005,0.6445898833897905,1,Instructed
1045,45,0,0.14163211676871695,0.9204149653137792,1,Instructed
1046,46,0,0.2149767473446769,0.5766683388442913,1,Instructed
1047,47,0,0.5698066713973075,0.5115263466739532,1,Instructed
1048,48,0,0.02780410909735472,0.6370538422221607,1,Instructed
1049,49,0,0.08088265183911604,0.5516951810455264,1,Instructed
1050,50,0,0.4780562896071632,0.6451474563850704,1,Instructed
1051,51,0,0.5246591195829103,0.5131990717687751,1,Instructed
1052,52,0,0.038745196462616704,0.6437499705139151,1,Instructed
1053,53,0,0.9281698636222749,0.4529660695297896,1,Instructed
1054,54,0,0.48799782139001907,0.7145773978264385,1,Instructed
1055,55,0,0.4771960263340613,0.6496949725163415,1,Instructed
1056,56,0,0.6328524059654844,0.631236725838046,1,Instructed
1057,57,0,0.8272501998472142,0.42522741227926963,1,Instructed
1058,58,0,0.8331701086242803,0.4218865341602803,1,Instructed
1059,59,0,0.6812167284268233,0.45005254765870667,1,Instructed
1060,60,0,0.634653001705822,0.4928990041042639,1,Instructed
1061,61,0,0.19115894951945514,0.837452894577116,1,Instructed
1062,62,0,0.5619469920243216,0.39033379924197736,1,Instructed
1063,63,0,0.09418485684375578,0.732771063059749,1,Instructed
1064,64,0,0.34404880239520874,0.4919538708630157,1,Instructed
1065,65,0,0.999133222352306,0.642775301445349,1,Instructed
1066,66,0,0.2891192712859825,0.5296461829563753,1,Instructed
1067,67,0,0.15451234973235184,0.6736121942091545,1,Instructed
1068,68,0,0.6859308233310721,0.5203120983310867,1,Instructed
1069,69,0,0.6223933707298118,0.3758786468694364,1,Instructed
1070,70,0,0.5234064343774556,0.5473877212463236,1,Instructed
1071,71,0,0.3214816382705702,0.6090288124015195,1,Instructed
1072,72,0,0.1936604040124067,0.5671186958287473,1,Instructed
1073,73,0,0.44358520081095965,0.7713557294517339,1,Instructed
1074,74,0,0.4884518776541779,0.5038843042794667,1,Instructed
1075,75,0,0.5584128140888398,0.7275386000031235,1,Instructed
1076,76,0,0.5604280841845956,0.6198648591278676,1,Instructed
1077,77,0,0.8322725958674769,0.4177955811674896,1,Instructed
1078,78,0,0.11332946063449656,0.5543450678761875,1,Instructed
1079,79,0,0.998143658442803,0.7383290049768627,1,Instructed
1080,80,0,0.5244884619810776,0.4948771679180499,1,Instructed
1081,81,0,0.028183100996183198,0.7526326427516998,1,Instructed
1082,82,0,0.9011054091089652,0.5527881756857269,1,Instructed
1083,83,0,0.8146112840930244,0.5833541213290058,1,Instructed
1084,84,0,0.9589230692851145,0.6420559800885349,1,Instructed
1085,85,0,0.7479651901880219,0.6705196010571164,1,Instructed
1086,86,0,0.3949495120344111,0.6086510537439214,1,Instructed
1087,87,0,0.8260698284075254,0.6350141182262925,1,Instructed
1088,88,0,0.32973597709366165,0.5760761745537413,1,Instructed
1089,89,0,0.38257515057681357,0.59764687529257,1,Instructed
1090,90,0,0.30408901323318627,0.5689217665158853,1,Instructed
1091,91,0,0.06809014858627359,0.7196033171898111,1,Instructed
1092,92,0,0.7106200099913825,0.5372536399026563,1,Instructed
1093,93,0,0.37479663646814987,0.5442400676438648,1,Instructed
1094,94,0,0.3680420282804136,0.5984492224763984,1,Instructed
1095,95,0,0.4258055389882286,0.5774918905869453,1,Instructed
1096,96,0,0.7032429469350211,0.5286048554078191,1,Instructed
1097,97,0,0.2850064286766388,0.644880980802863,1,Instructed
1098,98,0,0.4758691773306473,0.6315586918184708,1,Instructed
1099,99,0,0.0058004286071351024,0.9382524896566309,1,Instructed
1100,100,0,0.3962181135350895,0.4514402911330726,1,Instructed
1101,101,0,0.4352588367671322,0.6914583624575523,1,Instructed
1102,102,0,0.5214580870710607,0.6700214581949209,1,Instructed
1103,103,0,0.9830465297245257,0.5446522056421137,1,Instructed
1104,104,0,0.4971407856577402,0.6520288610091305,1,Instructed
1105,105,0,0.06627111051447764,0.7758194939697534,1,Instructed
1106,106,0,0.9897916282027769,0.5205034853284367,1,Instructed
1107,107,0,0.2257852377892418,0.5697931651778151,1,Instructed
1108,108,0,0.9228298986736403,0.6209052628806313,1,Instructed
1109,109,0,0.6777901875774687,0.6452595124246753,1,Instructed
1110,110,0,0.6852651265113929,0.3308603455630424,1,Instructed
1111,111,0,0.8762872897142984,0.47657610997636657,1,Instructed
1112,112,0,0.2809990845651442,0.6370410235597636,1,Instructed
1113,113,0,0.4659719971253721,0.4878429438272737,1,Instructed
1114,114,0,0.35681325236215916,0.5231558817800439,1,Instructed
1115,115,0,0.6457857286667426,0.6413799681243273,1,Instructed
1116,116,0,0.3271944789651162,0.46385328483793853,1,Instructed
1117,117,0,0.9508752205586377,0.39644554062524795,1,Instructed
1118,118,0,0.249099800610756,0.5647013007416082,1,Instructed
1119,119,0,0.08581207363797312,1.0411907011168855,1,Instructed
1120,120,0,0.06134842543209455,0.5113904500823159,1,Instructed
1121,121,0,0.43314773257156125,0.6705785202227739,1,Instructed
1122,122,0,0.6561820673656005,0.41575086153698226,1,Instructed
1123,123,0,0.1642847056126013,0.5745302864651702,1,Instructed
1124,124,0,0.8786008453058352,0.35797086220890295,1,Instructed
1125,125,0,0.4462743450118934,0.4992018372895879,1,Instructed
1126,126,0,0.38425886696587686,0.4374782351295834,1,Instructed
1127,127,0,0.5303266507228473,1.0977711863914004,1,Instructed
1128,128,0,0.3768069871630097,0.4952472875954825,1,Instructed
1129,129,0,0.34265687984047516,0.876469370247584,1,Instructed
1130,130,0,0.630108028723295,0.6935337625781184,1,Instructed
1131,131,0,0.933665373439419,0.5882451831248012,1,Instructed
1132,132,0,0.31319527497929633,0.6374399361493496,1,Instructed
1133,133,0,0.5418503621565969,0.5197912657691722,1,Instructed
1134,134,0,0.4604791120076566,0.6688198687054712,1,Instructed
1135,135,0,0.6910528099660692,0.4097722671144534,1,Instructed
1136,136,0,0.8420414073884348,0.6001078123229313,1,Instructed
1137,137,0,0.6683444324268502,0.5215926418135044,1,Instructed
1138,138,0,0.3342095963716727,0.5317772660382246,1,Instructed
1139,139,0,0.9193833457580899,0.5980801938584605,1,Instructed
1140,140,0,0.4738470573799242,0.5548298647616371,1,Instructed
1141,141,0,0.21968637730869933,0.4712200973871057,1,Instructed
1142,142,0,0.3237243074471692,0.5269511247049782,1,Instructed
1143,143,0,0.3974709439079881,0.39352853330998233,1,Instructed
1144,144,0,0.5483196161290506,0.510352759294369,1,Instructed
1145,145,0,0.6542266912873913,0.5601696221057008,1,Instructed
1146,146,0,0.06348743195222255,0.6115134800460396,1,Instructed
1147,147,0,0.6338532227972508,0.4770563142963584,1,Instructed
1148,148,0,0.6088930711863828,0.6301787370720028,1,Instructed
1149,149,0,0.9341681196376374,0.42359244204282054,1,Instructed
1150,150,0,0.2526086162342945,0.6853478842838185,1,Instructed
1151,151,0,0.8512917159079243,0.5512726855217144,1,Instructed
1152,152,0,0.6532071546005632,0.5684794449880252,1,Instructed
1153,153,0,0.31071643369483737,0.6281461751388596,1,Instructed
1154,154,0,0.48535231273803786,0.5068948526019947,1,Instructed
1155,155,0,0.21089626622864893,0.6361568389220785,1,Instructed
1156,156,0,0.9516413925319345,0.48539924067947987,1,Instructed
1157,157,0,0.9991662573475847,0.9443349622286636,1,Instructed
1158,158,0,0.2015260813943686,0.5803436372289069,1,Instructed
1159,159,0,0.8620509479930317,0.6632428074099358,1,Instructed
1160,160,0,0.5508316958879342,0.4823370274705483,1,Instructed
1161,161,0,0.30378146931600436,0.5826063175254412,1,Instructed
1162,162,0,0.3791256812602327,0.5269738323917409,1,Instructed
1163,163,0,0.4105295715663941,0.6743987991041588,1,Instructed
1164,164,0,0.8057773686977425,0.6121740818314847,1,Instructed
1165,165,0,0.14303796657662332,0.7331199707499486,1,Instructed
1166,166,0,0.7342251713186728,0.4169094050792548,1,Instructed
1167,167,0,0.34443903695147227,0.4804052471266237,1,Instructed
1168,168,0,0.0896365593338733,0.6382531514523931,1,Instructed
1169,169,0,0.901476247419347,0.6412007356832273,1,Instructed
1170,170,0,0.9146695683048035,0.4237572857844946,1,Instructed
1171,171,0,0.7982162585871893,0.49731868519885336,1,Instructed
1172,172,0,0.412178320066697,0.8489689507927504,1,Instructed
1173,173,0,0.5304456918205513,0.9048440276551094,1,Instructed
1174,174,0,0.4696543871794211,0.6215783892916058,1,Instructed
1175,175,0,0.8509838745452696,0.47923558829988666,1,Instructed
1176,176,0,0.7458082901675551,0.5005802589065919,1,Instructed
1177,177,0,0.5075619730887309,0.4811042434384063,1,Instructed
1178,178,0,0.5383034549735323,0.511134190333239,1,Instructed
1179,179,0,0.32133153446715274,0.5917654241000618,1,Instructed
1180,180,0,0.4524522490429533,0.6949863847261935,1,Instructed
1181,181,0,0.416849425436296,0.5773576478697522,1,Instructed
1182,182,0,0.4602568180970874,0.6035154499889287,1,Instructed
1183,183,0,0.48082209453392766,0.5909074017440877,1,Instructed
1184,184,0,0.2864557231525612,0.6468096152857099,1,Instructed
1185,185,0,0.29325760193012046,0.5375125358020711,1,Instructed
1186,186,0,0.6248170547376923,0.47217254660011587,1,Instructed
1187,187,0,0.8672019267726948,0.5198984148737874,1,Instructed
1188,188,0,0.5139072024786391,0.4208978873028,1,Instructed
1189,189,0,0.8311431498678379,0.49557347032844845,1,Instructed
1190,190,0,0.7879361467475059,0.7353847538767693,1,Instructed
1191,191,0,0.11395502702701403,0.6622226534576672,1,Instructed
1192,192,0,0.34616530499877246,0.5743872744251741,1,Instructed
1193,193,0,0.9239695477979282,0.4539557491865714,1,Instructed
1194,194,0,0.5285739948666284,0.5865288890259779,1,Instructed
1195,195,0,0.582727905472673,0.5696686606724064,1,Instructed
1196,196,0,0.7124898781725063,0.4050254026220716,1,Instructed
1197,197,0,0.9114621728918948,0.28856382021692306,1,Instructed
1198,198,0,0.07046531440919493,0.512320194672901,1,Instructed
1199,199,0,0.5989020001245435,0.7239653661581902,1,Instructed
