,t,e_hat,Accuracy,pe,batch,Condition
0,0,0,0.9849255279196698,0.5842019149583122,0,Blocked
1,1,0,0.018388414791466953,0.5427986554382371,0,Blocked
2,2,0,0.09764213557922719,0.6604944526956402,0,Blocked
3,3,0,0.3649631685023088,0.4131937771715973,0,Blocked
4,4,0,0.14452908688469018,0.5884852233444036,0,Blocked
5,5,0,0.5121849201154438,0.5900250492661749,0,Blocked
6,6,0,0.598882594856037,0.5506768863903467,0,Blocked
7,7,0,0.2595965762401463,0.4750095485149968,0,Blocked
8,8,0,0.47090259329713563,0.4671562955644526,0,Blocked
9,9,0,0.3872523337344599,0.5784867600840109,0,Blocked
10,10,0,0.39505259137673254,0.3943300155401899,0,Blocked
11,11,0,0.45832557434746707,0.5680670637563563,0,Blocked
12,12,0,0.6127663147517621,0.6103307995808791,0,Blocked
13,13,0,0.051447843885595534,0.7162293176918144,0,Blocked
14,14,0,0.8342424219112637,0.4589813490505273,0,Blocked
15,15,0,0.6212631153003906,0.545063976327469,0,Blocked
16,16,0,0.3338497245822895,0.5165546291587104,0,Blocked
17,17,0,0.6899509651879843,0.5207243451566266,0,Blocked
18,18,0,0.46875067189191616,0.47488739413910985,0,Blocked
19,19,0,0.2743333223124043,0.4603290105199259,0,Blocked
20,20,0,0.2980820832653719,0.5034968421961197,0,Blocked
21,21,0,0.4903377491854076,0.6562846571641698,0,Blocked
22,22,0,0.8420852628758455,0.4142901321068793,0,Blocked
23,23,0,0.05771826584600722,0.5128238304940684,0,Blocked
24,24,0,0.6954634782713642,0.49763540728359523,0,Blocked
25,25,0,0.39672999061221664,0.48292168991000983,0,Blocked
26,26,0,0.8617388441781586,0.3855993752926695,0,Blocked
27,27,0,0.330707367149929,0.500714894408143,0,Blocked
28,28,0,0.5014413067107829,0.3598851559323576,0,Blocked
29,29,0,0.39411705530912255,0.40860511032835234,0,Blocked
30,30,0,0.6184023143688132,0.5912027353095651,0,Blocked
31,31,0,0.6700748290019334,0.36632179237180396,0,Blocked
32,32,0,0.5292579404012123,0.4085177046278538,0,Blocked
33,33,0,0.6287109342035071,0.5433654993425626,0,Blocked
34,34,0,0.6591896547192194,0.48294477194999214,0,Blocked
35,35,0,0.946267936762174,0.3536249239823356,0,Blocked
36,36,0,0.10460845439757324,0.5602637873397207,0,Blocked
37,37,0,0.9617898282238528,0.3436024542917551,0,Blocked
38,38,0,0.9631197382502261,0.7082984855899774,0,Blocked
39,39,0,0.9243055305500718,0.36425751705118337,0,Blocked
40,40,0,0.5209071791799903,0.4810269739481753,0,Blocked
41,41,0,0.42557758249772326,0.39854915469372415,0,Blocked
42,42,0,0.3979552341719439,0.5133120685270787,0,Blocked
43,43,0,0.3961722560731098,0.5353764144821588,0,Blocked
44,44,0,0.5191714326047738,0.46276116408412127,0,Blocked
45,45,0,0.33841780028157614,0.47458873326580053,0,Blocked
46,46,0,0.8141742768704953,0.38193621549095785,0,Blocked
47,47,0,0.6728328310545837,0.43997627399791056,0,Blocked
48,48,0,0.4368311215336109,0.5059511533141304,0,Blocked
49,49,0,0.35405834314038026,0.8130712800147479,0,Blocked
50,50,0,0.6343640587837949,0.323385946704447,0,Blocked
51,51,0,0.7212287208996223,0.5028553317104916,0,Blocked
52,52,0,0.4477118308728872,0.4955470203669079,0,Blocked
53,53,0,0.7180039444993543,0.44890588806849274,0,Blocked
54,54,0,0.752659247878024,0.34181750778168773,0,Blocked
55,55,0,0.8868568194520186,0.40748043890938607,0,Blocked
56,56,0,0.9309139720834003,0.47417853474897265,0,Blocked
57,57,0,0.9628106392037792,0.4163754400523999,0,Blocked
58,58,0,0.05347214417565348,0.48188949179175594,0,Blocked
59,59,0,0.08756141445617693,0.46802488599986336,0,Blocked
60,60,0,0.21302161700436872,0.6273537941104583,0,Blocked
61,61,0,0.5808149552425297,0.3299247968185172,0,Blocked
62,62,0,0.8116032651117865,0.4330084778180735,0,Blocked
63,63,0,0.27857733649883115,0.3707537497903851,0,Blocked
64,64,0,0.87387061261227,0.5124074548569404,0,Blocked
65,65,0,0.7498672847696721,0.38054577385811517,0,Blocked
66,66,0,0.8883698380745426,0.3350519872040235,0,Blocked
67,67,0,0.8296411038293223,0.36521610916556135,0,Blocked
68,68,0,0.21727888505297285,0.4815535053453809,0,Blocked
69,69,0,0.26397971400635306,0.3537469777090906,0,Blocked
70,70,0,0.7995981893161843,0.41642442169079585,0,Blocked
71,71,0,0.8117445607719618,0.29752579288735814,0,Blocked
72,72,0,0.3738014266276408,0.5215366591951618,0,Blocked
73,73,0,0.47896005402114694,0.4504603032227379,0,Blocked
74,74,0,0.282292658035343,0.48480249120304697,0,Blocked
75,75,0,0.8403157005730016,0.4104307319489481,0,Blocked
76,76,0,0.4594278716253271,0.37477533145196784,0,Blocked
77,77,0,0.2281321350033856,0.3713941174019354,0,Blocked
78,78,0,0.8587163113004826,0.4387621884263725,0,Blocked
79,79,0,0.5778730540409254,0.35014131674893345,0,Blocked
80,80,0,0.4219219473259212,0.4784468013772536,0,Blocked
81,81,0,0.5193456634238326,0.3621291195974595,0,Blocked
82,82,0,0.4940134722209526,0.5418791313180857,0,Blocked
83,83,0,0.5056013271960267,0.4125339395195058,0,Blocked
84,84,0,0.935881693130341,0.3326835830859336,0,Blocked
85,85,0,0.9291449444701777,0.2618790601471167,0,Blocked
86,86,0,0.31600992007902606,0.5957149437704556,0,Blocked
87,87,0,0.11246538141478019,0.5828343221078534,0,Blocked
88,88,0,0.5261676693786167,0.43219817657236226,0,Blocked
89,89,0,0.6705111329286535,0.47221607000901866,0,Blocked
90,90,0,0.604327426074579,0.3692402878263441,0,Blocked
91,91,0,0.270167437374633,0.4003262650321615,0,Blocked
92,92,0,0.3556946930423183,0.44798785310635714,0,Blocked
93,93,0,0.669899651263687,0.38678518105153276,0,Blocked
94,94,0,0.3249830575447681,0.4349083683553132,0,Blocked
95,95,0,0.9268011217276858,0.3944437678374917,0,Blocked
96,96,0,0.3903604612926659,0.34620666791244015,0,Blocked
97,97,0,0.7324765468138124,0.38309605846201533,0,Blocked
98,98,0,0.602184113437398,0.4580665996245229,0,Blocked
99,99,0,0.27269828093609283,0.44002767686124133,0,Blocked
100,100,0,0.3843133962636364,0.5462882214146254,0,Blocked
101,101,0,0.6829280916899495,0.4249237300348432,0,Blocked
102,102,0,0.5244602409779199,0.47642999408468134,0,Blocked
103,103,0,0.7962750935193255,0.31504556286572377,0,Blocked
104,104,0,0.6492802335655095,0.26179542005614787,0,Blocked
105,105,0,0.2897637766064708,0.3689063285225588,0,Blocked
106,106,0,0.9320360378751386,0.3972733659520481,0,Blocked
107,107,0,0.0659666251019884,0.36326157756521543,0,Blocked
108,108,0,0.9929751592235933,0.36549374211347774,0,Blocked
109,109,0,0.19649956328387014,0.4001518260778719,0,Blocked
110,110,0,0.09462777722553836,0.5262827964974803,0,Blocked
111,111,0,0.9459058378509672,0.2872928802589827,0,Blocked
112,112,0,0.9917516750074553,0.2282505916770904,0,Blocked
113,113,0,0.9881058598221568,0.24006676881882322,0,Blocked
114,114,0,0.4070913353206226,0.42592821942193304,0,Blocked
115,115,0,0.41479114850702237,0.500514789912527,0,Blocked
116,116,0,0.7174671113772694,0.28384409166612057,0,Blocked
117,117,0,0.2733993138746542,0.313927393580246,0,Blocked
118,118,0,0.5046127558327126,0.4940530069993774,0,Blocked
119,119,0,0.8136286056236952,0.5261480616823269,0,Blocked
120,120,0,0.3929502739156442,0.3112441237237869,0,Blocked
121,121,0,0.7897603446614987,0.4703380366431973,0,Blocked
122,122,0,0.46601066316877526,0.6465290772063619,0,Blocked
123,123,0,0.4814860384805082,0.48738310253187944,0,Blocked
124,124,0,0.4778574238881842,0.37081713430590746,0,Blocked
125,125,0,0.1312235632526227,0.5522374056722891,0,Blocked
126,126,0,0.25598897765880024,0.3610157926186997,0,Blocked
127,127,0,0.705922995273609,0.3114186165738887,0,Blocked
128,128,0,0.32450561170408715,0.4982449593488544,0,Blocked
129,129,0,0.26392350739712006,0.39704583611485345,0,Blocked
130,130,0,0.5714117127406302,0.46005913252230646,0,Blocked
131,131,0,0.6477968779904288,0.2798553228344821,0,Blocked
132,132,0,0.6679134758006218,0.3943988251979358,0,Blocked
133,133,0,0.9753701419852425,0.35240571267511334,0,Blocked
134,134,0,0.2204738427564883,0.42651372690948147,0,Blocked
135,135,0,0.8199832811184878,0.2772425735404422,0,Blocked
136,136,0,0.11937379030772365,0.39899174795758263,0,Blocked
137,137,0,0.8917388453144959,0.25678328836028586,0,Blocked
138,138,0,0.1609758590924007,0.4911419363272641,0,Blocked
139,139,0,0.5521074716768029,0.42140278751386834,0,Blocked
140,140,0,0.37525208700432294,0.4417032746634112,0,Blocked
141,141,0,0.4529621771210078,0.3308278522352172,0,Blocked
142,142,0,0.5153063565508685,0.41394422873616005,0,Blocked
143,143,0,0.4613817787844588,0.3776293109136597,0,Blocked
144,144,0,0.27065642437243137,0.5339960955401761,0,Blocked
145,145,0,0.7883260552727516,0.30389326779024484,0,Blocked
146,146,0,0.6341043796654192,0.4505147959163488,0,Blocked
147,147,0,0.3186149102531772,0.40552189194322363,0,Blocked
148,148,0,0.31785935331835724,0.3349791598886064,0,Blocked
149,149,0,0.8497496958236496,0.3114107185399763,0,Blocked
150,150,0,0.46873782659128566,0.40084854319599045,0,Blocked
151,151,0,0.5212523491272895,0.3394923128291694,0,Blocked
152,152,0,0.7480627940739759,0.3521942543504242,0,Blocked
153,153,0,0.8409332148498339,0.286821421684637,0,Blocked
154,154,0,0.7982088425416212,0.3476029527549673,0,Blocked
155,155,0,0.4450476638870867,0.3425843700993023,0,Blocked
156,156,0,0.7584553509603704,0.2918623287578326,0,Blocked
157,157,0,0.5074229556268127,0.4006585593352918,0,Blocked
158,158,0,0.48395647564672556,0.38608805951219227,0,Blocked
159,159,0,0.6022816053473917,0.3121942389843181,0,Blocked
160,160,0,0.6368955179679183,0.3760013852249452,0,Blocked
161,161,0,0.7865969666763164,0.25959321544532626,0,Blocked
162,162,0,0.8578640459113225,0.3176438702392185,0,Blocked
163,163,0,0.7817850594763752,0.3187842702727177,0,Blocked
164,164,0,0.19181287249766724,0.4250017295767209,0,Blocked
165,165,0,0.22527802463735142,0.37176770538711906,0,Blocked
166,166,0,0.6375420814174715,0.28628651213361234,0,Blocked
167,167,0,0.7467396506236642,0.3633968527741779,0,Blocked
168,168,0,0.39541785266676116,0.3215836761757106,0,Blocked
169,169,0,0.5636323056767867,0.3826831886110209,0,Blocked
170,170,0,0.3870741289136465,0.7407314325828886,0,Blocked
171,171,0,0.5724898244847032,0.3569563447963845,0,Blocked
172,172,0,0.6264966814204362,0.3712271845938718,0,Blocked
173,173,0,0.26063631186040803,0.33170397589636835,0,Blocked
174,174,0,0.9323011382692099,0.34240469747731894,0,Blocked
175,175,0,0.5317063193962643,0.26016882020682164,0,Blocked
176,176,0,0.8742982531392478,0.28171418347580485,0,Blocked
177,177,0,0.6487896897248244,0.31981132774849813,0,Blocked
178,178,0,0.6454153378365157,0.4357106663831922,0,Blocked
179,179,0,0.5138653462505189,0.43257829152487975,0,Blocked
180,180,0,0.5098554523410123,0.5560646816735617,0,Blocked
181,181,0,0.7192916462081939,0.26366580199551626,0,Blocked
182,182,0,0.5802046145946494,0.47902630441212657,0,Blocked
183,183,0,0.8380039054505315,0.4044411117457584,0,Blocked
184,184,0,0.42277332846402726,0.42280304518300194,0,Blocked
185,185,0,0.9194110874586545,0.28706034841533157,0,Blocked
186,186,0,0.6783019962066201,0.4247883105181658,0,Blocked
187,187,0,0.49052018359501254,0.41667606376375976,0,Blocked
188,188,0,0.6198675494344964,0.5861278799975616,0,Blocked
189,189,0,0.26957438234191056,0.41705157211773847,0,Blocked
190,190,0,0.19630251920876599,0.3764237988275641,0,Blocked
191,191,0,0.6304343350668419,0.3122526259710686,0,Blocked
192,192,0,0.2489595955930574,0.3406104962066174,0,Blocked
193,193,0,0.5302795136496097,0.3345909203467897,0,Blocked
194,194,0,0.6395458152044897,0.3699211730138632,0,Blocked
195,195,0,0.4767133038272015,0.3171146457456394,0,Blocked
196,196,0,0.6718433608208187,0.4272984824357178,0,Blocked
197,197,0,0.797147166187476,0.3893164427562571,0,Blocked
198,198,0,0.7511081453973548,0.3293431066708166,0,Blocked
199,199,0,0.8138476713948241,0.4099674029456337,0,Blocked
200,0,0,0.9322905607460799,0.6088748978271529,0,Interleaved
201,1,0,0.760514459960534,0.5565950780720554,0,Interleaved
202,2,0,0.5010455783569128,0.5084044938314564,0,Interleaved
203,3,0,0.9213108217705578,0.4446599706700971,0,Interleaved
204,4,0,0.7933117599198546,0.7798540104118279,0,Interleaved
205,5,0,0.7151266766783442,0.5133949650298382,0,Interleaved
206,6,0,0.671535683534908,0.44628029380374734,0,Interleaved
207,7,0,0.7586544642654827,0.6725156316904638,0,Interleaved
208,8,0,0.4981641789519621,0.3404501887587342,0,Interleaved
209,9,0,0.1364604750153409,0.482790308478502,0,Interleaved
210,10,0,0.5289448666338785,0.44990028948553196,0,Interleaved
211,11,0,0.9354730927849453,0.38673875409691816,0,Interleaved
212,12,0,0.4636451546453109,0.5055419443762446,0,Interleaved
213,13,0,0.03931507459061527,0.54535990408326,0,Interleaved
214,14,0,0.5402296956094816,0.5707418455545576,0,Interleaved
215,15,0,0.6529085482580463,0.5556604706445327,0,Interleaved
216,16,0,0.22993031125180732,0.5607633770887529,0,Interleaved
217,17,0,0.037707126295410655,0.4645951093390541,0,Interleaved
218,18,0,0.5164106001143434,0.4738762430576685,0,Interleaved
219,19,0,0.013246455723869337,0.6126282545804449,0,Interleaved
220,20,0,0.569027465279763,0.3458347336438503,0,Interleaved
221,21,0,0.06304721427612672,0.4728162140117902,0,Interleaved
222,22,0,0.37510162164950794,0.5852399634834478,0,Interleaved
223,23,0,0.611045206122751,0.6340644045379802,0,Interleaved
224,24,0,0.8265642752745744,0.4279560600166587,0,Interleaved
225,25,0,0.5861214371764142,0.6250811193465147,0,Interleaved
226,26,0,0.9110397855310601,0.36254152538277346,0,Interleaved
227,27,0,0.6467882747227366,0.405365674095524,0,Interleaved
228,28,0,0.09542589654017468,0.5644520774490492,0,Interleaved
229,29,0,0.12695358945836782,0.4373516419841223,0,Interleaved
230,30,0,0.6600378600681243,0.43805611824147983,0,Interleaved
231,31,0,0.5609801182493387,0.6668315122007107,0,Interleaved
232,32,0,0.34970200246869015,0.4177737176090295,0,Interleaved
233,33,0,0.8381169498537755,0.3758119956134197,0,Interleaved
234,34,0,0.4541759577939759,0.46257362924715817,0,Interleaved
235,35,0,0.27493550012330786,0.43289891239051964,0,Interleaved
236,36,0,0.9005700576725113,0.3696219478480365,0,Interleaved
237,37,0,0.6456783610943184,0.46695723943787826,0,Interleaved
238,38,0,0.5476314268609317,0.4116824625273911,0,Interleaved
239,39,0,0.28647323576056516,0.4308003433959856,0,Interleaved
240,40,0,0.7586157806440904,0.5941100855312064,0,Interleaved
241,41,0,0.9855858976714867,0.554813417910557,0,Interleaved
242,42,0,0.5319647033331237,0.48865070654080345,0,Interleaved
243,43,0,0.9010905667262331,0.38446583545476654,0,Interleaved
244,44,0,0.6218471638213947,0.33604470364841355,0,Interleaved
245,45,0,0.9749171380841773,0.367687008344901,0,Interleaved
246,46,0,0.6420884010721604,0.31535400346713743,0,Interleaved
247,47,0,0.8543746396672623,0.32911686488860803,0,Interleaved
248,48,0,0.4115129642897611,0.4188549632280459,0,Interleaved
249,49,0,0.970702747022254,0.479733047659627,0,Interleaved
250,50,0,0.191862338757805,0.4363297184977344,0,Interleaved
251,51,0,0.4893003719316849,0.39082055897831414,0,Interleaved
252,52,0,0.9196216485911226,0.5354961422747458,0,Interleaved
253,53,0,0.15496730224155944,0.4394099998538381,0,Interleaved
254,54,0,0.6662436404203729,0.5005528173309833,0,Interleaved
255,55,0,0.2893818775906103,0.3533231847255115,0,Interleaved
256,56,0,0.8854499623380085,0.42646153981027324,0,Interleaved
257,57,0,0.3335778961894991,0.49980157479801385,0,Interleaved
258,58,0,0.7661094346011332,0.3214395600843247,0,Interleaved
259,59,0,0.8150280747889269,0.5296008666243913,0,Interleaved
260,60,0,0.5327992660240736,0.5028825045350156,0,Interleaved
261,61,0,0.958203176947619,0.46946807175635635,0,Interleaved
262,62,0,0.7171205106962747,0.38068294026584215,0,Interleaved
263,63,0,0.4840164361777387,0.4540721899792639,0,Interleaved
264,64,0,0.026364931823867295,0.6244940395713081,0,Interleaved
265,65,0,0.1506179601974748,0.4076773977188505,0,Interleaved
266,66,0,0.3767945343662856,0.48614395825151935,0,Interleaved
267,67,0,0.21576534663101798,0.3841616609603716,0,Interleaved
268,68,0,0.4022775908041615,0.41411002103339345,0,Interleaved
269,69,0,0.8331536161732203,0.315702502679821,0,Interleaved
270,70,0,0.9533228072188804,0.37784950654117305,0,Interleaved
271,71,0,0.25139869955278227,0.5144299278016582,0,Interleaved
272,72,0,0.6391875494769719,0.2441594735537621,0,Interleaved
273,73,0,0.5451767675556651,0.3575975128722461,0,Interleaved
274,74,0,0.18276441991904407,0.3510278578273124,0,Interleaved
275,75,0,0.4530254375788475,0.3234312052057251,0,Interleaved
276,76,0,0.8370101525591349,0.2737353076130647,0,Interleaved
277,77,0,0.649731128980009,0.4892363949515486,0,Interleaved
278,78,0,0.19249424964457587,0.48202384788653607,0,Interleaved
279,79,0,0.7205813102129459,0.3583126208375631,0,Interleaved
280,80,0,0.2739665565468268,0.3262436299559674,0,Interleaved
281,81,0,0.117268027726462,0.4135245415510628,0,Interleaved
282,82,0,0.3447865360119895,0.457930757465391,0,Interleaved
283,83,0,0.6370733680958897,0.37420214369595417,0,Interleaved
284,84,0,0.42398689727660294,0.4235113598587242,0,Interleaved
285,85,0,0.5096991749285075,0.3929995404101194,0,Interleaved
286,86,0,0.6862773751193844,0.3398573875967447,0,Interleaved
287,87,0,0.7963593928479018,0.5461733889856815,0,Interleaved
288,88,0,0.32456334493006744,0.4305852398529827,0,Interleaved
289,89,0,0.5305736976886485,0.5443176076700049,0,Interleaved
290,90,0,0.8716654205936696,0.5597046208815766,0,Interleaved
291,91,0,0.11440319003835399,0.39060731926736736,0,Interleaved
292,92,0,0.5236012314589871,0.3722040029450587,0,Interleaved
293,93,0,0.47461728989719976,0.3919000223598408,0,Interleaved
294,94,0,0.7809391817075392,0.45508382113347556,0,Interleaved
295,95,0,0.8657233985401283,0.38590486468789403,0,Interleaved
296,96,0,0.665068750717068,0.39726821803111406,0,Interleaved
297,97,0,0.3148134306898411,0.37953323374429343,0,Interleaved
298,98,0,0.38628371597481626,0.2400720742185082,0,Interleaved
299,99,0,0.8861232748657322,0.3920168961364237,0,Interleaved
300,100,0,0.7831520443551526,0.2949924138436273,0,Interleaved
301,101,0,0.9251973759006564,0.4444599750632274,0,Interleaved
302,102,0,0.9505758794720409,0.3422623023293506,0,Interleaved
303,103,0,0.8844689540588593,0.29641200922149125,0,Interleaved
304,104,0,0.8393948710440117,0.2803869898984655,0,Interleaved
305,105,0,0.8552732815644113,0.25168503432958794,0,Interleaved
306,106,0,0.7871461684502061,0.22455957406371896,0,Interleaved
307,107,0,0.11089372562259577,0.4461276919062397,0,Interleaved
308,108,0,0.5558807014356583,0.4016332283948395,0,Interleaved
309,109,0,0.5007522222080522,0.42156357954161916,0,Interleaved
310,110,0,0.8980210449062473,0.3027703459318769,0,Interleaved
311,111,0,0.6417737718226462,0.4758160895745486,0,Interleaved
312,112,0,0.5714067289257941,0.4677302126843147,0,Interleaved
313,113,0,0.22458353933978023,0.34059129219228745,0,Interleaved
314,114,0,0.3632500120070391,0.41516295020712973,0,Interleaved
315,115,0,0.7422924246220389,0.35261757866270754,0,Interleaved
316,116,0,0.435675590730159,0.3518845364588321,0,Interleaved
317,117,0,0.818423116975882,0.32068706017778886,0,Interleaved
318,118,0,0.16896747018818026,0.42099554772484027,0,Interleaved
319,119,0,0.6315407314685643,0.3550227591971833,0,Interleaved
320,120,0,0.24954601644706204,0.2849508941786247,0,Interleaved
321,121,0,0.8715001558411837,0.27042621071934114,0,Interleaved
322,122,0,0.541752580295171,0.363074961284295,0,Interleaved
323,123,0,0.5791063907619141,0.42159904367461926,0,Interleaved
324,124,0,0.44084981016515723,0.4631098363801648,0,Interleaved
325,125,0,0.5000704915138112,0.5629945548468159,0,Interleaved
326,126,0,0.6637276029413617,0.3992128256639462,0,Interleaved
327,127,0,0.017465787432800226,0.4746558821931667,0,Interleaved
328,128,0,0.6448513210384963,0.4120024127963307,0,Interleaved
329,129,0,0.8314724641770426,0.22831963780671838,0,Interleaved
330,130,0,0.6883431517855911,0.2673907737246815,0,Interleaved
331,131,0,0.5888886203104665,0.3802500727682744,0,Interleaved
332,132,0,0.6700758523908921,0.32294520100383384,0,Interleaved
333,133,0,0.3041829311812634,0.2884213381439269,0,Interleaved
334,134,0,0.972770451431689,0.5278675881986252,0,Interleaved
335,135,0,0.29924439596093666,0.25088794766385347,0,Interleaved
336,136,0,0.483205023247873,0.3456273812353646,0,Interleaved
337,137,0,0.593709923868315,0.27765262660941836,0,Interleaved
338,138,0,0.5998705503618239,0.5254592924663222,0,Interleaved
339,139,0,0.8843886514328154,0.3499570449137158,0,Interleaved
340,140,0,0.37503628540411554,0.509710478176059,0,Interleaved
341,141,0,0.770783003657425,0.2452414157039332,0,Interleaved
342,142,0,0.48139717136454174,0.35066860177776915,0,Interleaved
343,143,0,0.9307253619205926,0.2914244537706268,0,Interleaved
344,144,0,0.597291799387616,0.37626412578373336,0,Interleaved
345,145,0,0.5963843993072917,0.27919041192868266,0,Interleaved
346,146,0,0.7098610984306619,0.3707545956441982,0,Interleaved
347,147,0,0.9468977869924842,0.20248906557988489,0,Interleaved
348,148,0,0.5574244764952979,0.4768365700697158,0,Interleaved
349,149,0,0.3349751497873799,0.5286476361631393,0,Interleaved
350,150,0,0.5654838585390213,0.2746965801072132,0,Interleaved
351,151,0,0.8889586553776618,0.38670363671113617,0,Interleaved
352,152,0,0.9275298381122098,0.33895641453570535,0,Interleaved
353,153,0,0.5200038065893527,0.31913762902334464,0,Interleaved
354,154,0,0.4558391947324262,0.44668334796866654,0,Interleaved
355,155,0,0.7236090608808247,0.3795471587911988,0,Interleaved
356,156,0,0.5187115211555212,0.3404517030386801,0,Interleaved
357,157,0,0.5626818403466429,0.3101523144777072,0,Interleaved
358,158,0,0.9401923176955487,0.33480298587529944,0,Interleaved
359,159,0,0.9935188357905602,0.39252679966896464,0,Interleaved
360,160,0,0.9482354554917063,0.31337048884237295,0,Interleaved
361,161,0,0.8322224303631067,0.2955527113470353,0,Interleaved
362,162,0,0.5229341739482241,0.36078311744802116,0,Interleaved
363,163,0,0.2406456759697315,0.28909552251226656,0,Interleaved
364,164,0,0.3741037171150502,0.24685355432477685,0,Interleaved
365,165,0,0.4716537299329014,0.48744601554409667,0,Interleaved
366,166,0,0.47497926448963756,0.3158987144316663,0,Interleaved
367,167,0,0.4171586343181704,0.3923825023551942,0,Interleaved
368,168,0,0.32457940819293973,0.28171029424449623,0,Interleaved
369,169,0,0.9436271812069996,0.43157407882116805,0,Interleaved
370,170,0,0.6433009664333107,0.2783071883454749,0,Interleaved
371,171,0,0.9420664383771284,0.2656534895777263,0,Interleaved
372,172,0,0.722564638728767,0.3536371883315693,0,Interleaved
373,173,0,0.5341275222835407,0.319117917492027,0,Interleaved
374,174,0,0.4242395365210013,0.40806161115584705,0,Interleaved
375,175,0,0.31421427678756897,0.3812329584134757,0,Interleaved
376,176,0,0.5392024847074602,0.31755671261219637,0,Interleaved
377,177,0,0.5747214922770542,0.40860265463424905,0,Interleaved
378,178,0,0.7214246026312523,0.3155855896203385,0,Interleaved
379,179,0,0.6691168546313178,0.39003634447627217,0,Interleaved
380,180,0,0.2764827153685659,0.2516474534142046,0,Interleaved
381,181,0,0.9772268426542834,0.22078555847866027,0,Interleaved
382,182,0,0.3718052584206203,0.33354325834833687,0,Interleaved
383,183,0,0.9236954764298047,0.2532355543492815,0,Interleaved
384,184,0,0.8395524319604053,0.27946524341021334,0,Interleaved
385,185,0,0.8048559197633471,0.23470412080800984,0,Interleaved
386,186,0,0.8232526869893805,0.26891847294793986,0,Interleaved
387,187,0,0.6998537424531186,0.33856996046875654,0,Interleaved
388,188,0,0.6935865773790655,0.2846840361640237,0,Interleaved
389,189,0,0.4624279517962742,0.2972125167834772,0,Interleaved
390,190,0,0.912847387009311,0.25052251201286296,0,Interleaved
391,191,0,0.7503571907572216,0.32164805535628405,0,Interleaved
392,192,0,0.6036563677937372,0.3538914369297922,0,Interleaved
393,193,0,0.7580438592314679,0.22189886744681164,0,Interleaved
394,194,0,0.3803832786297886,0.2835990569996038,0,Interleaved
395,195,0,0.4674558025682164,0.3297256636561569,0,Interleaved
396,196,0,0.8667735246590524,0.2583893458687436,0,Interleaved
397,197,0,0.49790724211500353,0.4181413061327748,0,Interleaved
398,198,0,0.27673655448729517,0.2854527411999711,0,Interleaved
399,199,0,0.5939613448933766,0.3046692330390351,0,Interleaved
400,0,0,0.4077829509059525,0.8031599284966244,0,Instructed
401,1,0,0.7496234523389227,0.5957969029844241,0,Instructed
402,2,0,0.794619866164251,0.4738247231186541,0,Instructed
403,3,0,0.2178750576750221,0.5045341372540066,0,Instructed
404,4,0,0.4754850697934912,0.6515708530888642,0,Instructed
405,5,0,0.693510183476842,0.4061513246198275,0,Instructed
406,6,0,0.7611947844673709,0.4331852814318573,0,Instructed
407,7,0,0.5762073738298261,0.5420818959479896,0,Instructed
408,8,0,0.30570093855149094,0.4135411705407497,0,Instructed
409,9,0,0.40203657452143915,0.37602189636563016,0,Instructed
410,10,0,0.7278682318798635,0.4397227477841189,0,Instructed
411,11,0,0.5861830760291789,0.4529465412537965,0,Instructed
412,12,0,0.8761752894824808,0.41787236001310657,0,Instructed
413,13,0,0.41359669871275795,0.44048204901639243,0,Instructed
414,14,0,0.6552266747418285,0.5680394214748776,0,Instructed
415,15,0,0.672181136255517,0.2741406524288389,0,Instructed
416,16,0,0.8929158057908649,0.5475521664649152,0,Instructed
417,17,0,0.6574462108574761,0.33118462958167894,0,Instructed
418,18,0,0.8965203457637085,0.4335153995753226,0,Instructed
419,19,0,0.5298859841583886,0.41819134793752455,0,Instructed
420,20,0,0.5220907856113662,0.45388825888081386,0,Instructed
421,21,0,0.7601534674613225,0.4040637226735836,0,Instructed
422,22,0,0.5540680964922113,0.49260495948007965,0,Instructed
423,23,0,0.4092796073653674,0.33895473880758253,0,Instructed
424,24,0,0.48185309099633916,0.3679516696512749,0,Instructed
425,25,0,0.4436774190680042,0.4509130097276292,0,Instructed
426,26,0,0.8006685948431018,0.3490482700879818,0,Instructed
427,27,0,0.41394856958318305,0.43231446121792094,0,Instructed
428,28,0,0.7384002957853707,0.4590698102602647,0,Instructed
429,29,0,0.6799070470855997,0.4215566826146694,0,Instructed
430,30,0,0.6379363122733781,0.4151243165584665,0,Instructed
431,31,0,0.8746738682548907,0.3051378418750246,0,Instructed
432,32,0,0.5006654773505868,0.4744405328069461,0,Instructed
433,33,0,0.9346238339631162,0.4037983824634779,0,Instructed
434,34,0,0.39326718102923425,0.40217077658102623,0,Instructed
435,35,0,0.9268747582246835,0.3054990278267754,0,Instructed
436,36,0,0.26736608774535997,0.36608867669134176,0,Instructed
437,37,0,0.19974724039968947,0.43628006891122,0,Instructed
438,38,0,0.7577142397559264,0.45756266154320097,0,Instructed
439,39,0,0.4350574177909051,0.3721201027347501,0,Instructed
440,40,0,0.26430572780778705,0.37433808133518964,0,Instructed
441,41,0,0.4436054112061962,0.3562020149018798,0,Instructed
442,42,0,0.7284327974074778,0.3477765497533216,0,Instructed
443,43,0,0.5979300797561747,0.3767992037604522,0,Instructed
444,44,0,0.5544010270853739,0.47189554776834763,0,Instructed
445,45,0,0.9660943529169037,0.2834180603650799,0,Instructed
446,46,0,0.2757922708594562,0.5453426748155977,0,Instructed
447,47,0,0.31935186221903694,0.4013592374977277,0,Instructed
448,48,0,0.5195441755123081,0.41252537658688226,0,Instructed
449,49,0,0.5210146383025233,0.35384585103204524,0,Instructed
450,50,0,0.4402678871602599,0.4340371660382205,0,Instructed
451,51,0,0.7318736895426199,0.29458408036316147,0,Instructed
452,52,0,0.6002206213686072,0.5116820879806517,0,Instructed
453,53,0,0.7060713480548946,0.30917733493147487,0,Instructed
454,54,0,0.3294301317402792,0.4245971020030428,0,Instructed
455,55,0,0.5687401557941383,0.49064443114628153,0,Instructed
456,56,0,0.566949931247518,0.27201902824808516,0,Instructed
457,57,0,0.9044035692054666,0.3034825616054203,0,Instructed
458,58,0,0.648355073888279,0.35796114044894883,0,Instructed
459,59,0,0.17524062345587743,0.5288699414451993,0,Instructed
460,60,0,0.769409508454519,0.345439498325313,0,Instructed
461,61,0,0.6295633730865482,0.4637416648073498,0,Instructed
462,62,0,0.892062731314279,0.3838801114305175,0,Instructed
463,63,0,0.3587197654676123,0.27930832668651295,0,Instructed
464,64,0,0.23664726469405323,0.4157708207824028,0,Instructed
465,65,0,0.5782285500757204,0.31361567001032453,0,Instructed
466,66,0,0.8396278591830362,0.4651608382954877,0,Instructed
467,67,0,0.2755421852918978,0.6087599628184672,0,Instructed
468,68,0,0.8559150008314906,0.2448066433275642,0,Instructed
469,69,0,0.245738932290452,0.34713722810637604,0,Instructed
470,70,0,0.20682919633361502,0.46346555920926713,0,Instructed
471,71,0,0.3615756812732468,0.3988973158694178,0,Instructed
472,72,0,0.38684060795961356,0.2700595933584448,0,Instructed
473,73,0,0.6408356045995114,0.35429314853727834,0,Instructed
474,74,0,0.30265474829740346,0.33373056635762355,0,Instructed
475,75,0,0.7159315913306394,0.39057761486434484,0,Instructed
476,76,0,0.5806123545363961,0.3321810761176278,0,Instructed
477,77,0,0.15295040294506057,0.3192058965271837,0,Instructed
478,78,0,0.27539975859612775,0.33500622598704866,0,Instructed
479,79,0,0.7808795149770249,0.3183839906090297,0,Instructed
480,80,0,0.3886195032115909,0.35074689333913367,0,Instructed
481,81,0,0.8659562657045909,0.5160212580995607,0,Instructed
482,82,0,0.6642020583286117,0.36010604786134637,0,Instructed
483,83,0,0.047437622508859134,0.42761138522756836,0,Instructed
484,84,0,0.33714947722314625,0.44876262845403814,0,Instructed
485,85,0,0.9794407710273185,0.3422242678130414,0,Instructed
486,86,0,0.4412347363340904,0.40063624402285664,0,Instructed
487,87,0,0.09791085882799795,0.4852499217904079,0,Instructed
488,88,0,0.5467506379357625,0.40170506891595487,0,Instructed
489,89,0,0.8746523515751734,0.3739422989771066,0,Instructed
490,90,0,0.593964391118712,0.4322215501259281,0,Instructed
491,91,0,0.38142188725721776,0.5868391719465482,0,Instructed
492,92,0,0.32906508069929874,0.43639008662157786,0,Instructed
493,93,0,0.5463968214014268,0.40533231556020616,0,Instructed
494,94,0,0.45085807436788994,0.3178308536612442,0,Instructed
495,95,0,0.2825398677375849,0.463433174327708,0,Instructed
496,96,0,0.43057263074353785,0.2820809143717944,0,Instructed
497,97,0,0.5201442684116746,0.3167813907803967,0,Instructed
498,98,0,0.4701958643241403,0.40271326760432763,0,Instructed
499,99,0,0.6941287939097245,0.3626074226748045,0,Instructed
500,100,0,0.685952290518794,0.29574559514490284,0,Instructed
501,101,0,0.9092612935768555,0.3026479046905841,0,Instructed
502,102,0,0.6033062121475583,0.35037323005139454,0,Instructed
503,103,0,0.07790853879866064,0.37626170639406115,0,Instructed
504,104,0,0.6250337089482327,0.4497701407013392,0,Instructed
505,105,0,0.540484604485296,0.3671600700260764,0,Instructed
506,106,0,0.4953429931046686,0.36532134762090884,0,Instructed
507,107,0,0.23404852477996968,0.2920331038423596,0,Instructed
508,108,0,0.5556303104836892,0.3730269232358485,0,Instructed
509,109,0,0.6547235939086629,0.295947372452987,0,Instructed
510,110,0,0.3729074085622903,0.3418889327106305,0,Instructed
511,111,0,0.6989848042251994,0.3232766535900334,0,Instructed
512,112,0,0.6475957996116686,0.441065762622738,0,Instructed
513,113,0,0.8252818044548507,0.3087868959122222,0,Instructed
514,114,0,0.9229021342740427,0.2963533509055849,0,Instructed
515,115,0,0.17560404879063934,0.5056420418071168,0,Instructed
516,116,0,0.5874926356672723,0.3159324470827324,0,Instructed
517,117,0,0.5760140957462904,0.3677833985006779,0,Instructed
518,118,0,0.8324560657276483,0.36808172348349694,0,Instructed
519,119,0,0.8043282079867942,0.5210451390161421,0,Instructed
520,120,0,0.9237304442642491,0.37897357545476307,0,Instructed
521,121,0,0.8249418100228385,0.3196254882544153,0,Instructed
522,122,0,0.6561477433274825,0.36315745669084376,0,Instructed
523,123,0,0.09015422086207028,0.5211612606970112,0,Instructed
524,124,0,0.15496177932153016,0.5181132633874836,0,Instructed
525,125,0,0.7410397462094784,0.42968782190605714,0,Instructed
526,126,0,0.37714723386038335,0.38067542526716963,0,Instructed
527,127,0,0.1778059527475917,0.47054259232395945,0,Instructed
528,128,0,0.43931258074004315,0.27816740416008284,0,Instructed
529,129,0,0.560701407460159,0.29103338398158785,0,Instructed
530,130,0,0.6052071184501111,0.24498918344137185,0,Instructed
531,131,0,0.5021868978847388,0.2307757728279598,0,Instructed
532,132,0,0.7655364190243997,0.29935857363690543,0,Instructed
533,133,0,0.5961394077607588,0.34086352647933904,0,Instructed
534,134,0,0.12946518032267632,0.4690146045292808,0,Instructed
535,135,0,0.7885227371262359,0.3418783424278693,0,Instructed
536,136,0,0.3577778457000399,0.36367904099892007,0,Instructed
537,137,0,0.6079359046180219,0.39866535776446455,0,Instructed
538,138,0,0.6623921407300513,0.4207203363061367,0,Instructed
539,139,0,0.6795169245784782,0.34126471306065476,0,Instructed
540,140,0,0.3010242124897088,0.3427489209618654,0,Instructed
541,141,0,0.8097789927435974,0.25731104429399304,0,Instructed
542,142,0,0.3977097303850564,0.5101152350948538,0,Instructed
543,143,0,0.316063399911652,0.3912422883289376,0,Instructed
544,144,0,0.2873524257329369,0.4179016188107738,0,Instructed
545,145,0,0.7777389551815194,0.23229656728295983,0,Instructed
546,146,0,0.643054102928892,0.33467839040423186,0,Instructed
547,147,0,0.24105207527355663,0.3446304636775599,0,Instructed
548,148,0,0.39394144974973655,0.40517564174292375,0,Instructed
549,149,0,0.8462442977853082,0.26552559394182274,0,Instructed
550,150,0,0.4233532901762742,0.33067698745684965,0,Instructed
551,151,0,0.7487356718386186,0.41011383582151073,0,Instructed
552,152,0,0.5919720119605537,0.23539474961256224,0,Instructed
553,153,0,0.9765533480529525,0.3092791053058799,0,Instructed
554,154,0,0.6156728489223009,0.32197956803354827,0,Instructed
555,155,0,0.7271841697477593,0.3955285858558467,0,Instructed
556,156,0,0.6826073937635518,0.2879937609843391,0,Instructed
557,157,0,0.924038659815595,0.272185758971287,0,Instructed
558,158,0,0.7261416069165119,0.310411391712855,0,Instructed
559,159,0,0.8574567956027819,0.24963872968606196,0,Instructed
560,160,0,0.5161885774690469,0.403262126625748,0,Instructed
561,161,0,0.619058767869252,0.4135572789813231,0,Instructed
562,162,0,0.7594694810211441,0.23422262444993974,0,Instructed
563,163,0,0.836041482265615,0.28193436663683963,0,Instructed
564,164,0,0.9508573838333727,0.3911516734102195,0,Instructed
565,165,0,0.6822358610721744,0.35868644081343337,0,Instructed
566,166,0,0.8346854869838104,0.3929132642907944,0,Instructed
567,167,0,0.6403719552009404,0.31904318171725754,0,Instructed
568,168,0,0.6791860922736443,0.44088655453391046,0,Instructed
569,169,0,0.5715833856931201,0.38484700349271916,0,Instructed
570,170,0,0.4295979842742039,0.2669084290029173,0,Instructed
571,171,0,0.9926904966321857,0.26763947974519114,0,Instructed
572,172,0,0.7064421314206109,0.33269904643590953,0,Instructed
573,173,0,0.6266464038776233,0.42191084805312284,0,Instructed
574,174,0,0.531755272639216,0.3187847758579398,0,Instructed
575,175,0,0.4064674030723082,0.4235558636560385,0,Instructed
576,176,0,0.36536685521027434,0.4217787958688089,0,Instructed
577,177,0,0.5136966532142673,0.3363534257944075,0,Instructed
578,178,0,0.895778845806706,0.2552269564963286,0,Instructed
579,179,0,0.6468940668601764,0.24662945933664088,0,Instructed
580,180,0,0.897294811702934,0.3027485744353646,0,Instructed
581,181,0,0.9125085814973215,0.23410608959689827,0,Instructed
582,182,0,0.7150103101820711,0.34186333725530516,0,Instructed
583,183,0,0.8780242343775653,0.252076991960764,0,Instructed
584,184,0,0.847847360766735,0.3194169007122656,0,Instructed
585,185,0,0.9751000159246048,0.2611905896735846,0,Instructed
586,186,0,0.9987639977501128,0.29700321168142363,0,Instructed
587,187,0,0.5237799160689185,0.33442315117908505,0,Instructed
588,188,0,0.5839197542742578,0.3659947704298424,0,Instructed
589,189,0,0.40439203187988026,0.2804336654629398,0,Instructed
590,190,0,0.4846824259737612,0.25717690213580213,0,Instructed
591,191,0,0.7936961532717087,0.33977047894923396,0,Instructed
592,192,0,0.528772031722174,0.34625748849293614,0,Instructed
593,193,0,0.49953871471881506,0.24673513631590596,0,Instructed
594,194,0,0.799506849761404,0.3883396696035132,0,Instructed
595,195,0,0.6575021261443674,0.29844007223742763,0,Instructed
596,196,0,0.6018969335980533,0.37654998594964406,0,Instructed
597,197,0,0.5077252170081493,0.21572386625598744,0,Instructed
598,198,0,0.8804723299511379,0.2790294016915029,0,Instructed
599,199,0,0.7845667742293502,0.329027632654619,0,Instructed
600,0,0,0.48656016699428917,0.49642488495863285,1,Blocked
601,1,0,0.49475077351708163,0.6723487477249608,1,Blocked
602,2,0,0.7630569145159417,0.7812441471825904,1,Blocked
603,3,0,0.05905798259151837,0.6110273729291995,1,Blocked
604,4,0,0.5461135784083008,0.45999121036306456,1,Blocked
605,5,0,0.8974092193346687,0.5166206363167738,1,Blocked
606,6,0,0.7349896451841897,0.61399151648091,1,Blocked
607,7,0,0.16140081086203173,0.8020901753073374,1,Blocked
608,8,0,0.43115538691919886,0.4167623376671735,1,Blocked
609,9,0,0.4797461559404571,0.48980435256844035,1,Blocked
610,10,0,0.5084583486473911,0.4126271690031363,1,Blocked
611,11,0,0.5907287863632872,0.3919072013162591,1,Blocked
612,12,0,0.5568937457438285,0.47455486056944385,1,Blocked
613,13,0,0.7156183295082356,0.6175372505999934,1,Blocked
614,14,0,0.3640848010244963,0.5040885648267647,1,Blocked
615,15,0,0.6434016271971704,0.37877682405679003,1,Blocked
616,16,0,0.578270206571795,0.44091204827552766,1,Blocked
617,17,0,0.65237766028668,0.46075081029785836,1,Blocked
618,18,0,0.8279487550822918,0.37750758868287515,1,Blocked
619,19,0,0.7823998782649915,0.3970145149498099,1,Blocked
620,20,0,0.399246179074207,0.4823926061649346,1,Blocked
621,21,0,0.2921502005071994,0.4476778857346314,1,Blocked
622,22,0,0.8260606292454212,0.365539032123666,1,Blocked
623,23,0,0.3319709784511141,0.4585743434961013,1,Blocked
624,24,0,0.5333489983592575,0.4786214271067383,1,Blocked
625,25,0,0.3910279187704183,0.313311895745085,1,Blocked
626,26,0,0.2116191310049454,0.476335891891313,1,Blocked
627,27,0,0.3863778984628963,0.31077236813429243,1,Blocked
628,28,0,0.4045285025508194,0.43971603529419456,1,Blocked
629,29,0,0.7440799195783839,0.4312399095724755,1,Blocked
630,30,0,0.324569006747603,0.3905210423814223,1,Blocked
631,31,0,0.36165402405850655,0.5264556220760819,1,Blocked
632,32,0,0.49107987162388606,0.5733924806085706,1,Blocked
633,33,0,0.6862124655648045,0.3457597843088901,1,Blocked
634,34,0,0.3479378770428665,0.5789558072885224,1,Blocked
635,35,0,0.5498742580894584,0.4235611110466567,1,Blocked
636,36,0,0.3394776186287969,0.4366606452587045,1,Blocked
637,37,0,0.35966733777428617,0.32173230168818856,1,Blocked
638,38,0,0.6375477402775076,0.498138807300725,1,Blocked
639,39,0,0.6309280301145643,0.543234818254619,1,Blocked
640,40,0,0.784762951370796,0.46653739562700547,1,Blocked
641,41,0,0.7460877555864821,0.39258956684253876,1,Blocked
642,42,0,0.038779546566787074,0.541889734111128,1,Blocked
643,43,0,0.8625302943276458,0.3544206363558534,1,Blocked
644,44,0,0.3083290767776385,0.4186157349750546,1,Blocked
645,45,0,0.4651247056167812,0.35565599774085654,1,Blocked
646,46,0,0.49863548782442657,0.46921470924110054,1,Blocked
647,47,0,0.20037407347370345,0.6390239853088293,1,Blocked
648,48,0,0.9657033484460852,0.5409362730394837,1,Blocked
649,49,0,0.9242042493325635,0.3357506431137086,1,Blocked
650,50,0,0.930067299875682,0.3755452007834596,1,Blocked
651,51,0,0.24852502799399273,0.3933596547988849,1,Blocked
652,52,0,0.7238753740839513,0.567023775277747,1,Blocked
653,53,0,0.6250538717152737,0.3795510460286342,1,Blocked
654,54,0,0.31281295451059515,0.4886849514610286,1,Blocked
655,55,0,0.29036230565799237,0.40947419847359634,1,Blocked
656,56,0,0.7023842980212507,0.47229528988944447,1,Blocked
657,57,0,0.8355403239292012,0.4169902643776424,1,Blocked
658,58,0,0.9175165483466956,0.45830421256859943,1,Blocked
659,59,0,0.7367515051700224,0.39421676499733876,1,Blocked
660,60,0,0.800619463524902,0.46030380304917634,1,Blocked
661,61,0,0.09497157023501412,0.5933248042443968,1,Blocked
662,62,0,0.5967772402420592,0.5464916159938715,1,Blocked
663,63,0,0.253137404569714,0.43912759516741756,1,Blocked
664,64,0,0.15757412644242277,0.4660152291976559,1,Blocked
665,65,0,0.11590464294148553,0.339982203645131,1,Blocked
666,66,0,0.3211202779399231,0.5773181765510078,1,Blocked
667,67,0,0.872488721767078,0.3918717304641967,1,Blocked
668,68,0,0.8093095989689851,0.46506507264021135,1,Blocked
669,69,0,0.8574063037185082,0.32391374135297846,1,Blocked
670,70,0,0.9410290459012676,0.31361228085962617,1,Blocked
671,71,0,0.589398243082258,0.3395206286134772,1,Blocked
672,72,0,0.7449491680333605,0.40826160551211343,1,Blocked
673,73,0,0.8108728226180353,0.388567359051279,1,Blocked
674,74,0,0.9599566838403392,0.454236664411196,1,Blocked
675,75,0,0.7063135552731798,0.6781449647067843,1,Blocked
676,76,0,0.9966789248617718,0.42288638160983205,1,Blocked
677,77,0,0.08898366977618812,0.40355884917583806,1,Blocked
678,78,0,0.14659782512201508,0.4517164390190047,1,Blocked
679,79,0,0.6930186535092417,0.4259738373955755,1,Blocked
680,80,0,0.5983523624337176,0.3436027775586934,1,Blocked
681,81,0,0.2715798542022214,0.5230225905167866,1,Blocked
682,82,0,0.09355137388994136,0.42888697433885165,1,Blocked
683,83,0,0.42699019538168487,0.3788592599537629,1,Blocked
684,84,0,0.7241151052064063,0.40046179388264,1,Blocked
685,85,0,0.9471791779104543,0.409298464660604,1,Blocked
686,86,0,0.15021573674852512,0.4140044070288688,1,Blocked
687,87,0,0.12491372064926097,0.5383450355638687,1,Blocked
688,88,0,0.6939998564980582,0.3607355349825596,1,Blocked
689,89,0,0.5668321228174643,0.3050997146699356,1,Blocked
690,90,0,0.5906407978242687,0.4080141121298898,1,Blocked
691,91,0,0.6832176943660633,0.4077464392399616,1,Blocked
692,92,0,0.7899923110403453,0.38081199632681517,1,Blocked
693,93,0,0.8359884573613532,0.32129233964472204,1,Blocked
694,94,0,0.14125474114587364,0.45375969279812683,1,Blocked
695,95,0,0.9687177771846469,0.4662784301537164,1,Blocked
696,96,0,0.5906724585519638,0.48421191966618815,1,Blocked
697,97,0,0.5047557694322272,0.3602368026496343,1,Blocked
698,98,0,0.0923485754375398,0.413161064590712,1,Blocked
699,99,0,0.1561475789122451,0.5602498199272266,1,Blocked
700,100,0,0.13881860822274308,0.34861040433341295,1,Blocked
701,101,0,0.519787965238713,0.32010429019782427,1,Blocked
702,102,0,0.4369395875527382,0.4576622977380811,1,Blocked
703,103,0,0.961944287199258,0.3847389171207136,1,Blocked
704,104,0,0.5235830482126681,0.3323842167455453,1,Blocked
705,105,0,0.8457146881228164,0.291977892125092,1,Blocked
706,106,0,0.8712344404883141,0.43875287719870226,1,Blocked
707,107,0,0.8458005551693508,0.3295484068128881,1,Blocked
708,108,0,0.7456496296326822,0.2827827984309313,1,Blocked
709,109,0,0.7671965187466249,0.420447140903418,1,Blocked
710,110,0,0.63389822186384,0.31654244667105724,1,Blocked
711,111,0,0.5415092785083067,0.5107213571917166,1,Blocked
712,112,0,0.6039118752143002,0.2792106192282087,1,Blocked
713,113,0,0.2019737383567709,0.3128169823421325,1,Blocked
714,114,0,0.6690280837840435,0.4684771180669597,1,Blocked
715,115,0,0.5103134996604324,0.38578654843049115,1,Blocked
716,116,0,0.6208346395891264,0.27715019488468196,1,Blocked
717,117,0,0.3871024039425761,0.4086408573391587,1,Blocked
718,118,0,0.2474373957014553,0.2940723861426821,1,Blocked
719,119,0,0.6856395932998666,0.46604084880188423,1,Blocked
720,120,0,0.6389134031252343,0.3667868691660947,1,Blocked
721,121,0,0.5248782994527368,0.562640661646312,1,Blocked
722,122,0,0.6635028064190314,0.3930566058887471,1,Blocked
723,123,0,0.44155190339808614,0.5147546779273349,1,Blocked
724,124,0,0.49263514884938764,0.3267442417646626,1,Blocked
725,125,0,0.6355576815781471,0.372073270976557,1,Blocked
726,126,0,0.9174312401740738,0.27419073887358647,1,Blocked
727,127,0,0.412700638200466,0.3330532518700911,1,Blocked
728,128,0,0.9136962315129926,0.27865088925083326,1,Blocked
729,129,0,0.9283849154629247,0.3660466897864114,1,Blocked
730,130,0,0.9381856680230236,0.10632987387441932,1,Blocked
731,131,0,0.45631065081357247,0.3670892177250731,1,Blocked
732,132,0,0.803753680959552,0.2417473593068634,1,Blocked
733,133,0,0.9070649829209234,0.23386574620022682,1,Blocked
734,134,0,0.36581887179661376,0.29403243675892765,1,Blocked
735,135,0,0.9598254890462006,0.29699236275861574,1,Blocked
736,136,0,0.1445728731727638,0.3226950164990214,1,Blocked
737,137,0,0.980027362775561,0.3282802888721156,1,Blocked
738,138,0,0.2603167663539749,0.3340744387262905,1,Blocked
739,139,0,0.523542691583817,0.39297626596068996,1,Blocked
740,140,0,0.5978514017468112,0.5061235888220855,1,Blocked
741,141,0,0.4875374565110344,0.3339654737660436,1,Blocked
742,142,0,0.44330221435809164,0.3117155553295336,1,Blocked
743,143,0,0.47667049549797913,0.31856453488909187,1,Blocked
744,144,0,0.998065715219083,0.3506554840812979,1,Blocked
745,145,0,0.6729865656391028,0.2692215260612053,1,Blocked
746,146,0,0.38166593967653184,0.6248073139758329,1,Blocked
747,147,0,0.4501334446279693,0.40249787514664537,1,Blocked
748,148,0,0.873283864746057,0.3128857025920052,1,Blocked
749,149,0,0.7242987136189745,0.5583871847972752,1,Blocked
750,150,0,0.41106972998252006,0.5270107451546315,1,Blocked
751,151,0,0.9267446105047079,0.3915048793361167,1,Blocked
752,152,0,0.4788045428191173,0.4350542963605063,1,Blocked
753,153,0,0.4385019651743181,0.39249993447530174,1,Blocked
754,154,0,0.1900077276191943,0.38603629793388966,1,Blocked
755,155,0,0.5081514057411509,0.4269864410718276,1,Blocked
756,156,0,0.650142274167235,0.5225613195948988,1,Blocked
757,157,0,0.5647269151890498,0.37594656451101344,1,Blocked
758,158,0,0.5886821196370066,0.2459258868295351,1,Blocked
759,159,0,0.8340121306229747,0.3512799757166548,1,Blocked
760,160,0,0.6917982519560588,0.2812826929572615,1,Blocked
761,161,0,0.8520107143838133,0.21390757076204103,1,Blocked
762,162,0,0.44168592827199793,0.3289607944197854,1,Blocked
763,163,0,0.3212533581288738,0.2587524637790962,1,Blocked
764,164,0,0.4269222223153298,0.3530149732334979,1,Blocked
765,165,0,0.8645807311283378,0.3014152692567673,1,Blocked
766,166,0,0.5824701281008027,0.2914951577309041,1,Blocked
767,167,0,0.6691264373229608,0.34212200843253193,1,Blocked
768,168,0,0.5805955567777459,0.2809571796067387,1,Blocked
769,169,0,0.5582884438424771,0.37127347423355933,1,Blocked
770,170,0,0.5967632012200336,0.3747576282368009,1,Blocked
771,171,0,0.7593471129121404,0.39574177494172574,1,Blocked
772,172,0,0.5206028984302684,0.3923627894854749,1,Blocked
773,173,0,0.8986435906258203,0.41736093512125527,1,Blocked
774,174,0,0.7692474386211727,0.37740498869421935,1,Blocked
775,175,0,0.39007939343548786,0.3218126508969905,1,Blocked
776,176,0,0.9302815107692886,0.4137149148546031,1,Blocked
777,177,0,0.5008975589076955,0.31647973661726414,1,Blocked
778,178,0,0.6911500305788163,0.22960689963936914,1,Blocked
779,179,0,0.6648932423959915,0.37395024548429007,1,Blocked
780,180,0,0.4183083592604712,0.45600104237731776,1,Blocked
781,181,0,0.9774482471989154,0.2851057250482838,1,Blocked
782,182,0,0.5782716870966769,0.3791968821168627,1,Blocked
783,183,0,0.4851825759674861,0.40478456310693034,1,Blocked
784,184,0,0.4703749070743873,0.4580461191882921,1,Blocked
785,185,0,0.7730403424138975,0.30602591804386936,1,Blocked
786,186,0,0.8073603690159117,0.29756864904024394,1,Blocked
787,187,0,0.8279199781328528,0.31027951557670375,1,Blocked
788,188,0,0.32336649257085814,0.5157600248243621,1,Blocked
789,189,0,0.8067392259978428,0.19122831889935699,1,Blocked
790,190,0,0.6934634583564421,0.3451855197886686,1,Blocked
791,191,0,0.9235011649296851,0.4150692279955933,1,Blocked
792,192,0,0.7423840460822715,0.31904611669381977,1,Blocked
793,193,0,0.332189424576376,0.3546681225185999,1,Blocked
794,194,0,0.5844036975657552,0.3651878172847202,1,Blocked
795,195,0,0.21119716839655034,0.36301333792803964,1,Blocked
796,196,0,0.12842108995420579,0.37812817756951866,1,Blocked
797,197,0,0.03798547404087892,0.5652379538902872,1,Blocked
798,198,0,0.8127402617489097,0.2539909131594971,1,Blocked
799,199,0,0.48491469047369473,0.4023458206615683,1,Blocked
800,0,0,0.5382890114549177,0.6504306363396926,1,Interleaved
801,1,0,0.44298763568035193,0.4663786057511055,1,Interleaved
802,2,0,0.9463464330172009,0.4044660785718588,1,Interleaved
803,3,0,0.4883432627140056,0.5948109475420185,1,Interleaved
804,4,0,0.6680681425001238,0.6265659284288454,1,Interleaved
805,5,0,0.8941244184964325,0.4846808866873622,1,Interleaved
806,6,0,0.8858572482951657,0.6333076252102777,1,Interleaved
807,7,0,0.8020476746930975,0.3781571365716487,1,Interleaved
808,8,0,0.4044635120908204,0.5520845040642094,1,Interleaved
809,9,0,0.636664408349453,0.47628741386130447,1,Interleaved
810,10,0,0.7023222724011113,0.43784626968506996,1,Interleaved
811,11,0,0.5314271123196151,0.4074331364503433,1,Interleaved
812,12,0,0.48032738211090903,0.39592474340338835,1,Interleaved
813,13,0,0.43780760038674504,0.5136038301319913,1,Interleaved
814,14,0,0.8820337406875824,0.3566757686334659,1,Interleaved
815,15,0,0.47239888867250057,0.6148301189578586,1,Interleaved
816,16,0,0.3667774118343217,0.4434795111636034,1,Interleaved
817,17,0,0.34708040667019,0.7554602768916163,1,Interleaved
818,18,0,0.8690940564318611,0.43538803495789996,1,Interleaved
819,19,0,0.2804860582707099,0.5190959105728957,1,Interleaved
820,20,0,0.5370257352601266,0.6516071881543214,1,Interleaved
821,21,0,0.4376446370117214,0.5894059566994022,1,Interleaved
822,22,0,0.8198640774476051,0.4203757749371254,1,Interleaved
823,23,0,0.5322659840785573,0.41514093338491365,1,Interleaved
824,24,0,0.4695500175013843,0.42065143851742637,1,Interleaved
825,25,0,0.48549333609690465,0.3845213894991213,1,Interleaved
826,26,0,0.3906131017158801,0.4652909193406966,1,Interleaved
827,27,0,0.45149651883347963,0.4338969938960725,1,Interleaved
828,28,0,0.5817073143649361,0.5921934365470765,1,Interleaved
829,29,0,0.4325295251367445,0.6394844757080584,1,Interleaved
830,30,0,0.7383254174559,0.34743028022129174,1,Interleaved
831,31,0,0.390949469204865,0.38915804779327173,1,Interleaved
832,32,0,0.45453558515692843,0.394256116368802,1,Interleaved
833,33,0,0.3296485672874292,0.4987752222719807,1,Interleaved
834,34,0,0.6438016486026397,0.5852203193972783,1,Interleaved
835,35,0,0.6840786530875236,0.4513422869813618,1,Interleaved
836,36,0,0.7318504790212597,0.4196571992043264,1,Interleaved
837,37,0,0.5975635632599822,0.5027967654560273,1,Interleaved
838,38,0,0.6439287664150007,0.2471203098188796,1,Interleaved
839,39,0,0.5401806848267476,0.36577584781728234,1,Interleaved
840,40,0,0.6933790470612062,0.4652919165045307,1,Interleaved
841,41,0,0.6196292503534329,0.40489418293356316,1,Interleaved
842,42,0,0.5927251189091081,0.4156182178864034,1,Interleaved
843,43,0,0.5479634998823228,0.39972096837121013,1,Interleaved
844,44,0,0.4478464885252534,0.44055663327375194,1,Interleaved
845,45,0,0.4295123969833031,0.40775011479195833,1,Interleaved
846,46,0,0.7537009803723327,0.3035093112881329,1,Interleaved
847,47,0,0.29895929455383397,0.44059170157277094,1,Interleaved
848,48,0,0.5729133039534633,0.2906521204856849,1,Interleaved
849,49,0,0.20832742613972108,0.520984763135587,1,Interleaved
850,50,0,0.6277013239721351,0.502329111545085,1,Interleaved
851,51,0,0.32006672041439943,0.44618196442217284,1,Interleaved
852,52,0,0.4932643395011753,0.6524502463456094,1,Interleaved
853,53,0,0.4562034865299189,0.46277138757291014,1,Interleaved
854,54,0,0.6095113742468705,0.47223126259355264,1,Interleaved
855,55,0,0.8860636721022663,0.35680051174518856,1,Interleaved
856,56,0,0.30377355823164476,0.45963619347086104,1,Interleaved
857,57,0,0.800689270461928,0.5854678938388919,1,Interleaved
858,58,0,0.6338899421529488,0.4206580108360262,1,Interleaved
859,59,0,0.5503795936923718,0.5120557848932344,1,Interleaved
860,60,0,0.5343812592555911,0.6111225889530822,1,Interleaved
861,61,0,0.4670297985462643,0.37199655931567577,1,Interleaved
862,62,0,0.38020674178177827,0.4005213575962049,1,Interleaved
863,63,0,0.8607971694895566,0.5840558293379072,1,Interleaved
864,64,0,0.23426217639520985,0.47108884860027433,1,Interleaved
865,65,0,0.4990382442046895,0.4569875211418267,1,Interleaved
866,66,0,0.3429298066342892,0.45004324202812124,1,Interleaved
867,67,0,0.575751424267757,0.4999390950503936,1,Interleaved
868,68,0,0.6749229747838843,0.4504202558046223,1,Interleaved
869,69,0,0.18116710004348163,0.4905104874128706,1,Interleaved
870,70,0,0.8703267475571876,0.33681429844135446,1,Interleaved
871,71,0,0.5032219253653125,0.5015975241826188,1,Interleaved
872,72,0,0.36362603305260355,0.47790857123631214,1,Interleaved
873,73,0,0.8610664034670911,0.4735482927447565,1,Interleaved
874,74,0,0.7474137732137178,0.35965870742961425,1,Interleaved
875,75,0,0.5641925238770719,0.5808933145200466,1,Interleaved
876,76,0,0.8121029616615263,0.5396547808280837,1,Interleaved
877,77,0,0.48048278167158165,0.47806837986949446,1,Interleaved
878,78,0,0.6455832364828602,0.603182966944207,1,Interleaved
879,79,0,0.5078776748944689,0.48879873767337656,1,Interleaved
880,80,0,0.914232515416436,0.4119755823868888,1,Interleaved
881,81,0,0.4495230997743585,0.44760424476670313,1,Interleaved
882,82,0,0.9768853768289398,0.36377082988419757,1,Interleaved
883,83,0,0.10762851067159099,0.6731369433966745,1,Interleaved
884,84,0,0.6793329134437989,0.5029972461800092,1,Interleaved
885,85,0,0.7509682084923759,0.5102964551371826,1,Interleaved
886,86,0,0.3778326734045082,0.4208427165408253,1,Interleaved
887,87,0,0.6094785867054093,0.48121547496971184,1,Interleaved
888,88,0,0.28917510287371273,0.39095765445876285,1,Interleaved
889,89,0,0.6316404785391212,0.587019807926173,1,Interleaved
890,90,0,0.3638750799195128,0.6193138884154088,1,Interleaved
891,91,0,0.4771931815020216,0.5106759372429619,1,Interleaved
892,92,0,0.4963008643763498,0.40546682859717914,1,Interleaved
893,93,0,0.4622734710398301,0.4150217518143693,1,Interleaved
894,94,0,0.5306882881906507,0.4475243359149055,1,Interleaved
895,95,0,0.49409527457998603,0.434220794078539,1,Interleaved
896,96,0,0.8185529125365656,0.3580472482043845,1,Interleaved
897,97,0,0.4432019481143909,0.4455128475736888,1,Interleaved
898,98,0,0.21835477499840678,0.6980376519975313,1,Interleaved
899,99,0,0.6375488221264884,0.457727109571202,1,Interleaved
900,100,0,0.6959003203837505,0.35046579704532277,1,Interleaved
901,101,0,0.7992396865330269,0.43815014605927904,1,Interleaved
902,102,0,0.49179793713190206,0.3744851231108538,1,Interleaved
903,103,0,0.453216280004478,0.407682199893345,1,Interleaved
904,104,0,0.6654419388716483,0.588765693966296,1,Interleaved
905,105,0,0.4885679312737633,0.47633221301455114,1,Interleaved
906,106,0,0.9187008970236983,0.5247570817506555,1,Interleaved
907,107,0,0.4104770699776989,0.43110077176987827,1,Interleaved
908,108,0,0.2651376734915849,0.35294653761754236,1,Interleaved
909,109,0,0.26553178028106456,0.3755895930666775,1,Interleaved
910,110,0,0.4241532684781668,0.35264737327324885,1,Interleaved
911,111,0,0.15790552519165607,0.5298093842946868,1,Interleaved
912,112,0,0.5838550892513312,0.34658786513311773,1,Interleaved
913,113,0,0.5987257365914432,0.3881156507485415,1,Interleaved
914,114,0,0.4233016279737651,0.3719303014939166,1,Interleaved
915,115,0,0.42109005931970156,0.4329923351833024,1,Interleaved
916,116,0,0.327506635208479,0.5234282848232616,1,Interleaved
917,117,0,0.8266522035761024,0.33944346572335177,1,Interleaved
918,118,0,0.19729100462064444,0.5251814823850266,1,Interleaved
919,119,0,0.713066363718625,0.34309228689812943,1,Interleaved
920,120,0,0.45103970265519877,0.3272163915828066,1,Interleaved
921,121,0,0.3333948186057532,0.5582353966484455,1,Interleaved
922,122,0,0.09638322390291904,0.4593576030781281,1,Interleaved
923,123,0,0.6881899145368735,0.361202227686494,1,Interleaved
924,124,0,0.5072608109040169,0.3818152180395503,1,Interleaved
925,125,0,0.5292094146023287,0.3787145541174043,1,Interleaved
926,126,0,0.7119844890936141,0.38055347944518936,1,Interleaved
927,127,0,0.3502804583046194,0.31934180422344366,1,Interleaved
928,128,0,0.433474720522333,0.35248124145318394,1,Interleaved
929,129,0,0.8039147356987016,0.3740989391853332,1,Interleaved
930,130,0,0.5020012878245177,0.4403195092479806,1,Interleaved
931,131,0,0.2658247339351161,0.4076709265161822,1,Interleaved
932,132,0,0.6605611828482445,0.42106781983759456,1,Interleaved
933,133,0,0.5690779437844034,0.4435766899458766,1,Interleaved
934,134,0,0.7344349466964522,0.27686597075984165,1,Interleaved
935,135,0,0.2179511224145562,0.46630742833129324,1,Interleaved
936,136,0,0.5326335458195803,0.4906304834739033,1,Interleaved
937,137,0,0.7154204734786274,0.42160949163016265,1,Interleaved
938,138,0,0.485641918227754,0.4566206253560591,1,Interleaved
939,139,0,0.5357014205205122,0.34863302523074635,1,Interleaved
940,140,0,0.3509383981664833,0.5115179743058168,1,Interleaved
941,141,0,0.5788514831831464,0.3906256987307113,1,Interleaved
942,142,0,0.4617289182990845,0.3645955767860448,1,Interleaved
943,143,0,0.25303939000540376,0.40000730204339696,1,Interleaved
944,144,0,0.6287678876729337,0.3582148504123686,1,Interleaved
945,145,0,0.46018884405724403,0.31082894625835933,1,Interleaved
946,146,0,0.8054072720496689,0.4795755270946189,1,Interleaved
947,147,0,0.7168630141102729,0.4850909603593484,1,Interleaved
948,148,0,0.8841871293309554,0.36279342959325345,1,Interleaved
949,149,0,0.5986351012698673,0.35525095871277457,1,Interleaved
950,150,0,0.8790853617140191,0.41475121701293194,1,Interleaved
951,151,0,0.5930001859276683,0.436669327674475,1,Interleaved
952,152,0,0.1149215720139912,0.6336349402058592,1,Interleaved
953,153,0,0.5603394188191885,0.48632796544783746,1,Interleaved
954,154,0,0.9095916484874721,0.46852142185798334,1,Interleaved
955,155,0,0.5058935051918956,0.4051231399134584,1,Interleaved
956,156,0,0.2980928498200008,0.35392933162308726,1,Interleaved
957,157,0,0.4584517985509816,0.45603163283780535,1,Interleaved
958,158,0,0.18477065113206606,0.4317571341158604,1,Interleaved
959,159,0,0.5995391891317544,0.4333423799686971,1,Interleaved
960,160,0,0.47640408026165165,0.5379240766394273,1,Interleaved
961,161,0,0.48743046755894703,0.40957347330725596,1,Interleaved
962,162,0,0.5399915750326697,0.3579915333707002,1,Interleaved
963,163,0,0.43592774385981725,0.46922495999743835,1,Interleaved
964,164,0,0.7452222274342953,0.371450995232641,1,Interleaved
965,165,0,0.6235163600797065,0.39558530600024033,1,Interleaved
966,166,0,0.8499948291713637,0.32833597335349096,1,Interleaved
967,167,0,0.45872969383978945,0.45435358646811175,1,Interleaved
968,168,0,0.9906055662848263,0.2967034609414992,1,Interleaved
969,169,0,0.819913340377034,0.31442770050517344,1,Interleaved
970,170,0,0.8676388353686575,0.34620556722364254,1,Interleaved
971,171,0,0.37207089614587774,0.4019766310554888,1,Interleaved
972,172,0,0.5888669298090832,0.36051280384392514,1,Interleaved
973,173,0,0.48293283593165426,0.350638979620151,1,Interleaved
974,174,0,0.3288973968915945,0.4417214392499758,1,Interleaved
975,175,0,0.5166784130929307,0.4445612587896179,1,Interleaved
976,176,0,0.9642441490906917,0.5207629120797123,1,Interleaved
977,177,0,0.7061113915288928,0.28239423766886984,1,Interleaved
978,178,0,0.7017125094954801,0.4111136436800291,1,Interleaved
979,179,0,0.1363057832462459,0.468691397995618,1,Interleaved
980,180,0,0.22899841089298373,0.33371683478862624,1,Interleaved
981,181,0,0.3035212553537671,0.5568244459788172,1,Interleaved
982,182,0,0.3053012873741929,0.32400948273431374,1,Interleaved
983,183,0,0.49236565947197725,0.34983436460493045,1,Interleaved
984,184,0,0.6867730927379294,0.4891759716405204,1,Interleaved
985,185,0,0.6547409080737997,0.42129504613805246,1,Interleaved
986,186,0,0.1144276253630489,0.44368560697389486,1,Interleaved
987,187,0,0.46587460417646154,0.3575124314793385,1,Interleaved
988,188,0,0.6873008550198028,0.3993463578184981,1,Interleaved
989,189,0,0.9038217309707721,0.26416223380475773,1,Interleaved
990,190,0,0.6570859549923055,0.32971017381131995,1,Interleaved
991,191,0,0.38531851853488247,0.35694989583617787,1,Interleaved
992,192,0,0.4288163304203166,0.4552648640018246,1,Interleaved
993,193,0,0.3661202441824814,0.3714652941700765,1,Interleaved
994,194,0,0.8844362904192091,0.3229828678554635,1,Interleaved
995,195,0,0.0788210189717463,0.45873945886312484,1,Interleaved
996,196,0,0.16192387134703756,0.4336869606515733,1,Interleaved
997,197,0,0.31834530938812844,0.3735196437697978,1,Interleaved
998,198,0,0.8500653481613256,0.3589626045858215,1,Interleaved
999,199,0,0.6224471488535245,0.33445476172523847,1,Interleaved
1000,0,0,0.8192830494299981,0.7098703421276624,1,Instructed
1001,1,0,0.5331977596652505,0.8864792130469159,1,Instructed
1002,2,0,0.9592180954362354,0.5318810954736294,1,Instructed
1003,3,0,0.7715898227104075,0.6142611412378829,1,Instructed
1004,4,0,0.5261934606089346,0.5361968669752577,1,Instructed
1005,5,0,0.19067205790498531,0.6107243595892828,1,Instructed
1006,6,0,0.9475395005739008,0.5047570239282024,1,Instructed
1007,7,0,0.5518262881447358,0.5799892909882578,1,Instructed
1008,8,0,0.6911173718702512,0.5290252565041917,1,Instructed
1009,9,0,0.9715416088016131,0.40704587961159805,1,Instructed
1010,10,0,0.8564455761744902,0.39909173519902796,1,Instructed
1011,11,0,0.8698013097484882,0.2619135969151735,1,Instructed
1012,12,0,0.7116921800793397,0.39899578401385105,1,Instructed
1013,13,0,0.8097675882793737,0.477712746068672,1,Instructed
1014,14,0,0.571350717878858,0.326388156382874,1,Instructed
1015,15,0,0.08842491146777269,0.40674655045901875,1,Instructed
1016,16,0,0.5209788472020636,0.3999864610206375,1,Instructed
1017,17,0,0.13063243376202396,0.5186521269638081,1,Instructed
1018,18,0,0.49765103511889974,0.33956649511390014,1,Instructed
1019,19,0,0.8073848977904229,0.46584016657059163,1,Instructed
1020,20,0,0.5113152820964978,0.306124187970977,1,Instructed
1021,21,0,0.541414612009794,0.3563139493800128,1,Instructed
1022,22,0,0.42392653847957057,0.5579917569645024,1,Instructed
1023,23,0,0.2686144721468626,0.3745464039112403,1,Instructed
1024,24,0,0.482210647263597,0.5200449708795402,1,Instructed
1025,25,0,0.47580291238423006,0.4576942619418372,1,Instructed
1026,26,0,0.025671434202810702,0.46709309084465067,1,Instructed
1027,27,0,0.5093395580739918,0.363244531805729,1,Instructed
1028,28,0,0.5657348801753328,0.3555911221085508,1,Instructed
1029,29,0,0.3855092875820494,0.62227217902323,1,Instructed
1030,30,0,0.5994215703521337,0.23820016364258945,1,Instructed
1031,31,0,0.4868540241927246,0.4182353032158602,1,Instructed
1032,32,0,0.7356864064066593,0.27399853120519246,1,Instructed
1033,33,0,0.875597923102843,0.2729377874481824,1,Instructed
1034,34,0,0.5644102373355452,0.47958661930802265,1,Instructed
1035,35,0,0.9047886306791437,0.3476637457090735,1,Instructed
1036,36,0,0.37596915366311884,0.5922578761819309,1,Instructed
1037,37,0,0.025600928473966656,0.41493024905292325,1,Instructed
1038,38,0,0.18656332318727997,0.4602035965958222,1,Instructed
1039,39,0,0.6653401075828183,0.34642343009477605,1,Instructed
1040,40,0,0.5714645348962627,0.3881880673170653,1,Instructed
1041,41,0,0.7226809563559273,0.23636344608311322,1,Instructed
1042,42,0,0.4334008581580933,0.3005263912743187,1,Instructed
1043,43,0,0.8227965265684734,0.2952439373613177,1,Instructed
1044,44,0,0.5575034826872848,0.29886507562842873,1,Instructed
1045,45,0,0.9614526023372123,0.33973036585231486,1,Instructed
1046,46,0,0.42204798268546384,0.4353812287088392,1,Instructed
1047,47,0,0.9813674876178897,0.3739211324872477,1,Instructed
1048,48,0,0.33401813794325264,0.5296982366911009,1,Instructed
1049,49,0,0.012168696672498949,0.42330044258414007,1,Instructed
1050,50,0,0.5441274740447867,0.43193262344542943,1,Instructed
1051,51,0,0.9753239747154231,0.2944840149864668,1,Instructed
1052,52,0,0.8882897236527842,0.41364236218932837,1,Instructed
1053,53,0,0.9431650776676683,0.2548177985618153,1,Instructed
1054,54,0,0.6229081862823764,0.40541092314308114,1,Instructed
1055,55,0,0.037228044469030955,0.40358637827175925,1,Instructed
1056,56,0,0.43568510177012926,0.38322836283956174,1,Instructed
1057,57,0,0.08353760466864535,0.33285490483604796,1,Instructed
1058,58,0,0.5699372728161528,0.36771350086512156,1,Instructed
1059,59,0,0.06818134517396997,0.2929315449917925,1,Instructed
1060,60,0,0.5413785059954059,0.41424215436057554,1,Instructed
1061,61,0,0.24306741772189894,0.2817082370376043,1,Instructed
1062,62,0,0.7714842053363469,0.3514602846921849,1,Instructed
1063,63,0,0.4610925015577904,0.3454495593240183,1,Instructed
1064,64,0,0.5987757738117149,0.3997708999052002,1,Instructed
1065,65,0,0.5905502581665588,0.2640767452739812,1,Instructed
1066,66,0,0.6987465107303585,0.26549911591794706,1,Instructed
1067,67,0,0.7068363809619135,0.36142903357300427,1,Instructed
1068,68,0,0.4817472822772906,0.2776793986647612,1,Instructed
1069,69,0,0.9723747863257042,0.2716245990624747,1,Instructed
1070,70,0,0.5408044459227783,0.4916523229817721,1,Instructed
1071,71,0,0.8924964229903415,0.3718412541346838,1,Instructed
1072,72,0,0.8697305255962958,0.3218595616284765,1,Instructed
1073,73,0,0.13042136457304843,0.3410914955829683,1,Instructed
1074,74,0,0.3096708834097399,0.5176681525480691,1,Instructed
1075,75,0,0.5272226671975073,0.28086416931834657,1,Instructed
1076,76,0,0.3818503684394142,0.39623680023685076,1,Instructed
1077,77,0,0.39394489943007005,0.3300900244225614,1,Instructed
1078,78,0,0.6780567420240281,0.4350937213137112,1,Instructed
1079,79,0,0.33820191034056424,0.45391836509233996,1,Instructed
1080,80,0,0.40849940771200455,0.3238199130501377,1,Instructed
1081,81,0,0.5496118910102332,0.42298617046244125,1,Instructed
1082,82,0,0.5271955347321099,0.4154975275230357,1,Instructed
1083,83,0,0.07726253498079998,0.36396794652643644,1,Instructed
1084,84,0,0.5407612966312357,0.3075569729243022,1,Instructed
1085,85,0,0.6356869445800608,0.4797120058095804,1,Instructed
1086,86,0,0.5878437359553561,0.488874474503734,1,Instructed
1087,87,0,0.7852810740419516,0.45124658574093934,1,Instructed
1088,88,0,0.509702166027068,0.4085681821519077,1,Instructed
1089,89,0,0.07582313079029543,0.4204786550125247,1,Instructed
1090,90,0,0.5990693534268045,0.33680234423313926,1,Instructed
1091,91,0,0.4846261877927115,0.3256313969813286,1,Instructed
1092,92,0,0.6165627630591259,0.36858661309114826,1,Instructed
1093,93,0,0.4856854797521877,0.5178147016009249,1,Instructed
1094,94,0,0.5453540224093887,0.33998997807166936,1,Instructed
1095,95,0,0.21405378582259427,0.26735452625859696,1,Instructed
1096,96,0,0.5538873657829478,0.32254940078079974,1,Instructed
1097,97,0,0.7894571546410947,0.37168343442467,1,Instructed
1098,98,0,0.595307246563517,0.22737978796387143,1,Instructed
1099,99,0,0.7371076631362494,0.32068755880583855,1,Instructed
1100,100,0,0.5647241886878518,0.3689642768202993,1,Instructed
1101,101,0,0.17430473636251992,0.3751114539642757,1,Instructed
1102,102,0,0.5900519969615222,0.3720711021179979,1,Instructed
1103,103,0,0.4897541165911321,0.3429145371832317,1,Instructed
1104,104,0,0.3043544144876641,0.3272345528834208,1,Instructed
1105,105,0,0.49096748480315167,0.38310357318496663,1,Instructed
1106,106,0,0.5677383574773801,0.2710501396974652,1,Instructed
1107,107,0,0.3831973696601983,0.297202315728768,1,Instructed
1108,108,0,0.48953883894005257,0.4755127291424224,1,Instructed
1109,109,0,0.6761631480894712,0.34783452493237427,1,Instructed
1110,110,0,0.40131389930824896,0.49809075543298437,1,Instructed
1111,111,0,0.9329567300687012,0.420613302569928,1,Instructed
1112,112,0,0.2796897453250305,0.32984700619298496,1,Instructed
1113,113,0,0.2608201488368258,0.35788535579318487,1,Instructed
1114,114,0,0.353190933376741,0.23942702854253423,1,Instructed
1115,115,0,0.8018249604787577,0.3687066166668728,1,Instructed
1116,116,0,0.5241523226685713,0.31413889523081073,1,Instructed
1117,117,0,0.06898472243765456,0.3222811305745783,1,Instructed
1118,118,0,0.44706209267420965,0.3154959607055349,1,Instructed
1119,119,0,0.33982127574052473,0.3775037526723957,1,Instructed
1120,120,0,0.4927601178573328,0.29395431828012764,1,Instructed
1121,121,0,0.4355269138309152,0.2863065486154439,1,Instructed
1122,122,0,0.2854325228152669,0.32604600528445205,1,Instructed
1123,123,0,0.8042505403778224,0.3983863210283268,1,Instructed
1124,124,0,0.7353308825072569,0.2945435865291969,1,Instructed
1125,125,0,0.585740796492839,0.3608727433252571,1,Instructed
1126,126,0,0.5337486939373705,0.2944075943346078,1,Instructed
1127,127,0,0.5821090971944904,0.4904354502086462,1,Instructed
1128,128,0,0.4389496737442042,0.25744215696380945,1,Instructed
1129,129,0,0.49574357185175094,0.32573055353182506,1,Instructed
1130,130,0,0.8656461005439601,0.2562041402411921,1,Instructed
1131,131,0,0.7782010559476453,0.308327920785041,1,Instructed
1132,132,0,0.5397198494423529,0.44996558498817785,1,Instructed
1133,133,0,0.9441758772815261,0.3774818686650737,1,Instructed
1134,134,0,0.17920037226604385,0.3718260373773984,1,Instructed
1135,135,0,0.6651007997596112,0.385388458125288,1,Instructed
1136,136,0,0.34672388110902,0.21660567175712508,1,Instructed
1137,137,0,0.659300365162298,0.348558066068679,1,Instructed
1138,138,0,0.5317966071952294,0.40332121178924046,1,Instructed
1139,139,0,0.10895272163269873,0.26235428249088233,1,Instructed
1140,140,0,0.6211410188139708,0.29454187972752754,1,Instructed
1141,141,0,0.30007614295388896,0.2762273453035672,1,Instructed
1142,142,0,0.7369237690970268,0.25056811070694024,1,Instructed
1143,143,0,0.5548699244316428,0.3408471682392669,1,Instructed
1144,144,0,0.13104362542356376,0.4788549863056728,1,Instructed
1145,145,0,0.8738764387576498,0.30200614671623366,1,Instructed
1146,146,0,0.6507136158165371,0.3352933218633663,1,Instructed
1147,147,0,0.42008484389860046,0.43015569076736404,1,Instructed
1148,148,0,0.4822065245599417,0.4682296806549743,1,Instructed
1149,149,0,0.9965035380058005,0.3960199719089809,1,Instructed
1150,150,0,0.8745349098906852,0.2720548501713773,1,Instructed
1151,151,0,0.5116084127716533,0.3679212385902409,1,Instructed
1152,152,0,0.5986410823153284,0.3772633391788053,1,Instructed
1153,153,0,0.3485694533616919,0.3867877048703409,1,Instructed
1154,154,0,0.4590687627906057,0.30612606481086346,1,Instructed
1155,155,0,0.9417801586313155,0.37341243505126354,1,Instructed
1156,156,0,0.7493083669193419,0.35825108256828453,1,Instructed
1157,157,0,0.5154551669122615,0.3592345421844547,1,Instructed
1158,158,0,0.3733238398259696,0.4184789302523861,1,Instructed
1159,159,0,0.4510510890155724,0.39385250818853207,1,Instructed
1160,160,0,0.11373851445061497,0.3639397989609022,1,Instructed
1161,161,0,0.3744959457655383,0.344066035926924,1,Instructed
1162,162,0,0.7923243594899851,0.24396496149372246,1,Instructed
1163,163,0,0.4590727871426644,0.3032231868790143,1,Instructed
1164,164,0,0.5819242338083743,0.32631524543784995,1,Instructed
1165,165,0,0.5373099065574658,0.3123268537394197,1,Instructed
1166,166,0,0.23955787186384317,0.30575465153209735,1,Instructed
1167,167,0,0.972351651773098,0.32854392891861983,1,Instructed
1168,168,0,0.3478742297649458,0.3380497510820756,1,Instructed
1169,169,0,0.9710896660862519,0.17600286304031884,1,Instructed
1170,170,0,0.127312189307231,0.2886580806078515,1,Instructed
1171,171,0,0.6858665346583876,0.40408792112895586,1,Instructed
1172,172,0,0.8516452376873337,0.2771677054264384,1,Instructed
1173,173,0,0.59572991540861,0.36046902890409516,1,Instructed
1174,174,0,0.23474349489199317,0.38613737837172424,1,Instructed
1175,175,0,0.8722920387256144,0.2029205426601176,1,Instructed
1176,176,0,0.5647378963192761,0.3507271085003548,1,Instructed
1177,177,0,0.5834589007625729,0.24143474115245736,1,Instructed
1178,178,0,0.8886594188181536,0.3463383420158181,1,Instructed
1179,179,0,0.6249761812157193,0.2908821458142741,1,Instructed
1180,180,0,0.9695606983251797,0.28718409498606834,1,Instructed
1181,181,0,0.3399637665850385,0.2968614031519732,1,Instructed
1182,182,0,0.7531590765001432,0.40302422572629865,1,Instructed
1183,183,0,0.5022906179305514,0.40698092126723995,1,Instructed
1184,184,0,0.709128987655647,0.4562150568929204,1,Instructed
1185,185,0,0.63856442343029,0.2588302918662847,1,Instructed
1186,186,0,0.5408820591797322,0.25336315422073924,1,Instructed
1187,187,0,0.9317790142910847,0.3792800284526972,1,Instructed
1188,188,0,0.9664236566164157,0.4242011056840388,1,Instructed
1189,189,0,0.5047442692544843,0.3173218810932923,1,Instructed
1190,190,0,0.5407513652755299,0.18990157608477615,1,Instructed
1191,191,0,0.5049542007674733,0.3941907115797032,1,Instructed
1192,192,0,0.9944471847163583,0.27237472949574826,1,Instructed
1193,193,0,0.4802403257375052,0.3029665635701232,1,Instructed
1194,194,0,0.3867751466369359,0.32542816939837194,1,Instructed
1195,195,0,0.271958441446983,0.3001138436141259,1,Instructed
1196,196,0,0.5354722217853451,0.2506189073136322,1,Instructed
1197,197,0,0.16259429610901205,0.2698890642941364,1,Instructed
1198,198,0,0.43191517469853924,0.3156867428638721,1,Instructed
1199,199,0,0.6590025009214785,0.4479479645078843,1,Instructed
