,t,e_hat,Accuracy,pe,batch,Condition
0,0,0,0.6762065082374946,0.6904251261947434,0,Blocked
1,1,0,0.11048046884641405,0.6360167608687605,0,Blocked
2,2,0,0.8221898315563043,0.452614472228227,0,Blocked
3,3,0,0.4402475709918076,0.650796917258988,0,Blocked
4,4,0,0.32313657892661435,0.6368116870438829,0,Blocked
5,5,0,0.8655294122346532,0.5124492100646548,0,Blocked
6,6,0,0.6150817725635217,0.6744443427626807,0,Blocked
7,7,0,0.30992873084682176,0.7185221608569321,0,Blocked
8,8,0,0.5529641770216884,0.5615684670892986,0,Blocked
9,9,0,0.46739793251079914,0.6269129390789941,0,Blocked
10,10,0,0.4048800300588169,0.5960346006187736,0,Blocked
11,11,0,0.2115354468395788,0.5012152926850368,0,Blocked
12,12,0,0.864361833158853,0.6270965190337967,0,Blocked
13,13,0,0.8221363112955127,0.4932094052126871,0,Blocked
14,14,0,0.19227182097881365,0.47981775580981323,0,Blocked
15,15,0,0.3736868312261716,0.4912949536418678,0,Blocked
16,16,0,0.3046733877179421,0.6111800517270295,0,Blocked
17,17,0,0.7557507943537506,0.5449503234424549,0,Blocked
18,18,0,0.4637691055475783,0.5669875963811262,0,Blocked
19,19,0,0.4347597826352709,0.5047822247988479,0,Blocked
20,20,0,0.6559144219940125,0.4380989623663607,0,Blocked
21,21,0,0.36665431128120224,0.7370065606952343,0,Blocked
22,22,0,0.8451752461241281,0.42172748073248756,0,Blocked
23,23,0,0.2533616714357658,0.6171199705513709,0,Blocked
24,24,0,0.27638735929517444,0.48692740729993456,0,Blocked
25,25,0,0.3297385250922466,0.664689111185025,0,Blocked
26,26,0,0.733405751268591,0.4002269051313976,0,Blocked
27,27,0,0.5513420241348848,0.5437445277197936,0,Blocked
28,28,0,0.6897241826804967,0.7054331467809617,0,Blocked
29,29,0,0.8376547623344776,0.7066518836429213,0,Blocked
30,30,0,0.8568786631009666,0.3980629345741967,0,Blocked
31,31,0,0.8178451712809491,0.5102288909806854,0,Blocked
32,32,0,0.3227057936115195,0.4966176954992633,0,Blocked
33,33,0,0.285630125507392,0.44319407927481547,0,Blocked
34,34,0,0.30452658502671587,0.5272599831147016,0,Blocked
35,35,0,0.5924044273650794,0.4452083052917202,0,Blocked
36,36,0,0.6594930697218386,0.37040975315333724,0,Blocked
37,37,0,0.4600299016406973,0.43375970529461655,0,Blocked
38,38,0,0.29448347341620756,0.5188707400490262,0,Blocked
39,39,0,0.8946848264232496,0.4277311540222243,0,Blocked
40,40,0,0.04383930426642929,0.7355039152296219,0,Blocked
41,41,0,0.4939870539517558,0.6680437137389494,0,Blocked
42,42,0,0.5751475622275815,0.49007273535165347,0,Blocked
43,43,0,0.45810960930633154,0.6115394551022812,0,Blocked
44,44,0,0.9319798700604454,0.5203424463189936,0,Blocked
45,45,0,0.04888336138717183,0.49647341673053713,0,Blocked
46,46,0,0.7179409163527622,0.4366787485316743,0,Blocked
47,47,0,0.3360860658576862,0.5346662114632433,0,Blocked
48,48,0,0.6466917246411209,0.3342568464307452,0,Blocked
49,49,0,0.2777096433328632,0.4932948710015027,0,Blocked
50,50,0,0.45658820276906015,0.6169651381756942,0,Blocked
51,51,0,0.3222891567567717,0.39943920839276414,0,Blocked
52,52,0,0.09074436935571449,0.7217800971435111,0,Blocked
53,53,0,0.41241864488845825,0.5192280631383652,0,Blocked
54,54,0,0.29352145251132633,0.5223768298793237,0,Blocked
55,55,0,0.2467252503971422,0.6026183491620889,0,Blocked
56,56,0,0.23658473153094423,0.41196443360902013,0,Blocked
57,57,0,0.7247878226095372,0.4834403628001316,0,Blocked
58,58,0,0.42324126088086766,0.4815524373252096,0,Blocked
59,59,0,0.43399003121068835,0.6017376425794325,0,Blocked
60,60,0,0.7104963945224241,0.6629435509114838,0,Blocked
61,61,0,0.5849995815693518,0.48928060064708917,0,Blocked
62,62,0,0.57016414424245,0.5738034431773604,0,Blocked
63,63,0,0.4067318532458318,0.4927897780976527,0,Blocked
64,64,0,0.9839015488657248,0.2789811032572359,0,Blocked
65,65,0,0.7425617882107509,0.43077515477434924,0,Blocked
66,66,0,0.2243669348291774,0.3762408123560363,0,Blocked
67,67,0,0.9052875543159558,0.4265365862401096,0,Blocked
68,68,0,0.7553776923656114,0.44129660838547147,0,Blocked
69,69,0,0.9942367622893205,0.32155470209812687,0,Blocked
70,70,0,0.6976064729674779,0.47433324065919913,0,Blocked
71,71,0,0.8647649488024519,0.4515457526957683,0,Blocked
72,72,0,0.9382847424399985,0.5286160114753249,0,Blocked
73,73,0,0.9564608124263754,0.35095682263402395,0,Blocked
74,74,0,0.9352914393475642,0.34812467815081005,0,Blocked
75,75,0,0.9949587249265556,0.422933668527546,0,Blocked
76,76,0,0.8925557467408345,0.35811384351742914,0,Blocked
77,77,0,0.972915945172603,0.39991587503734055,0,Blocked
78,78,0,0.966815064370647,0.40075526916917686,0,Blocked
79,79,0,0.999752371107241,0.40039824026356485,0,Blocked
80,80,0,0.14930097784891083,0.6227305036330861,0,Blocked
81,81,0,0.20501706343573764,0.6036405120564657,0,Blocked
82,82,0,0.1907027379061189,0.46954653596765666,0,Blocked
83,83,0,0.2887823510664703,0.41937035835015357,0,Blocked
84,84,0,0.19143010858635368,0.5003832119819077,0,Blocked
85,85,0,0.2931181247263961,0.6768324173695726,0,Blocked
86,86,0,0.3933399025410097,0.4386579800287238,0,Blocked
87,87,0,0.6868495064295834,0.4587793770185449,0,Blocked
88,88,0,0.2540899648239287,0.3798785208957218,0,Blocked
89,89,0,0.6708425797583067,0.6475421201973026,0,Blocked
90,90,0,0.5076835544183407,0.5838610657446393,0,Blocked
91,91,0,0.46011778246838386,0.48297793331626426,0,Blocked
92,92,0,0.44529350570721665,0.5199552490201228,0,Blocked
93,93,0,0.7946060497584753,0.30023597172188543,0,Blocked
94,94,0,0.33932879139073696,0.44664067387702133,0,Blocked
95,95,0,0.8639127328309922,0.3338717443179393,0,Blocked
96,96,0,0.9456921977210611,0.42024871491644844,0,Blocked
97,97,0,0.9033991074815995,0.45405256348093026,0,Blocked
98,98,0,0.9212886992373026,0.3905156393286894,0,Blocked
99,99,0,0.3883105250273157,0.35253447258863213,0,Blocked
100,100,0,0.3518657937004851,0.4282651300873239,0,Blocked
101,101,0,0.5846392088903927,0.5243551511288735,0,Blocked
102,102,0,0.5499987122663874,0.46479264386068037,0,Blocked
103,103,0,0.25887066817321785,0.3420605434909279,0,Blocked
104,104,0,0.7097055824670777,0.3936035866790004,0,Blocked
105,105,0,0.8125956745011385,0.49434615631319545,0,Blocked
106,106,0,0.4269337944644138,0.4159011979979931,0,Blocked
107,107,0,0.8841129767103317,0.3194082927040433,0,Blocked
108,108,0,0.30883807509966443,0.5659961245041931,0,Blocked
109,109,0,0.5685947099665756,0.6214363136032962,0,Blocked
110,110,0,0.46912349487782884,0.37108296850691164,0,Blocked
111,111,0,0.7183340825232475,0.41364519019774637,0,Blocked
112,112,0,0.8732882232402401,0.4720335643781582,0,Blocked
113,113,0,0.964132528608724,0.25948560944845983,0,Blocked
114,114,0,0.836245364796207,0.4609879609403571,0,Blocked
115,115,0,0.9500233514207608,0.39406177977500434,0,Blocked
116,116,0,0.29413969251307337,0.3602274552184485,0,Blocked
117,117,0,0.990174175518203,0.2932214692145767,0,Blocked
118,118,0,0.965263820553874,0.4070460746302049,0,Blocked
119,119,0,0.9832751538829625,0.2337793383815462,0,Blocked
120,120,0,0.567124653879132,0.5182811278763931,0,Blocked
121,121,0,0.4398739946906761,0.5277856577479707,0,Blocked
122,122,0,0.11986028014164066,0.5300347851064463,0,Blocked
123,123,0,0.41963046004421944,0.3583894428098759,0,Blocked
124,124,0,0.3758915180235517,0.4524003879246465,0,Blocked
125,125,0,0.3462403443624512,0.45959008901360804,0,Blocked
126,126,0,0.21304061597001622,0.3932861290713378,0,Blocked
127,127,0,0.3722706436485964,0.5342752546331891,0,Blocked
128,128,0,0.784864279523761,0.5309909417795655,0,Blocked
129,129,0,0.37466796273512626,0.5110435705986978,0,Blocked
130,130,0,0.42344750137190185,0.6274542022787191,0,Blocked
131,131,0,0.5706386082474529,0.35914881585405856,0,Blocked
132,132,0,0.5942825509257695,0.38603741984239015,0,Blocked
133,133,0,0.37248756393857574,0.411182324049984,0,Blocked
134,134,0,0.6656595374448868,0.36824076109235027,0,Blocked
135,135,0,0.4747284712421207,0.4405430677075829,0,Blocked
136,136,0,0.7587107493382832,0.40458841012119384,0,Blocked
137,137,0,0.8502978871516259,0.269151231024474,0,Blocked
138,138,0,0.4955730838849588,0.3984250552016526,0,Blocked
139,139,0,0.8017827204997934,0.4403837463766609,0,Blocked
140,140,0,0.9642729855838036,0.34996106834514107,0,Blocked
141,141,0,0.6180800044246053,0.4076032513906809,0,Blocked
142,142,0,0.9213274203187248,0.3795061859238964,0,Blocked
143,143,0,0.9275001281884687,0.34759328896530706,0,Blocked
144,144,0,0.7591238821347384,0.4591417655052714,0,Blocked
145,145,0,0.7378496989574811,0.3997903550457146,0,Blocked
146,146,0,0.07155937784162503,0.37267379647312937,0,Blocked
147,147,0,0.6836199760065567,0.44552369088679433,0,Blocked
148,148,0,0.9493555693954703,0.29565808901114754,0,Blocked
149,149,0,0.9129083718343587,0.4248583773071827,0,Blocked
150,150,0,0.9899416383311838,0.30350854534177907,0,Blocked
151,151,0,0.7352370852220796,0.4744227526642498,0,Blocked
152,152,0,0.99480890836567,0.3984384479709864,0,Blocked
153,153,0,0.9959377484285515,0.47473608921822724,0,Blocked
154,154,0,0.6643731690026665,0.38696505479509546,0,Blocked
155,155,0,0.9675123413486738,0.39046408369308144,0,Blocked
156,156,0,0.3800021683160691,0.4420636514553671,0,Blocked
157,157,0,0.9689478926181878,0.3267571434665401,0,Blocked
158,158,0,0.982692759853804,0.37598598809313827,0,Blocked
159,159,0,0.44305211001922473,0.3788450224289356,0,Blocked
160,160,0,0.27025513168985943,0.48392576003288745,0,Blocked
161,161,0,0.1130061559659572,0.6154441040917151,0,Blocked
162,162,0,0.3231446229440238,0.41781229397254444,0,Blocked
163,163,0,0.2704712500967212,0.470334792561532,0,Blocked
164,164,0,0.6134634992714557,0.3671798058940839,0,Blocked
165,165,0,0.40521435374221937,0.3742589227002351,0,Blocked
166,166,0,0.5689096147243556,0.5105283677051164,0,Blocked
167,167,0,0.5238398897329876,0.4421889670961096,0,Blocked
168,168,0,0.5199299647023355,0.3671594404730659,0,Blocked
169,169,0,0.8232794812298807,0.32239454774738757,0,Blocked
170,170,0,0.4592750717650993,0.39975873909619114,0,Blocked
171,171,0,0.5189640544735661,0.3997825506941549,0,Blocked
172,172,0,0.7381138868277926,0.5119930577214071,0,Blocked
173,173,0,0.8749354055474466,0.41416847601003803,0,Blocked
174,174,0,0.785444379725061,0.445912599252267,0,Blocked
175,175,0,0.48241608789576196,0.4190527607149537,0,Blocked
176,176,0,0.7164178343356407,0.3702396647310576,0,Blocked
177,177,0,0.40032381196699857,0.5587255190222428,0,Blocked
178,178,0,0.37988542461128877,0.5278035785645281,0,Blocked
179,179,0,0.8096663296572907,0.3801503086178622,0,Blocked
180,180,0,0.5874666708679078,0.47616381637740046,0,Blocked
181,181,0,0.9731640124297882,0.34556177531519244,0,Blocked
182,182,0,0.39569470502047166,0.3595418715638489,0,Blocked
183,183,0,0.7938112067168521,0.3983298459003142,0,Blocked
184,184,0,0.9200064237135566,0.4611359140944706,0,Blocked
185,185,0,0.8381936709751718,0.41124072800144623,0,Blocked
186,186,0,0.5397790823868394,0.3416775359749674,0,Blocked
187,187,0,0.6698119858184364,0.38457881517486214,0,Blocked
188,188,0,0.7151271596287174,0.3280515861022232,0,Blocked
189,189,0,0.8987512574582264,0.4027272242344375,0,Blocked
190,190,0,0.3898524207885129,0.30186484268870706,0,Blocked
191,191,0,0.6348669240388017,0.3740772836460029,0,Blocked
192,192,0,0.33469275565408685,0.5025660345882199,0,Blocked
193,193,0,0.771879128386872,0.39674348699941686,0,Blocked
194,194,0,0.7529878960307752,0.3190143021116647,0,Blocked
195,195,0,0.9070941163470669,0.5238267239040022,0,Blocked
196,196,0,0.7395335321208587,0.24934222202805068,0,Blocked
197,197,0,0.8950562401488402,0.455262917662254,0,Blocked
198,198,0,0.4822632444977195,0.41603169532356366,0,Blocked
199,199,0,0.5554216412403228,0.3218995680367883,0,Blocked
200,0,0,0.7886958848994512,0.9242096009116451,0,Interleaved
201,1,0,0.9162495677150864,0.6788190746764027,0,Interleaved
202,2,0,0.7063602983493601,0.5633623327002208,0,Interleaved
203,3,0,0.2969879301384213,0.575343233125676,0,Interleaved
204,4,0,0.6766394182423907,0.45113266197307267,0,Interleaved
205,5,0,0.3496581732921223,0.5548155689588936,0,Interleaved
206,6,0,0.9703861703231095,0.4221215248520445,0,Interleaved
207,7,0,0.5213398878850889,0.5161211398525745,0,Interleaved
208,8,0,0.977019511988473,0.6096336027405793,0,Interleaved
209,9,0,0.6438058090044945,0.41691675076957224,0,Interleaved
210,10,0,0.5008166266495411,0.601994550434618,0,Interleaved
211,11,0,0.27083671056117126,0.4862593263304762,0,Interleaved
212,12,0,0.9317032238245786,0.5007614502732816,0,Interleaved
213,13,0,0.4775888894575582,0.48966630353253293,0,Interleaved
214,14,0,0.026466158599625946,0.5732328051202668,0,Interleaved
215,15,0,0.7170467150403764,0.5012272401469059,0,Interleaved
216,16,0,0.40283883586499725,0.6647218672976314,0,Interleaved
217,17,0,0.14346341019465197,0.751326340923197,0,Interleaved
218,18,0,0.5605647183630295,0.5157811471905653,0,Interleaved
219,19,0,0.3785420575789489,0.5180473935398862,0,Interleaved
220,20,0,0.39153736912260023,0.4713539341680758,0,Interleaved
221,21,0,0.5729344259410667,0.44078467102719315,0,Interleaved
222,22,0,0.607196886019615,0.5306450971608764,0,Interleaved
223,23,0,0.7785141923133578,0.550504695486489,0,Interleaved
224,24,0,0.14167685710223893,0.5543183888026378,0,Interleaved
225,25,0,0.6972046608742118,0.4255341230844858,0,Interleaved
226,26,0,0.733871998781655,0.4771909294307005,0,Interleaved
227,27,0,0.7815318060821281,0.5231539218048779,0,Interleaved
228,28,0,0.4284502909710938,0.7317405178462337,0,Interleaved
229,29,0,0.8408170599743395,0.5565072700350983,0,Interleaved
230,30,0,0.5810706540434029,0.6171496435773951,0,Interleaved
231,31,0,0.18963172615781024,0.6124005006522637,0,Interleaved
232,32,0,0.5658242980326377,0.4972051907284253,0,Interleaved
233,33,0,0.6170969207015335,0.5148516027188892,0,Interleaved
234,34,0,0.017651558292299946,0.6527838886839465,0,Interleaved
235,35,0,0.5480063337775934,0.4229531722250256,0,Interleaved
236,36,0,0.845265610354935,0.38544380404214984,0,Interleaved
237,37,0,0.2772667080740982,0.4664528056516044,0,Interleaved
238,38,0,0.04430051019181816,0.6270598553013838,0,Interleaved
239,39,0,0.5225052980421782,0.4213082730855573,0,Interleaved
240,40,0,0.9220834700581744,0.42885296049135935,0,Interleaved
241,41,0,0.5512436930409855,0.4220295785473356,0,Interleaved
242,42,0,0.9534880792693312,0.3776179700420462,0,Interleaved
243,43,0,0.519082887652533,0.36652506012377173,0,Interleaved
244,44,0,0.9244432766852686,0.2838277059821974,0,Interleaved
245,45,0,0.4222218444570113,0.5855771792691794,0,Interleaved
246,46,0,0.9441424583164542,0.39814939912982183,0,Interleaved
247,47,0,0.3860744548688064,0.6094102271155504,0,Interleaved
248,48,0,0.21993958964597304,0.5516380546427214,0,Interleaved
249,49,0,0.48575971857039857,0.678585221179348,0,Interleaved
250,50,0,0.6113488590137341,0.4168049339585409,0,Interleaved
251,51,0,0.5204948884091462,0.45223069174055786,0,Interleaved
252,52,0,0.891735292755784,0.46659387626533877,0,Interleaved
253,53,0,0.28893843813139286,0.5401293866687609,0,Interleaved
254,54,0,0.03497850449681966,0.7145687982321443,0,Interleaved
255,55,0,0.5321270022958358,0.4118377377088589,0,Interleaved
256,56,0,0.7927278522887241,0.4664329161521138,0,Interleaved
257,57,0,0.692120519147256,0.5363707814631173,0,Interleaved
258,58,0,0.8560241942552329,0.5265069498496522,0,Interleaved
259,59,0,0.16278671960407737,0.5170992069987528,0,Interleaved
260,60,0,0.5757819677061855,0.5106374607093651,0,Interleaved
261,61,0,0.5185858858952944,0.46418463324951187,0,Interleaved
262,62,0,0.7714537364911284,0.2892816112760197,0,Interleaved
263,63,0,0.6123905650561375,0.4662300139705906,0,Interleaved
264,64,0,0.5893144033857538,0.393173404922697,0,Interleaved
265,65,0,0.7704183315215823,0.5109740634270827,0,Interleaved
266,66,0,0.5939376961497609,0.423574115458653,0,Interleaved
267,67,0,0.48125124826612775,0.5271759966339767,0,Interleaved
268,68,0,0.43877488157185174,0.4670105342990468,0,Interleaved
269,69,0,0.8398003014325262,0.5570707367331431,0,Interleaved
270,70,0,0.6727251299937249,0.47266521087722024,0,Interleaved
271,71,0,0.6774567256289266,0.4042318654626089,0,Interleaved
272,72,0,0.10670117188928331,0.6417328773865206,0,Interleaved
273,73,0,0.652433695885399,0.4951861622693705,0,Interleaved
274,74,0,0.607065673942188,0.41112660680453084,0,Interleaved
275,75,0,0.9566426033960029,0.3145124712338742,0,Interleaved
276,76,0,0.5200292734370445,0.4704714634229338,0,Interleaved
277,77,0,0.3215913172611047,0.4812204488453289,0,Interleaved
278,78,0,0.5531092122215049,0.4317896525963898,0,Interleaved
279,79,0,0.8078921734113886,0.37020695699659917,0,Interleaved
280,80,0,0.7413511545872398,0.556044664018676,0,Interleaved
281,81,0,0.35567045356521315,0.5603899805881603,0,Interleaved
282,82,0,0.023283727054175828,0.47511737674649834,0,Interleaved
283,83,0,0.8216160604271465,0.3926408390295302,0,Interleaved
284,84,0,0.6592360935414463,0.3525810520512446,0,Interleaved
285,85,0,0.13729831394350653,0.4736563642385056,0,Interleaved
286,86,0,0.4083817276749844,0.5616247351395467,0,Interleaved
287,87,0,0.6212658991660669,0.3929431808251274,0,Interleaved
288,88,0,0.035729032949406984,0.5090614659988786,0,Interleaved
289,89,0,0.8642490534690714,0.5228286266278275,0,Interleaved
290,90,0,0.9318808182022493,0.4365413326194911,0,Interleaved
291,91,0,0.017328386178705066,0.6358216175591119,0,Interleaved
292,92,0,0.5112249822793601,0.42532723565683395,0,Interleaved
293,93,0,0.027752266775799103,0.381179929645853,0,Interleaved
294,94,0,0.5789862358791248,0.4199741196328468,0,Interleaved
295,95,0,0.8576301896498816,0.37799224666399756,0,Interleaved
296,96,0,0.1437851914618797,0.5917463901726978,0,Interleaved
297,97,0,0.8760116263679805,0.48670294981521617,0,Interleaved
298,98,0,0.49511919621355505,0.46798796918871777,0,Interleaved
299,99,0,0.8849362709550694,0.468553135647098,0,Interleaved
300,100,0,0.4261321171683488,0.4994952059851795,0,Interleaved
301,101,0,0.38798712584553013,0.41800711583763717,0,Interleaved
302,102,0,0.325166496851592,0.5732185641625227,0,Interleaved
303,103,0,0.7187416603057831,0.3969787523086713,0,Interleaved
304,104,0,0.8038793686487866,0.38316139163376894,0,Interleaved
305,105,0,0.8418705190294009,0.332944312315429,0,Interleaved
306,106,0,0.5003804635039362,0.5786980621506472,0,Interleaved
307,107,0,0.9754981577661519,0.3351714941682498,0,Interleaved
308,108,0,0.34076364473709975,0.44488221189212734,0,Interleaved
309,109,0,0.20207607609825373,0.44271393939028236,0,Interleaved
310,110,0,0.18476695260192308,0.4967330275333143,0,Interleaved
311,111,0,0.4417778862595542,0.3905584171412484,0,Interleaved
312,112,0,0.40912698840402173,0.6273747868657272,0,Interleaved
313,113,0,0.5382030812618742,0.40968074047516834,0,Interleaved
314,114,0,0.7121857085173751,0.5863022876127042,0,Interleaved
315,115,0,0.17838978281844672,0.438366923503273,0,Interleaved
316,116,0,0.9300199472378192,0.4208382366772525,0,Interleaved
317,117,0,0.6148926729590161,0.43536968275576315,0,Interleaved
318,118,0,0.3307230810985311,0.4650942736562105,0,Interleaved
319,119,0,0.47118720164813527,0.5102188858146054,0,Interleaved
320,120,0,0.8187520436272808,0.48398222752219233,0,Interleaved
321,121,0,0.33520056694173517,0.5342164094371651,0,Interleaved
322,122,0,0.031732055771435494,0.5591627103364872,0,Interleaved
323,123,0,0.3676976881261557,0.46209401484505813,0,Interleaved
324,124,0,0.7665761269907179,0.5287217557644379,0,Interleaved
325,125,0,0.8328873622715731,0.4255351375169849,0,Interleaved
326,126,0,0.5354700996994719,0.3466312156780834,0,Interleaved
327,127,0,0.3727502783356783,0.46275861578497346,0,Interleaved
328,128,0,0.9376183534371392,0.33130161187626006,0,Interleaved
329,129,0,0.4428901555536978,0.5112231720754893,0,Interleaved
330,130,0,0.3857794546792093,0.47705295733494124,0,Interleaved
331,131,0,0.5439249081383951,0.4221545060112273,0,Interleaved
332,132,0,0.8340514128140257,0.4659622470327216,0,Interleaved
333,133,0,0.4687906370962282,0.5087913110024193,0,Interleaved
334,134,0,0.02876345005716442,0.559027108009518,0,Interleaved
335,135,0,0.5213696893482284,0.44584534103087586,0,Interleaved
336,136,0,0.7765361134540998,0.5175969142248291,0,Interleaved
337,137,0,0.5562202839052135,0.3820465823005061,0,Interleaved
338,138,0,0.12252925350346325,0.4332270188148709,0,Interleaved
339,139,0,0.4834319071334376,0.5656007982079464,0,Interleaved
340,140,0,0.9798717303379096,0.3505567566851307,0,Interleaved
341,141,0,0.7554960511917872,0.47155192430473725,0,Interleaved
342,142,0,0.15270591003234388,0.5249078341206121,0,Interleaved
343,143,0,0.44876508083429456,0.29026547212179743,0,Interleaved
344,144,0,0.9139471458026693,0.2643089288774893,0,Interleaved
345,145,0,0.5699489240345965,0.4930009509492659,0,Interleaved
346,146,0,0.14030041825511666,0.5735334530475467,0,Interleaved
347,147,0,0.20280075246965742,0.5275837739780614,0,Interleaved
348,148,0,0.759434243975682,0.3655573664260884,0,Interleaved
349,149,0,0.48242692540481313,0.6096888530917048,0,Interleaved
350,150,0,0.4420465201407546,0.43033480647934935,0,Interleaved
351,151,0,0.6557144014198987,0.4118568563432411,0,Interleaved
352,152,0,0.668458732241151,0.46001571464570934,0,Interleaved
353,153,0,0.8292788734337984,0.43909750188608165,0,Interleaved
354,154,0,0.9444093545656007,0.4687996259591516,0,Interleaved
355,155,0,0.7123034453170529,0.46795230548362343,0,Interleaved
356,156,0,0.024615362139318638,0.4634803856171694,0,Interleaved
357,157,0,0.23734812017373347,0.3871167728145435,0,Interleaved
358,158,0,0.10347561735308929,0.3799393411965446,0,Interleaved
359,159,0,0.44411493483666603,0.3273763465071486,0,Interleaved
360,160,0,0.5684711332441343,0.5494838835240972,0,Interleaved
361,161,0,0.5571105744813618,0.4988046216501264,0,Interleaved
362,162,0,0.025643089746038038,0.5719192993688131,0,Interleaved
363,163,0,0.29767719963617073,0.6394630009919336,0,Interleaved
364,164,0,0.7567631901987559,0.4026490497716658,0,Interleaved
365,165,0,0.7759958592954943,0.4466493043508916,0,Interleaved
366,166,0,0.04722768337368064,0.45897199369191566,0,Interleaved
367,167,0,0.7139515122925657,0.48859848647169213,0,Interleaved
368,168,0,0.6319408697225924,0.5468613991081999,0,Interleaved
369,169,0,0.46709217847403084,0.3261364068838123,0,Interleaved
370,170,0,0.2960989051006216,0.5258210725132407,0,Interleaved
371,171,0,0.713173183247279,0.35424137636430475,0,Interleaved
372,172,0,0.5581037871169142,0.5203282669121356,0,Interleaved
373,173,0,0.48876122776628517,0.48305868213814684,0,Interleaved
374,174,0,0.4851668179842088,0.5313957256531718,0,Interleaved
375,175,0,0.7273710602678487,0.44641517811406006,0,Interleaved
376,176,0,0.3799989930381542,0.3513863436657144,0,Interleaved
377,177,0,0.4003019231158604,0.37578996449374713,0,Interleaved
378,178,0,0.6678479650513856,0.3494311429216682,0,Interleaved
379,179,0,0.5522674770698466,0.4464158915111513,0,Interleaved
380,180,0,0.5424059605120682,0.3478269707177337,0,Interleaved
381,181,0,0.8056344517791443,0.533886143169731,0,Interleaved
382,182,0,0.4745660164944084,0.43637380263286574,0,Interleaved
383,183,0,0.487097901930106,0.6027145246747698,0,Interleaved
384,184,0,0.4636253374461785,0.5387787498476688,0,Interleaved
385,185,0,0.0627771025002558,0.563591814128981,0,Interleaved
386,186,0,0.7106624224653406,0.4406397201212562,0,Interleaved
387,187,0,0.7071531772004171,0.39394721448549436,0,Interleaved
388,188,0,0.5102689840851414,0.5137245141667375,0,Interleaved
389,189,0,0.5152081688207247,0.43334116611222967,0,Interleaved
390,190,0,0.7895581803635804,0.32049861477223296,0,Interleaved
391,191,0,0.9579431915986126,0.44879829946976507,0,Interleaved
392,192,0,0.772696073931765,0.35022126189975455,0,Interleaved
393,193,0,0.12976519424579977,0.44673646923534216,0,Interleaved
394,194,0,0.8506830194093361,0.39777255171133263,0,Interleaved
395,195,0,0.8875163905834118,0.4731792490785435,0,Interleaved
396,196,0,0.8730550778996842,0.3528665402636661,0,Interleaved
397,197,0,0.6226945191241039,0.3994205048144026,0,Interleaved
398,198,0,0.5267534783508622,0.2806461068680909,0,Interleaved
399,199,0,0.2945913884032296,0.442112046490448,0,Interleaved
400,0,0,0.9854889152412909,0.7250715530187724,0,Instructed
401,1,0,0.343200242827273,0.5923655085202755,0,Instructed
402,2,0,0.18476104428584172,0.6575960970878956,0,Instructed
403,3,0,0.4885391659543026,0.41629261164147013,0,Instructed
404,4,0,0.4434713065669428,0.7153021155354508,0,Instructed
405,5,0,0.4940513438459545,0.575153119959585,0,Instructed
406,6,0,0.21010824257611715,0.4486771872564086,0,Instructed
407,7,0,0.15990790869581428,0.429472486298504,0,Instructed
408,8,0,0.5145931843289572,0.46374187497585095,0,Instructed
409,9,0,0.34658031790189797,0.4406747634624504,0,Instructed
410,10,0,0.7604906611531637,0.4964013550562957,0,Instructed
411,11,0,0.30864815736803297,0.47870986712338376,0,Instructed
412,12,0,0.9367194247180026,0.5121880098437877,0,Instructed
413,13,0,0.46025295427903873,0.45652918430163714,0,Instructed
414,14,0,0.08565096371077542,0.4625165151246941,0,Instructed
415,15,0,0.3950789956287889,0.5712534450911266,0,Instructed
416,16,0,0.6440312361023889,0.4779736288518043,0,Instructed
417,17,0,0.41083744180449194,0.3793724808632691,0,Instructed
418,18,0,0.4978212198818247,0.48237853291470795,0,Instructed
419,19,0,0.5557308111116628,0.3554906868110086,0,Instructed
420,20,0,0.665289847028719,0.43992853804278076,0,Instructed
421,21,0,0.42044680579550586,0.5441463183155076,0,Instructed
422,22,0,0.7778065547283343,0.4842239258754508,0,Instructed
423,23,0,0.47781219563913957,0.4238681798469128,0,Instructed
424,24,0,0.13287413274330628,0.45208156250502785,0,Instructed
425,25,0,0.6065305318903287,0.4120869392285624,0,Instructed
426,26,0,0.40132102379020496,0.6607908451471011,0,Instructed
427,27,0,0.8983373750255754,0.4046339594246059,0,Instructed
428,28,0,0.6020356780301747,0.466991831031861,0,Instructed
429,29,0,0.610081085965806,0.34472679100258835,0,Instructed
430,30,0,0.3948886034128896,0.4421380887864076,0,Instructed
431,31,0,0.5411364579178305,0.3759562654702329,0,Instructed
432,32,0,0.8085212050978947,0.2102712856895176,0,Instructed
433,33,0,0.4905983553962543,0.362408841504429,0,Instructed
434,34,0,0.11760862090899343,0.4202120145291969,0,Instructed
435,35,0,0.46634856544461434,0.48517157287190726,0,Instructed
436,36,0,0.6511003401143048,0.29660581230231187,0,Instructed
437,37,0,0.6111745219709215,0.40224835586433055,0,Instructed
438,38,0,0.7570330164572348,0.3023245254590906,0,Instructed
439,39,0,0.4498743897106086,0.5122541998859866,0,Instructed
440,40,0,0.144026381171728,0.33301460870966093,0,Instructed
441,41,0,0.4828829977938776,0.3888638342490114,0,Instructed
442,42,0,0.06836821557633325,0.469851639641263,0,Instructed
443,43,0,0.4957260207047522,0.38860910563996764,0,Instructed
444,44,0,0.5359167468662838,0.3693082361165152,0,Instructed
445,45,0,0.591727035469366,0.27644465682969516,0,Instructed
446,46,0,0.7720818200796553,0.5232051405039546,0,Instructed
447,47,0,0.3678583711907485,0.312226081428288,0,Instructed
448,48,0,0.543478349564068,0.4413414264264336,0,Instructed
449,49,0,0.44849475662399096,0.404913306262003,0,Instructed
450,50,0,0.24739537414108848,0.31514245740395685,0,Instructed
451,51,0,0.4196141001306782,0.27940813760357636,0,Instructed
452,52,0,0.7954881493653532,0.412308001505313,0,Instructed
453,53,0,0.5078205879062213,0.4603199052203407,0,Instructed
454,54,0,0.6842993058591169,0.3743821971104677,0,Instructed
455,55,0,0.3874515667873575,0.39384484608129633,0,Instructed
456,56,0,0.44886225615412645,0.3239634764215188,0,Instructed
457,57,0,0.5781395203880477,0.28958529873897076,0,Instructed
458,58,0,0.35322767074764483,0.4331593216757681,0,Instructed
459,59,0,0.4441564760812724,0.4312559514674572,0,Instructed
460,60,0,0.6698086791308784,0.2764459848614298,0,Instructed
461,61,0,0.31342316677512155,0.39544756150181815,0,Instructed
462,62,0,0.15312364629669137,0.4114928234610844,0,Instructed
463,63,0,0.556873712718664,0.39813445563466654,0,Instructed
464,64,0,0.910422852685671,0.2879339228685175,0,Instructed
465,65,0,0.5073249018200932,0.3613483107975298,0,Instructed
466,66,0,0.8296777880737518,0.3749577526068266,0,Instructed
467,67,0,0.4224767047124447,0.35713715279428154,0,Instructed
468,68,0,0.9024420323933335,0.5233712480978001,0,Instructed
469,69,0,0.5195479510399678,0.31680458189942595,0,Instructed
470,70,0,0.9527119113649413,0.300326620424759,0,Instructed
471,71,0,0.5572572554477087,0.2356796715241945,0,Instructed
472,72,0,0.016720280523530195,0.6524027365481319,0,Instructed
473,73,0,0.49861823736715855,0.38957947493920486,0,Instructed
474,74,0,0.6051508434383556,0.4526027199990475,0,Instructed
475,75,0,0.6677519747866894,0.3563260059290725,0,Instructed
476,76,0,0.7827177211502312,0.3559419188578954,0,Instructed
477,77,0,0.18045398136348706,0.4066518771983124,0,Instructed
478,78,0,0.08957198986816324,0.4925016719275471,0,Instructed
479,79,0,0.634327346308022,0.37547612187545604,0,Instructed
480,80,0,0.8107986359452699,0.36319915974293226,0,Instructed
481,81,0,0.8798525335786795,0.4006701620686367,0,Instructed
482,82,0,0.38851543032025,0.49277863119356874,0,Instructed
483,83,0,0.9255800305256677,0.4394318168169848,0,Instructed
484,84,0,0.6683018789633715,0.40553824942120004,0,Instructed
485,85,0,0.41579472607411383,0.30644959270291766,0,Instructed
486,86,0,0.20062320427141372,0.40805327397894997,0,Instructed
487,87,0,0.7871496058414944,0.4422748724027681,0,Instructed
488,88,0,0.5226704198747127,0.2718932432959599,0,Instructed
489,89,0,0.8957908226969034,0.2539804138039696,0,Instructed
490,90,0,0.7402420793848677,0.3408731743178257,0,Instructed
491,91,0,0.24544134437410142,0.4171146845015026,0,Instructed
492,92,0,0.2795601392589871,0.40438316173019273,0,Instructed
493,93,0,0.637230690569667,0.4132828890399983,0,Instructed
494,94,0,0.7718263144790478,0.3865817734539545,0,Instructed
495,95,0,0.2904467133700137,0.41405250483743977,0,Instructed
496,96,0,0.4551468657145701,0.48664217510076757,0,Instructed
497,97,0,0.6404403087141473,0.43006060235609517,0,Instructed
498,98,0,0.4538490031882987,0.4952837323209792,0,Instructed
499,99,0,0.6744208422626715,0.29979753816741506,0,Instructed
500,100,0,0.2566704772799367,0.4033826187727554,0,Instructed
501,101,0,0.6566431499237685,0.3862725340634793,0,Instructed
502,102,0,0.6070909370323163,0.4495103684868853,0,Instructed
503,103,0,0.19926614280950564,0.39221817559478733,0,Instructed
504,104,0,0.7677965436446182,0.36651192873762034,0,Instructed
505,105,0,0.2844225112839238,0.34017142703719433,0,Instructed
506,106,0,0.8487719400007423,0.27649461410724224,0,Instructed
507,107,0,0.6750177275753082,0.3019420599230698,0,Instructed
508,108,0,0.8093893500805365,0.39022328660731576,0,Instructed
509,109,0,0.8830806449479003,0.2877589073832668,0,Instructed
510,110,0,0.32981845459848347,0.42030355086909665,0,Instructed
511,111,0,0.9125935063060933,0.4881210133445749,0,Instructed
512,112,0,0.4956084098065017,0.33096032395010205,0,Instructed
513,113,0,0.9459366002043461,0.27519155023732933,0,Instructed
514,114,0,0.591908421583231,0.39651310567587283,0,Instructed
515,115,0,0.24988121998973079,0.3982004742535561,0,Instructed
516,116,0,0.26920936507854953,0.40575955842224654,0,Instructed
517,117,0,0.47565679306732556,0.47607234199637116,0,Instructed
518,118,0,0.33370361519754116,0.4691064251024359,0,Instructed
519,119,0,0.43839154143558023,0.36744455675832477,0,Instructed
520,120,0,0.5584463702335045,0.4082538891340272,0,Instructed
521,121,0,0.4842590784325988,0.3268882234613163,0,Instructed
522,122,0,0.8029636439376813,0.33479117971654726,0,Instructed
523,123,0,0.5796580511056743,0.36677595834207855,0,Instructed
524,124,0,0.18688302819586244,0.4528096070455715,0,Instructed
525,125,0,0.9683168467706347,0.3279050605931552,0,Instructed
526,126,0,0.5782876547960544,0.48531206452925013,0,Instructed
527,127,0,0.1416825201263072,0.44862546296003714,0,Instructed
528,128,0,0.4534340269637571,0.3445836293623182,0,Instructed
529,129,0,0.5104104017691651,0.45954445185249304,0,Instructed
530,130,0,0.7728865925893307,0.2298871452859645,0,Instructed
531,131,0,0.611038171379653,0.29519091250552887,0,Instructed
532,132,0,0.35854926423801986,0.3933971600900148,0,Instructed
533,133,0,0.7464201640267034,0.3409452328840159,0,Instructed
534,134,0,0.25417444903190206,0.33006576514435554,0,Instructed
535,135,0,0.2377994189171693,0.49869973844806403,0,Instructed
536,136,0,0.3565375426521857,0.4311006104240206,0,Instructed
537,137,0,0.5265812557606482,0.3259554824352021,0,Instructed
538,138,0,0.41140678237313616,0.37985928793632906,0,Instructed
539,139,0,0.925232605085358,0.2898383191658642,0,Instructed
540,140,0,0.6639143871786721,0.35654360241649474,0,Instructed
541,141,0,0.261434451245529,0.3137504560194251,0,Instructed
542,142,0,0.9523910909888229,0.393208671947875,0,Instructed
543,143,0,0.6084345586325446,0.27671157959131065,0,Instructed
544,144,0,0.09595446088188443,0.5387614077179325,0,Instructed
545,145,0,0.5559238742956019,0.36659885693690153,0,Instructed
546,146,0,0.38260572727482467,0.38071984243085366,0,Instructed
547,147,0,0.34181825151350953,0.4057393962412411,0,Instructed
548,148,0,0.4004305915249006,0.532797030560495,0,Instructed
549,149,0,0.5353407042695751,0.3662079277768474,0,Instructed
550,150,0,0.7393379420020547,0.32642990498789365,0,Instructed
551,151,0,0.4950279191876554,0.1959534145576809,0,Instructed
552,152,0,0.16127600645278578,0.41158504178551003,0,Instructed
553,153,0,0.5572155480905007,0.5084242122216984,0,Instructed
554,154,0,0.5986355269596618,0.37574097428177766,0,Instructed
555,155,0,0.20435127205397569,0.35648623079395525,0,Instructed
556,156,0,0.7533388256634228,0.3355983319224558,0,Instructed
557,157,0,0.49358662764016964,0.38994917547327046,0,Instructed
558,158,0,0.8072463364318929,0.3250890875110689,0,Instructed
559,159,0,0.45047272889775253,0.33831633813654505,0,Instructed
560,160,0,0.5338896796466746,0.4245671739544103,0,Instructed
561,161,0,0.5691377320287041,0.37913060864145476,0,Instructed
562,162,0,0.8723960568531892,0.42007300394084734,0,Instructed
563,163,0,0.5826680110479157,0.42112345882390523,0,Instructed
564,164,0,0.8773390347889953,0.33374466595846386,0,Instructed
565,165,0,0.4195968220633432,0.3773162873656848,0,Instructed
566,166,0,0.09413882130436321,0.5676226711880157,0,Instructed
567,167,0,0.04921436641875714,0.43267496473060585,0,Instructed
568,168,0,0.8558380266894057,0.29947582342634915,0,Instructed
569,169,0,0.6419692535721064,0.39189502221431094,0,Instructed
570,170,0,0.3392156388963634,0.35649013676664554,0,Instructed
571,171,0,0.1327271297527265,0.46594820380424373,0,Instructed
572,172,0,0.9641606519758352,0.32851641359639394,0,Instructed
573,173,0,0.10126343546875563,0.3548040311523849,0,Instructed
574,174,0,0.55909061039306,0.4176912438306425,0,Instructed
575,175,0,0.49895970572923676,0.2946186000173844,0,Instructed
576,176,0,0.5775933715149082,0.27703752189190256,0,Instructed
577,177,0,0.6138370671116381,0.4841333195377564,0,Instructed
578,178,0,0.35940999854891276,0.2986494619082386,0,Instructed
579,179,0,0.4675445116029502,0.3472661306369887,0,Instructed
580,180,0,0.5976707849659733,0.35190121913926886,0,Instructed
581,181,0,0.4019685012733135,0.2833677289784977,0,Instructed
582,182,0,0.8187804845866935,0.33554861001653113,0,Instructed
583,183,0,0.7081457864604255,0.4188927688441112,0,Instructed
584,184,0,0.5705381768973579,0.4299555358734291,0,Instructed
585,185,0,0.6225636830861012,0.40739314079890576,0,Instructed
586,186,0,0.6866454174183889,0.47879199791115745,0,Instructed
587,187,0,0.8792136710399946,0.3010518162849621,0,Instructed
588,188,0,0.9095624018674859,0.2689187087784032,0,Instructed
589,189,0,0.9670176038837255,0.39211190462335027,0,Instructed
590,190,0,0.45091696362674205,0.3371679160580848,0,Instructed
591,191,0,0.4888368732706568,0.37736154870859207,0,Instructed
592,192,0,0.9808779389919036,0.29550476741403164,0,Instructed
593,193,0,0.0630763130004578,0.4429087725225649,0,Instructed
594,194,0,0.45693805295681,0.3753267091264073,0,Instructed
595,195,0,0.45418462610247184,0.6052364525815748,0,Instructed
596,196,0,0.7265349388639866,0.23263755800070035,0,Instructed
597,197,0,0.6108328768084366,0.32918547758793676,0,Instructed
598,198,0,0.5326611794814818,0.36370031037532025,0,Instructed
599,199,0,0.7605693815499674,0.4649593893619631,0,Instructed
600,0,0,0.25665361922274416,0.46250375817381484,1,Blocked
601,1,0,0.5141667203422233,0.4595377323957322,1,Blocked
602,2,0,0.5593887585449138,0.6701851026465918,1,Blocked
603,3,0,0.32470171768896955,0.7080427178576674,1,Blocked
604,4,0,0.8703091641345702,0.5230668106225076,1,Blocked
605,5,0,0.09152157942220353,0.54424766782866,1,Blocked
606,6,0,0.08674410028731915,0.5877094715643413,1,Blocked
607,7,0,0.4287968083673901,0.5413849262319536,1,Blocked
608,8,0,0.2687160730274651,0.5769500696520413,1,Blocked
609,9,0,0.4545221683835312,0.407797429245247,1,Blocked
610,10,0,0.4940778612276254,0.556540689392316,1,Blocked
611,11,0,0.5811762293356016,0.5743909953154379,1,Blocked
612,12,0,0.4422851696269222,0.7643782351293904,1,Blocked
613,13,0,0.3594271527536425,0.40082852966667926,1,Blocked
614,14,0,0.4197746733301588,0.5257885005941546,1,Blocked
615,15,0,0.40822789919973446,0.5658578308346679,1,Blocked
616,16,0,0.5511325125108145,0.5075354948536375,1,Blocked
617,17,0,0.40199806938276667,0.5362568758879716,1,Blocked
618,18,0,0.443125018270335,0.3994577243092,1,Blocked
619,19,0,0.47666752773353854,0.49829748168993027,1,Blocked
620,20,0,0.5197221950637837,0.3631719032726368,1,Blocked
621,21,0,0.6771684163096139,0.4670174950584224,1,Blocked
622,22,0,0.33301819931723947,0.4308967619409465,1,Blocked
623,23,0,0.7285164190238853,0.33933125909989553,1,Blocked
624,24,0,0.6645437007401838,0.44897924710733383,1,Blocked
625,25,0,0.6704944120941599,0.33744847850980786,1,Blocked
626,26,0,0.7020066971464021,0.3797041420412537,1,Blocked
627,27,0,0.7449691113299612,0.4363223353565857,1,Blocked
628,28,0,0.22125165633632088,0.49636455066662155,1,Blocked
629,29,0,0.585277849360611,0.3313286760585604,1,Blocked
630,30,0,0.5114972220411913,0.4883023118933352,1,Blocked
631,31,0,0.4167039744787219,0.33906663337833814,1,Blocked
632,32,0,0.5974823579909716,0.47896868488718114,1,Blocked
633,33,0,0.6319976922795826,0.3725737370109256,1,Blocked
634,34,0,0.31482783407130305,0.6206461264971954,1,Blocked
635,35,0,0.4754300365636625,0.42790588807998176,1,Blocked
636,36,0,0.7681524615778679,0.47437393887863216,1,Blocked
637,37,0,0.7003532709170894,0.32095774350610984,1,Blocked
638,38,0,0.44753766595877065,0.3551486814083087,1,Blocked
639,39,0,0.5877724215915683,0.5149305548341906,1,Blocked
640,40,0,0.45277779506682675,0.3918416261041572,1,Blocked
641,41,0,0.7119102183859537,0.2972473814319674,1,Blocked
642,42,0,0.15726293518279444,0.5672958311545234,1,Blocked
643,43,0,0.9093415502208579,0.34631744947704046,1,Blocked
644,44,0,0.9437435065610321,0.4114875023782931,1,Blocked
645,45,0,0.3479864778537338,0.536331744897063,1,Blocked
646,46,0,0.7996303467632189,0.47335255173398805,1,Blocked
647,47,0,0.15574140419198707,0.41712779419892326,1,Blocked
648,48,0,0.8239375222934369,0.3737989058046771,1,Blocked
649,49,0,0.5560051829549806,0.4928224709762753,1,Blocked
650,50,0,0.7260642186052549,0.5144851778676693,1,Blocked
651,51,0,0.07653680667857546,0.4894827977040457,1,Blocked
652,52,0,0.022630702020088433,0.46410779928188994,1,Blocked
653,53,0,0.2814607552209982,0.5099900064877391,1,Blocked
654,54,0,0.857023393859129,0.4923775088447128,1,Blocked
655,55,0,0.08438860977702464,0.45467831262062947,1,Blocked
656,56,0,0.05262070284613135,0.5542656312774018,1,Blocked
657,57,0,0.16232649591278453,0.5035041866176423,1,Blocked
658,58,0,0.8837917075636867,0.4876007163731516,1,Blocked
659,59,0,0.5734291788959378,0.382788672291726,1,Blocked
660,60,0,0.6133874951140951,0.4068051671920262,1,Blocked
661,61,0,0.4257748302333231,0.3449307302251483,1,Blocked
662,62,0,0.41025933024498995,0.35994709326875185,1,Blocked
663,63,0,0.5997502355425148,0.4868172574477772,1,Blocked
664,64,0,0.8020296865795705,0.4627039690347162,1,Blocked
665,65,0,0.33016713784561463,0.454101988983655,1,Blocked
666,66,0,0.5275134908592397,0.3351320975246555,1,Blocked
667,67,0,0.789417204972553,0.37533362725130953,1,Blocked
668,68,0,0.642314623596649,0.4124773925957279,1,Blocked
669,69,0,0.6711762182109493,0.26637782209749505,1,Blocked
670,70,0,0.9434608865925096,0.38389584074778693,1,Blocked
671,71,0,0.9009729159817783,0.5114161169433407,1,Blocked
672,72,0,0.1977376586205068,0.4276301056011837,1,Blocked
673,73,0,0.7431843387608683,0.4131100967426262,1,Blocked
674,74,0,0.8443776806124639,0.28858329244414976,1,Blocked
675,75,0,0.1989514470546277,0.4590003921648713,1,Blocked
676,76,0,0.6498790403068532,0.42100042040541197,1,Blocked
677,77,0,0.8190428195432462,0.4298609857724084,1,Blocked
678,78,0,0.48036654599191764,0.3938130762591556,1,Blocked
679,79,0,0.8226436593756352,0.4824212664481174,1,Blocked
680,80,0,0.5406668217790076,0.4623946640815514,1,Blocked
681,81,0,0.4812681252962954,0.36248003897918524,1,Blocked
682,82,0,0.6483628905955416,0.41582717803738956,1,Blocked
683,83,0,0.8310295116318891,0.4746518360919606,1,Blocked
684,84,0,0.22319349347630885,0.42870605756485264,1,Blocked
685,85,0,0.4231000152456655,0.5460930338876986,1,Blocked
686,86,0,0.41521677730749723,0.42271331675501245,1,Blocked
687,87,0,0.3949090678550876,0.500241041592473,1,Blocked
688,88,0,0.48655883549699847,0.2842988936395544,1,Blocked
689,89,0,0.7590805396798908,0.370800187042145,1,Blocked
690,90,0,0.5797938261637334,0.3146500476126175,1,Blocked
691,91,0,0.4703358634975586,0.4176286951959709,1,Blocked
692,92,0,0.5188897340428157,0.29534234700478423,1,Blocked
693,93,0,0.7338097829340967,0.31574182808355833,1,Blocked
694,94,0,0.2187257224672632,0.43909284117924136,1,Blocked
695,95,0,0.2495298693356675,0.2983617515666067,1,Blocked
696,96,0,0.20402738658260045,0.5047909282143622,1,Blocked
697,97,0,0.491138300469446,0.45434821463188646,1,Blocked
698,98,0,0.4417322851041889,0.37891499948687773,1,Blocked
699,99,0,0.6434844141357281,0.33298902209916226,1,Blocked
700,100,0,0.536219796342026,0.447143896034516,1,Blocked
701,101,0,0.5949595077741928,0.2740202913368057,1,Blocked
702,102,0,0.7117093054861217,0.3241920665943653,1,Blocked
703,103,0,0.3074711537071369,0.32576055472050386,1,Blocked
704,104,0,0.32271206208651027,0.571216166008959,1,Blocked
705,105,0,0.8325257029627813,0.3880013275438188,1,Blocked
706,106,0,0.527960521990469,0.3152464382149404,1,Blocked
707,107,0,0.8897900211276026,0.4770658468630694,1,Blocked
708,108,0,0.5253365123397965,0.38172242836338727,1,Blocked
709,109,0,0.9924949363840103,0.38711231791598966,1,Blocked
710,110,0,0.9991362603719989,0.38683209427338927,1,Blocked
711,111,0,0.7687491628639831,0.32413658038999005,1,Blocked
712,112,0,0.9605747228766941,0.2712011099225216,1,Blocked
713,113,0,0.9290444452258497,0.47610372087357233,1,Blocked
714,114,0,0.7274222844784533,0.387265382524563,1,Blocked
715,115,0,0.8389567936214606,0.5174253578762171,1,Blocked
716,116,0,0.5824079186733103,0.3789772534908289,1,Blocked
717,117,0,0.6281325699577107,0.45093643888195833,1,Blocked
718,118,0,0.9818432542130864,0.3786338203920625,1,Blocked
719,119,0,0.9770770694500495,0.2711719359052264,1,Blocked
720,120,0,0.4953754033009309,0.5037535079093711,1,Blocked
721,121,0,0.505063568226944,0.3501955475903651,1,Blocked
722,122,0,0.494533139614951,0.37122225615167426,1,Blocked
723,123,0,0.5047422071379063,0.363792756144494,1,Blocked
724,124,0,0.01785410726231538,0.46732458966921403,1,Blocked
725,125,0,0.4901201352059199,0.4069940111382214,1,Blocked
726,126,0,0.20645523171992364,0.3584530127358512,1,Blocked
727,127,0,0.6245611448888437,0.37694004348080873,1,Blocked
728,128,0,0.4156629435216267,0.2962157477337194,1,Blocked
729,129,0,0.5821268108764966,0.5068930649422538,1,Blocked
730,130,0,0.3929339118382925,0.3226521876828705,1,Blocked
731,131,0,0.28628053315727775,0.43634481280563253,1,Blocked
732,132,0,0.51955356885124,0.3293906230869901,1,Blocked
733,133,0,0.47752170570168656,0.3345314425183613,1,Blocked
734,134,0,0.6165039320005345,0.34855617972779396,1,Blocked
735,135,0,0.5289339172322547,0.3925290502770007,1,Blocked
736,136,0,0.3714721406267587,0.2690207977640048,1,Blocked
737,137,0,0.26871092274889913,0.2918228925045635,1,Blocked
738,138,0,0.21874949723630085,0.3899011484744586,1,Blocked
739,139,0,0.629713665817736,0.3062441620045463,1,Blocked
740,140,0,0.5311449024203252,0.22966084492430028,1,Blocked
741,141,0,0.33060253510866094,0.39415457178075886,1,Blocked
742,142,0,0.3077824161564352,0.25459179534128507,1,Blocked
743,143,0,0.28063800834562086,0.33345946850217056,1,Blocked
744,144,0,0.5032918335468545,0.44599536969651876,1,Blocked
745,145,0,0.6826529827541924,0.3571314753634608,1,Blocked
746,146,0,0.10415706463495855,0.35702986151746763,1,Blocked
747,147,0,0.9728967239814524,0.34978554826525715,1,Blocked
748,148,0,0.38874414680251557,0.3917386299922041,1,Blocked
749,149,0,0.150131004309058,0.34297885600452654,1,Blocked
750,150,0,0.7167522386810963,0.45606095845424865,1,Blocked
751,151,0,0.3089255282746418,0.5040039115574526,1,Blocked
752,152,0,0.8666178905367056,0.35760440007745226,1,Blocked
753,153,0,0.18675604592066097,0.3536360776708734,1,Blocked
754,154,0,0.4766032564074045,0.4252906540348339,1,Blocked
755,155,0,0.9201343252922438,0.4472737455079592,1,Blocked
756,156,0,0.8755763165296129,0.2833971545370047,1,Blocked
757,157,0,0.5659312966965491,0.34153122613140297,1,Blocked
758,158,0,0.9059715258211523,0.3690468527447205,1,Blocked
759,159,0,0.1744794835577729,0.40187031411096225,1,Blocked
760,160,0,0.4629635284344836,0.34323199669946197,1,Blocked
761,161,0,0.11948978322692261,0.34176729552545915,1,Blocked
762,162,0,0.5006398473260406,0.5355933564081639,1,Blocked
763,163,0,0.504138540531385,0.287787618405532,1,Blocked
764,164,0,0.13003888537925154,0.43956297230859964,1,Blocked
765,165,0,0.6224669858018091,0.38288634111328346,1,Blocked
766,166,0,0.6329820617454471,0.27728527051163904,1,Blocked
767,167,0,0.9401953139735749,0.3047082601195767,1,Blocked
768,168,0,0.7808819440195462,0.25134685796290673,1,Blocked
769,169,0,0.037127319870229644,0.5453623249434756,1,Blocked
770,170,0,0.40445646814150316,0.35377820967763696,1,Blocked
771,171,0,0.2182690053064491,0.33118010380654994,1,Blocked
772,172,0,0.7374334352329122,0.2453726531032637,1,Blocked
773,173,0,0.375995981727126,0.2650134785938772,1,Blocked
774,174,0,0.6574401704948524,0.3379748985439983,1,Blocked
775,175,0,0.8047970593489718,0.24664939890377546,1,Blocked
776,176,0,0.40980804581133295,0.4182666810039878,1,Blocked
777,177,0,0.7621814993744613,0.22533827275466645,1,Blocked
778,178,0,0.4589022359147194,0.3131857664740353,1,Blocked
779,179,0,0.8072598965562197,0.3166258407299514,1,Blocked
780,180,0,0.663841930920789,0.30252329251247434,1,Blocked
781,181,0,0.7151268653711851,0.25949409342918506,1,Blocked
782,182,0,0.9081628760013618,0.28426854659373013,1,Blocked
783,183,0,0.48132595919335763,0.37543890373242217,1,Blocked
784,184,0,0.47424139621908135,0.4565340246180808,1,Blocked
785,185,0,0.6107669378099229,0.20755575785228694,1,Blocked
786,186,0,0.6149491718570191,0.33159103759346575,1,Blocked
787,187,0,0.29453033051080924,0.2897811753151527,1,Blocked
788,188,0,0.5714887128569462,0.33736491303872096,1,Blocked
789,189,0,0.15963364152330836,0.4436130717709842,1,Blocked
790,190,0,0.47070850991500834,0.3432429775485196,1,Blocked
791,191,0,0.8703065000567212,0.4031795230465829,1,Blocked
792,192,0,0.5071613969485568,0.369006745541086,1,Blocked
793,193,0,0.20945383388304312,0.373339487622223,1,Blocked
794,194,0,0.01802484821585665,0.3830593721051153,1,Blocked
795,195,0,0.4960935526000277,0.48257398333084617,1,Blocked
796,196,0,0.5011471766736849,0.3255793822623917,1,Blocked
797,197,0,0.402916681546508,0.4608737771801535,1,Blocked
798,198,0,0.507853883709928,0.44765800800480193,1,Blocked
799,199,0,0.5435423157525505,0.4050662593629938,1,Blocked
800,0,0,0.08724536685740564,0.7969085741594377,1,Interleaved
801,1,0,0.8259850706550196,0.47093867478284734,1,Interleaved
802,2,0,0.6046451473048707,0.4917021635794739,1,Interleaved
803,3,0,0.13807073069708364,0.5909548178509955,1,Interleaved
804,4,0,0.6573950160281722,0.5162085763278973,1,Interleaved
805,5,0,0.7511457520498505,0.5185207077231223,1,Interleaved
806,6,0,0.4750032967991463,0.6023868206283167,1,Interleaved
807,7,0,0.6496009602717145,0.5569359432092635,1,Interleaved
808,8,0,0.251264783274746,0.4130583719603033,1,Interleaved
809,9,0,0.5073699404533947,0.42952415211106154,1,Interleaved
810,10,0,0.934904195414145,0.4047987132770536,1,Interleaved
811,11,0,0.09205030590052243,0.6674740781534851,1,Interleaved
812,12,0,0.6376291000770007,0.5124796110162265,1,Interleaved
813,13,0,0.5198031562938954,0.4153219867138128,1,Interleaved
814,14,0,0.41421302986754666,0.5010083805499158,1,Interleaved
815,15,0,0.0558896993803688,0.7200837005466634,1,Interleaved
816,16,0,0.4354648651499112,0.36776046244695904,1,Interleaved
817,17,0,0.33428854001133695,0.4952554151802746,1,Interleaved
818,18,0,0.11906257548685324,0.5881886510165777,1,Interleaved
819,19,0,0.36029378940503115,0.4806164905506546,1,Interleaved
820,20,0,0.6227876955051355,0.5083689987822122,1,Interleaved
821,21,0,0.4779120202391758,0.4367498930737168,1,Interleaved
822,22,0,0.7111990615772347,0.42370340483066204,1,Interleaved
823,23,0,0.37567746938008073,0.5333532147076709,1,Interleaved
824,24,0,0.7405771379865476,0.5094255058224684,1,Interleaved
825,25,0,0.5468794074025156,0.41101336119222076,1,Interleaved
826,26,0,0.5835811397658798,0.5333983612548711,1,Interleaved
827,27,0,0.4553231185684347,0.4429381013144321,1,Interleaved
828,28,0,0.9057661459665103,0.45471197385800954,1,Interleaved
829,29,0,0.4049366057025622,0.4827684682422445,1,Interleaved
830,30,0,0.3761409399270671,0.4843476271383562,1,Interleaved
831,31,0,0.38646900230791426,0.5337417126037682,1,Interleaved
832,32,0,0.4638228658989499,0.36966116933231946,1,Interleaved
833,33,0,0.7647040994859688,0.34636537538676954,1,Interleaved
834,34,0,0.3796411245867213,0.5265135579037237,1,Interleaved
835,35,0,0.8248089270581782,0.35744628011423896,1,Interleaved
836,36,0,0.5432013297179806,0.402685234581565,1,Interleaved
837,37,0,0.5487024092165225,0.5208001664910662,1,Interleaved
838,38,0,0.5104351613583287,0.4853963543035879,1,Interleaved
839,39,0,0.29361591220774363,0.4552285776068066,1,Interleaved
840,40,0,0.3797952080890444,0.5976726275248804,1,Interleaved
841,41,0,0.4462820636161892,0.5078260798851278,1,Interleaved
842,42,0,0.5901516133045804,0.35770589371083616,1,Interleaved
843,43,0,0.7890994355593224,0.42327137004442766,1,Interleaved
844,44,0,0.6736341357882704,0.37022484654457427,1,Interleaved
845,45,0,0.48440620975365023,0.39228189400014235,1,Interleaved
846,46,0,0.32120417588929623,0.446062164736324,1,Interleaved
847,47,0,0.6378639090838917,0.4945211250834457,1,Interleaved
848,48,0,0.47866494303379137,0.41471800419762883,1,Interleaved
849,49,0,0.5225216533970558,0.4868740193418841,1,Interleaved
850,50,0,0.654499448202223,0.4788679449742512,1,Interleaved
851,51,0,0.6041568034193658,0.42303529390527517,1,Interleaved
852,52,0,0.6512862661416693,0.3908785473066475,1,Interleaved
853,53,0,0.5184364301875376,0.42473563449184093,1,Interleaved
854,54,0,0.7319581917312459,0.4142440532066818,1,Interleaved
855,55,0,0.9814417390052084,0.5312654283754976,1,Interleaved
856,56,0,0.06923201038517315,0.32107255506960236,1,Interleaved
857,57,0,0.5354010765387195,0.4906515945063689,1,Interleaved
858,58,0,0.2352727121670495,0.5120709582406568,1,Interleaved
859,59,0,0.05874331731578559,0.418634647837937,1,Interleaved
860,60,0,0.3333860908831843,0.5034160181349434,1,Interleaved
861,61,0,0.7517924791827779,0.40144392755115677,1,Interleaved
862,62,0,0.5039204545236422,0.4178577672992536,1,Interleaved
863,63,0,0.5251906157630966,0.343786282404957,1,Interleaved
864,64,0,0.5703902175748746,0.37368811221912646,1,Interleaved
865,65,0,0.5633757450314916,0.40283504207798115,1,Interleaved
866,66,0,0.6097646565481019,0.36606093845630994,1,Interleaved
867,67,0,0.7819209354710841,0.5453263857094237,1,Interleaved
868,68,0,0.4891099362741713,0.4848785253296831,1,Interleaved
869,69,0,0.2717740064163389,0.47487740133445244,1,Interleaved
870,70,0,0.5825807345177201,0.5936099492942469,1,Interleaved
871,71,0,0.49963171548885144,0.428832667128534,1,Interleaved
872,72,0,0.6650364479779785,0.4204205184849369,1,Interleaved
873,73,0,0.24521054643394052,0.4393847689343503,1,Interleaved
874,74,0,0.43409822418741495,0.5373958358332992,1,Interleaved
875,75,0,0.6039002495203878,0.35440282069332374,1,Interleaved
876,76,0,0.571916211332385,0.44950392064526107,1,Interleaved
877,77,0,0.8629410706329903,0.36777547451170767,1,Interleaved
878,78,0,0.8053174428357993,0.3760214941328942,1,Interleaved
879,79,0,0.8321132908299248,0.45150195491401157,1,Interleaved
880,80,0,0.6999165338102429,0.30776801663368314,1,Interleaved
881,81,0,0.878433126616335,0.4315902424969009,1,Interleaved
882,82,0,0.35051190536563326,0.4605026702352417,1,Interleaved
883,83,0,0.15966056107622748,0.5871529203848601,1,Interleaved
884,84,0,0.4642531849898712,0.35719726693682097,1,Interleaved
885,85,0,0.8153313148363636,0.3847128418089862,1,Interleaved
886,86,0,0.42822375934090634,0.4699879637909604,1,Interleaved
887,87,0,0.6712537011142647,0.545683647410731,1,Interleaved
888,88,0,0.9741009195938035,0.31450932110904073,1,Interleaved
889,89,0,0.06992333339254993,0.5964860128471244,1,Interleaved
890,90,0,0.3647814972455655,0.5048929808440074,1,Interleaved
891,91,0,0.602097140326551,0.38622783500105773,1,Interleaved
892,92,0,0.8360234847973849,0.3892991904597947,1,Interleaved
893,93,0,0.796645324341063,0.2786569209993083,1,Interleaved
894,94,0,0.3636532310292743,0.46498374062013725,1,Interleaved
895,95,0,0.4255437617929375,0.483598185246787,1,Interleaved
896,96,0,0.7403846228701985,0.6033861339020958,1,Interleaved
897,97,0,0.250890126993896,0.527309043855972,1,Interleaved
898,98,0,0.6395009748757791,0.3569503866742715,1,Interleaved
899,99,0,0.5500642308075063,0.23711662712446974,1,Interleaved
900,100,0,0.8196851174648931,0.23819842114136686,1,Interleaved
901,101,0,0.42126116550483184,0.5460019460252197,1,Interleaved
902,102,0,0.6586300155502604,0.29282148244842565,1,Interleaved
903,103,0,0.5050011269848427,0.3424230923319229,1,Interleaved
904,104,0,0.7960938613013946,0.3124609125073833,1,Interleaved
905,105,0,0.5727335371119906,0.7479414319877711,1,Interleaved
906,106,0,0.6726860061614313,0.2908526382494141,1,Interleaved
907,107,0,0.4814199330897216,0.26592120710509415,1,Interleaved
908,108,0,0.9524727872390233,0.25163872341697335,1,Interleaved
909,109,0,0.4859613175383787,0.4633596572011005,1,Interleaved
910,110,0,0.9067587962976633,0.3208756938188494,1,Interleaved
911,111,0,0.43982134867719613,0.4255481185878787,1,Interleaved
912,112,0,0.9681701441302315,0.2636077132589225,1,Interleaved
913,113,0,0.5705027911911182,0.4265509920423811,1,Interleaved
914,114,0,0.9713240284234079,0.31575409353482625,1,Interleaved
915,115,0,0.3631449919037127,0.43930009694258904,1,Interleaved
916,116,0,0.9678862468123761,0.3666890120881951,1,Interleaved
917,117,0,0.5579950065612248,0.3276744603348599,1,Interleaved
918,118,0,0.9248480868742024,0.40049824647435994,1,Interleaved
919,119,0,0.540109710544672,0.48710555214849915,1,Interleaved
920,120,0,0.8706746692881893,0.3641803433455364,1,Interleaved
921,121,0,0.3966628935133022,0.34077047949782824,1,Interleaved
922,122,0,0.8988254405487314,0.33806880965299924,1,Interleaved
923,123,0,0.6328258544725256,0.3442632719477233,1,Interleaved
924,124,0,0.07180923671500551,0.3768313594139602,1,Interleaved
925,125,0,0.276723394884923,0.3880816871563433,1,Interleaved
926,126,0,0.9239349601023762,0.34249915279136295,1,Interleaved
927,127,0,0.40642293147780095,0.37236143006324196,1,Interleaved
928,128,0,0.17240507225769175,0.5856606601520462,1,Interleaved
929,129,0,0.3034787071956701,0.3909398028511021,1,Interleaved
930,130,0,0.4204113405301637,0.49892472296426366,1,Interleaved
931,131,0,0.7642711202016335,0.3550746147147912,1,Interleaved
932,132,0,0.5669118869569274,0.41584298632530575,1,Interleaved
933,133,0,0.7005956969389981,0.2687264129286545,1,Interleaved
934,134,0,0.6926186992567949,0.4938498225650799,1,Interleaved
935,135,0,0.4273168867237739,0.4781005218436929,1,Interleaved
936,136,0,0.6775371681781233,0.2917074935952606,1,Interleaved
937,137,0,0.3688990982820727,0.5065106961154148,1,Interleaved
938,138,0,0.7339893526834284,0.20354411570036243,1,Interleaved
939,139,0,0.09008494465754598,0.5775858418027524,1,Interleaved
940,140,0,0.7890645975321136,0.21772376379539168,1,Interleaved
941,141,0,0.7379248124876616,0.4938378929176511,1,Interleaved
942,142,0,0.3760431051333317,0.4197887776015701,1,Interleaved
943,143,0,0.17337095297005697,0.361507343813815,1,Interleaved
944,144,0,0.6004400947684428,0.5473544417529553,1,Interleaved
945,145,0,0.37001611617193964,0.4346946579697959,1,Interleaved
946,146,0,0.6342046404882826,0.32102880816192614,1,Interleaved
947,147,0,0.6149088272980178,0.5502280269731534,1,Interleaved
948,148,0,0.88983193593159,0.37530340909039406,1,Interleaved
949,149,0,0.2063996180101963,0.44085998535225257,1,Interleaved
950,150,0,0.37845204159533813,0.36498104234940554,1,Interleaved
951,151,0,0.7263479031015752,0.40522144308735664,1,Interleaved
952,152,0,0.5960588247159118,0.43992812448370433,1,Interleaved
953,153,0,0.06593695310011101,0.398373398569693,1,Interleaved
954,154,0,0.37721213017795263,0.4447033351959044,1,Interleaved
955,155,0,0.8630850235084256,0.4139089367659719,1,Interleaved
956,156,0,0.559066702725381,0.34897873337563956,1,Interleaved
957,157,0,0.9256573913712098,0.3576604760670324,1,Interleaved
958,158,0,0.6961388782668292,0.4335309243747437,1,Interleaved
959,159,0,0.7745651121818362,0.348966532766784,1,Interleaved
960,160,0,0.9891042200255122,0.5050611364157509,1,Interleaved
961,161,0,0.9547098833321811,0.4002342439923846,1,Interleaved
962,162,0,0.7108840783420058,0.3708524601675347,1,Interleaved
963,163,0,0.5889561251823328,0.27443935963235194,1,Interleaved
964,164,0,0.37514943509025267,0.4357430659526302,1,Interleaved
965,165,0,0.9396574731494403,0.2699628415942562,1,Interleaved
966,166,0,0.4643246305966354,0.3698033857282017,1,Interleaved
967,167,0,0.33346230794379167,0.297845642070652,1,Interleaved
968,168,0,0.7730189594529986,0.2922094113565427,1,Interleaved
969,169,0,0.713123548753813,0.286677333003159,1,Interleaved
970,170,0,0.42915113609032596,0.28250740846202516,1,Interleaved
971,171,0,0.9519537933742149,0.3099147503524945,1,Interleaved
972,172,0,0.5010756152513893,0.5042418213864718,1,Interleaved
973,173,0,0.8577905105295751,0.29660350270542707,1,Interleaved
974,174,0,0.5174938275141646,0.43529339475195195,1,Interleaved
975,175,0,0.49635686937127416,0.40238157674162967,1,Interleaved
976,176,0,0.1747047859128296,0.4191514623915964,1,Interleaved
977,177,0,0.9385452247939345,0.2660266650455594,1,Interleaved
978,178,0,0.9604180147342942,0.4043424919863702,1,Interleaved
979,179,0,0.4818458234158827,0.32717297641885856,1,Interleaved
980,180,0,0.9452838069897358,0.38269744526022076,1,Interleaved
981,181,0,0.6006854162309425,0.5899631140171856,1,Interleaved
982,182,0,0.8797207787370073,0.46174098822914855,1,Interleaved
983,183,0,0.2880906448291472,0.6248539491464038,1,Interleaved
984,184,0,0.7154751946893313,0.393243541657305,1,Interleaved
985,185,0,0.6312283449429217,0.3718553009443396,1,Interleaved
986,186,0,0.6590240620904845,0.4578102170928822,1,Interleaved
987,187,0,0.7971745862195758,0.6520269211413459,1,Interleaved
988,188,0,0.46277893880522036,0.34840527918161207,1,Interleaved
989,189,0,0.4126067258401448,0.4195567136972022,1,Interleaved
990,190,0,0.5401214891605493,0.43891393407857393,1,Interleaved
991,191,0,0.6854963823699486,0.37858206968753727,1,Interleaved
992,192,0,0.6936377593184735,0.3942608171362989,1,Interleaved
993,193,0,0.9567341068386115,0.37906730650619674,1,Interleaved
994,194,0,0.8600943814028388,0.3194866323110911,1,Interleaved
995,195,0,0.7017394667794555,0.3745391337714268,1,Interleaved
996,196,0,0.836221856696185,0.3191485110892489,1,Interleaved
997,197,0,0.5187174224321337,0.3394105481866704,1,Interleaved
998,198,0,0.009345186017906418,0.5075263251675219,1,Interleaved
999,199,0,0.6760639483437005,0.4117804884788112,1,Interleaved
1000,0,0,0.3889231337467203,0.7070028455868964,1,Instructed
1001,1,0,0.2896075967083901,0.6580729011491013,1,Instructed
1002,2,0,0.5221163280644064,0.4954703411984101,1,Instructed
1003,3,0,0.5916066601802585,0.5124877277685915,1,Instructed
1004,4,0,0.6305177742981939,0.4672853190504458,1,Instructed
1005,5,0,0.6276442647343251,0.4728604767101552,1,Instructed
1006,6,0,0.6701125368050875,0.576030930056981,1,Instructed
1007,7,0,0.5541160432411343,0.4651060951109365,1,Instructed
1008,8,0,0.6302101206539195,0.4462036677453015,1,Instructed
1009,9,0,0.7359907388650124,0.4331529768726654,1,Instructed
1010,10,0,0.6200401377238456,0.4477659390462208,1,Instructed
1011,11,0,0.7188465021898589,0.37378542012088534,1,Instructed
1012,12,0,0.45328186438071033,0.4375829742796457,1,Instructed
1013,13,0,0.7856339914669563,0.4220927134482447,1,Instructed
1014,14,0,0.7006734325306974,0.43121739557965955,1,Instructed
1015,15,0,0.7773905882508382,0.4911780046379316,1,Instructed
1016,16,0,0.4583972896494806,0.46684462609347055,1,Instructed
1017,17,0,0.9952798001258194,0.39946839511241994,1,Instructed
1018,18,0,0.5094533168777253,0.4670576289588659,1,Instructed
1019,19,0,0.9628996555101312,0.3579185307415639,1,Instructed
1020,20,0,0.6705470032203475,0.333740872361332,1,Instructed
1021,21,0,0.14399732297607054,0.28645626289482945,1,Instructed
1022,22,0,0.7721108542592898,0.44685636400559714,1,Instructed
1023,23,0,0.9348873864080064,0.3522081880408675,1,Instructed
1024,24,0,0.6527571794283387,0.3245972526313842,1,Instructed
1025,25,0,0.9737811259902661,0.4029232539199771,1,Instructed
1026,26,0,0.20490719205047994,0.5353334613043738,1,Instructed
1027,27,0,0.049237241586953535,0.4039778396253475,1,Instructed
1028,28,0,0.18643802448749183,0.4972457894005422,1,Instructed
1029,29,0,0.3654065611333355,0.35393547617611976,1,Instructed
1030,30,0,0.8287483798669142,0.4066766713197712,1,Instructed
1031,31,0,0.6111092768259159,0.40686911008210364,1,Instructed
1032,32,0,0.8685562209983138,0.2756309507624861,1,Instructed
1033,33,0,0.30994936190197886,0.3885510857227913,1,Instructed
1034,34,0,0.18502857220431337,0.3739118794126254,1,Instructed
1035,35,0,0.7542389089692743,0.3761073610357548,1,Instructed
1036,36,0,0.238766552018619,0.46307027747872165,1,Instructed
1037,37,0,0.915114038938123,0.21512214973774546,1,Instructed
1038,38,0,0.7849592513620075,0.44323706177217,1,Instructed
1039,39,0,0.8840034663739509,0.36424401558146385,1,Instructed
1040,40,0,0.1559027231412389,0.49673571157094243,1,Instructed
1041,41,0,0.7935664843310088,0.3511690676414585,1,Instructed
1042,42,0,0.10892785762120294,0.3890477940970222,1,Instructed
1043,43,0,0.9574604862000402,0.32399858750378063,1,Instructed
1044,44,0,0.28815503675398774,0.3493263779140806,1,Instructed
1045,45,0,0.12248680569120363,0.5061605301339054,1,Instructed
1046,46,0,0.7545071356223639,0.3666490947056964,1,Instructed
1047,47,0,0.8446652652957015,0.23205097994288598,1,Instructed
1048,48,0,0.7016459196754762,0.3240304919140321,1,Instructed
1049,49,0,0.5730852557665223,0.40876589009011366,1,Instructed
1050,50,0,0.381927218069258,0.35805880593633554,1,Instructed
1051,51,0,0.7374072801322276,0.35021351142871043,1,Instructed
1052,52,0,0.5877858689794716,0.4959685820419723,1,Instructed
1053,53,0,0.6704152969909736,0.36486976575442065,1,Instructed
1054,54,0,0.7172494224925061,0.5828883931841646,1,Instructed
1055,55,0,0.36853493485230937,0.4180568093273541,1,Instructed
1056,56,0,0.33732759832321074,0.3083250636743092,1,Instructed
1057,57,0,0.9379677730794421,0.4799153022306322,1,Instructed
1058,58,0,0.14440767842285257,0.4723542927711126,1,Instructed
1059,59,0,0.37010429544762496,0.3431508227783514,1,Instructed
1060,60,0,0.5930897093569768,0.3062339083592588,1,Instructed
1061,61,0,0.17348945022289386,0.36583669371526195,1,Instructed
1062,62,0,0.7843999997653678,0.4380632270684758,1,Instructed
1063,63,0,0.6082945995864775,0.32476344652721545,1,Instructed
1064,64,0,0.1481039247494922,0.5612880092588557,1,Instructed
1065,65,0,0.6837042949891977,0.32113974302673354,1,Instructed
1066,66,0,0.5591784999345446,0.5736540822155154,1,Instructed
1067,67,0,0.6202288892761431,0.5296530159131079,1,Instructed
1068,68,0,0.49512455952433126,0.485726987300574,1,Instructed
1069,69,0,0.49354122993878735,0.5142667320312626,1,Instructed
1070,70,0,0.9165072129933909,0.3809080609401714,1,Instructed
1071,71,0,0.2882590954702,0.4550732629731211,1,Instructed
1072,72,0,0.7629210789772283,0.3788084322888785,1,Instructed
1073,73,0,0.7897136367030166,0.4990489378570082,1,Instructed
1074,74,0,0.33907553943795554,0.43368922510738483,1,Instructed
1075,75,0,0.9980131853938499,0.520051768400618,1,Instructed
1076,76,0,0.7044267200511565,0.3727067292354732,1,Instructed
1077,77,0,0.06974472907412077,0.6043793607439123,1,Instructed
1078,78,0,0.8173470005729729,0.32660682379665984,1,Instructed
1079,79,0,0.34850132950172513,0.39332165370226013,1,Instructed
1080,80,0,0.7636558460836339,0.45009086003151566,1,Instructed
1081,81,0,0.46425383809837084,0.43138530013694043,1,Instructed
1082,82,0,0.9270826937872789,0.23256475285113676,1,Instructed
1083,83,0,0.6964716883502593,0.3307604301642445,1,Instructed
1084,84,0,0.7657380334871435,0.2851928316189921,1,Instructed
1085,85,0,0.8722854812482245,0.41843661526408565,1,Instructed
1086,86,0,0.29400236060762797,0.4185482797181587,1,Instructed
1087,87,0,0.8707819759481404,0.3239140961601452,1,Instructed
1088,88,0,0.31447370870146907,0.4157661632307974,1,Instructed
1089,89,0,0.7576093131841318,0.27757090940113144,1,Instructed
1090,90,0,0.08987348201154162,0.5237043342285669,1,Instructed
1091,91,0,0.7696963707316051,0.4132919999040442,1,Instructed
1092,92,0,0.3533535159984529,0.4459722272240764,1,Instructed
1093,93,0,0.9454765846399306,0.22581645510092435,1,Instructed
1094,94,0,0.1717849203664156,0.3741381797820601,1,Instructed
1095,95,0,0.9567781716663489,0.32936514156723395,1,Instructed
1096,96,0,0.36321817685787333,0.42628641424292796,1,Instructed
1097,97,0,0.039642245470453065,0.6153540189029465,1,Instructed
1098,98,0,0.4754510988393375,0.3542845019833077,1,Instructed
1099,99,0,0.8925393345090076,0.4494644873942588,1,Instructed
1100,100,0,0.8283791087790592,0.3941437264528048,1,Instructed
1101,101,0,0.32119907106700124,0.44778383153270745,1,Instructed
1102,102,0,0.04764208043847276,0.40505018081833416,1,Instructed
1103,103,0,0.538807696601729,0.32280313010001116,1,Instructed
1104,104,0,0.21957264765009307,0.4277233877206478,1,Instructed
1105,105,0,0.31425078347071383,0.3069318777065382,1,Instructed
1106,106,0,0.5190359261403522,0.4072942319141267,1,Instructed
1107,107,0,0.5419962846318791,0.3842955145526951,1,Instructed
1108,108,0,0.8635037916766701,0.27370794334771875,1,Instructed
1109,109,0,0.21534120412531507,0.35714623733808154,1,Instructed
1110,110,0,0.7993317816476373,0.34485897104776,1,Instructed
1111,111,0,0.765043868266309,0.2856010619649397,1,Instructed
1112,112,0,0.7544019998377978,0.3324594748924213,1,Instructed
1113,113,0,0.9204536417224785,0.32517486073184215,1,Instructed
1114,114,0,0.4262870249871119,0.32444516693211783,1,Instructed
1115,115,0,0.6972305608734595,0.35278158629968,1,Instructed
1116,116,0,0.8869532690817115,0.34318472397741107,1,Instructed
1117,117,0,0.2476700203573319,0.35208884185693534,1,Instructed
1118,118,0,0.4186112854484247,0.3877595261550346,1,Instructed
1119,119,0,0.3829806388077633,0.33323190409651493,1,Instructed
1120,120,0,0.6029545494813979,0.3900277046286389,1,Instructed
1121,121,0,0.2580451710432114,0.4165866506367353,1,Instructed
1122,122,0,0.31625005838656556,0.3434754042285184,1,Instructed
1123,123,0,0.6336300880278078,0.3472830856000902,1,Instructed
1124,124,0,0.5340891469300388,0.38265783847301016,1,Instructed
1125,125,0,0.2250404076613228,0.37977791561806074,1,Instructed
1126,126,0,0.8647141565132771,0.38819016619765667,1,Instructed
1127,127,0,0.8322856445900575,0.37386519450938716,1,Instructed
1128,128,0,0.6759315162236161,0.29148189346297293,1,Instructed
1129,129,0,0.9565022919103037,0.2988142288527108,1,Instructed
1130,130,0,0.7413069980215579,0.3990418548893231,1,Instructed
1131,131,0,0.8111863342772712,0.3340391778388276,1,Instructed
1132,132,0,0.2661979704433037,0.4050540004616766,1,Instructed
1133,133,0,0.1645835976627519,0.4794459156416103,1,Instructed
1134,134,0,0.5024489209570425,0.3344368497459077,1,Instructed
1135,135,0,0.4432963298710726,0.3703288086457639,1,Instructed
1136,136,0,0.39699964525025266,0.4279736346991009,1,Instructed
1137,137,0,0.5826862408796261,0.44081477861355334,1,Instructed
1138,138,0,0.4933508261439627,0.44386047113049776,1,Instructed
1139,139,0,0.3680996381707963,0.3288327328820242,1,Instructed
1140,140,0,0.7835118420932639,0.37646556544957593,1,Instructed
1141,141,0,0.18556115560609784,0.43234316596939765,1,Instructed
1142,142,0,0.7324563469095682,0.2843389824803281,1,Instructed
1143,143,0,0.5950386721284011,0.34855886166517447,1,Instructed
1144,144,0,0.1806133893768036,0.3577965381793546,1,Instructed
1145,145,0,0.9279961432789614,0.376284231636664,1,Instructed
1146,146,0,0.8816479404650663,0.3279629187150117,1,Instructed
1147,147,0,0.5547716028206442,0.38963745462397703,1,Instructed
1148,148,0,0.30852468696936775,0.3266827039308546,1,Instructed
1149,149,0,0.48806629261561085,0.298153400308684,1,Instructed
1150,150,0,0.5252713544958694,0.3214711046271239,1,Instructed
1151,151,0,0.41549831064298837,0.46497545339690355,1,Instructed
1152,152,0,0.21533706566267283,0.3959215693109037,1,Instructed
1153,153,0,0.2957801035109476,0.3116690684749653,1,Instructed
1154,154,0,0.8747936441312728,0.28139281378711883,1,Instructed
1155,155,0,0.9460774606600695,0.24525143589758314,1,Instructed
1156,156,0,0.28632289314100334,0.31757009169966305,1,Instructed
1157,157,0,0.12474174909760136,0.44704585690312626,1,Instructed
1158,158,0,0.6535205775450439,0.3835160126403219,1,Instructed
1159,159,0,0.5626570825911793,0.28970714899732886,1,Instructed
1160,160,0,0.6016296562811458,0.3042132041554756,1,Instructed
1161,161,0,0.5196785933071674,0.35034751273381115,1,Instructed
1162,162,0,0.43903919968606503,0.3509172400990014,1,Instructed
1163,163,0,0.05762718230316869,0.3140495305341553,1,Instructed
1164,164,0,0.07637480879929485,0.4054664809888798,1,Instructed
1165,165,0,0.8514967409913466,0.34844582388867984,1,Instructed
1166,166,0,0.4507479512580303,0.3444579717140548,1,Instructed
1167,167,0,0.5481490384081964,0.29127703052626563,1,Instructed
1168,168,0,0.2970904716838461,0.25415861009865004,1,Instructed
1169,169,0,0.6028244776396755,0.48323857469001774,1,Instructed
1170,170,0,0.7211029343114386,0.3396066672569795,1,Instructed
1171,171,0,0.7239147152423813,0.3751523932382772,1,Instructed
1172,172,0,0.10097916374819182,0.31490462071456016,1,Instructed
1173,173,0,0.5813868466579424,0.5036068766219677,1,Instructed
1174,174,0,0.2344723629988607,0.40870922342281746,1,Instructed
1175,175,0,0.5833878259083306,0.2882423237894243,1,Instructed
1176,176,0,0.9183600404474164,0.35278283778848146,1,Instructed
1177,177,0,0.2871999749023256,0.35201420440633047,1,Instructed
1178,178,0,0.44977950713926096,0.24189771611677718,1,Instructed
1179,179,0,0.24861275456104862,0.30245443498300506,1,Instructed
1180,180,0,0.19282877033943524,0.3918298754034599,1,Instructed
1181,181,0,0.8138985469404161,0.3280445769938317,1,Instructed
1182,182,0,0.8158814017660354,0.407606225363409,1,Instructed
1183,183,0,0.9431271522242682,0.25750492854547236,1,Instructed
1184,184,0,0.9442838480810817,0.40225370164994234,1,Instructed
1185,185,0,0.41779259730860474,0.4358617068743009,1,Instructed
1186,186,0,0.1686897990652439,0.456804646765184,1,Instructed
1187,187,0,0.21231295814579768,0.40348265912566106,1,Instructed
1188,188,0,0.2892768067576281,0.31686374887687246,1,Instructed
1189,189,0,0.8288344732886921,0.33946536426606844,1,Instructed
1190,190,0,0.7333589670127526,0.2423606657894073,1,Instructed
1191,191,0,0.6008568836950431,0.23885108555372778,1,Instructed
1192,192,0,0.6791983980340952,0.32592363401696345,1,Instructed
1193,193,0,0.78634920791841,0.2359385237378012,1,Instructed
1194,194,0,0.6650669801205805,0.310704707790019,1,Instructed
1195,195,0,0.6665714550587329,0.326033899189109,1,Instructed
1196,196,0,0.9073096670676692,0.3783579547426754,1,Instructed
1197,197,0,0.9844184585467413,0.33459175660578233,1,Instructed
1198,198,0,0.5083589160795713,0.5185722334279868,1,Instructed
1199,199,0,0.16825840510868803,0.5173387923211428,1,Instructed
