,t,e_hat,Accuracy,pe,batch,Condition
0,0,0,0.7121064494039187,0.6411044257506433,0,Blocked
1,1,0,0.36716181446752916,0.7363827832919834,0,Blocked
2,2,0,0.6018333779003604,0.663473056543804,0,Blocked
3,3,0,0.6130999878598602,0.589606222637764,0,Blocked
4,4,0,0.2917603580998981,0.5967089439165478,0,Blocked
5,5,0,0.7857476635511444,0.3901869500550877,0,Blocked
6,6,0,0.3720753593744499,0.5320878489737388,0,Blocked
7,7,0,0.6600135339204457,0.36176862878165555,0,Blocked
8,8,0,0.37365279742096347,0.5783130705289182,0,Blocked
9,9,0,0.3920731517656293,0.45636196432893483,0,Blocked
10,10,0,0.5880177970487906,0.5178017683455708,0,Blocked
11,11,0,0.7813429334539965,0.3238718594672533,0,Blocked
12,12,0,0.2029681094957631,0.4611212899086095,0,Blocked
13,13,0,0.8128253369275131,0.46494027623374845,0,Blocked
14,14,0,0.2752104234147914,0.5762186813124525,0,Blocked
15,15,0,0.269579892445954,0.4756107307583456,0,Blocked
16,16,0,0.7699586268904701,0.4621411165925791,0,Blocked
17,17,0,0.7750276667107374,0.3733744394452449,0,Blocked
18,18,0,0.8053383129830989,0.44190480903862134,0,Blocked
19,19,0,0.804073875922062,0.4905643977531134,0,Blocked
20,20,0,0.19355355573190702,0.5709426053719212,0,Blocked
21,21,0,0.8083276119426539,0.4734020322748175,0,Blocked
22,22,0,0.7593503392931145,0.3726815360830373,0,Blocked
23,23,0,0.7724184735822721,0.4366542335503379,0,Blocked
24,24,0,0.8024633628893321,0.39417413025872816,0,Blocked
25,25,0,0.7346956136001053,0.3437712289539647,0,Blocked
26,26,0,0.2504257809408408,0.4359898026522774,0,Blocked
27,27,0,0.7856477501924926,0.4359073032238442,0,Blocked
28,28,0,0.728313557575246,0.4007208826369788,0,Blocked
29,29,0,0.8137109286506153,0.4711238547764678,0,Blocked
30,30,0,0.8466959190167526,0.5297348934835655,0,Blocked
31,31,0,0.3554529192870683,0.5467206522734718,0,Blocked
32,32,0,0.26197493226035845,0.47115620817623816,0,Blocked
33,33,0,0.7452738672902102,0.5629064131356621,0,Blocked
34,34,0,0.6335485130061971,0.3644933466372353,0,Blocked
35,35,0,0.5122468797991452,0.4146695413777255,0,Blocked
36,36,0,0.5517972922263449,0.40085597250241944,0,Blocked
37,37,0,0.5700784906892464,0.5606456569065031,0,Blocked
38,38,0,0.5916887413438902,0.4603651870754185,0,Blocked
39,39,0,0.5981183729135382,0.4132355510348994,0,Blocked
40,40,0,0.4653169355782578,0.3953837240437023,0,Blocked
41,41,0,0.3090826116157002,0.3978934058147775,0,Blocked
42,42,0,0.14381751701845208,0.6994358181596987,0,Blocked
43,43,0,0.3781008786349496,0.4370864987321334,0,Blocked
44,44,0,0.7139007079445492,0.30768524994104046,0,Blocked
45,45,0,0.07919102477123058,0.5406474224274929,0,Blocked
46,46,0,0.8545600560055251,0.45687869523108904,0,Blocked
47,47,0,0.269379047475403,0.42483371736342007,0,Blocked
48,48,0,0.22411078416211788,0.5061837768874008,0,Blocked
49,49,0,0.5612601876508181,0.6045259671264432,0,Blocked
50,50,0,0.32841252194994075,0.37760997796109785,0,Blocked
51,51,0,0.5900800263661574,0.4244169837733828,0,Blocked
52,52,0,0.3842965917673445,0.3245397306689566,0,Blocked
53,53,0,0.4791790587482606,0.6284288163304148,0,Blocked
54,54,0,0.12310167078373378,0.5005407464183329,0,Blocked
55,55,0,0.8399349734109469,0.4994476650556521,0,Blocked
56,56,0,0.12042022326274951,0.44699134496451837,0,Blocked
57,57,0,0.0866528426762289,0.6245380693747257,0,Blocked
58,58,0,0.17600066092361985,0.45392882210109264,0,Blocked
59,59,0,0.25622292232996813,0.5680387095043786,0,Blocked
60,60,0,0.5815029082740603,0.45318973609149305,0,Blocked
61,61,0,0.40041875205579547,0.5111813760179584,0,Blocked
62,62,0,0.45427997533116116,0.46825944223215143,0,Blocked
63,63,0,0.29776668952649904,0.5109995468726823,0,Blocked
64,64,0,0.2492330767131715,0.3801015752871792,0,Blocked
65,65,0,0.7596490251603834,0.5579774906432711,0,Blocked
66,66,0,0.3144819385024846,0.47116552661706945,0,Blocked
67,67,0,0.31159214171207855,0.44236055141744224,0,Blocked
68,68,0,0.6235681826594626,0.30825811937828707,0,Blocked
69,69,0,0.4768685204084737,0.4857049056990412,0,Blocked
70,70,0,0.4862759873251117,0.5037033079094302,0,Blocked
71,71,0,0.4499599773357814,0.5283647739590867,0,Blocked
72,72,0,0.40870168476468555,0.358413010051422,0,Blocked
73,73,0,0.3953695714932292,0.39560856861446286,0,Blocked
74,74,0,0.5078453612867051,0.3745983311863735,0,Blocked
75,75,0,0.3784232005781328,0.4423741245547681,0,Blocked
76,76,0,0.6419225804820115,0.38031043131939535,0,Blocked
77,77,0,0.6646615827678342,0.370386114019107,0,Blocked
78,78,0,0.30603129040455146,0.34859126662820594,0,Blocked
79,79,0,0.38217642131906815,0.5302085728896465,0,Blocked
80,80,0,0.4450517777926936,0.5564816180389698,0,Blocked
81,81,0,0.6417768763820694,0.39145239211561866,0,Blocked
82,82,0,0.4347143242875503,0.39199242041298155,0,Blocked
83,83,0,0.6721078692888548,0.5206910846199262,0,Blocked
84,84,0,0.6591692890821811,0.41721359501806904,0,Blocked
85,85,0,0.6205048252372041,0.3971159362384632,0,Blocked
86,86,0,0.7080129962764687,0.42526063227824795,0,Blocked
87,87,0,0.3735908977039091,0.4533530250814184,0,Blocked
88,88,0,0.6505218105314639,0.3215113847616595,0,Blocked
89,89,0,0.6412687352268837,0.4917160628645608,0,Blocked
90,90,0,0.6123122267471847,0.37960569544785183,0,Blocked
91,91,0,0.4253643294797231,0.4228354438307387,0,Blocked
92,92,0,0.6266069652297286,0.41656923505861887,0,Blocked
93,93,0,0.5964681531304687,0.30525773892009134,0,Blocked
94,94,0,0.5850833119490875,0.41202195113990725,0,Blocked
95,95,0,0.5948585541606961,0.37726026105374083,0,Blocked
96,96,0,0.6282228398982361,0.33884950017482984,0,Blocked
97,97,0,0.6413355475972214,0.41413671486431886,0,Blocked
98,98,0,0.6575396385549543,0.3802068838678022,0,Blocked
99,99,0,0.3042008108567702,0.44770883319450355,0,Blocked
100,100,0,0.392310698899626,0.5143481594342525,0,Blocked
101,101,0,0.5492465866651477,0.34000059560632623,0,Blocked
102,102,0,0.8079119904783729,0.42710223246365064,0,Blocked
103,103,0,0.6181448516853576,0.28604160408505264,0,Blocked
104,104,0,0.5510013004543287,0.3957933623424989,0,Blocked
105,105,0,0.5560425750463855,0.40256463989998237,0,Blocked
106,106,0,0.5833632039963799,0.4433365275497264,0,Blocked
107,107,0,0.6301562551474023,0.4241532917091001,0,Blocked
108,108,0,0.717092425699446,0.3627979245602353,0,Blocked
109,109,0,0.7713668389312378,0.32622146915657735,0,Blocked
110,110,0,0.47828616206099817,0.445850798697347,0,Blocked
111,111,0,0.7596354416800242,0.3799882750034372,0,Blocked
112,112,0,0.6169617001757725,0.4748571732693611,0,Blocked
113,113,0,0.7778365862472637,0.47455264296854627,0,Blocked
114,114,0,0.4521534036212962,0.5243426183910906,0,Blocked
115,115,0,0.6467007534084972,0.29153915085693205,0,Blocked
116,116,0,0.5741409242587938,0.35935180895566465,0,Blocked
117,117,0,0.6827446270957289,0.3711061679399187,0,Blocked
118,118,0,0.6595058547231283,0.5548439053871103,0,Blocked
119,119,0,0.6300503474537038,0.45927005095636625,0,Blocked
120,120,0,0.2876894410089633,0.4454289763259049,0,Blocked
121,121,0,0.320985396563484,0.4387562891836829,0,Blocked
122,122,0,0.5380119338170135,0.38983540207248407,0,Blocked
123,123,0,0.19951418951122596,0.41772909172834344,0,Blocked
124,124,0,0.3167372430513281,0.3521025228350785,0,Blocked
125,125,0,0.24415911757136044,0.48216482305245345,0,Blocked
126,126,0,0.3249023696543389,0.36572266441684737,0,Blocked
127,127,0,0.5073828487860338,0.3119476664036247,0,Blocked
128,128,0,0.49706083359542735,0.4767948457135727,0,Blocked
129,129,0,0.5165589334637262,0.43085217484247684,0,Blocked
130,130,0,0.48643158538642134,0.45347190362279843,0,Blocked
131,131,0,0.46008012214338834,0.3608197485025889,0,Blocked
132,132,0,0.30084247466839453,0.5334031370240286,0,Blocked
133,133,0,0.4970186358806745,0.4619067313025541,0,Blocked
134,134,0,0.2632050921135915,0.30914210767332034,0,Blocked
135,135,0,0.5514654066616783,0.45514888447928237,0,Blocked
136,136,0,0.27092929566616974,0.41227559939140823,0,Blocked
137,137,0,0.32641724383664106,0.43981519451881557,0,Blocked
138,138,0,0.7022599568714332,0.37918751096150394,0,Blocked
139,139,0,0.5161150879358134,0.48503062532894053,0,Blocked
140,140,0,0.4402520902220944,0.3286415324483875,0,Blocked
141,141,0,0.7864372504141449,0.31678588097268245,0,Blocked
142,142,0,0.6427417029521025,0.42982137684117394,0,Blocked
143,143,0,0.4062849022874361,0.3006645099079408,0,Blocked
144,144,0,0.6166685933104276,0.33150591810726493,0,Blocked
145,145,0,0.7786975017167197,0.40835940774549256,0,Blocked
146,146,0,0.6904251614011403,0.577240756555067,0,Blocked
147,147,0,0.5759993823786522,0.39526879970949047,0,Blocked
148,148,0,0.8063591903350897,0.3686879089730577,0,Blocked
149,149,0,0.5257451784436813,0.32240145193989905,0,Blocked
150,150,0,0.7568448886045118,0.34117370272164776,0,Blocked
151,151,0,0.28992226812035826,0.4042169362537832,0,Blocked
152,152,0,0.06157553917618569,0.6192256477654889,0,Blocked
153,153,0,0.3083939785074562,0.31192977517891773,0,Blocked
154,154,0,0.8964638974178314,0.2894472607355522,0,Blocked
155,155,0,0.69965614331719,0.38986888037451406,0,Blocked
156,156,0,0.19775810218842105,0.6192888407048828,0,Blocked
157,157,0,0.5304992760679643,0.33063777814615747,0,Blocked
158,158,0,0.20886426656686538,0.526860706810038,0,Blocked
159,159,0,0.23808595332570592,0.3720158643940584,0,Blocked
160,160,0,0.4762609690800298,0.3674127492441119,0,Blocked
161,161,0,0.5805544125547192,0.38148030340421546,0,Blocked
162,162,0,0.733243048371337,0.4005989188880057,0,Blocked
163,163,0,0.3382970657956693,0.3485347315394736,0,Blocked
164,164,0,0.5029066201211956,0.4022485705107252,0,Blocked
165,165,0,0.5931155353920962,0.3699742295964622,0,Blocked
166,166,0,0.1086432930658226,0.3776858662695678,0,Blocked
167,167,0,0.9559047209124454,0.49601985612317967,0,Blocked
168,168,0,0.6367243733593717,0.42741560920262034,0,Blocked
169,169,0,0.43407016156269695,0.3052147404375479,0,Blocked
170,170,0,0.5429106266674362,0.35120417898653844,0,Blocked
171,171,0,0.2650908330525144,0.5433637642538671,0,Blocked
172,172,0,0.5732743479513698,0.3952947283335837,0,Blocked
173,173,0,0.6655063102608128,0.500352304824502,0,Blocked
174,174,0,0.7972103609885176,0.2835750819414532,0,Blocked
175,175,0,0.40622967870586235,0.441335067119799,0,Blocked
176,176,0,0.3343927951149019,0.40528130852522026,0,Blocked
177,177,0,0.6440149929616278,0.29986362941169825,0,Blocked
178,178,0,0.8104877749539814,0.3672091294669924,0,Blocked
179,179,0,0.45457092107947206,0.35747061979854855,0,Blocked
180,180,0,0.47097692961997695,0.46231845635872837,0,Blocked
181,181,0,0.22181907638174259,0.355994843937144,0,Blocked
182,182,0,0.5001008034408658,0.45720954713870854,0,Blocked
183,183,0,0.2709062439581292,0.38051963020159685,0,Blocked
184,184,0,0.6014521332708711,0.40942288505757546,0,Blocked
185,185,0,0.471878583710002,0.326296217181053,0,Blocked
186,186,0,0.543753113855292,0.4134784145801597,0,Blocked
187,187,0,0.5731059682194105,0.36327459368020326,0,Blocked
188,188,0,0.6774696914828287,0.34435999743493373,0,Blocked
189,189,0,0.37997274232811395,0.4029125416823576,0,Blocked
190,190,0,0.06931146191544432,0.3368378672665822,0,Blocked
191,191,0,0.3322732733741177,0.3926405192120246,0,Blocked
192,192,0,0.7744911946115702,0.5045851645261776,0,Blocked
193,193,0,0.8551512756585433,0.438867751857646,0,Blocked
194,194,0,0.5361591889927007,0.3331453041245144,0,Blocked
195,195,0,0.21670399278705688,0.43188632179087616,0,Blocked
196,196,0,0.7076271556697333,0.3375401545078792,0,Blocked
197,197,0,0.8573055936993124,0.304569377915228,0,Blocked
198,198,0,0.4926896134823332,0.3793603411128544,0,Blocked
199,199,0,0.6822093533107597,0.3965447805089408,0,Blocked
200,0,0,0.23727702908622142,0.8475931050155731,0,Interleaved
201,1,0,0.22469323734640273,0.5993807943010195,0,Interleaved
202,2,0,0.752970825341962,0.4207720952678438,0,Interleaved
203,3,0,0.4126791754295929,0.6937760133858338,0,Interleaved
204,4,0,0.48909757526033787,0.5690316672987108,0,Interleaved
205,5,0,0.4989825041207599,0.6636958756632712,0,Interleaved
206,6,0,0.3455725665213917,0.7262673559613149,0,Interleaved
207,7,0,0.713647306855711,0.49788635129590597,0,Interleaved
208,8,0,0.2771053817138376,0.613252805774436,0,Interleaved
209,9,0,0.46405974584740195,0.5816368208206364,0,Interleaved
210,10,0,0.2550814038515342,0.6845972808612615,0,Interleaved
211,11,0,0.5881841356973692,0.5161297632579327,0,Interleaved
212,12,0,0.46970695759016406,0.4551362149986051,0,Interleaved
213,13,0,0.5380440720143833,0.524789015890908,0,Interleaved
214,14,0,0.10974917390794267,0.5612917258999691,0,Interleaved
215,15,0,0.4725383369832238,0.5658665868876516,0,Interleaved
216,16,0,0.42759040591374553,0.5176312374065933,0,Interleaved
217,17,0,0.4419495155116074,0.5238568894027503,0,Interleaved
218,18,0,0.23191339930371468,0.5601664460308864,0,Interleaved
219,19,0,0.5063088668134759,0.47477798692944095,0,Interleaved
220,20,0,0.3576501571115086,0.5787020466406594,0,Interleaved
221,21,0,0.6540733680425119,0.4044810165995989,0,Interleaved
222,22,0,0.3474599160647652,0.4909434930015356,0,Interleaved
223,23,0,0.4985788854185305,0.4914673317492494,0,Interleaved
224,24,0,0.34361450568522617,0.49316757442079306,0,Interleaved
225,25,0,0.5061955044108634,0.5800659151652243,0,Interleaved
226,26,0,0.5073572196707243,0.44557333927577447,0,Interleaved
227,27,0,0.4568647995395959,0.5602030804776403,0,Interleaved
228,28,0,0.3141593239868581,0.5647478040636783,0,Interleaved
229,29,0,0.4813511251988787,0.5433375500981429,0,Interleaved
230,30,0,0.5573675827135653,0.5342726736885423,0,Interleaved
231,31,0,0.5272157288635081,0.5744114944352501,0,Interleaved
232,32,0,0.836686579166941,0.44776199336641087,0,Interleaved
233,33,0,0.4582544931840119,0.41253383906285523,0,Interleaved
234,34,0,0.9174084668689381,0.44935975844197884,0,Interleaved
235,35,0,0.4723366126679706,0.486044924094433,0,Interleaved
236,36,0,0.8575900354014895,0.6505588928460412,0,Interleaved
237,37,0,0.5284458664744198,0.5034169571156857,0,Interleaved
238,38,0,0.9366093863351076,0.4490940826496356,0,Interleaved
239,39,0,0.4706337297722053,0.47691846398986865,0,Interleaved
240,40,0,0.10920555651117317,0.633243545677169,0,Interleaved
241,41,0,0.5453710690910517,0.6240379150519898,0,Interleaved
242,42,0,0.19931299757530369,0.5165951526091185,0,Interleaved
243,43,0,0.4869213052242155,0.5969353690003343,0,Interleaved
244,44,0,0.3022403472333539,0.5951127128052223,0,Interleaved
245,45,0,0.5390885772454039,0.4943616601280415,0,Interleaved
246,46,0,0.6479238118259325,0.5955637110856697,0,Interleaved
247,47,0,0.4580985893245316,0.45021157420738084,0,Interleaved
248,48,0,0.8304022437527008,0.33663521105929717,0,Interleaved
249,49,0,0.5134879617750263,0.5710587299953367,0,Interleaved
250,50,0,0.5203767351738696,0.48372808361989883,0,Interleaved
251,51,0,0.5899493116957347,0.5164392792138301,0,Interleaved
252,52,0,0.7648823118703301,0.4122264476643399,0,Interleaved
253,53,0,0.5933738894022238,0.6014890930094173,0,Interleaved
254,54,0,0.6940414555692845,0.5912170495554103,0,Interleaved
255,55,0,0.5114654238561238,0.6292872859788673,0,Interleaved
256,56,0,0.7356786544177703,0.41977058209260054,0,Interleaved
257,57,0,0.5710030766713625,0.49171740173528145,0,Interleaved
258,58,0,0.8230484217298636,0.48552215017376243,0,Interleaved
259,59,0,0.4078765805179249,0.5467892891681267,0,Interleaved
260,60,0,0.8063736774524501,0.4167566275448161,0,Interleaved
261,61,0,0.6295786910308303,0.5410841495447944,0,Interleaved
262,62,0,0.590747692130002,0.45477994113341447,0,Interleaved
263,63,0,0.46163254470380544,0.5432234206662523,0,Interleaved
264,64,0,0.8159130873065585,0.3970311446918766,0,Interleaved
265,65,0,0.462150275839309,0.54348786754668,0,Interleaved
266,66,0,0.41986720371251074,0.4073553545265066,0,Interleaved
267,67,0,0.4508810686653794,0.43917721323094727,0,Interleaved
268,68,0,0.19472364854447738,0.46476226700378187,0,Interleaved
269,69,0,0.38667772261308275,0.6133674952549809,0,Interleaved
270,70,0,0.45800001640241833,0.5303358752826931,0,Interleaved
271,71,0,0.5446068319667375,0.4410291782185959,0,Interleaved
272,72,0,0.32259445061949854,0.4360010536987463,0,Interleaved
273,73,0,0.5218164191492474,0.513736264964131,0,Interleaved
274,74,0,0.2739981281701104,0.38190520167878067,0,Interleaved
275,75,0,0.42969339658086814,0.4704744889659167,0,Interleaved
276,76,0,0.4395587323715022,0.4267680365423915,0,Interleaved
277,77,0,0.4805187607765653,0.4838428713668703,0,Interleaved
278,78,0,0.5519482180354449,0.5826803249512443,0,Interleaved
279,79,0,0.5557728729800311,0.6736129107870692,0,Interleaved
280,80,0,0.9221352317576301,0.36155822143202365,0,Interleaved
281,81,0,0.48603712964194445,0.49274560367850967,0,Interleaved
282,82,0,0.9756316003260237,0.3941711003639047,0,Interleaved
283,83,0,0.5211104744900015,0.5630110366667868,0,Interleaved
284,84,0,0.02212464836241599,0.6858751962583194,0,Interleaved
285,85,0,0.5040383656256766,0.42938730031633027,0,Interleaved
286,86,0,0.06005420136568612,0.6204462123547074,0,Interleaved
287,87,0,0.530733893030313,0.4409665320237922,0,Interleaved
288,88,0,0.5911325043479073,0.4867211041803122,0,Interleaved
289,89,0,0.41962518846652597,0.5246354159494331,0,Interleaved
290,90,0,0.31938887679747385,0.4919785760984908,0,Interleaved
291,91,0,0.5446435891854244,0.47371366173667767,0,Interleaved
292,92,0,0.4438749891555088,0.3773333729697048,0,Interleaved
293,93,0,0.5519948674843962,0.4223306476365932,0,Interleaved
294,94,0,0.51691887710681,0.4449224621889815,0,Interleaved
295,95,0,0.47425580357159575,0.4575909444107466,0,Interleaved
296,96,0,0.2886486541629958,0.6156362908752924,0,Interleaved
297,97,0,0.31697739114122403,0.5873134129222095,0,Interleaved
298,98,0,0.40038515318695245,0.5877079146054761,0,Interleaved
299,99,0,0.3867308146437401,0.4976729744233412,0,Interleaved
300,100,0,0.697612291737109,0.47346607591547996,0,Interleaved
301,101,0,0.5132147242686849,0.44959643722746795,0,Interleaved
302,102,0,0.11656635792082068,0.6200873700908265,0,Interleaved
303,103,0,0.5445461105464318,0.44337967679254386,0,Interleaved
304,104,0,0.6271120434973454,0.5427755793929185,0,Interleaved
305,105,0,0.5905307237322845,0.542341017830845,0,Interleaved
306,106,0,0.3638304292794741,0.45000550255862837,0,Interleaved
307,107,0,0.6522039420067564,0.4910801529980373,0,Interleaved
308,108,0,0.634034112962472,0.3951170887297879,0,Interleaved
309,109,0,0.6598787688879149,0.5225387804085431,0,Interleaved
310,110,0,0.3592064401894265,0.4692091495092075,0,Interleaved
311,111,0,0.5918659810497783,0.48525258408890326,0,Interleaved
312,112,0,0.32585658612357904,0.5321156845645234,0,Interleaved
313,113,0,0.8304524837915326,0.6128759648707984,0,Interleaved
314,114,0,0.5761318186673087,0.666337038608698,0,Interleaved
315,115,0,0.7438124733440019,0.45661272804322084,0,Interleaved
316,116,0,0.5856259315493274,0.6688978406985552,0,Interleaved
317,117,0,0.2529767986589912,0.5894976548707873,0,Interleaved
318,118,0,0.13125970955892155,0.5326399359308351,0,Interleaved
319,119,0,0.6194929977725545,0.44399100309716966,0,Interleaved
320,120,0,0.1284135046735806,0.5410696529723863,0,Interleaved
321,121,0,0.5579083012336468,0.5761835418529542,0,Interleaved
322,122,0,0.6395498020280901,0.41104352719316395,0,Interleaved
323,123,0,0.6550560419119776,0.4504680987646204,0,Interleaved
324,124,0,0.5778260118076282,0.5060530074989589,0,Interleaved
325,125,0,0.27400937076521903,0.4067580842927554,0,Interleaved
326,126,0,0.8332804950171819,0.2914973899866996,0,Interleaved
327,127,0,0.7110674481864945,0.46715980020719927,0,Interleaved
328,128,0,0.8661714389992223,0.445135478686263,0,Interleaved
329,129,0,0.31073171780709347,0.4557960542253231,0,Interleaved
330,130,0,0.2504398055063474,0.4182261015507465,0,Interleaved
331,131,0,0.4161145501247792,0.6282831688986601,0,Interleaved
332,132,0,0.27660545251331675,0.49996461271516746,0,Interleaved
333,133,0,0.6089432509239566,0.4503240115767726,0,Interleaved
334,134,0,0.5606028022208083,0.4716836209252919,0,Interleaved
335,135,0,0.7246679233832359,0.408312518907021,0,Interleaved
336,136,0,0.36011390756942263,0.5624104978893327,0,Interleaved
337,137,0,0.47318159138305615,0.44081373104160376,0,Interleaved
338,138,0,0.4870272821480164,0.44367702564675315,0,Interleaved
339,139,0,0.5807367721595403,0.4533676723264344,0,Interleaved
340,140,0,0.7827916286706429,0.4237840845411111,0,Interleaved
341,141,0,0.5073640287487866,0.44971158852225335,0,Interleaved
342,142,0,0.7721020873948584,0.3750940222603132,0,Interleaved
343,143,0,0.7208600420821254,0.4331236994999038,0,Interleaved
344,144,0,0.15376195179735955,0.48034178116876514,0,Interleaved
345,145,0,0.5429240997195701,0.3834366293361334,0,Interleaved
346,146,0,0.5184679727821864,0.5419843827387616,0,Interleaved
347,147,0,0.6159878470434541,0.3976147675874136,0,Interleaved
348,148,0,0.6542609607338603,0.574731732168984,0,Interleaved
349,149,0,0.44464794312169814,0.38793795957547106,0,Interleaved
350,150,0,0.9204722132063459,0.3147520863527171,0,Interleaved
351,151,0,0.5032890014369766,0.46192186014543835,0,Interleaved
352,152,0,0.07184192831758254,0.532999893799797,0,Interleaved
353,153,0,0.5224725765470121,0.43386651434828905,0,Interleaved
354,154,0,0.39896898991710605,0.6864849424647324,0,Interleaved
355,155,0,0.4297449196020965,0.44067836781608527,0,Interleaved
356,156,0,0.16091554992160234,0.5397538009244077,0,Interleaved
357,157,0,0.41295219073753786,0.47628149241199336,0,Interleaved
358,158,0,0.09514776983320919,0.5490827692596228,0,Interleaved
359,159,0,0.5736868684798173,0.39440491929583565,0,Interleaved
360,160,0,0.3657869300536287,0.6238808928112288,0,Interleaved
361,161,0,0.6625070287393418,0.40370137388058325,0,Interleaved
362,162,0,0.21938140222023317,0.5681307151737875,0,Interleaved
363,163,0,0.4628931135807538,0.367507600448129,0,Interleaved
364,164,0,0.37808429201143506,0.4526083630151865,0,Interleaved
365,165,0,0.3829694642498625,0.49502588572356887,0,Interleaved
366,166,0,0.5127102892516124,0.36799100626223935,0,Interleaved
367,167,0,0.4978100039134535,0.4248047622565192,0,Interleaved
368,168,0,0.5503723622101842,0.44667055400119016,0,Interleaved
369,169,0,0.8200850773652484,0.464417800164294,0,Interleaved
370,170,0,0.8148852216905392,0.34392441244241634,0,Interleaved
371,171,0,0.0910332934378021,0.49899706779073477,0,Interleaved
372,172,0,0.08284189315513821,0.681601670893109,0,Interleaved
373,173,0,0.3931569960222254,0.5370392496030114,0,Interleaved
374,174,0,0.27542949745447665,0.46096009163827323,0,Interleaved
375,175,0,0.4641702840541896,0.4372625026181709,0,Interleaved
376,176,0,0.6870133597087797,0.548922187994535,0,Interleaved
377,177,0,0.5783355746012289,0.5012436235038203,0,Interleaved
378,178,0,0.27042251434665726,0.6065469296748977,0,Interleaved
379,179,0,0.14551511939388997,0.5302362335061129,0,Interleaved
380,180,0,0.37908669295954095,0.5032563853227174,0,Interleaved
381,181,0,0.6212085905009135,0.44667212162198,0,Interleaved
382,182,0,0.6543716430724325,0.4470284437925234,0,Interleaved
383,183,0,0.37669213171364435,0.4637271400559503,0,Interleaved
384,184,0,0.4595759659735008,0.5197530164245281,0,Interleaved
385,185,0,0.4126545534774385,0.3925490078102273,0,Interleaved
386,186,0,0.3796568329802387,0.38583139349629175,0,Interleaved
387,187,0,0.5398753781280293,0.5405581611219079,0,Interleaved
388,188,0,0.5252915123938231,0.3625819650140482,0,Interleaved
389,189,0,0.7657204446691821,0.4254160447876102,0,Interleaved
390,190,0,0.6815850393474618,0.4606203531081679,0,Interleaved
391,191,0,0.3222728530818932,0.5033739654402876,0,Interleaved
392,192,0,0.6920915914710315,0.39023943706872044,0,Interleaved
393,193,0,0.535596086081298,0.5692787201662679,0,Interleaved
394,194,0,0.24109199797463512,0.5370501290190772,0,Interleaved
395,195,0,0.534796779530742,0.4347733461355212,0,Interleaved
396,196,0,0.629701846362281,0.46298200455649624,0,Interleaved
397,197,0,0.5688565906863953,0.5962999837062862,0,Interleaved
398,198,0,0.616888284503304,0.4542968697434461,0,Interleaved
399,199,0,0.6973994329627287,0.4616483640009915,0,Interleaved
400,0,0,0.2989989781359638,0.6342231206713087,0,Instructed
401,1,0,0.7114592011094563,0.5829381729169045,0,Instructed
402,2,0,0.6730807522106059,0.40618341751138887,0,Instructed
403,3,0,0.5633816761456367,0.4177649438838288,0,Instructed
404,4,0,0.298297647451231,0.34712519699646993,0,Instructed
405,5,0,0.4267979623120675,0.47446172035370493,0,Instructed
406,6,0,0.8340044491835193,0.41562899674343357,0,Instructed
407,7,0,0.4428178501364235,0.4010839050912035,0,Instructed
408,8,0,0.5355745517569408,0.4855871051462102,0,Instructed
409,9,0,0.8930305551668896,0.4069309140456784,0,Instructed
410,10,0,0.17990128344927905,0.5010435518274577,0,Instructed
411,11,0,0.5848120463485593,0.4251629115454605,0,Instructed
412,12,0,0.7771071897849928,0.43632353737855323,0,Instructed
413,13,0,0.46857094439821706,0.4881393181435668,0,Instructed
414,14,0,0.3934924444638299,0.4107530685708285,0,Instructed
415,15,0,0.7259324567542225,0.3139738400571958,0,Instructed
416,16,0,0.29361871451305044,0.4975267373909581,0,Instructed
417,17,0,0.5539649106162668,0.34510740023110364,0,Instructed
418,18,0,0.6676329167696757,0.40181767985514405,0,Instructed
419,19,0,0.48900070815298846,0.5265607769106931,0,Instructed
420,20,0,0.8330282454014736,0.3561820573554707,0,Instructed
421,21,0,0.43553297513104827,0.451128506585089,0,Instructed
422,22,0,0.5646405946573583,0.4167452379984184,0,Instructed
423,23,0,0.34790813799752396,0.3466516764795061,0,Instructed
424,24,0,0.19282900815453158,0.535741375893461,0,Instructed
425,25,0,0.3328841899423565,0.5291840598241826,0,Instructed
426,26,0,0.49778660313975165,0.3070311973651988,0,Instructed
427,27,0,0.6026241567870207,0.34745695330394477,0,Instructed
428,28,0,0.7786726546375475,0.3743039355821256,0,Instructed
429,29,0,0.7365076232492878,0.4232760173431406,0,Instructed
430,30,0,0.5955980784062943,0.32579084233340694,0,Instructed
431,31,0,0.4300145256553335,0.48522648373464017,0,Instructed
432,32,0,0.5270502971472022,0.36753361758824576,0,Instructed
433,33,0,0.40569195139737846,0.331170455852721,0,Instructed
434,34,0,0.57394680092743,0.37541984501355874,0,Instructed
435,35,0,0.8663729269354588,0.4320578526804302,0,Instructed
436,36,0,0.5717426117342311,0.3784486481491493,0,Instructed
437,37,0,0.6624875990445472,0.3418252004694372,0,Instructed
438,38,0,0.2990175459681801,0.34784590523335146,0,Instructed
439,39,0,0.6688436493038711,0.40341956062455686,0,Instructed
440,40,0,0.20627031141375393,0.4927891556902717,0,Instructed
441,41,0,0.6530629481337875,0.3347582057725248,0,Instructed
442,42,0,0.8717421223833111,0.42764637627545776,0,Instructed
443,43,0,0.2847247634254946,0.44720452860844095,0,Instructed
444,44,0,0.12442487493022403,0.4091036610497393,0,Instructed
445,45,0,0.3055985892681852,0.4359062264908824,0,Instructed
446,46,0,0.21503526537519319,0.5521268937047553,0,Instructed
447,47,0,0.4504034589903581,0.38225480888495655,0,Instructed
448,48,0,0.6447937209506958,0.40495723904678627,0,Instructed
449,49,0,0.6314165279615565,0.4360020689874836,0,Instructed
450,50,0,0.1494685754104564,0.4010487742716019,0,Instructed
451,51,0,0.6906079131500714,0.4030027197907633,0,Instructed
452,52,0,0.5670939180757696,0.4278457831407818,0,Instructed
453,53,0,0.4868869688214778,0.43298936820251,0,Instructed
454,54,0,0.6194561074304444,0.24468990512023986,0,Instructed
455,55,0,0.23382316614754656,0.4036653377941151,0,Instructed
456,56,0,0.5845488872771777,0.28465228650850005,0,Instructed
457,57,0,0.5345165596181465,0.26405384740165616,0,Instructed
458,58,0,0.2500745264674606,0.44660485086564994,0,Instructed
459,59,0,0.40588177188657787,0.3530396409793553,0,Instructed
460,60,0,0.49858349202727237,0.3063040140381049,0,Instructed
461,61,0,0.5591129144047575,0.39317339348738733,0,Instructed
462,62,0,0.6996598193925274,0.44645902417327005,0,Instructed
463,63,0,0.6937262423042019,0.33604483958667763,0,Instructed
464,64,0,0.27307826570181337,0.4061908137427307,0,Instructed
465,65,0,0.686918517459998,0.3941660400082202,0,Instructed
466,66,0,0.6017033703065665,0.471725423352132,0,Instructed
467,67,0,0.3128138558845434,0.512225969154082,0,Instructed
468,68,0,0.9234784836277763,0.256154544627858,0,Instructed
469,69,0,0.49958136209636095,0.466923185642779,0,Instructed
470,70,0,0.19350711711938784,0.468003731985644,0,Instructed
471,71,0,0.6605644010887617,0.4457189364404713,0,Instructed
472,72,0,0.5070919900406993,0.36016166665062266,0,Instructed
473,73,0,0.6435224812871864,0.4931888103173677,0,Instructed
474,74,0,0.7933028130052122,0.2987713621026264,0,Instructed
475,75,0,0.5752464094161991,0.28741783605690385,0,Instructed
476,76,0,0.7049082194525759,0.3584069875084925,0,Instructed
477,77,0,0.5683346929593305,0.31254097630733957,0,Instructed
478,78,0,0.8231264344731883,0.36974376909744816,0,Instructed
479,79,0,0.6207759253838507,0.3262295106081441,0,Instructed
480,80,0,0.8808589887692978,0.3935742935189587,0,Instructed
481,81,0,0.5852261370261269,0.3476729063588811,0,Instructed
482,82,0,0.41022331097527787,0.2758814215766423,0,Instructed
483,83,0,0.6731084100603271,0.35670059112951313,0,Instructed
484,84,0,0.6990486921113226,0.32032103744267576,0,Instructed
485,85,0,0.16638650037606684,0.4154613304565985,0,Instructed
486,86,0,0.7437160502773585,0.46588164046245656,0,Instructed
487,87,0,0.5634897948488538,0.34399710847544507,0,Instructed
488,88,0,0.7227858768559196,0.41596856507164903,0,Instructed
489,89,0,0.43499374711933353,0.3849343809455834,0,Instructed
490,90,0,0.16335184523140256,0.6083945971236354,0,Instructed
491,91,0,0.4790138465515697,0.37874738616022385,0,Instructed
492,92,0,0.6666708552474603,0.2848570152950507,0,Instructed
493,93,0,0.2714708109329232,0.2864780745364732,0,Instructed
494,94,0,0.7504484558213963,0.32322681915486035,0,Instructed
495,95,0,0.7010010840323706,0.2880444645380587,0,Instructed
496,96,0,0.05863594568317947,0.4824530506288042,0,Instructed
497,97,0,0.14445338143475617,0.3550619004791634,0,Instructed
498,98,0,0.7102229674640693,0.3827482481494553,0,Instructed
499,99,0,0.6104581984340984,0.3380967695261834,0,Instructed
500,100,0,0.17525251556825727,0.4595029169322079,0,Instructed
501,101,0,0.45598604206036925,0.370458418616568,0,Instructed
502,102,0,0.809959786668421,0.4423250154691617,0,Instructed
503,103,0,0.6343805017936581,0.3334379500079193,0,Instructed
504,104,0,0.6348026449337296,0.39037036091599425,0,Instructed
505,105,0,0.6833573701386686,0.42007086786867787,0,Instructed
506,106,0,0.7051650439723711,0.48703384156847496,0,Instructed
507,107,0,0.6788753601567716,0.34380164894975496,0,Instructed
508,108,0,0.5165608631332711,0.3758735809027016,0,Instructed
509,109,0,0.2589421466358437,0.3610436679516462,0,Instructed
510,110,0,0.6657492667273301,0.3364090124903416,0,Instructed
511,111,0,0.34405780399436264,0.2694477394405219,0,Instructed
512,112,0,0.9486308925840354,0.38478711236031304,0,Instructed
513,113,0,0.47287361912058345,0.43683947544933166,0,Instructed
514,114,0,0.7652149049334629,0.38757077636919934,0,Instructed
515,115,0,0.30402741342010237,0.3435913787307432,0,Instructed
516,116,0,0.5252043513254666,0.3913443119660899,0,Instructed
517,117,0,0.4705341882499555,0.35199623753502646,0,Instructed
518,118,0,0.5869475751957953,0.4016043976397914,0,Instructed
519,119,0,0.5024487659131952,0.3874318647223667,0,Instructed
520,120,0,0.2005640615460642,0.39695125653986524,0,Instructed
521,121,0,0.5089398493538954,0.4427581443637225,0,Instructed
522,122,0,0.6346917886446681,0.40516078818439666,0,Instructed
523,123,0,0.6109300898322177,0.5005843454944292,0,Instructed
524,124,0,0.41650162444160155,0.27542273262601247,0,Instructed
525,125,0,0.3785204991630702,0.28211322952778767,0,Instructed
526,126,0,0.13114610538675694,0.49483656067618875,0,Instructed
527,127,0,0.5119813380946935,0.43158482595181935,0,Instructed
528,128,0,0.267069716752658,0.34106479429230274,0,Instructed
529,129,0,0.6501406802777985,0.3629793604837005,0,Instructed
530,130,0,0.6404789118805857,0.29578168887968903,0,Instructed
531,131,0,0.2165492983149496,0.4571072608069321,0,Instructed
532,132,0,0.7317300897624641,0.3147380324114193,0,Instructed
533,133,0,0.4018669894901884,0.3934584156476987,0,Instructed
534,134,0,0.46072362379648596,0.4106775326821992,0,Instructed
535,135,0,0.6590654184692835,0.44300833919283533,0,Instructed
536,136,0,0.801397961696936,0.2715070148100711,0,Instructed
537,137,0,0.48608114766237626,0.3502204981563749,0,Instructed
538,138,0,0.5968278821718456,0.369947261454475,0,Instructed
539,139,0,0.47551051945962414,0.30375790877181386,0,Instructed
540,140,0,0.6746001717056571,0.3375921100876186,0,Instructed
541,141,0,0.3101335324441145,0.36081749318506795,0,Instructed
542,142,0,0.28890158776227504,0.3170623735058542,0,Instructed
543,143,0,0.3027624969910594,0.38808010608864224,0,Instructed
544,144,0,0.6974772673311194,0.36299278092658527,0,Instructed
545,145,0,0.49009062691104155,0.307391295475426,0,Instructed
546,146,0,0.21195015875935352,0.32866343387165486,0,Instructed
547,147,0,0.3617632292934619,0.29243405021024693,0,Instructed
548,148,0,0.2316654140277125,0.4630526982058053,0,Instructed
549,149,0,0.5628774619639408,0.30204940709154854,0,Instructed
550,150,0,0.6163539409230168,0.4317313141888296,0,Instructed
551,151,0,0.5068053988509191,0.3601480726507282,0,Instructed
552,152,0,0.897698338622763,0.36084466646161817,0,Instructed
553,153,0,0.5362740719752271,0.29495219554760355,0,Instructed
554,154,0,0.6033937065086263,0.21730537332564576,0,Instructed
555,155,0,0.5931003753388921,0.4344435212026291,0,Instructed
556,156,0,0.44347575563718267,0.34754801790537865,0,Instructed
557,157,0,0.8317468782974946,0.3200507886323148,0,Instructed
558,158,0,0.902927696726159,0.37094281490753606,0,Instructed
559,159,0,0.2588707743479381,0.3124776374100815,0,Instructed
560,160,0,0.08084500395084679,0.3534901060801144,0,Instructed
561,161,0,0.8520634464262442,0.2906390365288828,0,Instructed
562,162,0,0.2382835666197792,0.4345013759775494,0,Instructed
563,163,0,0.7205873938851981,0.31685963105955006,0,Instructed
564,164,0,0.5166745339091326,0.33326489996171815,0,Instructed
565,165,0,0.512767480408968,0.31879332430580715,0,Instructed
566,166,0,0.7256061964758727,0.3689817048249715,0,Instructed
567,167,0,0.844187549784834,0.3025700479727116,0,Instructed
568,168,0,0.08081609410186552,0.42807049225609595,0,Instructed
569,169,0,0.4187390753442428,0.3346066475736294,0,Instructed
570,170,0,0.5426044499146498,0.33577681245963165,0,Instructed
571,171,0,0.38561657904400926,0.3764844914838774,0,Instructed
572,172,0,0.6387861814405199,0.30563018847224266,0,Instructed
573,173,0,0.30383910711653284,0.42726070981733577,0,Instructed
574,174,0,0.855626096525044,0.3665868340167553,0,Instructed
575,175,0,0.7410627245418879,0.34376137718463784,0,Instructed
576,176,0,0.4821518842852086,0.2954348155235053,0,Instructed
577,177,0,0.9458046233459702,0.32762178023431643,0,Instructed
578,178,0,0.15790018824466018,0.48110540827049053,0,Instructed
579,179,0,0.4673398548943457,0.4964128935428272,0,Instructed
580,180,0,0.6469512411734258,0.3061559452067583,0,Instructed
581,181,0,0.328693711851382,0.27747319923158664,0,Instructed
582,182,0,0.5292818961561834,0.22381750959845742,0,Instructed
583,183,0,0.47458408519263007,0.34537298034570846,0,Instructed
584,184,0,0.511901755652673,0.502490043874991,0,Instructed
585,185,0,0.5262461071748294,0.28251710610540104,0,Instructed
586,186,0,0.328139304295485,0.33450884670202746,0,Instructed
587,187,0,0.42737321651522575,0.36252656062431565,0,Instructed
588,188,0,0.07845734692873813,0.35810400085001515,0,Instructed
589,189,0,0.5024569323651119,0.27625376416588854,0,Instructed
590,190,0,0.5085627328529366,0.35607092983317606,0,Instructed
591,191,0,0.44709469189578555,0.4621976287952221,0,Instructed
592,192,0,0.6575012381909262,0.3825569784171189,0,Instructed
593,193,0,0.48125232307693394,0.30755412586401276,0,Instructed
594,194,0,0.5603803191369527,0.3069484381869475,0,Instructed
595,195,0,0.9721552716726654,0.31694700170926254,0,Instructed
596,196,0,0.370580367393327,0.2933182423987442,0,Instructed
597,197,0,0.42495603770326607,0.3486558819781148,0,Instructed
598,198,0,0.8675565177869644,0.32411715567298394,0,Instructed
599,199,0,0.379617650991425,0.3632719170104645,0,Instructed
600,0,0,0.6784073516839786,0.675340201007647,1,Blocked
601,1,0,0.5785800308972717,0.5825125742419255,1,Blocked
602,2,0,0.6096491005883076,0.7562660469429896,1,Blocked
603,3,0,0.3614456421012493,0.536203644574121,1,Blocked
604,4,0,0.6469223926259424,0.491622652744472,1,Blocked
605,5,0,0.9000348948809489,0.4594179003989321,1,Blocked
606,6,0,0.6617945878281738,0.5791648867282729,1,Blocked
607,7,0,0.0816377638781017,0.6444799274322565,1,Blocked
608,8,0,0.9404771956938162,0.6682817706323587,1,Blocked
609,9,0,0.8829829267947625,0.46834182333288354,1,Blocked
610,10,0,0.868646018656698,0.41750840643107145,1,Blocked
611,11,0,0.4755362353956203,0.4986461409071882,1,Blocked
612,12,0,0.5375658834484401,0.5289522978831117,1,Blocked
613,13,0,0.2392119862782447,0.4858746976146391,1,Blocked
614,14,0,0.2733110121584494,0.42199762627297227,1,Blocked
615,15,0,0.3384709585419974,0.6549575820867499,1,Blocked
616,16,0,0.4065781527256038,0.4763437945963022,1,Blocked
617,17,0,0.4761138108712627,0.7281039246113763,1,Blocked
618,18,0,0.36465401985535084,0.428850422964295,1,Blocked
619,19,0,0.9275183099420555,0.45227118805989575,1,Blocked
620,20,0,0.8284012877143097,0.6377458058109327,1,Blocked
621,21,0,0.07991821705944913,0.586229793652165,1,Blocked
622,22,0,0.3176835402016652,0.6395972806687181,1,Blocked
623,23,0,0.486291662162942,0.48650582484232946,1,Blocked
624,24,0,0.7331422450519159,0.48205223253392554,1,Blocked
625,25,0,0.7869472613809506,0.6019909806904531,1,Blocked
626,26,0,0.9343649806609942,0.4318855354680716,1,Blocked
627,27,0,0.8046441503516019,0.5238377972542645,1,Blocked
628,28,0,0.18307830776453404,0.6688947612066863,1,Blocked
629,29,0,0.4646469272884487,0.5602645327198243,1,Blocked
630,30,0,0.5868104652402351,0.6073355859238431,1,Blocked
631,31,0,0.4693956891298013,0.38572240908568056,1,Blocked
632,32,0,0.3429284570758914,0.46979032363873846,1,Blocked
633,33,0,0.5425851538199806,0.4632810108865872,1,Blocked
634,34,0,0.889204633591224,0.4612133514366549,1,Blocked
635,35,0,0.45574933086618163,0.5315304220069084,1,Blocked
636,36,0,0.5700967571754112,0.43098258515190124,1,Blocked
637,37,0,0.6337834142552323,0.46498251359281506,1,Blocked
638,38,0,0.6706680977088361,0.47738795041666515,1,Blocked
639,39,0,0.14214261832431513,0.4612392195773178,1,Blocked
640,40,0,0.5271418853161685,0.3698141332552177,1,Blocked
641,41,0,0.3565784373227163,0.6316857457894158,1,Blocked
642,42,0,0.42231293626964,0.39249158170250004,1,Blocked
643,43,0,0.45053591366036105,0.4709366333645493,1,Blocked
644,44,0,0.3437577098954252,0.40497275109269215,1,Blocked
645,45,0,0.540098566679677,0.5346949084278417,1,Blocked
646,46,0,0.6021485613588629,0.3764880606868983,1,Blocked
647,47,0,0.6832825259107063,0.4447039400369452,1,Blocked
648,48,0,0.7727854397318723,0.547619504199165,1,Blocked
649,49,0,0.17014360513145282,0.4534699191625303,1,Blocked
650,50,0,0.33196630420308676,0.43499494554254414,1,Blocked
651,51,0,0.35040829557688835,0.4100945135382167,1,Blocked
652,52,0,0.297468450751218,0.5085435399841213,1,Blocked
653,53,0,0.53305610794092,0.381814846566655,1,Blocked
654,54,0,0.3793044698368157,0.4544232385376201,1,Blocked
655,55,0,0.3543797264549526,0.5324972468131206,1,Blocked
656,56,0,0.670007677663758,0.4830110809472856,1,Blocked
657,57,0,0.8093239913088244,0.48867430428802217,1,Blocked
658,58,0,0.8295888568633738,0.4365036647093252,1,Blocked
659,59,0,0.793203712402505,0.30627796466006346,1,Blocked
660,60,0,0.7089386961334287,0.49627473090137625,1,Blocked
661,61,0,0.4924784178255194,0.415957752113853,1,Blocked
662,62,0,0.328435520349253,0.4214309098513722,1,Blocked
663,63,0,0.4854700419842666,0.33427743910160435,1,Blocked
664,64,0,0.3252614396027255,0.41732638403194244,1,Blocked
665,65,0,0.5897711214070522,0.5614426562508454,1,Blocked
666,66,0,0.4692812869038694,0.6777612699986082,1,Blocked
667,67,0,0.4890549459045894,0.5164655221432167,1,Blocked
668,68,0,0.38621831395354816,0.40773304656512915,1,Blocked
669,69,0,0.23558104483143022,0.47047230364075376,1,Blocked
670,70,0,0.5280096512672087,0.3661757024762228,1,Blocked
671,71,0,0.5539232691825516,0.539654412282772,1,Blocked
672,72,0,0.40670895133076584,0.4114648344638972,1,Blocked
673,73,0,0.3022667966201807,0.4557190556240934,1,Blocked
674,74,0,0.3567900714548873,0.4487270909773344,1,Blocked
675,75,0,0.39356652024378064,0.5281763588828042,1,Blocked
676,76,0,0.7825734125949311,0.4061112516958494,1,Blocked
677,77,0,0.5208355731047949,0.3552085882710106,1,Blocked
678,78,0,0.36370835803055224,0.4417546219563415,1,Blocked
679,79,0,0.526872512684277,0.5466855302933644,1,Blocked
680,80,0,0.5788162978895197,0.3681897083288497,1,Blocked
681,81,0,0.272954943732211,0.616543143865254,1,Blocked
682,82,0,0.4722761409734412,0.3799162688583996,1,Blocked
683,83,0,0.538152171822171,0.47586984274477817,1,Blocked
684,84,0,0.4814558536604481,0.37972916288535963,1,Blocked
685,85,0,0.43922987956492404,0.3909886981970481,1,Blocked
686,86,0,0.18950768116834119,0.4179323761080026,1,Blocked
687,87,0,0.7700368996909672,0.30051454087196594,1,Blocked
688,88,0,0.40530200405353284,0.4533814117959737,1,Blocked
689,89,0,0.400100613213523,0.5183337855580123,1,Blocked
690,90,0,0.5928342916415161,0.4098815205686881,1,Blocked
691,91,0,0.37108687964548875,0.4094476775019741,1,Blocked
692,92,0,0.3673510368527254,0.5380134878661653,1,Blocked
693,93,0,0.5025667205291404,0.4064805866492659,1,Blocked
694,94,0,0.12126143557846189,0.4721919413540268,1,Blocked
695,95,0,0.9038587286762804,0.38540575405080235,1,Blocked
696,96,0,0.9040262659298164,0.38782401485955753,1,Blocked
697,97,0,0.8870036114456721,0.2801108368999754,1,Blocked
698,98,0,0.9196867752807443,0.30200340831548034,1,Blocked
699,99,0,0.21571967079022375,0.6148837879008779,1,Blocked
700,100,0,0.7167318037607419,0.4924766797067337,1,Blocked
701,101,0,0.5930579158268002,0.3546799443114727,1,Blocked
702,102,0,0.4885222521117327,0.3875666132308777,1,Blocked
703,103,0,0.6574905319557776,0.43797606336242456,1,Blocked
704,104,0,0.6543982763499601,0.3665101331878656,1,Blocked
705,105,0,0.5280377379851948,0.40182141647218494,1,Blocked
706,106,0,0.3302958540090611,0.4871527897573034,1,Blocked
707,107,0,0.38725243291322364,0.44115122121482075,1,Blocked
708,108,0,0.8593708983618712,0.4115531791301073,1,Blocked
709,109,0,0.5607113210909621,0.3999698056508506,1,Blocked
710,110,0,0.8389862533925585,0.3031781011562372,1,Blocked
711,111,0,0.5194130966150905,0.4068620265477538,1,Blocked
712,112,0,0.30963793893802816,0.46901925870681704,1,Blocked
713,113,0,0.5218125523640675,0.5552536142975381,1,Blocked
714,114,0,0.6878844917773391,0.31677660347409065,1,Blocked
715,115,0,0.7940685101826124,0.48751987487605875,1,Blocked
716,116,0,0.5763610819531684,0.5421330352861238,1,Blocked
717,117,0,0.720351897233811,0.4611798771297856,1,Blocked
718,118,0,0.9080052872981008,0.5307266679821862,1,Blocked
719,119,0,0.22931485903318238,0.41868793447117747,1,Blocked
720,120,0,0.3834957841972443,0.46709905413745856,1,Blocked
721,121,0,0.31920256474508213,0.42707746350662756,1,Blocked
722,122,0,0.6667901326898547,0.4453318907201582,1,Blocked
723,123,0,0.4220068827287423,0.5056709877369026,1,Blocked
724,124,0,0.2827511047205236,0.4518947874851953,1,Blocked
725,125,0,0.5974665183900119,0.45138255642482483,1,Blocked
726,126,0,0.3849901077719957,0.3873447349318716,1,Blocked
727,127,0,0.2394227567664511,0.44775978463697114,1,Blocked
728,128,0,0.3738505231207747,0.477199730629952,1,Blocked
729,129,0,0.5381691411610877,0.46435716353336554,1,Blocked
730,130,0,0.6213737894421696,0.4115358257914192,1,Blocked
731,131,0,0.1837741518148802,0.4364587416066352,1,Blocked
732,132,0,0.5432263437876861,0.3459249696675503,1,Blocked
733,133,0,0.4691714854332847,0.4907288983634466,1,Blocked
734,134,0,0.4963321797112288,0.36711467341620685,1,Blocked
735,135,0,0.24711696173334174,0.34775534526716,1,Blocked
736,136,0,0.5840262603096984,0.5392970125197536,1,Blocked
737,137,0,0.6754022614489836,0.3743228443164952,1,Blocked
738,138,0,0.060358245837473457,0.4908816073998914,1,Blocked
739,139,0,0.7114094130722513,0.4267649883016711,1,Blocked
740,140,0,0.30469459695056855,0.47383172229628945,1,Blocked
741,141,0,0.5052809922273322,0.4138122433276664,1,Blocked
742,142,0,0.4516751624397283,0.4091060774085169,1,Blocked
743,143,0,0.5031420395097167,0.48548904658940634,1,Blocked
744,144,0,0.45951794761621445,0.4204623479915816,1,Blocked
745,145,0,0.7316639588089964,0.4719119379941621,1,Blocked
746,146,0,0.7041283122936275,0.39732268691768047,1,Blocked
747,147,0,0.6917277464669771,0.31374601998605633,1,Blocked
748,148,0,0.9062433311268598,0.2730327681042778,1,Blocked
749,149,0,0.25333585690234156,0.47011701912599546,1,Blocked
750,150,0,0.7547650064329476,0.3131656005064757,1,Blocked
751,151,0,0.5429556488424565,0.44487159679044286,1,Blocked
752,152,0,0.7345778139785649,0.39870643935810257,1,Blocked
753,153,0,0.5542852888032312,0.478640314413847,1,Blocked
754,154,0,0.6167175013823387,0.442326520850883,1,Blocked
755,155,0,0.6546455737505861,0.37002279111658154,1,Blocked
756,156,0,0.5755329407520118,0.3355453293258763,1,Blocked
757,157,0,0.5628371937289788,0.308577115021738,1,Blocked
758,158,0,0.5486682759228997,0.41181394041785685,1,Blocked
759,159,0,0.7309355927160177,0.4773680875154847,1,Blocked
760,160,0,0.5088202793241078,0.5357478253011589,1,Blocked
761,161,0,0.47547956517882983,0.4229211626297674,1,Blocked
762,162,0,0.14398401737059296,0.5470562623797179,1,Blocked
763,163,0,0.27919260024162573,0.4247684465064451,1,Blocked
764,164,0,0.06418275642049287,0.5760759405333015,1,Blocked
765,165,0,0.056507009099580646,0.4121987641905934,1,Blocked
766,166,0,0.7269210542054767,0.30537937783489655,1,Blocked
767,167,0,0.08019566493225909,0.3939230120134579,1,Blocked
768,168,0,0.8271109873881143,0.3454857211905178,1,Blocked
769,169,0,0.6537716596236329,0.620846607313779,1,Blocked
770,170,0,0.43360796920085554,0.4404412787617282,1,Blocked
771,171,0,0.7034751041490448,0.3945983284760184,1,Blocked
772,172,0,0.719627324396319,0.3642585603935456,1,Blocked
773,173,0,0.3742239407134499,0.3609197908399583,1,Blocked
774,174,0,0.3484210041433124,0.4705011441264687,1,Blocked
775,175,0,0.1511085415782184,0.40630408739847096,1,Blocked
776,176,0,0.6034580762482001,0.273693938445471,1,Blocked
777,177,0,0.44122191809611044,0.4448660054544026,1,Blocked
778,178,0,0.4735028324269404,0.37038126567468255,1,Blocked
779,179,0,0.5342782421666253,0.3837895695316915,1,Blocked
780,180,0,0.8000443052000603,0.4046754673522571,1,Blocked
781,181,0,0.6331219566701525,0.3589919575839081,1,Blocked
782,182,0,0.636292481762313,0.37185988707389506,1,Blocked
783,183,0,0.8193227176168685,0.42551555005189823,1,Blocked
784,184,0,0.43514834482889775,0.4279948736811353,1,Blocked
785,185,0,0.27959586449593826,0.3192748710126948,1,Blocked
786,186,0,0.27726095787256455,0.39201956931070725,1,Blocked
787,187,0,0.8741185654323034,0.39695797149186673,1,Blocked
788,188,0,0.5465214295885773,0.40774586786835637,1,Blocked
789,189,0,0.5947851815759405,0.3358798730135013,1,Blocked
790,190,0,0.7442743813496215,0.34301130935869517,1,Blocked
791,191,0,0.6419279187062592,0.36343648989837835,1,Blocked
792,192,0,0.8022391691292101,0.3569269620591868,1,Blocked
793,193,0,0.20423377342363314,0.4944046057818129,1,Blocked
794,194,0,0.6496968732953617,0.37991875632180916,1,Blocked
795,195,0,0.5647030417032954,0.2757935789739091,1,Blocked
796,196,0,0.6244246526116766,0.34643010164353627,1,Blocked
797,197,0,0.26374628195984673,0.2967234198378964,1,Blocked
798,198,0,0.5105182314088794,0.31795797529321945,1,Blocked
799,199,0,0.46049263667083906,0.2747014458744122,1,Blocked
800,0,0,0.45918443490709476,0.6826986327285173,1,Interleaved
801,1,0,0.6588104875630618,0.6873666129830346,1,Interleaved
802,2,0,0.33824534571966813,0.5980732363245493,1,Interleaved
803,3,0,0.48064388589206164,0.495411497779545,1,Interleaved
804,4,0,0.309115482307437,0.6882879021197397,1,Interleaved
805,5,0,0.7122549373445248,0.4905047988053499,1,Interleaved
806,6,0,0.3842918345046662,0.4856893034823388,1,Interleaved
807,7,0,0.46269107440195045,0.41596700056428026,1,Interleaved
808,8,0,0.6778988923606419,0.4834834187244238,1,Interleaved
809,9,0,0.35753830539585985,0.6468132833860039,1,Interleaved
810,10,0,0.23845209506492787,0.5152356057594929,1,Interleaved
811,11,0,0.6009263236396609,0.5419428182901211,1,Interleaved
812,12,0,0.25078209794042167,0.6425479684261318,1,Interleaved
813,13,0,0.2533003432723457,0.5023820212772612,1,Interleaved
814,14,0,0.34842670359779154,0.6058400371700803,1,Interleaved
815,15,0,0.7385303793514846,0.5648585751685913,1,Interleaved
816,16,0,0.6090541604558861,0.3238478819932769,1,Interleaved
817,17,0,0.2530758646806073,0.41208711892936417,1,Interleaved
818,18,0,0.6614300220916869,0.5103926109548241,1,Interleaved
819,19,0,0.7689187063895502,0.6606326885522347,1,Interleaved
820,20,0,0.5059020054246577,0.6395293239755069,1,Interleaved
821,21,0,0.9711864502310467,0.5953747157484865,1,Interleaved
822,22,0,0.5160116457560573,0.4928944036123424,1,Interleaved
823,23,0,0.025296606769371996,0.4535031554885445,1,Interleaved
824,24,0,0.4879953046126329,0.5559090018620254,1,Interleaved
825,25,0,0.9459726617286885,0.3721429052679657,1,Interleaved
826,26,0,0.4835376106744837,0.3944240927742834,1,Interleaved
827,27,0,0.10087371530594191,0.400753561704716,1,Interleaved
828,28,0,0.5570979670391624,0.5477881720836788,1,Interleaved
829,29,0,0.8387887100425087,0.40212966008401935,1,Interleaved
830,30,0,0.648162822584184,0.39716885390741163,1,Interleaved
831,31,0,0.8041720825026538,0.3845780306983834,1,Interleaved
832,32,0,0.19998869417789109,0.44020695239630697,1,Interleaved
833,33,0,0.21763109085824522,0.36207127874716183,1,Interleaved
834,34,0,0.6149163710415642,0.397720041260906,1,Interleaved
835,35,0,0.16033511464753958,0.48528436587113166,1,Interleaved
836,36,0,0.6165121266323614,0.3586784179842111,1,Interleaved
837,37,0,0.8761550720056781,0.39262339704112725,1,Interleaved
838,38,0,0.358202263735959,0.4915005942216317,1,Interleaved
839,39,0,0.17328501079584296,0.48148680649520537,1,Interleaved
840,40,0,0.4089372233496511,0.3702470051000799,1,Interleaved
841,41,0,0.6818800556969171,0.5778707916956518,1,Interleaved
842,42,0,0.6600897817039489,0.46505442689306403,1,Interleaved
843,43,0,0.873839987162744,0.471677473477592,1,Interleaved
844,44,0,0.591070300233039,0.43333695714585097,1,Interleaved
845,45,0,0.10716118175531739,0.44515535741990253,1,Interleaved
846,46,0,0.5615768639516905,0.41245690035347626,1,Interleaved
847,47,0,0.8818075307651114,0.4280588303861912,1,Interleaved
848,48,0,0.6125143961533754,0.45664777916253735,1,Interleaved
849,49,0,0.23275234977239356,0.569224099936043,1,Interleaved
850,50,0,0.6462764346207321,0.3914407074158047,1,Interleaved
851,51,0,0.6656578372280029,0.3675953232714154,1,Interleaved
852,52,0,0.34288175922327874,0.38325678055200807,1,Interleaved
853,53,0,0.4265872801091263,0.38354023768030576,1,Interleaved
854,54,0,0.30002077112459113,0.458923985864094,1,Interleaved
855,55,0,0.37325689644435517,0.3684262573495056,1,Interleaved
856,56,0,0.4114861510499636,0.45038101401128483,1,Interleaved
857,57,0,0.8106841485342762,0.2956903289083378,1,Interleaved
858,58,0,0.6356295009194906,0.3976133988367959,1,Interleaved
859,59,0,0.1082064152152874,0.4271352890518983,1,Interleaved
860,60,0,0.3959820655197245,0.5143180638713215,1,Interleaved
861,61,0,0.19529143322038903,0.5252029947569363,1,Interleaved
862,62,0,0.22358412656401905,0.4840250650029855,1,Interleaved
863,63,0,0.6398664527818988,0.44224133197909477,1,Interleaved
864,64,0,0.3152182349222009,0.44219992865382307,1,Interleaved
865,65,0,0.6620967272547778,0.43478971629241303,1,Interleaved
866,66,0,0.36633778547506357,0.4400192300892751,1,Interleaved
867,67,0,0.6438561513711947,0.5264597840472511,1,Interleaved
868,68,0,0.6728604878894053,0.48475993271728757,1,Interleaved
869,69,0,0.6350764700656168,0.3642932629778246,1,Interleaved
870,70,0,0.7781494321206293,0.46580087165341827,1,Interleaved
871,71,0,0.3284741988342847,0.4009237428332658,1,Interleaved
872,72,0,0.7737744338860479,0.38607709705868987,1,Interleaved
873,73,0,0.26321126996379984,0.5386828541238259,1,Interleaved
874,74,0,0.2690464898194472,0.5575085693456834,1,Interleaved
875,75,0,0.2514317769300941,0.42101249953370123,1,Interleaved
876,76,0,0.2032926580165602,0.37626632919162706,1,Interleaved
877,77,0,0.30754907973519596,0.3945250451355663,1,Interleaved
878,78,0,0.3191241850741361,0.4601553160759334,1,Interleaved
879,79,0,0.38163326566147593,0.41987514574313334,1,Interleaved
880,80,0,0.42166749246897406,0.5087468522993043,1,Interleaved
881,81,0,0.3172363547129341,0.3569708402779348,1,Interleaved
882,82,0,0.6496294831842908,0.4412465614011122,1,Interleaved
883,83,0,0.4621795648439327,0.5067741283511453,1,Interleaved
884,84,0,0.49157272845640687,0.46032120963363965,1,Interleaved
885,85,0,0.6509476419963478,0.44442381113227164,1,Interleaved
886,86,0,0.6413248954787382,0.3037132933193701,1,Interleaved
887,87,0,0.720425910453059,0.4600289617446069,1,Interleaved
888,88,0,0.47537869480677575,0.4043950166556054,1,Interleaved
889,89,0,0.8910672863112785,0.44433600714688926,1,Interleaved
890,90,0,0.5175908895942601,0.5332081395363202,1,Interleaved
891,91,0,0.04081951554870555,0.45955729436562837,1,Interleaved
892,92,0,0.5176022656137823,0.4367700378872918,1,Interleaved
893,93,0,0.9736932290300835,0.4019846118818695,1,Interleaved
894,94,0,0.620103458346676,0.3910418286505386,1,Interleaved
895,95,0,0.09583705198198411,0.46253032400983785,1,Interleaved
896,96,0,0.5899512893770981,0.3985456225408323,1,Interleaved
897,97,0,0.7861252139958846,0.2769108296992241,1,Interleaved
898,98,0,0.6297357590199342,0.4857633329099045,1,Interleaved
899,99,0,0.6671556369848904,0.5005945092775653,1,Interleaved
900,100,0,0.5422113475370486,0.3872993830055292,1,Interleaved
901,101,0,0.1816142628646311,0.4237864481667132,1,Interleaved
902,102,0,0.5526098117508215,0.4604123681018887,1,Interleaved
903,103,0,0.0891915122182835,0.3741606686760032,1,Interleaved
904,104,0,0.40815673288703086,0.3697744883273128,1,Interleaved
905,105,0,0.9289040696481562,0.27544672424483313,1,Interleaved
906,106,0,0.6575185118726251,0.37084173478455507,1,Interleaved
907,107,0,0.17181227398382942,0.40679993369067446,1,Interleaved
908,108,0,0.28427001855903516,0.41411812444541823,1,Interleaved
909,109,0,0.41798863808481834,0.49658979298338113,1,Interleaved
910,110,0,0.5106778949725549,0.31020346850349745,1,Interleaved
911,111,0,0.17311673546986478,0.4244198038345103,1,Interleaved
912,112,0,0.4885140632359031,0.34602578353107316,1,Interleaved
913,113,0,0.7823881313859486,0.428456031432046,1,Interleaved
914,114,0,0.46303609868550044,0.4333816849907989,1,Interleaved
915,115,0,0.8103666261533395,0.42755530767968086,1,Interleaved
916,116,0,0.7389732672333875,0.3025525006436616,1,Interleaved
917,117,0,0.2797514984561921,0.5614395068405709,1,Interleaved
918,118,0,0.5073981422654231,0.41847072135082153,1,Interleaved
919,119,0,0.8879118015851786,0.37557601865337953,1,Interleaved
920,120,0,0.4400218807479818,0.3901619049414171,1,Interleaved
921,121,0,0.7358298377676649,0.5089907384492216,1,Interleaved
922,122,0,0.5047182673502145,0.48590680017763166,1,Interleaved
923,123,0,0.8859932336647142,0.3241434279182937,1,Interleaved
924,124,0,0.3536660506995413,0.4692546747729552,1,Interleaved
925,125,0,0.2102567724604577,0.3610158493400476,1,Interleaved
926,126,0,0.47307416752334264,0.43436896394115104,1,Interleaved
927,127,0,0.31094015676167497,0.4472014811913526,1,Interleaved
928,128,0,0.6712014612811552,0.3180760649662935,1,Interleaved
929,129,0,0.5158918716910115,0.3916792220078679,1,Interleaved
930,130,0,0.6527646308461422,0.38709187499300357,1,Interleaved
931,131,0,0.5889258506043662,0.33069825245033163,1,Interleaved
932,132,0,0.5654345445940346,0.2710436216679232,1,Interleaved
933,133,0,0.5783548400976133,0.3057631668780263,1,Interleaved
934,134,0,0.5046030760689815,0.33450011406407393,1,Interleaved
935,135,0,0.3927189274020755,0.4408053647033954,1,Interleaved
936,136,0,0.6552659346339278,0.4007366215171778,1,Interleaved
937,137,0,0.4793387123434786,0.33597763270901515,1,Interleaved
938,138,0,0.7798970668192768,0.33544169105456034,1,Interleaved
939,139,0,0.6313460320639486,0.2666500653408703,1,Interleaved
940,140,0,0.3151612431451842,0.3771196382880675,1,Interleaved
941,141,0,0.3676497063961084,0.4997089177309655,1,Interleaved
942,142,0,0.3473856369992285,0.4360795044361964,1,Interleaved
943,143,0,0.7289130775922248,0.3789182574387076,1,Interleaved
944,144,0,0.34648049647807505,0.4249809446781254,1,Interleaved
945,145,0,0.4612696071793408,0.4020955347343854,1,Interleaved
946,146,0,0.912848178239977,0.26055278294505446,1,Interleaved
947,147,0,0.4733363008529997,0.38819795899874754,1,Interleaved
948,148,0,0.46461953373193365,0.3490885183921009,1,Interleaved
949,149,0,0.6119961221638879,0.23192468104095676,1,Interleaved
950,150,0,0.33725574260297253,0.3788053373075644,1,Interleaved
951,151,0,0.6025355589492465,0.40556547161023826,1,Interleaved
952,152,0,0.3230904807914939,0.35650878255816376,1,Interleaved
953,153,0,0.4331970281535832,0.44165007811467955,1,Interleaved
954,154,0,0.8526563683059885,0.26323119844397436,1,Interleaved
955,155,0,0.6519341426025855,0.4291199887572784,1,Interleaved
956,156,0,0.36534939129306077,0.3389345363265004,1,Interleaved
957,157,0,0.508581532434706,0.3832557064228487,1,Interleaved
958,158,0,0.757406411589618,0.39947000577427794,1,Interleaved
959,159,0,0.6972211230212985,0.29938745535376277,1,Interleaved
960,160,0,0.7240714250146146,0.3326197591472481,1,Interleaved
961,161,0,0.36871295416088806,0.3791601528974841,1,Interleaved
962,162,0,0.5627705481745846,0.40253915302881205,1,Interleaved
963,163,0,0.555663436095892,0.36919946839096185,1,Interleaved
964,164,0,0.786668323802989,0.47454100623850526,1,Interleaved
965,165,0,0.5223600786810509,0.3684437718262461,1,Interleaved
966,166,0,0.39187542200853376,0.2983376328859498,1,Interleaved
967,167,0,0.4317671426745129,0.4571808836349764,1,Interleaved
968,168,0,0.45980537975959507,0.3485216289384738,1,Interleaved
969,169,0,0.7002240505521962,0.3716947864643938,1,Interleaved
970,170,0,0.36649234534545166,0.3442351094550993,1,Interleaved
971,171,0,0.7693704357527915,0.2920164731411329,1,Interleaved
972,172,0,0.3526018550734779,0.35156354974765613,1,Interleaved
973,173,0,0.6300214738922709,0.23125853118423284,1,Interleaved
974,174,0,0.350498110116394,0.4836728002680496,1,Interleaved
975,175,0,0.7449770684151271,0.3696838520325223,1,Interleaved
976,176,0,0.3543364736329165,0.40335582766155753,1,Interleaved
977,177,0,0.44618115140695486,0.3024109965927756,1,Interleaved
978,178,0,0.5297588129819413,0.25712982780045046,1,Interleaved
979,179,0,0.3610547629331969,0.3365550847135703,1,Interleaved
980,180,0,0.5610097966424592,0.33061067686441603,1,Interleaved
981,181,0,0.521959993541969,0.334863778088079,1,Interleaved
982,182,0,0.7669045646486894,0.24646530067601277,1,Interleaved
983,183,0,0.8587471453131266,0.34220062146438757,1,Interleaved
984,184,0,0.5062322532294039,0.5016918891211722,1,Interleaved
985,185,0,0.04779546065757682,0.4043177782275668,1,Interleaved
986,186,0,0.25568941382527616,0.4588161105014952,1,Interleaved
987,187,0,0.3916594004210018,0.38830614728664375,1,Interleaved
988,188,0,0.4510564413253433,0.37287209597536675,1,Interleaved
989,189,0,0.28426627570944196,0.3330057303427379,1,Interleaved
990,190,0,0.7149045227515038,0.35785141371373924,1,Interleaved
991,191,0,0.30014867525712235,0.4380177298585215,1,Interleaved
992,192,0,0.46350461924732067,0.4396149974150099,1,Interleaved
993,193,0,0.7650617963351247,0.4751253640031723,1,Interleaved
994,194,0,0.5331620363671039,0.3150977523931593,1,Interleaved
995,195,0,0.09780294531867287,0.41848435483343815,1,Interleaved
996,196,0,0.5210303890434277,0.39120346940439443,1,Interleaved
997,197,0,0.11985044174037986,0.49339286160889423,1,Interleaved
998,198,0,0.16065141659532617,0.42827501965706166,1,Interleaved
999,199,0,0.1351590025573691,0.37841290534976757,1,Interleaved
1000,0,0,0.4330451880338268,0.7758932144986505,1,Instructed
1001,1,0,0.13936229817666068,0.641958142596381,1,Instructed
1002,2,0,0.5521060572839093,0.47107078223539245,1,Instructed
1003,3,0,0.890831383649539,0.5637086729762664,1,Instructed
1004,4,0,0.09754545443640458,0.5410855654067146,1,Instructed
1005,5,0,0.5958277987445921,0.43969696843656697,1,Instructed
1006,6,0,0.30707294122674583,0.41319529284458284,1,Instructed
1007,7,0,0.4563669463714533,0.5859922662390364,1,Instructed
1008,8,0,0.5134721354269904,0.4693730756650877,1,Instructed
1009,9,0,0.5195036222921389,0.39432454502157904,1,Instructed
1010,10,0,0.19613988656565906,0.4685125608458365,1,Instructed
1011,11,0,0.4776460707419341,0.459873516856408,1,Instructed
1012,12,0,0.2741045196026301,0.44501770119472317,1,Instructed
1013,13,0,0.3236892216543987,0.5676021366725463,1,Instructed
1014,14,0,0.2850817064171504,0.47444464683623233,1,Instructed
1015,15,0,0.7906804272562937,0.5342503352871453,1,Instructed
1016,16,0,0.7836890089843165,0.35204365697152445,1,Instructed
1017,17,0,0.660474774999992,0.3381404578163086,1,Instructed
1018,18,0,0.3093274137347286,0.48373968462500005,1,Instructed
1019,19,0,0.40271571901507974,0.45510093745599717,1,Instructed
1020,20,0,0.3476023324877372,0.4957361098235302,1,Instructed
1021,21,0,0.22084391610224952,0.5831736366381247,1,Instructed
1022,22,0,0.7153257760992324,0.4080917940795855,1,Instructed
1023,23,0,0.2650548683236018,0.4843192744130944,1,Instructed
1024,24,0,0.5507816890624079,0.3094811775264734,1,Instructed
1025,25,0,0.5834032639458628,0.3123049224136182,1,Instructed
1026,26,0,0.3324749295801345,0.39158071243432224,1,Instructed
1027,27,0,0.4049042260068552,0.4271498231268723,1,Instructed
1028,28,0,0.2569230600969886,0.49318858316888725,1,Instructed
1029,29,0,0.6753485549235461,0.2567924404261741,1,Instructed
1030,30,0,0.4945966970280864,0.4272865952577187,1,Instructed
1031,31,0,0.7899856429405223,0.37136679933968825,1,Instructed
1032,32,0,0.5879278040993103,0.4482703738895697,1,Instructed
1033,33,0,0.2409141557859651,0.488495147075756,1,Instructed
1034,34,0,0.10891847451687649,0.4914064315545442,1,Instructed
1035,35,0,0.4181017563992034,0.5644268370640423,1,Instructed
1036,36,0,0.1739017939792915,0.3986262820223968,1,Instructed
1037,37,0,0.35667392284593874,0.47548774022861806,1,Instructed
1038,38,0,0.7629457033503677,0.41076606319244474,1,Instructed
1039,39,0,0.4537363398661993,0.5597472438973627,1,Instructed
1040,40,0,0.252440447949457,0.47459386602664144,1,Instructed
1041,41,0,0.43992429489449564,0.5203587968020138,1,Instructed
1042,42,0,0.7122760558792184,0.4118187561418442,1,Instructed
1043,43,0,0.3659306789902959,0.4863574838180643,1,Instructed
1044,44,0,0.7691386545431553,0.351678048661193,1,Instructed
1045,45,0,0.4807137988136003,0.5178398779830259,1,Instructed
1046,46,0,0.8313979229805665,0.29168482946723895,1,Instructed
1047,47,0,0.5142654637422045,0.3172618488768202,1,Instructed
1048,48,0,0.06694239259649779,0.3579164728513685,1,Instructed
1049,49,0,0.49899961454730196,0.3771595811630494,1,Instructed
1050,50,0,0.915153694225699,0.26382539193768517,1,Instructed
1051,51,0,0.46817785971224696,0.5624438381012422,1,Instructed
1052,52,0,0.0990958080312037,0.42327453312296215,1,Instructed
1053,53,0,0.5506511199911,0.2856530395306078,1,Instructed
1054,54,0,0.9044758732658449,0.3114296809363135,1,Instructed
1055,55,0,0.4876284614516159,0.5290296496256954,1,Instructed
1056,56,0,0.19048043515443486,0.3542208402240707,1,Instructed
1057,57,0,0.5482723762675883,0.2694955318438403,1,Instructed
1058,58,0,0.8381338407336565,0.29840892365626803,1,Instructed
1059,59,0,0.48206451824773233,0.43884633288005576,1,Instructed
1060,60,0,0.9054171831472557,0.36832109350967157,1,Instructed
1061,61,0,0.4674981085492806,0.48957094357920417,1,Instructed
1062,62,0,0.18766462369298792,0.41186135607159824,1,Instructed
1063,63,0,0.5240532818771846,0.39749888368484254,1,Instructed
1064,64,0,0.19303458762151954,0.4555389572384615,1,Instructed
1065,65,0,0.7112323985833972,0.3584029754095974,1,Instructed
1066,66,0,0.6438739532222739,0.3107477893919192,1,Instructed
1067,67,0,0.22168629332947443,0.48029874459621774,1,Instructed
1068,68,0,0.2263772456590551,0.48394729864718555,1,Instructed
1069,69,0,0.3808982881783621,0.458221480606905,1,Instructed
1070,70,0,0.7878423318120215,0.36167364959262094,1,Instructed
1071,71,0,0.4485731871868812,0.44783494530793977,1,Instructed
1072,72,0,0.10171864564653807,0.4312153694108426,1,Instructed
1073,73,0,0.49619351125852407,0.3847424323904347,1,Instructed
1074,74,0,0.1828213865806464,0.5694430502449843,1,Instructed
1075,75,0,0.5457649062343146,0.46520203270504135,1,Instructed
1076,76,0,0.6593738415600717,0.4102050715794753,1,Instructed
1077,77,0,0.6028997370901588,0.3060348456061707,1,Instructed
1078,78,0,0.6549115768827598,0.31267818381903095,1,Instructed
1079,79,0,0.2527858098140037,0.4106251443984824,1,Instructed
1080,80,0,0.36969794069289924,0.35989988311306625,1,Instructed
1081,81,0,0.6525894267537942,0.2758170767848477,1,Instructed
1082,82,0,0.7037943285242854,0.3029738574184195,1,Instructed
1083,83,0,0.32716535149489673,0.4901919482478152,1,Instructed
1084,84,0,0.16763504416991198,0.3770425877351714,1,Instructed
1085,85,0,0.5012194783961468,0.29127832906225026,1,Instructed
1086,86,0,0.8495837768848006,0.3792305723933165,1,Instructed
1087,87,0,0.42025282128375147,0.4906595785445403,1,Instructed
1088,88,0,0.8581796352127073,0.24251801089664315,1,Instructed
1089,89,0,0.35451069835996024,0.37734783050518395,1,Instructed
1090,90,0,0.8171898639390216,0.2610010359492758,1,Instructed
1091,91,0,0.5413431529868983,0.3719565285923876,1,Instructed
1092,92,0,0.9269486348179217,0.28013799422549146,1,Instructed
1093,93,0,0.3770011628983537,0.4807266891494174,1,Instructed
1094,94,0,0.9058539081094927,0.4219969841007902,1,Instructed
1095,95,0,0.4087102013553048,0.35553905152693893,1,Instructed
1096,96,0,0.12439812287678274,0.34894341904140425,1,Instructed
1097,97,0,0.5336097835845166,0.3994179878089925,1,Instructed
1098,98,0,0.23842240021656425,0.4607188184693588,1,Instructed
1099,99,0,0.39603758234591907,0.36664692395914456,1,Instructed
1100,100,0,0.3077932242603128,0.4058535215462963,1,Instructed
1101,101,0,0.37177272665650113,0.517225410294111,1,Instructed
1102,102,0,0.4872082284623005,0.35712635070743254,1,Instructed
1103,103,0,0.392220439042527,0.4306042785062888,1,Instructed
1104,104,0,0.8015071839412232,0.3811979970360353,1,Instructed
1105,105,0,0.523961907358629,0.37361933307093326,1,Instructed
1106,106,0,0.24536796183461057,0.3496153448396213,1,Instructed
1107,107,0,0.62969975455072,0.4083333618843863,1,Instructed
1108,108,0,0.10658558250497152,0.39453925816515323,1,Instructed
1109,109,0,0.6022556181383399,0.39516334778851003,1,Instructed
1110,110,0,0.8399752264332598,0.4529956575649391,1,Instructed
1111,111,0,0.6823623843045433,0.40360548153357767,1,Instructed
1112,112,0,0.28411026923217164,0.3906545643969679,1,Instructed
1113,113,0,0.4184082743078524,0.4062555573499385,1,Instructed
1114,114,0,0.34501070406405643,0.4263691650895055,1,Instructed
1115,115,0,0.6139363412435372,0.3986577968424509,1,Instructed
1116,116,0,0.6729883551518321,0.36456814888200184,1,Instructed
1117,117,0,0.7577108730712157,0.25976081807495555,1,Instructed
1118,118,0,0.7505010602670599,0.31449904803447315,1,Instructed
1119,119,0,0.4440791719945141,0.5819912849646627,1,Instructed
1120,120,0,0.9668782259383444,0.3600187139035705,1,Instructed
1121,121,0,0.4532677354535265,0.3251844796015204,1,Instructed
1122,122,0,0.2267463424544504,0.45526623562756946,1,Instructed
1123,123,0,0.5396669710628765,0.3315841085305915,1,Instructed
1124,124,0,0.8009971011176531,0.3994403325787982,1,Instructed
1125,125,0,0.2905917753163606,0.34912248620170383,1,Instructed
1126,126,0,0.8271712051229086,0.3073099495084731,1,Instructed
1127,127,0,0.49164639624131,0.41289473455950293,1,Instructed
1128,128,0,0.28911955140121687,0.40532875385761835,1,Instructed
1129,129,0,0.49571072470135547,0.377275220523398,1,Instructed
1130,130,0,0.9248974709023033,0.24741011340938007,1,Instructed
1131,131,0,0.5077788290589302,0.41024511587333956,1,Instructed
1132,132,0,0.3526590355864091,0.42760990479276983,1,Instructed
1133,133,0,0.23695241292158808,0.4144426946423211,1,Instructed
1134,134,0,0.6424333042085439,0.26388222079402596,1,Instructed
1135,135,0,0.5210684626235049,0.4362655705968649,1,Instructed
1136,136,0,0.26226959821081675,0.43742942968118337,1,Instructed
1137,137,0,0.48573737702599773,0.31573859452637165,1,Instructed
1138,138,0,0.9092163696957398,0.2624632119218174,1,Instructed
1139,139,0,0.44375165924597043,0.4870750256901335,1,Instructed
1140,140,0,0.09754852443662716,0.4146380929609075,1,Instructed
1141,141,0,0.49763938942553926,0.4862677859730651,1,Instructed
1142,142,0,0.9086085324243962,0.42682961346309223,1,Instructed
1143,143,0,0.5499259161224306,0.3769659332463302,1,Instructed
1144,144,0,0.315074735571487,0.538660804473182,1,Instructed
1145,145,0,0.5935031842701799,0.28548958308588823,1,Instructed
1146,146,0,0.25051155575627937,0.5082667309180062,1,Instructed
1147,147,0,0.7188022297253576,0.22818967954313873,1,Instructed
1148,148,0,0.24069675490949455,0.4941656889773175,1,Instructed
1149,149,0,0.3390273846732573,0.3804733460469506,1,Instructed
1150,150,0,0.8037676674963216,0.36717761606442756,1,Instructed
1151,151,0,0.6033826925888774,0.3522190655903602,1,Instructed
1152,152,0,0.20705759425901582,0.5091753365167111,1,Instructed
1153,153,0,0.3645156476913687,0.4112419898700278,1,Instructed
1154,154,0,0.2574840930498096,0.35935873002346475,1,Instructed
1155,155,0,0.4977183880830595,0.4279681363105786,1,Instructed
1156,156,0,0.3387506428533308,0.3706900778556269,1,Instructed
1157,157,0,0.3855829040228119,0.4309280147585901,1,Instructed
1158,158,0,0.7572158561110477,0.41950607636810533,1,Instructed
1159,159,0,0.380318446667686,0.4182791567146975,1,Instructed
1160,160,0,0.888302371108446,0.3524404138557736,1,Instructed
1161,161,0,0.47210075339193824,0.3475655365808907,1,Instructed
1162,162,0,0.11780287103879489,0.416646156764542,1,Instructed
1163,163,0,0.24783118982708446,0.3740201063873986,1,Instructed
1164,164,0,0.48551341611650467,0.43838969042571363,1,Instructed
1165,165,0,0.8040340124767047,0.26462044922980865,1,Instructed
1166,166,0,0.42315876099451843,0.35003532518298,1,Instructed
1167,167,0,0.17670633029439392,0.5724701513515603,1,Instructed
1168,168,0,0.4503526410596449,0.3616319952608391,1,Instructed
1169,169,0,0.32850585302454155,0.40442273837557374,1,Instructed
1170,170,0,0.774163768507852,0.359645490986445,1,Instructed
1171,171,0,0.6123215185189458,0.32955325912206823,1,Instructed
1172,172,0,0.8621271121694958,0.19679234872654966,1,Instructed
1173,173,0,0.5372708114806382,0.3110323326982025,1,Instructed
1174,174,0,0.9174396069035046,0.3149932557847292,1,Instructed
1175,175,0,0.5138919141983931,0.21382161524473492,1,Instructed
1176,176,0,0.3765114118386663,0.42714980481996445,1,Instructed
1177,177,0,0.9701938508797647,0.3371859313462513,1,Instructed
1178,178,0,0.4408471707365234,0.30974049712807533,1,Instructed
1179,179,0,0.9624187073835715,0.38620784140672626,1,Instructed
1180,180,0,0.38070888580346646,0.454658746859321,1,Instructed
1181,181,0,0.21816739047753175,0.3828344633017634,1,Instructed
1182,182,0,0.45744292278041015,0.3511001254024516,1,Instructed
1183,183,0,0.461136335364591,0.37216085044097746,1,Instructed
1184,184,0,0.7799924401163616,0.23549945576439246,1,Instructed
1185,185,0,0.5464523867498445,0.444180668605799,1,Instructed
1186,186,0,0.8978771107001879,0.29018604531189124,1,Instructed
1187,187,0,0.22832294394439281,0.3986558144152745,1,Instructed
1188,188,0,0.9423257894202289,0.2571343130996101,1,Instructed
1189,189,0,0.3104027259269765,0.35915944821331147,1,Instructed
1190,190,0,0.47642764766062995,0.43214574568052994,1,Instructed
1191,191,0,0.24943205467491886,0.46835387340668133,1,Instructed
1192,192,0,0.7029466738542627,0.3113847985415573,1,Instructed
1193,193,0,0.6642591927038743,0.3710951186507295,1,Instructed
1194,194,0,0.5890960988420316,0.34667318519061224,1,Instructed
1195,195,0,0.21575871661586105,0.39815093725066364,1,Instructed
1196,196,0,0.471724099845284,0.3847205612418918,1,Instructed
1197,197,0,0.8062774296908523,0.2803826385151557,1,Instructed
1198,198,0,0.3409501722085191,0.5229264382229236,1,Instructed
1199,199,0,0.6000489635349232,0.44426126448911196,1,Instructed
