,t,e_hat,Accuracy,pe,batch,Condition
0,0,0,0.8753876218400576,0.9877888936452783,0,Blocked
1,1,0,0.48451684258009775,0.6305156895275057,0,Blocked
2,2,0,0.927987234677742,0.6332367766723237,0,Blocked
3,3,0,0.36424158353081576,0.5764280709410305,0,Blocked
4,4,0,0.07641805269345199,0.8057124001790217,0,Blocked
5,5,0,0.6532258640138574,0.6093626973428597,0,Blocked
6,6,0,0.3875676917613093,0.7730950838650111,0,Blocked
7,7,0,0.8246907507484045,0.5268637792245727,0,Blocked
8,8,0,0.18342013231360657,0.7451105230887125,0,Blocked
9,9,0,0.39969528767899654,0.660163767602403,0,Blocked
10,10,0,0.17766399655923165,0.6121681055445095,0,Blocked
11,11,0,0.7731488040339396,0.6689610888389079,0,Blocked
12,12,0,0.5135870875886418,0.6620908268322014,0,Blocked
13,13,0,0.5440425880519195,0.8452385406433157,0,Blocked
14,14,0,0.5365911495014478,1.0688954502249985,0,Blocked
15,15,0,0.7820108111355547,0.6812994688752243,0,Blocked
16,16,0,0.920035758098112,0.4948068748645681,0,Blocked
17,17,0,0.462169685751814,0.6566172288481281,0,Blocked
18,18,0,0.5033103754666449,0.696399737321068,0,Blocked
19,19,0,0.7045620420133605,0.7824978521507697,0,Blocked
20,20,0,0.2270536394032819,0.8572464933913466,0,Blocked
21,21,0,0.4981172030340581,0.8244581052824589,0,Blocked
22,22,0,0.46758286273242894,0.7898793102899573,0,Blocked
23,23,0,0.297525535442548,0.6638383010621343,0,Blocked
24,24,0,0.8133553471082143,0.6147268421182817,0,Blocked
25,25,0,0.6091652084256458,0.6850940369726197,0,Blocked
26,26,0,0.5032719498223466,0.6455065486255764,0,Blocked
27,27,0,0.48105334937141264,0.6902533078997733,0,Blocked
28,28,0,0.4856560370283948,1.1486756239263882,0,Blocked
29,29,0,0.42517221601597,0.808907900899156,0,Blocked
30,30,0,0.4596689002000551,0.5649241078720529,0,Blocked
31,31,0,0.5155281133756578,0.6281861634469037,0,Blocked
32,32,0,0.870974114434788,0.43447428509414215,0,Blocked
33,33,0,0.2791067254825758,0.5619712758631485,0,Blocked
34,34,0,0.13428523801730902,0.9296152623865076,0,Blocked
35,35,0,0.6448409723121388,0.7627723229404832,0,Blocked
36,36,0,0.4901165311203109,0.44091378115848767,0,Blocked
37,37,0,0.500074589843901,0.6169261709181433,0,Blocked
38,38,0,0.46136127098596413,0.7834714224841454,0,Blocked
39,39,0,0.6501305099540889,0.49946110204397587,0,Blocked
40,40,0,0.6729673525673615,0.6278799205375682,0,Blocked
41,41,0,0.8863708283493243,0.5496658800836604,0,Blocked
42,42,0,0.2023665824646519,0.696805909278843,0,Blocked
43,43,0,0.6926723227133331,0.6415526406569276,0,Blocked
44,44,0,0.5284731684280228,0.5972213592343448,0,Blocked
45,45,0,0.02501662814088799,0.867182058683644,0,Blocked
46,46,0,0.9993592225217816,0.6550583896311355,0,Blocked
47,47,0,0.726486004082225,0.7273580622967297,0,Blocked
48,48,0,0.7484082367836107,0.7104744023150198,0,Blocked
49,49,0,0.09214504151272071,0.7626530348527234,0,Blocked
50,50,0,0.7883988436193599,0.7596908633126469,0,Blocked
51,51,0,0.25169745165969076,0.5578792394527624,0,Blocked
52,52,0,0.016665362847594532,0.6909333484602727,0,Blocked
53,53,0,0.004914659627519509,0.7262290097322599,0,Blocked
54,54,0,0.9066565603776309,0.44391720478843577,0,Blocked
55,55,0,0.8478187330616163,0.49283576851849725,0,Blocked
56,56,0,0.0742783801208313,0.6199817984318823,0,Blocked
57,57,0,0.9162276491950281,0.8991967287506311,0,Blocked
58,58,0,0.9997601945550307,0.7971738074520238,0,Blocked
59,59,0,0.8974056698782473,0.7916371681145442,0,Blocked
60,60,0,0.9413461608786451,0.7169396790194831,0,Blocked
61,61,0,0.9997580920253677,0.7390145227138777,0,Blocked
62,62,0,0.6114318536948843,0.5010852524681924,0,Blocked
63,63,0,0.9978042961392348,0.5932107007568106,0,Blocked
64,64,0,0.20373773996394712,0.569949362136783,0,Blocked
65,65,0,0.6720580797594861,0.7366629784366379,0,Blocked
66,66,0,0.9689891922931732,0.9391247671100269,0,Blocked
67,67,0,0.49796136552336073,0.8802290033096638,0,Blocked
68,68,0,0.9999779166545881,0.7194801861266031,0,Blocked
69,69,0,0.18808166673012666,0.6398357178373386,0,Blocked
70,70,0,0.7577713693359418,0.5494668859094487,0,Blocked
71,71,0,0.0041722708906569905,0.9278758735614911,0,Blocked
72,72,0,0.6142371586091641,0.6319092927010194,0,Blocked
73,73,0,0.9985091399408847,0.6595554758823521,0,Blocked
74,74,0,0.7872806073029963,0.635761831367043,0,Blocked
75,75,0,0.9999309365608264,0.5712033333206449,0,Blocked
76,76,0,0.6274604347647171,0.6428399229791538,0,Blocked
77,77,0,0.23320454918440392,0.7177817122248425,0,Blocked
78,78,0,0.9706946527641795,0.893683185722113,0,Blocked
79,79,0,0.6917914199168078,1.0105930902680986,0,Blocked
80,80,0,0.4484904735285727,0.6900125713455358,0,Blocked
81,81,0,0.4775526332003001,0.7140166732123633,0,Blocked
82,82,0,0.060987931749425746,0.7830249790712926,0,Blocked
83,83,0,0.966221686545959,0.7335171622700811,0,Blocked
84,84,0,0.49965895239763897,0.9893059126177866,0,Blocked
85,85,0,0.49691796344028,0.6877508533940362,0,Blocked
86,86,0,0.05446250903353332,0.5237570139220897,0,Blocked
87,87,0,0.5330524802091904,0.5242017717492561,0,Blocked
88,88,0,0.48837938260055386,0.8362444119431311,0,Blocked
89,89,0,0.04343925911052048,0.8598918375860088,0,Blocked
90,90,0,0.5751742552401505,0.5892866027483274,0,Blocked
91,91,0,0.3156909896958233,0.4271257849524237,0,Blocked
92,92,0,0.8899925074590422,0.4893130160816752,0,Blocked
93,93,0,0.9472709398106676,0.7182545076841707,0,Blocked
94,94,0,0.4693762499705638,0.66123438241446,0,Blocked
95,95,0,0.573008077392856,0.5002441933819006,0,Blocked
96,96,0,0.17203718237655696,0.8127258466623859,0,Blocked
97,97,0,0.46439076930688017,0.7780356978582792,0,Blocked
98,98,0,0.5102620845166524,0.6508584621426273,0,Blocked
99,99,0,0.1336397178177242,0.9136230794325,0,Blocked
100,100,0,0.8026139016524377,0.6829037513888111,0,Blocked
101,101,0,0.4763555670699734,0.7659412820587467,0,Blocked
102,102,0,0.4997015846081323,0.7680041492677819,0,Blocked
103,103,0,0.47344371415687225,0.7720325834626516,0,Blocked
104,104,0,0.5427159386651927,0.9617623887056188,0,Blocked
105,105,0,0.11009666965897637,1.1406916828863216,0,Blocked
106,106,0,0.9169388916198242,0.6121869498663625,0,Blocked
107,107,0,0.5458569213981103,0.42370689874643336,0,Blocked
108,108,0,0.5325289976140832,0.416946486435092,0,Blocked
109,109,0,0.3554501757343374,0.5661326167360792,0,Blocked
110,110,0,0.5469451036386325,0.595087382258529,0,Blocked
111,111,0,0.8424948685271625,0.477115533613805,0,Blocked
112,112,0,0.9711754821503278,0.6493966000509579,0,Blocked
113,113,0,0.5465298562971354,0.6558724819168171,0,Blocked
114,114,0,0.3688762811981212,0.686085572102903,0,Blocked
115,115,0,0.8372481766540069,0.8746396723687422,0,Blocked
116,116,0,0.6288476756561671,0.6249698638273653,0,Blocked
117,117,0,0.7679392190541987,0.6928963376006896,0,Blocked
118,118,0,0.22970157462546525,0.8890035560189283,0,Blocked
119,119,0,0.4786804077437477,0.8672542183105183,0,Blocked
120,120,0,0.25052716643622636,0.6652767945858751,0,Blocked
121,121,0,0.9267218999515561,0.722925390135448,0,Blocked
122,122,0,0.589095878338018,0.60532005783941,0,Blocked
123,123,0,0.04536545786803768,0.8041723063495223,0,Blocked
124,124,0,0.18459392993846657,1.0014331325559795,0,Blocked
125,125,0,0.9902449421227638,0.5676623205016749,0,Blocked
126,126,0,0.8533596770894729,0.5169742680931418,0,Blocked
127,127,0,0.6506484184538748,0.6952282983819684,0,Blocked
128,128,0,0.003962844390689293,0.7831818755786375,0,Blocked
129,129,0,0.9494761513313943,0.6597929636426246,0,Blocked
130,130,0,0.031622703605215616,0.7389824695156908,0,Blocked
131,131,0,0.6396059891195793,0.7458055436507498,0,Blocked
132,132,0,0.9580950930673355,0.7239472401986333,0,Blocked
133,133,0,0.9894860951700921,0.5574995361750545,0,Blocked
134,134,0,0.9712163061892456,0.6088057838856296,0,Blocked
135,135,0,0.9838003560900312,0.681115329848629,0,Blocked
136,136,0,0.027697136671471723,0.7233082761739982,0,Blocked
137,137,0,0.0840716365264201,0.7444662668770291,0,Blocked
138,138,0,0.002617466960142083,1.0661699742580681,0,Blocked
139,139,0,0.0004430355338190748,0.9913601310848319,0,Blocked
140,140,0,0.9749937099126583,0.76612841834155,0,Blocked
141,141,0,0.9624755545462373,0.6802773623880845,0,Blocked
142,142,0,0.8772711218386646,0.5868908116573909,0,Blocked
143,143,0,0.721089541497292,0.7323082365931727,0,Blocked
144,144,0,0.9993289622061703,0.5917471630110338,0,Blocked
145,145,0,0.6568507338630041,0.5758607066658351,0,Blocked
146,146,0,0.23751385513060166,0.5487317643915735,0,Blocked
147,147,0,0.07808375412778704,0.7030996873202919,0,Blocked
148,148,0,0.0051819890378177165,0.5959735463147796,0,Blocked
149,149,0,0.8336513563165981,0.7764929805084053,0,Blocked
150,150,0,0.972625099080474,0.8992240287218827,0,Blocked
151,151,0,0.4935588991543527,0.7057742642210048,0,Blocked
152,152,0,0.1025802097819328,0.8423602115768958,0,Blocked
153,153,0,0.00026561276515019454,0.9670721063391072,0,Blocked
154,154,0,0.0591549936318312,0.6510478324764386,0,Blocked
155,155,0,0.029941426684274335,0.6380458962723519,0,Blocked
156,156,0,0.6377245874784594,0.5655819616213053,0,Blocked
157,157,0,0.8649763926670144,0.4866574362294007,0,Blocked
158,158,0,0.9254822095524898,0.4652376083747036,0,Blocked
159,159,0,0.20207363443525994,0.6128747080646262,0,Blocked
160,160,0,0.9874450077280859,0.9003710299581221,0,Blocked
161,161,0,0.5288612804189753,0.5435379246089309,0,Blocked
162,162,0,0.4009095133606775,0.6482839338975792,0,Blocked
163,163,0,0.08689364559428676,0.4904784022138554,0,Blocked
164,164,0,0.97181629056204,0.4624057337759119,0,Blocked
165,165,0,0.5001942769863591,0.6879419788037959,0,Blocked
166,166,0,0.43055108144648174,0.5024861177144144,0,Blocked
167,167,0,0.48166504474542077,0.6040357690667225,0,Blocked
168,168,0,0.33792567843453736,0.9605169769796733,0,Blocked
169,169,0,0.04741008003139016,0.8388000421890012,0,Blocked
170,170,0,0.49667269475229386,0.6843055673966629,0,Blocked
171,171,0,0.29316673185064934,0.59160704746443,0,Blocked
172,172,0,0.5417336378195831,0.6164677918251602,0,Blocked
173,173,0,0.9239538346804907,0.6732048000564554,0,Blocked
174,174,0,0.9304937764852366,0.6717365681869579,0,Blocked
175,175,0,0.5051255666277178,0.7920444878902737,0,Blocked
176,176,0,0.9927878420506644,0.5114168394306194,0,Blocked
177,177,0,0.6127181805335628,0.5240431678916273,0,Blocked
178,178,0,0.9993364268972253,0.6429192798892047,0,Blocked
179,179,0,0.2578570546913113,0.7608995082561041,0,Blocked
180,180,0,0.5263482656818105,0.6554306912240546,0,Blocked
181,181,0,0.37396903078435395,0.623654618964095,0,Blocked
182,182,0,0.9732157270824173,0.7933939629872677,0,Blocked
183,183,0,0.9724588814638793,0.956068814730445,0,Blocked
184,184,0,0.5025044459128822,0.5490994586691151,0,Blocked
185,185,0,0.9692386408598995,0.5699554190208826,0,Blocked
186,186,0,0.47604749213599296,0.7269373784791671,0,Blocked
187,187,0,0.7164168403655187,0.6679254560259777,0,Blocked
188,188,0,0.6318887062902783,0.6805827477475326,0,Blocked
189,189,0,0.0014012847039817083,0.8609942273436411,0,Blocked
190,190,0,0.6678060401038677,0.9617470399802746,0,Blocked
191,191,0,0.894858070292148,0.6220898893586,0,Blocked
192,192,0,0.7536659252504431,0.7428719078439171,0,Blocked
193,193,0,0.335272402941856,0.7028314626310247,0,Blocked
194,194,0,0.5048157933549491,0.965517459254031,0,Blocked
195,195,0,0.5436687324345143,0.8566559008527701,0,Blocked
196,196,0,0.1819536439629741,0.6087503661167505,0,Blocked
197,197,0,0.9781939744308741,0.5549715486183656,0,Blocked
198,198,0,0.49874095610123853,0.8766362012531661,0,Blocked
199,199,0,0.9918000561982008,0.6851367791778556,0,Blocked
200,0,0,0.19884870087385736,0.637326411911268,0,Interleaved
201,1,0,0.49928707903027336,0.6087123541703552,0,Interleaved
202,2,0,0.3116841966932894,0.6893472992324654,0,Interleaved
203,3,0,0.5002669374967016,0.7293194914709444,0,Interleaved
204,4,0,0.04490944805075425,0.9048690127425227,0,Interleaved
205,5,0,0.5566124454548098,0.7350848862915174,0,Interleaved
206,6,0,0.355982749597604,0.5236309770099593,0,Interleaved
207,7,0,0.47912566885665087,0.5008919715262001,0,Interleaved
208,8,0,0.6161441111371178,0.44069798089858736,0,Interleaved
209,9,0,0.5111385803694124,0.4441392879927275,0,Interleaved
210,10,0,0.4801395454169329,0.7124695547374964,0,Interleaved
211,11,0,0.5762234085004084,0.6155386710781636,0,Interleaved
212,12,0,0.5891551172513512,0.6203792079152533,0,Interleaved
213,13,0,0.5036128349154034,0.5843341142709055,0,Interleaved
214,14,0,0.3674282575678143,0.6207017217082565,0,Interleaved
215,15,0,0.5065124654617259,0.6725786939098741,0,Interleaved
216,16,0,0.7875871014938305,0.4980779795643656,0,Interleaved
217,17,0,0.7007574356318538,0.49239379236407965,0,Interleaved
218,18,0,0.5007215077245895,0.6143303361569565,0,Interleaved
219,19,0,0.56119520399294,0.6243725162997149,0,Interleaved
220,20,0,0.5393795685976976,0.5143351612170763,0,Interleaved
221,21,0,0.24764483144550123,0.8504888189496299,0,Interleaved
222,22,0,0.9589207873201898,0.744179631108985,0,Interleaved
223,23,0,0.5417109330637115,0.5669034451919646,0,Interleaved
224,24,0,0.0724668127553241,0.5969764909894933,0,Interleaved
225,25,0,0.4396728444035018,0.6735370359787054,0,Interleaved
226,26,0,0.7020558476639845,0.6986744500649658,0,Interleaved
227,27,0,0.6212667909068244,0.6208909735851913,0,Interleaved
228,28,0,0.7732712444227603,0.7929720566713003,0,Interleaved
229,29,0,0.5679936161570228,0.5390062623047868,0,Interleaved
230,30,0,0.9946503624994181,0.5276593827212064,0,Interleaved
231,31,0,0.29366783545223674,0.45589114671152514,0,Interleaved
232,32,0,0.6085257174868401,0.41922587104110387,0,Interleaved
233,33,0,0.47128706387984076,0.6451468477242343,0,Interleaved
234,34,0,0.513348476060467,0.5711103330326288,0,Interleaved
235,35,0,0.5705004314447387,0.47929229662143613,0,Interleaved
236,36,0,0.43469939031771315,0.40284734100973046,0,Interleaved
237,37,0,0.4684486332403728,0.5455132525821431,0,Interleaved
238,38,0,0.03486731256476504,0.7711541783689961,0,Interleaved
239,39,0,0.4998866645429155,1.2318073988734901,0,Interleaved
240,40,0,0.9883011740267731,0.7563245548315498,0,Interleaved
241,41,0,0.5064053056859462,0.755957061539817,0,Interleaved
242,42,0,0.975421288729492,0.5353479413732919,0,Interleaved
243,43,0,0.5276582962791254,0.6924456319007012,0,Interleaved
244,44,0,0.9962952383625155,0.821151445193649,0,Interleaved
245,45,0,0.8764791804920433,0.8756128011090853,0,Interleaved
246,46,0,0.6786778663254247,0.5912794830000067,0,Interleaved
247,47,0,0.4039208986031953,0.6517265852213892,0,Interleaved
248,48,0,0.31226990684038397,0.6808873096114062,0,Interleaved
249,49,0,0.8836588080098302,0.6168052112901352,0,Interleaved
250,50,0,0.9655305272536288,0.6861353893325519,0,Interleaved
251,51,0,0.05336486469230002,0.5487856106468878,0,Interleaved
252,52,0,0.7895909608321325,0.5607546840600683,0,Interleaved
253,53,0,0.6115752644297439,0.5857210357531223,0,Interleaved
254,54,0,0.9165199342579602,0.589902705243216,0,Interleaved
255,55,0,0.49632195248192956,0.7106388172123553,0,Interleaved
256,56,0,0.007754192149219018,0.7117283491478218,0,Interleaved
257,57,0,0.5222968887590167,0.6924415867285046,0,Interleaved
258,58,0,0.9337795878141268,0.6393206098490545,0,Interleaved
259,59,0,0.6679013220832037,0.6406207517903555,0,Interleaved
260,60,0,0.12930785625040392,0.5686575465297261,0,Interleaved
261,61,0,0.23709886997206778,0.5909728756589248,0,Interleaved
262,62,0,0.33976458902721507,0.7312629760381946,0,Interleaved
263,63,0,0.7218541865138353,0.6491482714270382,0,Interleaved
264,64,0,0.8604915557587989,0.4812748157363105,0,Interleaved
265,65,0,0.685187714404857,0.45723057355225816,0,Interleaved
266,66,0,0.46112591274573556,0.7148226284074513,0,Interleaved
267,67,0,0.027972089920976315,0.6789570415642516,0,Interleaved
268,68,0,0.6917093040647014,0.7220458411024571,0,Interleaved
269,69,0,0.4851951059675863,0.650030646002673,0,Interleaved
270,70,0,0.23686941886185614,0.7048058090107582,0,Interleaved
271,71,0,0.5069927562204017,0.5542040765991649,0,Interleaved
272,72,0,0.9664163408031273,0.5321313751114157,0,Interleaved
273,73,0,0.5277382628770447,0.45603035992382124,0,Interleaved
274,74,0,0.9879942157629322,0.5582765306241801,0,Interleaved
275,75,0,0.8993684690050339,0.5170964479865042,0,Interleaved
276,76,0,0.8993708486721079,0.5383786631399163,0,Interleaved
277,77,0,0.47840773529981206,0.6609600087015133,0,Interleaved
278,78,0,0.5199638110834103,0.7214881547535146,0,Interleaved
279,79,0,0.5573746716013894,0.6135734519480328,0,Interleaved
280,80,0,0.0039207094684611445,0.7197206171988639,0,Interleaved
281,81,0,0.3191523198746629,0.6739810455250561,0,Interleaved
282,82,0,0.014293551562047362,0.8693488297448746,0,Interleaved
283,83,0,0.4735238075573891,0.9273664097578543,0,Interleaved
284,84,0,0.11838868003864508,0.6746900776985981,0,Interleaved
285,85,0,0.9350477742068846,0.6398023243753618,0,Interleaved
286,86,0,0.8508965898031068,0.4847319554036477,0,Interleaved
287,87,0,0.9639700638567825,0.4062201830318938,0,Interleaved
288,88,0,0.27104790784913335,0.5145719898509027,0,Interleaved
289,89,0,0.5542540940951476,0.6911920341946151,0,Interleaved
290,90,0,0.5034541434650611,0.8396639905312675,0,Interleaved
291,91,0,0.5626121752552288,0.8973348449436258,0,Interleaved
292,92,0,0.8675232009329589,0.5999219578733581,0,Interleaved
293,93,0,0.22617261964951862,0.5903717125455499,0,Interleaved
294,94,0,0.3657599002513392,0.5974968777558056,0,Interleaved
295,95,0,0.3839309728235661,0.8135926709265602,0,Interleaved
296,96,0,0.04797289240902573,0.9136066053975139,0,Interleaved
297,97,0,0.47381212923339866,0.7683196754011671,0,Interleaved
298,98,0,0.7922523223127236,0.6755308457400044,0,Interleaved
299,99,0,0.5148150302069691,0.6277154085702156,0,Interleaved
300,100,0,0.18576530130865748,0.5290372875788101,0,Interleaved
301,101,0,0.4984708709720077,1.0062548516057377,0,Interleaved
302,102,0,0.2549886629298335,0.5969763023033599,0,Interleaved
303,103,0,0.4190026531715171,0.8010968051740859,0,Interleaved
304,104,0,0.988424247970646,0.6201085630283509,0,Interleaved
305,105,0,0.647991993480076,1.5966707482206188,0,Interleaved
306,106,0,0.6030842207189887,0.7924411072536646,0,Interleaved
307,107,0,0.7017403714488798,0.5960598955673586,0,Interleaved
308,108,0,0.6693651018267736,0.6599996888415489,0,Interleaved
309,109,0,0.09960708255366005,0.7515031098691113,0,Interleaved
310,110,0,0.8707376389624193,0.6168222636407072,0,Interleaved
311,111,0,0.4703932989307558,0.5448637349552491,0,Interleaved
312,112,0,0.2534050746439117,0.7058576715118684,0,Interleaved
313,113,0,0.016208413407915873,0.7137583130791318,0,Interleaved
314,114,0,0.49642296294514066,0.471425765276386,0,Interleaved
315,115,0,0.26641007366793257,0.6539698850304194,0,Interleaved
316,116,0,0.7826117891587245,0.5758296625919169,0,Interleaved
317,117,0,0.4996283822274037,0.7100323437765041,0,Interleaved
318,118,0,0.8788706341931491,0.5716548249311016,0,Interleaved
319,119,0,0.5139916842811811,0.608360887765113,0,Interleaved
320,120,0,0.1535937235670832,0.6491588852077115,0,Interleaved
321,121,0,0.5537984937403115,0.7294139563400428,0,Interleaved
322,122,0,0.7037216126807802,0.4104561811009141,0,Interleaved
323,123,0,0.5156939910411559,0.44019344415578127,0,Interleaved
324,124,0,0.4509092553227372,0.7852199586439919,0,Interleaved
325,125,0,0.49058959015396153,0.6918216935896049,0,Interleaved
326,126,0,0.6119976138966212,0.555465819743169,0,Interleaved
327,127,0,0.32658866547398807,0.7976989576339,0,Interleaved
328,128,0,0.12382597097436662,0.6139685184585966,0,Interleaved
329,129,0,0.40516904918270963,0.8062234732863103,0,Interleaved
330,130,0,0.48252085878670087,0.7581102617686943,0,Interleaved
331,131,0,0.5011138889449307,0.5914044961193374,0,Interleaved
332,132,0,0.9320113844420914,0.5601299570638824,0,Interleaved
333,133,0,0.04273974537291274,0.7544645445189253,0,Interleaved
334,134,0,0.01650725133653777,0.47884422460010273,0,Interleaved
335,135,0,0.1551302967432333,0.6952959350154763,0,Interleaved
336,136,0,0.9723279234249538,0.5288753766632236,0,Interleaved
337,137,0,0.20199773703754775,0.5217987626374294,0,Interleaved
338,138,0,0.4429328900480328,0.7038475765495895,0,Interleaved
339,139,0,0.7493233025533902,0.6766051885883748,0,Interleaved
340,140,0,0.512013108709293,0.5966946780221449,0,Interleaved
341,141,0,0.6427649740998984,0.7310594261986538,0,Interleaved
342,142,0,0.011036074125259612,0.6169376023471129,0,Interleaved
343,143,0,0.34362747331625915,0.6604457270281221,0,Interleaved
344,144,0,0.143912900488152,0.5298294315251137,0,Interleaved
345,145,0,0.3879523793385905,0.4629886418080227,0,Interleaved
346,146,0,0.07784998135672075,0.6511097152954657,0,Interleaved
347,147,0,0.5776957116860795,0.5874552598912831,0,Interleaved
348,148,0,0.6303543203869214,0.652195829762956,0,Interleaved
349,149,0,0.23506801752210527,0.6597645657428113,0,Interleaved
350,150,0,0.937982843988729,0.6002998585836616,0,Interleaved
351,151,0,0.3959623502326497,0.5245502833905005,0,Interleaved
352,152,0,0.9138844779065682,0.5951802640189123,0,Interleaved
353,153,0,0.5617132330642522,0.47689051820343,0,Interleaved
354,154,0,0.330047490041996,0.8087338538069866,0,Interleaved
355,155,0,0.5481077634783975,0.6834090771370953,0,Interleaved
356,156,0,0.5001053149273551,0.6273904690519386,0,Interleaved
357,157,0,0.34578113264938753,0.5795977898282922,0,Interleaved
358,158,0,0.045719617601693324,0.667832969792918,0,Interleaved
359,159,0,0.44733438535263026,0.614003205372319,0,Interleaved
360,160,0,0.1626017180449982,0.8790782199546456,0,Interleaved
361,161,0,0.22095889687478992,0.5446226309033019,0,Interleaved
362,162,0,0.3211494041971422,0.6074678801754528,0,Interleaved
363,163,0,0.0014329752239365997,0.8667283915618149,0,Interleaved
364,164,0,0.37565446807288894,0.9269727947483419,0,Interleaved
365,165,0,0.798879309895006,0.5693046454007697,0,Interleaved
366,166,0,0.45596972534590413,0.6247490104896878,0,Interleaved
367,167,0,0.9719839814398653,0.38359782051666047,0,Interleaved
368,168,0,0.7298332550313368,0.6448355983533274,0,Interleaved
369,169,0,0.49959277806174934,1.0073652582059658,0,Interleaved
370,170,0,0.05755143406080764,0.5794744234658982,0,Interleaved
371,171,0,0.10260788076232821,0.887547572339265,0,Interleaved
372,172,0,0.05419782003089428,0.7917937621011105,0,Interleaved
373,173,0,0.9982495897639094,0.7821224157235322,0,Interleaved
374,174,0,0.49863208337145215,0.6057743599762759,0,Interleaved
375,175,0,0.8554873420305897,0.6563743559358808,0,Interleaved
376,176,0,0.8890020382696369,0.8699673668215256,0,Interleaved
377,177,0,0.009122199507828206,0.8335790825277085,0,Interleaved
378,178,0,0.9289106978024373,0.5297879886288229,0,Interleaved
379,179,0,0.42094947139743666,0.71993717695928,0,Interleaved
380,180,0,0.5364765544124183,0.639273039012789,0,Interleaved
381,181,0,0.4445633242236811,0.5747773350260375,0,Interleaved
382,182,0,0.20221625552144906,0.6967738527583376,0,Interleaved
383,183,0,0.41232829980716496,0.6881368895988317,0,Interleaved
384,184,0,0.7516078963175927,0.6276421097496712,0,Interleaved
385,185,0,0.9657316411676913,0.683903525025565,0,Interleaved
386,186,0,0.6371418253441823,0.7285361797163615,0,Interleaved
387,187,0,0.24345735287921172,0.7163029401024585,0,Interleaved
388,188,0,0.6514514845228581,0.7221533920808507,0,Interleaved
389,189,0,0.5480234585638064,0.6490822891097277,0,Interleaved
390,190,0,0.9973635461581245,0.5432215883311393,0,Interleaved
391,191,0,0.9978910663081073,0.7691034169271291,0,Interleaved
392,192,0,0.0009692148457408942,0.9653893088274517,0,Interleaved
393,193,0,0.07508000345230774,0.8605458511197295,0,Interleaved
394,194,0,0.49722481880332486,0.7479224371226341,0,Interleaved
395,195,0,0.4913471549067284,0.5810047804296543,0,Interleaved
396,196,0,0.5116574302268362,0.670886634086871,0,Interleaved
397,197,0,0.5045373029572678,0.7359535282529389,0,Interleaved
398,198,0,0.5161476682477801,0.43193860797800754,0,Interleaved
399,199,0,0.04330818838511112,0.5299910339549148,0,Interleaved
400,0,0,0.28807523158766835,0.7926099784361018,0,Instructed
401,1,0,0.14011880059744708,0.8901505223620287,0,Instructed
402,2,0,0.44649293960144326,0.7001796650948151,0,Instructed
403,3,0,0.9140096812966636,0.8312123855259552,0,Instructed
404,4,0,0.820134862356356,0.9786842501385671,0,Instructed
405,5,0,0.2770575465538295,1.048437636336379,0,Instructed
406,6,0,0.6668229051099891,1.0087148008758267,0,Instructed
407,7,0,0.0442156427001296,0.8006160947058053,0,Instructed
408,8,0,0.8922635213526335,0.7732825679340884,0,Instructed
409,9,0,0.5092810382895809,0.9230469667711958,0,Instructed
410,10,0,0.7208831782831486,0.6249101915347792,0,Instructed
411,11,0,0.500432747989897,0.7624849170254646,0,Instructed
412,12,0,0.5857959965363209,0.6649170863069988,0,Instructed
413,13,0,0.5152714713303179,1.0094051595494151,0,Instructed
414,14,0,0.4057987716091065,0.8432607904230827,0,Instructed
415,15,0,0.21394150564898642,0.7641019268460574,0,Instructed
416,16,0,0.015542822297145459,0.7680065123752439,0,Instructed
417,17,0,0.4956260219624707,0.8542969126530874,0,Instructed
418,18,0,0.8616882880313042,0.8082626992055334,0,Instructed
419,19,0,0.23355197097582497,0.7766774893571136,0,Instructed
420,20,0,0.5889413943811526,0.7826034288501025,0,Instructed
421,21,0,0.31857291529774345,0.8678506866429221,0,Instructed
422,22,0,0.44808756869666366,0.6362508749132159,0,Instructed
423,23,0,0.5028034683326864,0.6705910607782718,0,Instructed
424,24,0,0.9971540999491821,0.7218416617464739,0,Instructed
425,25,0,0.4993371059547874,0.8957609269195758,0,Instructed
426,26,0,0.9155803622395569,0.784020292519062,0,Instructed
427,27,0,0.5503798506101784,0.751625405354633,0,Instructed
428,28,0,0.03187106837834227,0.8497965266817165,0,Instructed
429,29,0,0.04025118147774276,0.7870778321827683,0,Instructed
430,30,0,0.048542039835044,0.6446961680496975,0,Instructed
431,31,0,0.5098430822783396,0.7428557154934876,0,Instructed
432,32,0,0.8265498838847918,0.6566899048301811,0,Instructed
433,33,0,0.38531366489881885,0.6840122803858222,0,Instructed
434,34,0,0.8260820151468623,0.7624776167365289,0,Instructed
435,35,0,0.5302883704398716,0.7186434107348934,0,Instructed
436,36,0,0.996659251274321,0.7767610488876303,0,Instructed
437,37,0,0.10404674155821447,0.8379164897192881,0,Instructed
438,38,0,0.5880426813272177,0.5632681609432438,0,Instructed
439,39,0,0.4703115135057378,0.8156725000538991,0,Instructed
440,40,0,0.017280109030156112,0.9843291681107473,0,Instructed
441,41,0,0.5000004341215489,0.7224967619348499,0,Instructed
442,42,0,0.3806141941214436,0.48098757337565484,0,Instructed
443,43,0,0.3050540070459977,0.5384510863665706,0,Instructed
444,44,0,0.021025075317581597,0.6047944860330725,0,Instructed
445,45,0,0.7070204065094058,0.48266960008798065,0,Instructed
446,46,0,0.105698530804189,0.755717338073433,0,Instructed
447,47,0,0.46524982161192113,0.8410729413696096,0,Instructed
448,48,0,0.18183411345945533,0.6712553690538108,0,Instructed
449,49,0,0.15785789762151475,0.5278153895268458,0,Instructed
450,50,0,0.7936510986362344,0.571111910485047,0,Instructed
451,51,0,0.48205647820350533,0.769690430806034,0,Instructed
452,52,0,0.1081613724644969,0.7232789207463679,0,Instructed
453,53,0,0.5031967236762184,0.6716602864578651,0,Instructed
454,54,0,0.05197042257744654,0.495930119750766,0,Instructed
455,55,0,0.4464093731744215,0.8214620201421914,0,Instructed
456,56,0,0.6467881489462005,0.3858473164676577,0,Instructed
457,57,0,0.17193825189580925,0.8356480905095842,0,Instructed
458,58,0,0.1324441845238093,1.0690252807182898,0,Instructed
459,59,0,0.5001892400416857,1.045980749787089,0,Instructed
460,60,0,0.971774383769407,0.7240298201728643,0,Instructed
461,61,0,0.6363029838824724,0.7960565150382362,0,Instructed
462,62,0,0.4982779940390415,0.7844085616948739,0,Instructed
463,63,0,0.49956724466935554,0.642360334030788,0,Instructed
464,64,0,0.7273616456707819,0.7132441173737782,0,Instructed
465,65,0,0.5026049419529395,0.795052880198743,0,Instructed
466,66,0,0.05040974800818028,0.8104544901724837,0,Instructed
467,67,0,0.14892744936294813,0.7687111933952933,0,Instructed
468,68,0,0.44387282755895713,0.9666546920658851,0,Instructed
469,69,0,0.7326568265035456,0.9465853406775206,0,Instructed
470,70,0,0.39852939773631724,0.6053615835489219,0,Instructed
471,71,0,0.49027771614309246,0.7392352247392964,0,Instructed
472,72,0,0.49117891870039004,0.6747232826477796,0,Instructed
473,73,0,0.9891573075754492,0.4170793597921324,0,Instructed
474,74,0,0.05915287275670886,0.5004873637578292,0,Instructed
475,75,0,0.4286883219157375,0.5766872546898377,0,Instructed
476,76,0,0.07815790180067073,0.6063933342111996,0,Instructed
477,77,0,0.10296740216076371,0.8596246853686027,0,Instructed
478,78,0,0.4619575696486775,0.8830134451059161,0,Instructed
479,79,0,0.48207867885523287,0.644445495894955,0,Instructed
480,80,0,0.983891689226134,0.6825680562872186,0,Instructed
481,81,0,0.7566839734681268,0.9578295786028959,0,Instructed
482,82,0,0.5702933304649511,0.8114168053212681,0,Instructed
483,83,0,0.033730225657126994,3.3022597253097983,0,Instructed
484,84,0,0.4707610081560684,0.7044012148128569,0,Instructed
485,85,0,0.6386670040840235,0.7202650639546139,0,Instructed
486,86,0,0.9798962524851635,0.5982280221693741,0,Instructed
487,87,0,0.03480268117771866,0.7963983827063896,0,Instructed
488,88,0,0.5469886083238813,0.719749486667306,0,Instructed
489,89,0,0.8860213127883094,0.6479113365324636,0,Instructed
490,90,0,0.7399294327188608,0.613211923622597,0,Instructed
491,91,0,0.9151389134071161,0.5588025189055537,0,Instructed
492,92,0,0.4800054997230963,0.5120773915428967,0,Instructed
493,93,0,0.03540926499138024,0.9399285665374091,0,Instructed
494,94,0,0.5003104635354596,0.7431888839027869,0,Instructed
495,95,0,0.6136977216167181,0.7608481904145916,0,Instructed
496,96,0,0.8674391661888302,0.8782438720215029,0,Instructed
497,97,0,0.5170156467691039,0.6933070183835387,0,Instructed
498,98,0,0.5419038778329661,0.765918434851272,0,Instructed
499,99,0,0.9939820793046591,0.7566005290358997,0,Instructed
500,100,0,0.8968211143818454,0.7654234395394788,0,Instructed
501,101,0,0.455429437367075,0.6414343525611315,0,Instructed
502,102,0,0.33313793846966716,0.5566409470020179,0,Instructed
503,103,0,0.44471579323431515,0.6867637636277807,0,Instructed
504,104,0,0.2715063781937786,0.8680537993537903,0,Instructed
505,105,0,0.14096158710955561,0.6847899171473435,0,Instructed
506,106,0,0.1937459645594606,0.6292619066757197,0,Instructed
507,107,0,0.43758303194124837,0.41245779209425715,0,Instructed
508,108,0,0.977485129581193,0.4848465202099028,0,Instructed
509,109,0,0.9699267551166693,0.5508915399498965,0,Instructed
510,110,0,0.5406510097823605,0.528432386208334,0,Instructed
511,111,0,0.53027914694902,0.6708931179989515,0,Instructed
512,112,0,0.15535234075799356,0.6724124599440537,0,Instructed
513,113,0,0.6070854601356866,0.41731050496647915,0,Instructed
514,114,0,0.005795347587636316,0.6108693309938946,0,Instructed
515,115,0,0.48554258749755713,0.5019003853881574,0,Instructed
516,116,0,0.024596892735323013,0.530452441028392,0,Instructed
517,117,0,0.49690554117203367,0.6096336873131358,0,Instructed
518,118,0,0.02225487298776592,0.7589778197592926,0,Instructed
519,119,0,0.4973416285703934,0.7542518071688101,0,Instructed
520,120,0,0.9363780831349255,0.7834846630990875,0,Instructed
521,121,0,0.7698679921008175,0.7151332400515159,0,Instructed
522,122,0,0.44277605306688556,0.8244016289534297,0,Instructed
523,123,0,0.7970711676286053,0.8311471317916261,0,Instructed
524,124,0,0.3887593735698932,0.7237346946883141,0,Instructed
525,125,0,0.5264954717634596,2.0685573763512255,0,Instructed
526,126,0,0.36675730835961917,0.5535794541427507,0,Instructed
527,127,0,0.5182890278193515,1.1965385435755436,0,Instructed
528,128,0,0.15340962735350705,0.7697536982648623,0,Instructed
529,129,0,0.7784846690421372,0.5682994481026333,0,Instructed
530,130,0,0.050786882797964304,0.687673274382882,0,Instructed
531,131,0,0.4335810784126473,0.5945757557144427,0,Instructed
532,132,0,0.08218190936063853,0.7442406266476949,0,Instructed
533,133,0,0.4978335679316629,0.48315153966392343,0,Instructed
534,134,0,0.48168282645149973,0.725169057247878,0,Instructed
535,135,0,0.9946050749760635,0.7507392080544393,0,Instructed
536,136,0,0.402515840509579,0.8122887655241893,0,Instructed
537,137,0,0.4443064994296884,0.7698762954250398,0,Instructed
538,138,0,0.44738163994722213,0.7133835612629369,0,Instructed
539,139,0,0.8947195990846699,0.46075887041147057,0,Instructed
540,140,0,0.052716851280606346,0.5226245930699054,0,Instructed
541,141,0,0.5119154085613297,0.6646099977703576,0,Instructed
542,142,0,0.9963290688319978,0.6063786973999705,0,Instructed
543,143,0,0.1267057282881827,0.699834024930148,0,Instructed
544,144,0,0.5003149175702838,0.7324474421235116,0,Instructed
545,145,0,0.33927431078505865,0.6670546122928078,0,Instructed
546,146,0,0.0011044677727915266,0.7638635205893358,0,Instructed
547,147,0,0.11509710085312638,0.7073553820625579,0,Instructed
548,148,0,0.19430679649953214,0.6904099094270904,0,Instructed
549,149,0,0.6641083408515376,0.6983790340045675,0,Instructed
550,150,0,0.8100945175883321,0.650580718210251,0,Instructed
551,151,0,0.4717766791651802,0.5126564271017677,0,Instructed
552,152,0,0.43686372794638245,0.6231049833049982,0,Instructed
553,153,0,0.9117360311828362,0.7477147683558358,0,Instructed
554,154,0,0.3008019356551849,0.7483105742127616,0,Instructed
555,155,0,0.9097374223607095,0.7581476266486243,0,Instructed
556,156,0,0.5377929814656297,0.7899122132418719,0,Instructed
557,157,0,0.9850545677977209,0.7838840782404664,0,Instructed
558,158,0,0.3686852608794567,0.8102907442312524,0,Instructed
559,159,0,0.39774713084569535,0.6021830495687942,0,Instructed
560,160,0,0.49474526242387673,0.8014304417064753,0,Instructed
561,161,0,0.18098558784820126,0.6956526234251301,0,Instructed
562,162,0,0.5685214133062497,0.6334238222658045,0,Instructed
563,163,0,0.8571806316095529,0.6020002031939706,0,Instructed
564,164,0,0.16857908353322293,0.6953034621677083,0,Instructed
565,165,0,0.5163917959737044,0.7567560473332738,0,Instructed
566,166,0,0.09040556962401962,0.7189433950638312,0,Instructed
567,167,0,0.8144972798204071,0.6605004319341569,0,Instructed
568,168,0,0.48522583479963777,0.4988074267849063,0,Instructed
569,169,0,0.37294304048272664,0.615283951757615,0,Instructed
570,170,0,0.2258536327391546,0.5752346425457889,0,Instructed
571,171,0,0.5094424463205081,0.4907116789214153,0,Instructed
572,172,0,0.09379873229945099,0.7427757052829305,0,Instructed
573,173,0,0.486462391912508,0.8664386830560662,0,Instructed
574,174,0,0.17631388872062556,0.6280998120813006,0,Instructed
575,175,0,0.8272352983438234,0.3360912135243702,0,Instructed
576,176,0,0.522992319992769,0.37387775626438585,0,Instructed
577,177,0,0.6382455036610599,0.5852455203012001,0,Instructed
578,178,0,0.6519996537087696,0.5652659492417843,0,Instructed
579,179,0,0.060443999473447835,0.6530349349876916,0,Instructed
580,180,0,0.008065210916627343,0.7848618029791937,0,Instructed
581,181,0,0.969556068287313,0.5281006527246447,0,Instructed
582,182,0,0.5028752781698956,0.4229093069857319,0,Instructed
583,183,0,0.33746369828630696,0.713332654468233,0,Instructed
584,184,0,0.4975399826526512,0.8262002468770472,0,Instructed
585,185,0,0.5034658042237267,0.3403365148933669,0,Instructed
586,186,0,0.3109719246425083,0.44907899974624527,0,Instructed
587,187,0,0.8282587099671807,0.6768080700034487,0,Instructed
588,188,0,0.9697977468233087,0.6859267009354235,0,Instructed
589,189,0,0.16619870215276905,0.8935126885877316,0,Instructed
590,190,0,0.4719507083268995,0.9593464842842638,0,Instructed
591,191,0,0.9706633118465153,0.5574157900298307,0,Instructed
592,192,0,0.5011686087728746,0.8266311940871235,0,Instructed
593,193,0,0.4562560149716825,0.9441867390133607,0,Instructed
594,194,0,0.7377163494273486,0.8358791489859814,0,Instructed
595,195,0,0.8907687495707719,0.5650191003029763,0,Instructed
596,196,0,0.9621900200186526,0.47073039456864973,0,Instructed
597,197,0,0.9538540214122421,0.8602846151814716,0,Instructed
598,198,0,0.3262305571574966,0.8912380364948862,0,Instructed
599,199,0,0.4949220296522893,0.7858605490112489,0,Instructed
600,0,0,0.7601052913718611,0.8965172395204024,1,Blocked
601,1,0,0.2007852218961975,0.600426347310005,1,Blocked
602,2,0,0.49357733367295664,0.5198924084665093,1,Blocked
603,3,0,0.32586250455845084,0.8019059124905029,1,Blocked
604,4,0,0.46586099665098885,0.9001780217875162,1,Blocked
605,5,0,0.5711691293366286,0.5938396331519395,1,Blocked
606,6,0,0.4770675361545027,0.7257474167457426,1,Blocked
607,7,0,0.5380687488029268,0.749175467738694,1,Blocked
608,8,0,0.24569822771311198,0.7139556028665042,1,Blocked
609,9,0,0.5305532758212232,0.7201059085642854,1,Blocked
610,10,0,0.65208458587503,0.6628005902372147,1,Blocked
611,11,0,0.41426121926432935,0.8431146934540503,1,Blocked
612,12,0,0.9245390229651961,0.6811311450093688,1,Blocked
613,13,0,0.9164534133810485,0.6515591720866658,1,Blocked
614,14,0,0.442924801936696,0.6067966277746794,1,Blocked
615,15,0,0.4464199648373879,0.588856016229614,1,Blocked
616,16,0,0.6262968527078598,0.4593557376230878,1,Blocked
617,17,0,0.9705819497317634,0.7915939315457815,1,Blocked
618,18,0,5.533875651941424e-08,1.2053340825176295,1,Blocked
619,19,0,0.32975663299716496,0.7294667237019017,1,Blocked
620,20,0,0.3189023943732602,0.7157140553214318,1,Blocked
621,21,0,0.6270968045852885,0.706661873811173,1,Blocked
622,22,0,0.4913251374913734,0.6834147820308618,1,Blocked
623,23,0,0.7062757777963685,0.6591630944009516,1,Blocked
624,24,0,0.2772322337433853,0.8276381941468137,1,Blocked
625,25,0,0.25684899919226545,0.9638578384078628,1,Blocked
626,26,0,0.11744081988742208,0.7729999294567097,1,Blocked
627,27,0,0.07388832769854646,0.6027162772822876,1,Blocked
628,28,0,0.5565889293636958,0.6960983079959779,1,Blocked
629,29,0,0.9276551449432198,0.46475417640417915,1,Blocked
630,30,0,0.8502296917956735,0.44434945841283524,1,Blocked
631,31,0,0.543409686026245,0.6277275043805417,1,Blocked
632,32,0,0.9754269459910935,0.5624233232954825,1,Blocked
633,33,0,0.5055881344227938,1.097243556915464,1,Blocked
634,34,0,0.49974541653131144,0.9116809278877721,1,Blocked
635,35,0,0.3903539891393408,1.0167068354846434,1,Blocked
636,36,0,0.48583676323213476,0.7261266976485087,1,Blocked
637,37,0,0.10224355670467025,0.73082058500863,1,Blocked
638,38,0,0.9215789257191013,0.40119782249315983,1,Blocked
639,39,0,0.4849395283136902,0.5842622733424128,1,Blocked
640,40,0,0.4116667936119359,0.6950571361623563,1,Blocked
641,41,0,0.982175296640547,0.5591255308932696,1,Blocked
642,42,0,0.2865032762188241,0.49729193822774415,1,Blocked
643,43,0,0.8428366652801726,0.3720225544160203,1,Blocked
644,44,0,0.6612926460042372,0.6051892214792538,1,Blocked
645,45,0,0.419482910784007,0.6924472043135376,1,Blocked
646,46,0,0.36209183718821675,0.5942414383615384,1,Blocked
647,47,0,0.9659894481257665,0.7140016272130004,1,Blocked
648,48,0,0.627923685049788,0.6922863419035321,1,Blocked
649,49,0,0.9945138003501305,0.7086400580934197,1,Blocked
650,50,0,0.6865778144892662,0.6419556354245668,1,Blocked
651,51,0,0.692387073104186,0.6758619548751656,1,Blocked
652,52,0,0.4360950192036675,0.695598639638483,1,Blocked
653,53,0,0.4961109037938993,0.8746977960515223,1,Blocked
654,54,0,0.9959229693446002,0.8075461582589605,1,Blocked
655,55,0,0.08304002598366572,0.6874161023994385,1,Blocked
656,56,0,0.505320879792388,0.7395797648142537,1,Blocked
657,57,0,0.27508540974070217,0.8949327895153854,1,Blocked
658,58,0,0.03558714238356418,0.8651178833624846,1,Blocked
659,59,0,0.9974092736677824,0.6276585854025774,1,Blocked
660,60,0,0.05907291835132243,0.7365149115218252,1,Blocked
661,61,0,0.9832412110604514,0.6443069452246182,1,Blocked
662,62,0,0.5823150511366975,0.5651373404433463,1,Blocked
663,63,0,0.8843733684624462,0.6905867520410491,1,Blocked
664,64,0,0.923886610719143,0.48879689047398517,1,Blocked
665,65,0,0.022242097571656887,0.8919726537905435,1,Blocked
666,66,0,0.6881424060273491,1.281808527885779,1,Blocked
667,67,0,0.6493448996893345,0.7890879354913434,1,Blocked
668,68,0,0.02767320910705822,0.8605721025160065,1,Blocked
669,69,0,0.6199247962925307,0.6825757695503405,1,Blocked
670,70,0,0.06895310326243734,0.9304884139884038,1,Blocked
671,71,0,0.024099312868445997,0.611730054040275,1,Blocked
672,72,0,0.31914511079670493,0.7059207117470554,1,Blocked
673,73,0,0.9986265292521008,0.7449707999901778,1,Blocked
674,74,0,0.19947589359506684,0.5529952747380211,1,Blocked
675,75,0,0.40979398855738614,0.5349968438071815,1,Blocked
676,76,0,0.4806452839680339,0.8282477555912608,1,Blocked
677,77,0,0.6184063277725922,0.6321504637138924,1,Blocked
678,78,0,0.009378098300788404,0.8251657091944284,1,Blocked
679,79,0,0.6629426925414721,0.7783575273546521,1,Blocked
680,80,0,0.17792268384810425,0.5561955964102494,1,Blocked
681,81,0,0.673222632011619,0.7839910020713079,1,Blocked
682,82,0,0.4957104751056442,0.6669843563021661,1,Blocked
683,83,0,0.08432637136264579,0.6052593153746442,1,Blocked
684,84,0,0.5580493154641692,0.4935958338509139,1,Blocked
685,85,0,0.7485977057107399,0.9008692315915754,1,Blocked
686,86,0,0.49923557565525994,0.8178148126946809,1,Blocked
687,87,0,0.23765932191123007,0.5656791642114224,1,Blocked
688,88,0,0.038019126994270916,0.7303247199438939,1,Blocked
689,89,0,0.9265197483449588,0.6398759671632879,1,Blocked
690,90,0,0.5310351003867445,0.49370295557996513,1,Blocked
691,91,0,0.4552333949234752,0.5960327245876724,1,Blocked
692,92,0,0.3134151454529609,0.7025414219853097,1,Blocked
693,93,0,0.24017444750580333,0.7015705768880063,1,Blocked
694,94,0,0.6981346625913742,0.6288464276869157,1,Blocked
695,95,0,0.5011268243510082,0.741341473870347,1,Blocked
696,96,0,0.5054859773241916,0.7579523578687005,1,Blocked
697,97,0,0.5189025095475017,0.7156576191122407,1,Blocked
698,98,0,0.491964596397397,0.6342727611685353,1,Blocked
699,99,0,0.46753490715378876,0.5004405553822556,1,Blocked
700,100,0,0.5626746717197688,0.5235457446587565,1,Blocked
701,101,0,0.5330700285370402,0.791083887500392,1,Blocked
702,102,0,0.5053386434060525,0.7450187382164698,1,Blocked
703,103,0,0.5383799633535311,0.8510848714405364,1,Blocked
704,104,0,0.8843848028341241,0.7562530345914373,1,Blocked
705,105,0,0.5327065520505653,0.762238221482972,1,Blocked
706,106,0,0.7795438317601863,0.6412526533634271,1,Blocked
707,107,0,0.5360416856228063,0.5781372168961583,1,Blocked
708,108,0,0.13820453527897952,0.6525487380719993,1,Blocked
709,109,0,0.3905774445129589,0.7946536907951554,1,Blocked
710,110,0,0.5129261165432921,0.736664260625812,1,Blocked
711,111,0,0.8152165856504773,0.6116012558310129,1,Blocked
712,112,0,0.1042880951243826,0.7400966287687203,1,Blocked
713,113,0,0.3376789739112243,0.9611808353172938,1,Blocked
714,114,0,0.5575383160377994,0.5091311791332847,1,Blocked
715,115,0,0.1931304323264566,0.7054855112726636,1,Blocked
716,116,0,0.494927151043969,0.7235595322273669,1,Blocked
717,117,0,0.47782739398009755,1.4909421376107932,1,Blocked
718,118,0,0.5098662071186013,0.9779980901151782,1,Blocked
719,119,0,0.5215644712189402,0.4502856897819538,1,Blocked
720,120,0,0.5993136060103816,0.6623901357996616,1,Blocked
721,121,0,0.9922454195205725,0.6184744847927821,1,Blocked
722,122,0,0.3099415931609434,0.7428699845509623,1,Blocked
723,123,0,0.9011855417849941,0.6749204869543799,1,Blocked
724,124,0,0.6950205664190663,0.6133043629298929,1,Blocked
725,125,0,0.4967958111170864,0.6564352484398102,1,Blocked
726,126,0,0.37365502865874717,0.8565554653868936,1,Blocked
727,127,0,0.5391696241246096,0.6589086456712927,1,Blocked
728,128,0,0.46438275829103703,0.6795891271432213,1,Blocked
729,129,0,0.9930307764970574,0.8663055335015639,1,Blocked
730,130,0,0.9998944164910111,0.5923389768948613,1,Blocked
731,131,0,0.29966167942246535,0.7837435494595366,1,Blocked
732,132,0,0.0689589876781211,0.8591726427751092,1,Blocked
733,133,0,0.4953714251928024,0.8436428608029289,1,Blocked
734,134,0,0.0024361112400388993,1.002255588014163,1,Blocked
735,135,0,0.0007943942123531955,1.1001941835992202,1,Blocked
736,136,0,0.0006257906898281932,1.0980296664030513,1,Blocked
737,137,0,0.9820539022696768,0.6422671044787404,1,Blocked
738,138,0,0.1293292646078772,0.7873856431360493,1,Blocked
739,139,0,0.9073641735366527,0.4351297677768481,1,Blocked
740,140,0,0.9958985201585019,0.5441459122241603,1,Blocked
741,141,0,0.16432602745838737,0.7414984586853782,1,Blocked
742,142,0,0.35544564793987005,0.6976381882091058,1,Blocked
743,143,0,0.5051125293588932,0.6149188932352143,1,Blocked
744,144,0,0.5867772362431207,0.626863546585698,1,Blocked
745,145,0,0.055622377583934596,1.3644422780225236,1,Blocked
746,146,0,0.16496025805734743,0.8549403324544131,1,Blocked
747,147,0,0.045556342789039,0.9567027281098126,1,Blocked
748,148,0,0.22367106719770172,0.8533772906504751,1,Blocked
749,149,0,0.046403055046854234,0.6699867034509598,1,Blocked
750,150,0,0.2762621123240444,0.7683256816412174,1,Blocked
751,151,0,0.04075585270599076,0.9798574389663945,1,Blocked
752,152,0,0.9963538793732328,0.6768053610842781,1,Blocked
753,153,0,0.06913736303686675,0.6398521656108923,1,Blocked
754,154,0,0.72896824876226,0.5685272717316562,1,Blocked
755,155,0,0.2294076177245008,0.580155120683453,1,Blocked
756,156,0,0.7233758778038626,0.5280405187860739,1,Blocked
757,157,0,0.565083650455668,0.6330850272404143,1,Blocked
758,158,0,0.550570188637488,0.6845332759598661,1,Blocked
759,159,0,0.34621731429322394,0.8221074041908374,1,Blocked
760,160,0,0.5156028366938327,0.8674272407078847,1,Blocked
761,161,0,0.6283510595685141,0.7151695850635588,1,Blocked
762,162,0,0.05875405440560558,0.708553704275988,1,Blocked
763,163,0,0.24316121966575194,0.9582132667152985,1,Blocked
764,164,0,0.2845714269202064,0.9125617464876563,1,Blocked
765,165,0,0.5437426949114628,0.965273183416767,1,Blocked
766,166,0,0.7355991137756817,0.7533848459358228,1,Blocked
767,167,0,0.7839769945034847,0.558696184821206,1,Blocked
768,168,0,0.49093348341002335,0.5457495702062996,1,Blocked
769,169,0,0.8315492652399579,0.45249938078016505,1,Blocked
770,170,0,0.1940147836657044,0.8245737615055115,1,Blocked
771,171,0,0.5819787550220128,0.7411384680040434,1,Blocked
772,172,0,0.4196836325511739,0.6071043859547578,1,Blocked
773,173,0,0.49491961419336805,0.5036894737007611,1,Blocked
774,174,0,0.41421284116891666,0.7159292894667122,1,Blocked
775,175,0,0.525065181296711,0.7705555031214157,1,Blocked
776,176,0,0.328728649372078,0.7467342609856746,1,Blocked
777,177,0,0.08781967399394422,0.8668818535199425,1,Blocked
778,178,0,0.46605197980434904,0.813001725452982,1,Blocked
779,179,0,0.047430727322330064,0.9938558109263587,1,Blocked
780,180,0,0.9923605394010122,0.6521211751335858,1,Blocked
781,181,0,0.6174928153822264,0.7334463569914396,1,Blocked
782,182,0,0.010572201269403109,0.8604110989053997,1,Blocked
783,183,0,0.25207670638779517,0.9075178602536824,1,Blocked
784,184,0,0.6372782728172738,0.9341477921579073,1,Blocked
785,185,0,0.40953395207675347,0.8398775211903202,1,Blocked
786,186,0,0.2496148798421636,0.7910538266132804,1,Blocked
787,187,0,0.447938553013054,0.6590308191605745,1,Blocked
788,188,0,0.07806527854782408,0.5686481152952847,1,Blocked
789,189,0,0.5527758054344898,0.6675481808600806,1,Blocked
790,190,0,0.481686725186954,0.7403843927363191,1,Blocked
791,191,0,0.7340170301252485,0.7126119107686286,1,Blocked
792,192,0,0.3267749248778077,0.6136650893735589,1,Blocked
793,193,0,0.7711285423283483,0.4398227994736288,1,Blocked
794,194,0,0.7006293381147467,0.5598774979560917,1,Blocked
795,195,0,0.9825805621321637,0.5641126802984139,1,Blocked
796,196,0,0.49403274820446125,0.7850141187484581,1,Blocked
797,197,0,0.005430436376713133,0.697557690331525,1,Blocked
798,198,0,0.267449171327736,0.6849955214292622,1,Blocked
799,199,0,0.14843808241121365,0.5985974670697065,1,Blocked
800,0,0,0.9640126158387031,0.4446724242445194,1,Interleaved
801,1,0,0.4972837883317467,0.6872350958064803,1,Interleaved
802,2,0,0.359273676945708,0.5290727148637728,1,Interleaved
803,3,0,0.25192659046094606,0.4969098340238617,1,Interleaved
804,4,0,0.5475130462770766,0.49449920562350386,1,Interleaved
805,5,0,0.3603947019913733,0.5664468625916186,1,Interleaved
806,6,0,0.8121746751984891,0.43218651831202903,1,Interleaved
807,7,0,0.46124496611357735,0.785062728452619,1,Interleaved
808,8,0,0.08433552190582345,0.8351997401563265,1,Interleaved
809,9,0,0.5136990446155393,0.6733649154291079,1,Interleaved
810,10,0,0.35367899305430195,0.8784902308900044,1,Interleaved
811,11,0,0.4803252338677085,0.7196843969599513,1,Interleaved
812,12,0,0.6949620240950567,0.6169832439657581,1,Interleaved
813,13,0,0.5368936857057662,0.4441098144598321,1,Interleaved
814,14,0,0.533647401946496,0.5522289950053374,1,Interleaved
815,15,0,0.680645436464217,0.4851849018879131,1,Interleaved
816,16,0,0.8398771155394362,0.7277293741303545,1,Interleaved
817,17,0,0.6043800288526626,0.5714248848622506,1,Interleaved
818,18,0,0.4957420900362263,0.7391389503988093,1,Interleaved
819,19,0,0.0009781086045252303,0.9092978117951639,1,Interleaved
820,20,0,0.5041938870239288,0.8333561457291222,1,Interleaved
821,21,0,0.2246320731595147,0.7547023660670296,1,Interleaved
822,22,0,0.5930889827750302,0.5756956106686711,1,Interleaved
823,23,0,0.1561485718011746,0.5973759587831915,1,Interleaved
824,24,0,0.9344021386173081,0.6595714144653742,1,Interleaved
825,25,0,0.5267252386753817,0.549436366145025,1,Interleaved
826,26,0,0.6058404431181009,0.581355424419024,1,Interleaved
827,27,0,0.18353310934986145,0.5587692532580353,1,Interleaved
828,28,0,0.9582261130879197,0.665842916831861,1,Interleaved
829,29,0,0.4809342022295542,0.6872742597468355,1,Interleaved
830,30,0,0.38077685782969506,0.6937889109741369,1,Interleaved
831,31,0,0.5201878654253318,0.7010574291727668,1,Interleaved
832,32,0,0.37163620735187547,0.6781972337076543,1,Interleaved
833,33,0,0.6610669206797757,0.5771670010642249,1,Interleaved
834,34,0,0.2674764956369713,0.5796908822174591,1,Interleaved
835,35,0,0.6764863661492666,0.6288271872878712,1,Interleaved
836,36,0,0.016599651052103242,0.652166966560404,1,Interleaved
837,37,0,0.5058273610000932,0.8332627754233952,1,Interleaved
838,38,0,0.07118338687988057,0.7380261440882607,1,Interleaved
839,39,0,0.24162461408242936,0.732303657818894,1,Interleaved
840,40,0,0.6235647301689202,0.7859041499546291,1,Interleaved
841,41,0,0.586479463170409,0.5794149314534499,1,Interleaved
842,42,0,0.5221304006079992,0.7902013064690766,1,Interleaved
843,43,0,0.9349628534114001,0.9033881254030496,1,Interleaved
844,44,0,0.5868964278771978,0.8418208346553362,1,Interleaved
845,45,0,0.8111731137785231,0.6590658828261711,1,Interleaved
846,46,0,0.644369662107704,0.6223517899386276,1,Interleaved
847,47,0,0.9658479118027655,0.7036828744715978,1,Interleaved
848,48,0,0.08462060245754985,0.8029790056179527,1,Interleaved
849,49,0,0.15736766907078872,0.7521378410444752,1,Interleaved
850,50,0,0.4642388580248989,0.8946850127720769,1,Interleaved
851,51,0,0.7183585552711252,0.6151142240718013,1,Interleaved
852,52,0,0.5233818369156709,0.5684584485902379,1,Interleaved
853,53,0,0.6426921057059107,0.5615318805656837,1,Interleaved
854,54,0,0.9013478409399345,0.7554493769235568,1,Interleaved
855,55,0,0.6000895309824682,0.7121674297489311,1,Interleaved
856,56,0,0.4753808949925264,0.6478313466557633,1,Interleaved
857,57,0,0.05651927651392076,0.9480480613955582,1,Interleaved
858,58,0,0.5012200048099656,0.729024694353154,1,Interleaved
859,59,0,0.842657782670774,0.6387322501760233,1,Interleaved
860,60,0,0.5273944991393007,0.732120706034963,1,Interleaved
861,61,0,0.06446485181154471,0.9734441081694831,1,Interleaved
862,62,0,0.49870240561477797,0.8928669908918218,1,Interleaved
863,63,0,0.9795727076489683,0.6922823541525324,1,Interleaved
864,64,0,0.5749111312515921,0.8209569839712405,1,Interleaved
865,65,0,0.4749764033962026,0.8261504514726187,1,Interleaved
866,66,0,0.7290459276179755,0.4952149917177816,1,Interleaved
867,67,0,0.4617141887737,0.7281993076593993,1,Interleaved
868,68,0,0.34969797163171606,0.7267076974440689,1,Interleaved
869,69,0,0.8389365802991217,0.5892502200699758,1,Interleaved
870,70,0,0.7132838267378349,0.5240423262429127,1,Interleaved
871,71,0,0.2739222818931105,0.6687605280533708,1,Interleaved
872,72,0,0.43859994137728797,0.7255939270353786,1,Interleaved
873,73,0,0.4126297872359115,0.9034527300868413,1,Interleaved
874,74,0,0.49660074711271524,0.7222700186334554,1,Interleaved
875,75,0,0.6483303988695943,0.7406329741695843,1,Interleaved
876,76,0,0.33839140306685567,0.7238004587571887,1,Interleaved
877,77,0,0.7947934053718594,0.5514688291490968,1,Interleaved
878,78,0,0.6666827319537694,0.5864777202169584,1,Interleaved
879,79,0,0.5621462359298127,0.6996610236680767,1,Interleaved
880,80,0,0.07447228968725447,0.8696266373611008,1,Interleaved
881,81,0,0.6339413739500742,0.7821699030025198,1,Interleaved
882,82,0,0.6522791790006154,0.9846104231298929,1,Interleaved
883,83,0,0.6900107449741828,0.6383177452535552,1,Interleaved
884,84,0,0.6822369393163961,0.6511270665582569,1,Interleaved
885,85,0,0.49391176640666656,0.6526801488357108,1,Interleaved
886,86,0,0.7343083077456285,0.5389381713952306,1,Interleaved
887,87,0,0.3996324984879824,0.5987996132304374,1,Interleaved
888,88,0,0.20078056731503907,0.8162642434707742,1,Interleaved
889,89,0,0.25509208382441095,0.7283330430009424,1,Interleaved
890,90,0,0.3782600498677907,0.6582595543491802,1,Interleaved
891,91,0,0.040734536417897885,0.7868871984670756,1,Interleaved
892,92,0,0.5016359111675319,0.7166905554095185,1,Interleaved
893,93,0,0.5638470899449646,0.8676611628136122,1,Interleaved
894,94,0,0.9466741555279896,0.4238406841722636,1,Interleaved
895,95,0,0.24101958578992322,1.028158858650142,1,Interleaved
896,96,0,0.41922346310658376,0.9394119160321185,1,Interleaved
897,97,0,0.25164595567490394,0.8317436031447132,1,Interleaved
898,98,0,0.5677380680439432,0.5785613579878672,1,Interleaved
899,99,0,0.2943030335282101,0.7344761846745416,1,Interleaved
900,100,0,0.5055181224914024,0.5129164594874114,1,Interleaved
901,101,0,0.23371460409836298,0.5086093106898717,1,Interleaved
902,102,0,0.4330508005277991,0.7767142484390419,1,Interleaved
903,103,0,0.5742744199028083,0.9022030394785596,1,Interleaved
904,104,0,0.29454584695727704,0.8304768538654301,1,Interleaved
905,105,0,0.935647826137513,0.5477933631553737,1,Interleaved
906,106,0,0.47846424744375815,0.7915478539805134,1,Interleaved
907,107,0,0.49848609435464275,0.8345693164540594,1,Interleaved
908,108,0,0.30667220650646687,0.7824854030510913,1,Interleaved
909,109,0,0.6027406435484557,0.6927901216182789,1,Interleaved
910,110,0,0.48044340137276037,0.5751944213329145,1,Interleaved
911,111,0,0.7507016638386633,0.6953686927193992,1,Interleaved
912,112,0,0.11047022104931548,0.9027649974427252,1,Interleaved
913,113,0,0.49558656999914885,0.7943582118298549,1,Interleaved
914,114,0,0.901698696689907,0.6407101720718361,1,Interleaved
915,115,0,0.15697478979657487,0.5482757969020088,1,Interleaved
916,116,0,0.7178353509028286,0.5409034661028356,1,Interleaved
917,117,0,0.14542546489016211,0.5854306012971103,1,Interleaved
918,118,0,0.41718743391219715,0.7549992654481729,1,Interleaved
919,119,0,0.3165804942955504,0.7032386259586514,1,Interleaved
920,120,0,0.46950455370649546,0.7746090454599461,1,Interleaved
921,121,0,0.01757330801964397,0.8428392802926856,1,Interleaved
922,122,0,0.49442388248143626,0.8157000698099373,1,Interleaved
923,123,0,0.47372392541508196,0.8137597394271779,1,Interleaved
924,124,0,0.49866136675190137,0.7964836702938812,1,Interleaved
925,125,0,0.6117068191209216,0.7650533487241845,1,Interleaved
926,126,0,0.7976923347154561,0.5938277541362547,1,Interleaved
927,127,0,0.748214791188089,0.7455514120755685,1,Interleaved
928,128,0,0.5468058196673619,0.6212790867012812,1,Interleaved
929,129,0,0.07931434569615943,0.6660004576574883,1,Interleaved
930,130,0,0.4497670387241548,0.7338182291662299,1,Interleaved
931,131,0,0.5487532631038745,0.7389490925857152,1,Interleaved
932,132,0,0.4948086249445277,0.8145105941745578,1,Interleaved
933,133,0,0.5553630081765492,0.6602518540268282,1,Interleaved
934,134,0,0.8337560850079102,0.5827764230008556,1,Interleaved
935,135,0,0.5869855697480862,0.667563559918148,1,Interleaved
936,136,0,0.3542385579548851,0.9083221614803878,1,Interleaved
937,137,0,0.5094876385041588,0.9481170662565194,1,Interleaved
938,138,0,0.6602216614928141,0.8896069726865647,1,Interleaved
939,139,0,0.6369659528296223,0.7623543185386078,1,Interleaved
940,140,0,0.4892679038359628,0.8274138575365595,1,Interleaved
941,141,0,0.49922151086900385,0.8966094904020738,1,Interleaved
942,142,0,0.4012709934792341,0.5048798076715453,1,Interleaved
943,143,0,0.7811492948705635,0.5928659427368677,1,Interleaved
944,144,0,0.08493764366899968,0.9537991436718203,1,Interleaved
945,145,0,0.5951584322250322,0.7486395234779739,1,Interleaved
946,146,0,0.4718696904200841,0.8645396857453056,1,Interleaved
947,147,0,0.8170122640760676,0.5424696710927055,1,Interleaved
948,148,0,0.9020263378426682,0.3219959125811649,1,Interleaved
949,149,0,0.3519215358476437,0.6855961966479354,1,Interleaved
950,150,0,0.5958094899445397,0.6891248286317333,1,Interleaved
951,151,0,0.6066511639915779,0.7679818746619895,1,Interleaved
952,152,0,0.30491296937262835,0.7987681783988594,1,Interleaved
953,153,0,0.5204045791569202,0.6702672923633697,1,Interleaved
954,154,0,0.7539977798848816,0.5488169179055986,1,Interleaved
955,155,0,0.49169036510485503,0.6459210009157141,1,Interleaved
956,156,0,0.5062674468108964,0.7729048668714419,1,Interleaved
957,157,0,0.4486321241954237,0.528138665079029,1,Interleaved
958,158,0,0.5386307917523387,0.6901808117468586,1,Interleaved
959,159,0,0.5014688649516149,0.7654865982072723,1,Interleaved
960,160,0,0.36226528237786504,0.7118605521037054,1,Interleaved
961,161,0,0.6338666514808009,0.730632425739007,1,Interleaved
962,162,0,0.50002255165186,0.6908898799036445,1,Interleaved
963,163,0,0.6857373217439352,0.7418847980194962,1,Interleaved
964,164,0,0.1535575755391378,0.6659686396209646,1,Interleaved
965,165,0,0.03329561919955299,1.1150098169858451,1,Interleaved
966,166,0,0.4894375853440851,0.9459323694363796,1,Interleaved
967,167,0,0.989080061956067,0.5064178092400746,1,Interleaved
968,168,0,0.04130166943112287,0.7017342170914851,1,Interleaved
969,169,0,0.9605358268161907,0.533967682848026,1,Interleaved
970,170,0,0.10065352027911718,0.4807234352962513,1,Interleaved
971,171,0,0.5883988175080733,0.5309286567349365,1,Interleaved
972,172,0,0.7617967489179818,0.5664054432784784,1,Interleaved
973,173,0,0.43786704861860987,0.5335409339472706,1,Interleaved
974,174,0,0.5185712148202571,0.7306794596490176,1,Interleaved
975,175,0,0.16865753372270642,0.5852749857618804,1,Interleaved
976,176,0,0.012779947480749362,0.8320773697476187,1,Interleaved
977,177,0,0.8515584075037459,0.6792442322273989,1,Interleaved
978,178,0,0.44196070737120097,0.8897116626120207,1,Interleaved
979,179,0,0.4993946208868067,0.6149546203538565,1,Interleaved
980,180,0,0.4980979074168995,0.586990993937073,1,Interleaved
981,181,0,0.39337046156117594,0.6711537572385057,1,Interleaved
982,182,0,0.24109262632459058,0.6202355761946613,1,Interleaved
983,183,0,0.37438434311212254,0.5565793165324777,1,Interleaved
984,184,0,0.7309623956330149,0.6083503036138856,1,Interleaved
985,185,0,0.9501568174079372,0.6207540920173071,1,Interleaved
986,186,0,0.409629869140047,0.6955270882928315,1,Interleaved
987,187,0,0.7900646537759494,0.6875577762539095,1,Interleaved
988,188,0,0.631970115020017,0.7180765413498664,1,Interleaved
989,189,0,0.9591426099717477,0.6872090711224508,1,Interleaved
990,190,0,0.3581571742774505,0.5942605126402171,1,Interleaved
991,191,0,0.45641523953582935,0.7096117772729029,1,Interleaved
992,192,0,0.4800876996996985,0.9008351042006997,1,Interleaved
993,193,0,0.2915287383762257,0.6275318942789851,1,Interleaved
994,194,0,0.9865345147494338,0.5203309517899258,1,Interleaved
995,195,0,0.49090736076501695,0.9367067837939067,1,Interleaved
996,196,0,0.3741271314913229,0.9653659542847278,1,Interleaved
997,197,0,0.6603984117136891,0.5255057180744864,1,Interleaved
998,198,0,0.09525522597518198,0.6913545072052385,1,Interleaved
999,199,0,0.48121617936320527,0.7823112466285895,1,Interleaved
1000,0,0,0.05562071095743479,0.7825337589224591,1,Instructed
1001,1,0,0.4210405915361628,1.2261229699873573,1,Instructed
1002,2,0,0.5275311267460581,0.8100866442339946,1,Instructed
1003,3,0,0.13375306742747728,0.9079600880041723,1,Instructed
1004,4,0,0.5205738709528379,0.6245060826020534,1,Instructed
1005,5,0,0.5959780239907249,0.7053340003414155,1,Instructed
1006,6,0,0.47991652349354547,0.8851447892865125,1,Instructed
1007,7,0,0.9042553939144637,1.0251791148855975,1,Instructed
1008,8,0,0.39740694483182337,1.0182407317937032,1,Instructed
1009,9,0,0.03857902280630315,0.8536310084777434,1,Instructed
1010,10,0,0.8137345620282804,0.8056679159259632,1,Instructed
1011,11,0,0.9223432370643425,0.9686254263594678,1,Instructed
1012,12,0,0.8427299285654595,1.1040737637338403,1,Instructed
1013,13,0,0.05844592959918818,0.9427142844530952,1,Instructed
1014,14,0,0.013834650967416387,0.7351001663416896,1,Instructed
1015,15,0,0.12746245722993024,0.5601966186478928,1,Instructed
1016,16,0,0.6324400717991752,0.7585765341582749,1,Instructed
1017,17,0,0.48126770790504747,0.7538570482329068,1,Instructed
1018,18,0,0.4424862065891958,0.5784460618512368,1,Instructed
1019,19,0,0.4468661531066474,0.6019526565500937,1,Instructed
1020,20,0,0.6076063941947005,0.7911933641867748,1,Instructed
1021,21,0,0.7062016251431609,1.0052978983314502,1,Instructed
1022,22,0,0.21378212491753082,0.7482530464403789,1,Instructed
1023,23,0,0.7679077345210883,0.6608105489305428,1,Instructed
1024,24,0,0.25572679616430954,1.6629417898199548,1,Instructed
1025,25,0,0.6055607816136667,0.9234152844184145,1,Instructed
1026,26,0,0.17480196999852085,1.083654398008065,1,Instructed
1027,27,0,0.48778827917212264,0.6905734275607074,1,Instructed
1028,28,0,0.5309359944502354,0.4605028286312137,1,Instructed
1029,29,0,0.3238486609252365,0.6195837429500802,1,Instructed
1030,30,0,0.2475365342872966,0.44632093535325834,1,Instructed
1031,31,0,0.8622741096429192,0.7245929788596188,1,Instructed
1032,32,0,0.3745209894725662,1.0174105091963854,1,Instructed
1033,33,0,0.40745728400135106,0.9935928520820106,1,Instructed
1034,34,0,0.3777224891370962,0.7246422696175934,1,Instructed
1035,35,0,0.3862053241108327,0.647787497169222,1,Instructed
1036,36,0,0.4907872422028714,0.5357708540188005,1,Instructed
1037,37,0,0.9097815500049748,0.5288409502124322,1,Instructed
1038,38,0,0.4826573514814713,0.7547997144776951,1,Instructed
1039,39,0,0.16234061344699777,0.9134374308035895,1,Instructed
1040,40,0,0.4070878908201401,0.9424383552623954,1,Instructed
1041,41,0,0.019091822939741973,0.8363440076097707,1,Instructed
1042,42,0,0.49694046823469623,0.8555970044676793,1,Instructed
1043,43,0,0.04731168704745867,0.6880825959499792,1,Instructed
1044,44,0,0.5099230357084289,0.7171616680382016,1,Instructed
1045,45,0,0.6719585287563025,0.6141996148942259,1,Instructed
1046,46,0,0.6480435640233376,0.7072301130604438,1,Instructed
1047,47,0,0.5553046038145469,0.6272749959676102,1,Instructed
1048,48,0,0.5049636125362227,0.7114831874711323,1,Instructed
1049,49,0,0.44350372088290707,0.7703223586773701,1,Instructed
1050,50,0,0.6137243399501544,0.5293269136727137,1,Instructed
1051,51,0,0.8748566107401143,0.6344693126502694,1,Instructed
1052,52,0,0.4956788255489051,0.6882548899043422,1,Instructed
1053,53,0,0.002197926450054509,0.9869201240955678,1,Instructed
1054,54,0,0.526030853333661,0.6228741567920879,1,Instructed
1055,55,0,0.10420909021906638,0.8526929953712992,1,Instructed
1056,56,0,0.008305068118163256,1.598987272106573,1,Instructed
1057,57,0,0.8981389246283391,0.8898554709546154,1,Instructed
1058,58,0,0.9129078684382176,0.8536757095524365,1,Instructed
1059,59,0,0.9096383363394861,0.6467128589257485,1,Instructed
1060,60,0,0.19087760171743512,0.7079106078019942,1,Instructed
1061,61,0,0.5307078582535032,0.726021715681713,1,Instructed
1062,62,0,0.3124151875318487,0.6908374686311589,1,Instructed
1063,63,0,0.17532417542465423,0.6081452232522493,1,Instructed
1064,64,0,0.9144346439803304,0.7184420204390315,1,Instructed
1065,65,0,0.04956480929340574,0.8665220281736508,1,Instructed
1066,66,0,0.12069577825478565,0.6928269201930551,1,Instructed
1067,67,0,0.39329410542394927,0.8086587286368931,1,Instructed
1068,68,0,0.4992086626244183,0.8740576952726046,1,Instructed
1069,69,0,0.8475667367878843,0.7991894626392195,1,Instructed
1070,70,0,0.5000827901926713,2.144578406555255,1,Instructed
1071,71,0,0.32667562767687985,0.7837195327966686,1,Instructed
1072,72,0,0.8130632192527225,0.7208462119300482,1,Instructed
1073,73,0,0.3902530356159001,0.7867070120673629,1,Instructed
1074,74,0,0.5040676522682106,0.7964516236918664,1,Instructed
1075,75,0,0.9114854162030037,0.8322169227625654,1,Instructed
1076,76,0,0.9508844993390995,1.0370961577078985,1,Instructed
1077,77,0,0.8175125245855789,0.8742395052118406,1,Instructed
1078,78,0,0.1827918024267965,0.8968583132208169,1,Instructed
1079,79,0,0.7358989378656651,0.9751374308014836,1,Instructed
1080,80,0,0.6797562401158155,0.9197633825870116,1,Instructed
1081,81,0,0.9831791414091406,0.7356981682335719,1,Instructed
1082,82,0,0.19998716771044295,0.7805794790331766,1,Instructed
1083,83,0,0.42647309891988805,0.6350916322841331,1,Instructed
1084,84,0,0.5835119814967209,0.47250059792112165,1,Instructed
1085,85,0,0.45344440288337245,0.8895566642113706,1,Instructed
1086,86,0,0.5090956138961447,0.7254827301028621,1,Instructed
1087,87,0,0.29594980313899955,0.46106654572407174,1,Instructed
1088,88,0,0.5171190280534658,0.40969820495502596,1,Instructed
1089,89,0,0.7544152348525691,0.5486541156075633,1,Instructed
1090,90,0,0.16021118555717725,0.6303673748949336,1,Instructed
1091,91,0,0.8551001654474082,0.7093976546810709,1,Instructed
1092,92,0,0.014495033445880559,0.9151462803851504,1,Instructed
1093,93,0,0.5024962176259534,0.7541242852387682,1,Instructed
1094,94,0,0.2088468016512423,0.5563531203812179,1,Instructed
1095,95,0,0.9035993474495582,0.5918775905757557,1,Instructed
1096,96,0,0.9733861335682886,0.43499982787495617,1,Instructed
1097,97,0,0.17408251980975484,0.6945271165158091,1,Instructed
1098,98,0,0.27896809939407385,0.8382841935780414,1,Instructed
1099,99,0,0.566372500394009,0.7964996965226991,1,Instructed
1100,100,0,0.47173460487660257,0.7690168174547012,1,Instructed
1101,101,0,0.9932516911814904,0.8054053819437146,1,Instructed
1102,102,0,0.5571683755039459,0.6798831494044344,1,Instructed
1103,103,0,0.9531243736109918,1.278077314777796,1,Instructed
1104,104,0,0.19458006426861918,0.5518992725127789,1,Instructed
1105,105,0,0.2830572174094341,0.9260789028998907,1,Instructed
1106,106,0,0.23110121919785218,1.0055329339368149,1,Instructed
1107,107,0,0.5271404369052143,0.7988119556737949,1,Instructed
1108,108,0,0.9262042163344992,0.6404377818018915,1,Instructed
1109,109,0,0.9976268126189618,0.8626451265383236,1,Instructed
1110,110,0,0.5077690570704015,0.9321328582872245,1,Instructed
1111,111,0,0.9980050834596277,0.9217572236970619,1,Instructed
1112,112,0,0.5024688464794801,0.6980120720585445,1,Instructed
1113,113,0,0.6463351412323164,0.7622354773989601,1,Instructed
1114,114,0,0.5052095086053703,0.8759322837182111,1,Instructed
1115,115,0,0.875490860043382,0.6857970903168631,1,Instructed
1116,116,0,0.5003900031607369,0.5941633947662893,1,Instructed
1117,117,0,0.043498706615839024,0.6247453349816039,1,Instructed
1118,118,0,0.46253275593765086,0.6742690193333318,1,Instructed
1119,119,0,0.012020417383141708,0.5873421872697833,1,Instructed
1120,120,0,0.7667937035310286,0.809179004402176,1,Instructed
1121,121,0,0.06030199861343984,0.7999223642018294,1,Instructed
1122,122,0,0.06690235364383766,0.6911638576334427,1,Instructed
1123,123,0,0.5697915556192903,0.49555964038511596,1,Instructed
1124,124,0,0.6312906157659393,0.4087634146220354,1,Instructed
1125,125,0,0.49964134065080346,0.6205814442555642,1,Instructed
1126,126,0,0.6714223358023771,0.6584809936744659,1,Instructed
1127,127,0,0.7136478657986542,0.6503543863664165,1,Instructed
1128,128,0,0.486411320035306,0.5153007478508065,1,Instructed
1129,129,0,0.19541863265132944,0.5451147678696846,1,Instructed
1130,130,0,0.6735855848428142,0.6189243848568553,1,Instructed
1131,131,0,0.503363893399435,0.4761188890228807,1,Instructed
1132,132,0,0.5501580169066235,0.7944394419599803,1,Instructed
1133,133,0,0.47161625543487323,0.747119720766984,1,Instructed
1134,134,0,0.7561106338687991,0.4999049351125481,1,Instructed
1135,135,0,0.7461042300384544,0.5116992007185199,1,Instructed
1136,136,0,0.5484681470352293,0.48942215889998303,1,Instructed
1137,137,0,0.8930845849325758,0.4289588306743125,1,Instructed
1138,138,0,0.06277414115075351,0.5082823040560775,1,Instructed
1139,139,0,0.5155223516385362,0.5648009146457869,1,Instructed
1140,140,0,0.7083334890566042,0.520747060322462,1,Instructed
1141,141,0,0.48867481547091685,0.8065913243759705,1,Instructed
1142,142,0,0.9102170018526193,0.7052077871186417,1,Instructed
1143,143,0,0.2555163685660618,0.7823169459662233,1,Instructed
1144,144,0,0.989917951762946,0.6443681774613066,1,Instructed
1145,145,0,0.38325446505389943,0.5954603468543009,1,Instructed
1146,146,0,0.5269949265400214,0.8189320125402142,1,Instructed
1147,147,0,0.9872928596685894,0.6433587691224425,1,Instructed
1148,148,0,0.9466087031113584,0.6183467304508531,1,Instructed
1149,149,0,0.5331928572051884,0.7017722625333411,1,Instructed
1150,150,0,0.8742296496022732,0.7093254578892272,1,Instructed
1151,151,0,0.848401290667534,0.6729345978945096,1,Instructed
1152,152,0,0.2901212162523418,0.7319827817240316,1,Instructed
1153,153,0,0.14752948710001076,1.0254371518940772,1,Instructed
1154,154,0,0.16805759925814734,0.8366766240568091,1,Instructed
1155,155,0,0.2296339721975055,0.6966590754427171,1,Instructed
1156,156,0,0.46284465078464887,0.7816445493816317,1,Instructed
1157,157,0,0.0005031503839124828,4.897674499615787,1,Instructed
1158,158,0,0.3470357652446347,1.1926967587769366,1,Instructed
1159,159,0,0.49641388468002895,0.9111811508907057,1,Instructed
1160,160,0,0.6574710656000013,0.6301946910823539,1,Instructed
1161,161,0,0.490504205756558,0.6504605512897041,1,Instructed
1162,162,0,0.7934129656344622,0.4511594717230626,1,Instructed
1163,163,0,0.21407299246526176,0.5048130023873219,1,Instructed
1164,164,0,0.5532162760735756,0.5301701698198067,1,Instructed
1165,165,0,0.6616386719303837,0.5654441417044257,1,Instructed
1166,166,0,0.6553425991925429,0.8873128212034183,1,Instructed
1167,167,0,0.5135493533449156,0.8931371510787701,1,Instructed
1168,168,0,0.514376738615401,1.0050715428796853,1,Instructed
1169,169,0,0.5021049206136575,0.70489895871701,1,Instructed
1170,170,0,0.581250298828593,0.7327062816226946,1,Instructed
1171,171,0,0.5361993635940305,0.7956821611465494,1,Instructed
1172,172,0,0.14901939012500942,0.7792203769444531,1,Instructed
1173,173,0,0.6600293326009568,0.5669015074951482,1,Instructed
1174,174,0,0.8567142423272219,0.6072341713941982,1,Instructed
1175,175,0,0.5156815333239211,0.3554877352183696,1,Instructed
1176,176,0,0.29263792363059327,0.6317979255489681,1,Instructed
1177,177,0,0.9102385928859753,0.500586064276137,1,Instructed
1178,178,0,0.5280609274066559,0.9622873690741338,1,Instructed
1179,179,0,0.7717332221675208,1.060484001492892,1,Instructed
1180,180,0,0.12575883558269402,0.9922102638355137,1,Instructed
1181,181,0,0.8000486308348427,0.8945347538171942,1,Instructed
1182,182,0,0.5036186427009295,0.5817744332893294,1,Instructed
1183,183,0,0.26775198480846474,0.8716281257621523,1,Instructed
1184,184,0,0.9024268850216343,1.0286719216377187,1,Instructed
1185,185,0,0.6684482893529857,0.6968110931269369,1,Instructed
1186,186,0,0.5598484550064802,0.6118982517215498,1,Instructed
1187,187,0,0.5275180832635503,0.9411196768014334,1,Instructed
1188,188,0,0.32765075517205966,0.874344171670272,1,Instructed
1189,189,0,0.07339880208956501,0.495485403727119,1,Instructed
1190,190,0,0.34793094737457403,0.6781178771858241,1,Instructed
1191,191,0,0.8843673707843561,0.7596834884259407,1,Instructed
1192,192,0,0.3602684710918783,0.6759570847150957,1,Instructed
1193,193,0,0.9981885160702625,0.6170418861488132,1,Instructed
1194,194,0,0.7146191909313131,0.6089202368474609,1,Instructed
1195,195,0,0.14084599597767344,0.4886565246072911,1,Instructed
1196,196,0,0.6474580466937412,0.5386233030667615,1,Instructed
1197,197,0,0.37983711829385763,0.7672775174178823,1,Instructed
1198,198,0,0.4785093611294109,0.6582531866983765,1,Instructed
1199,199,0,0.5081332033855522,0.8955821302188157,1,Instructed
