,t,e_hat,Accuracy,pe,batch,Condition
0,0,0,0.5964772616697155,0.8457313545624241,0,Blocked
1,1,0,0.6622711431440857,0.6316062228066464,0,Blocked
2,2,0,0.0015520879526710687,0.79876148784494,0,Blocked
3,3,0,0.03142929657040169,0.7058030214966016,0,Blocked
4,4,0,0.9522662319347668,0.586692637499024,0,Blocked
5,5,0,0.9887218009890579,0.4826098686246304,0,Blocked
6,6,0,0.9354270325268272,0.8754128065953468,0,Blocked
7,7,0,0.6760084551901895,1.0543239846996777,0,Blocked
8,8,0,0.33602807135135415,0.6963947354980702,0,Blocked
9,9,0,0.508938091164822,0.5098458918701315,0,Blocked
10,10,0,0.02646951160174612,0.5086876668402966,0,Blocked
11,11,0,0.006209440816792939,0.8950427848480487,0,Blocked
12,12,0,0.9435266854181391,0.49407687638601977,0,Blocked
13,13,0,0.574480821245011,0.4842941587238264,0,Blocked
14,14,0,0.03810370233769965,0.7845964218220041,0,Blocked
15,15,0,0.9992097465246479,0.9176020407563616,0,Blocked
16,16,0,0.0424112598639496,0.8858563930274193,0,Blocked
17,17,0,0.32830989145438666,0.8008917332409218,0,Blocked
18,18,0,0.6969180421099075,0.7635295592966428,0,Blocked
19,19,0,0.7683486014304002,0.6378210006806888,0,Blocked
20,20,0,0.043465820818443385,0.9119000352997096,0,Blocked
21,21,0,0.0009364142407629315,0.8357953321680403,0,Blocked
22,22,0,0.008285708743861473,0.8192811701524243,0,Blocked
23,23,0,0.9916251520817392,0.6725204229250827,0,Blocked
24,24,0,0.9364202515521765,0.5040099488163179,0,Blocked
25,25,0,0.45154312683542946,0.47771724486023137,0,Blocked
26,26,0,0.8142272344635757,0.4662895752956083,0,Blocked
27,27,0,0.5486263574760755,0.7684927397103911,0,Blocked
28,28,0,0.9958480018583081,0.7614184885858788,0,Blocked
29,29,0,0.007117219350643696,0.5646225895014461,0,Blocked
30,30,0,0.49708715490719124,0.6221568282841434,0,Blocked
31,31,0,0.10835258472496845,0.6673177395239638,0,Blocked
32,32,0,0.4298229837558251,0.7439070964629917,0,Blocked
33,33,0,0.9992975460810326,0.7746469288061031,0,Blocked
34,34,0,0.3858459281516164,0.5881363954445304,0,Blocked
35,35,0,0.05860362916322834,0.6294833428933981,0,Blocked
36,36,0,0.9868712478727366,0.7797119190100756,0,Blocked
37,37,0,0.3098594102849189,0.9448886358161267,0,Blocked
38,38,0,4.199167224960844e-05,1.2236945903331802,0,Blocked
39,39,0,0.25227648554161813,0.7857482487126584,0,Blocked
40,40,0,0.4992942469772255,0.8691480569683606,0,Blocked
41,41,0,0.5533663819110813,0.8980362570801952,0,Blocked
42,42,0,0.09543284452627335,0.8342334539730458,0,Blocked
43,43,0,0.6378062590148807,0.7356053534813136,0,Blocked
44,44,0,0.6118887184240691,0.6969204787877785,0,Blocked
45,45,0,0.572622422465972,0.4564519345310264,0,Blocked
46,46,0,0.5098123962443132,0.6843738691868533,0,Blocked
47,47,0,0.48803456315808214,0.813465126484338,0,Blocked
48,48,0,0.9337832363457489,0.5655983296118662,0,Blocked
49,49,0,0.5215096270770998,0.39231459331070295,0,Blocked
50,50,0,0.40555189785516055,0.7253997516155097,0,Blocked
51,51,0,0.18839792517697912,0.6027307449533646,0,Blocked
52,52,0,0.38442712233616916,0.46954426003535593,0,Blocked
53,53,0,0.5484320184798787,0.5066850843610431,0,Blocked
54,54,0,0.5964244323457718,0.6646388161387522,0,Blocked
55,55,0,0.6123890695275033,0.6955207436191702,0,Blocked
56,56,0,0.45263785203874407,0.5503301924740275,0,Blocked
57,57,0,0.3273193839850337,0.46331178695729036,0,Blocked
58,58,0,0.25629372704235476,0.6332265030816231,0,Blocked
59,59,0,0.3298586907693386,0.4515020606506371,0,Blocked
60,60,0,0.514965237814108,0.5337528133868535,0,Blocked
61,61,0,0.4668848154648912,0.488779983567638,0,Blocked
62,62,0,0.5181899580607239,0.5977877812012157,0,Blocked
63,63,0,0.9016644493063861,0.6840913501021739,0,Blocked
64,64,0,0.3926877399262694,0.7372573963601838,0,Blocked
65,65,0,0.5115212029150471,0.870979272636321,0,Blocked
66,66,0,0.7091101604230906,0.6135207402846674,0,Blocked
67,67,0,0.48243278238026926,0.6898568370213849,0,Blocked
68,68,0,0.49166262421750945,0.8589703763172236,0,Blocked
69,69,0,0.09829437935264598,0.7186976892782587,0,Blocked
70,70,0,0.4441873498867352,0.7132932044440257,0,Blocked
71,71,0,0.2611236151306898,0.8276603956787077,0,Blocked
72,72,0,0.5097263781386007,0.7598363635352429,0,Blocked
73,73,0,0.6481160468737053,0.7347221511874938,0,Blocked
74,74,0,0.5698444149062343,0.5421501669254963,0,Blocked
75,75,0,0.3130650709596979,0.6140844767607176,0,Blocked
76,76,0,0.7368951827763461,0.6610666379323815,0,Blocked
77,77,0,0.24809289687336478,0.6427214673926236,0,Blocked
78,78,0,0.4993996065804891,0.8960504032202845,0,Blocked
79,79,0,0.581326404992834,0.6532466957402576,0,Blocked
80,80,0,0.8984337501743953,0.5061175485851194,0,Blocked
81,81,0,0.4133929719123648,0.663025538047838,0,Blocked
82,82,0,0.04022618466299878,0.6938234206423657,0,Blocked
83,83,0,0.3991916556717555,0.6194398811017157,0,Blocked
84,84,0,0.9000996627845843,0.6684609289364122,0,Blocked
85,85,0,0.5355385202844802,0.5856345012093195,0,Blocked
86,86,0,0.4465920828922321,0.6273835480544455,0,Blocked
87,87,0,0.983509010630609,0.6466006340882937,0,Blocked
88,88,0,0.05965024026009464,0.8383008894549193,0,Blocked
89,89,0,0.021456458764217843,0.9056548663217258,0,Blocked
90,90,0,0.999841262971105,0.4892917227615422,0,Blocked
91,91,0,0.6085921040029795,0.5308852799642292,0,Blocked
92,92,0,0.757243262971929,0.6698744308972662,0,Blocked
93,93,0,0.7687738008855615,0.6098578163517223,0,Blocked
94,94,0,0.772932036331415,0.7277599003717194,0,Blocked
95,95,0,0.8552386451608267,0.7630562181090249,0,Blocked
96,96,0,0.8003508428161388,0.7312714972828815,0,Blocked
97,97,0,0.0069116591256987905,0.9009178454624478,0,Blocked
98,98,0,0.06781032558786548,0.8000818703251151,0,Blocked
99,99,0,0.9390263000751131,0.5731492752846794,0,Blocked
100,100,0,0.5773554706383657,0.49297227570409274,0,Blocked
101,101,0,0.6036832681835165,0.6158850147762035,0,Blocked
102,102,0,0.007989645933727281,1.000624596583538,0,Blocked
103,103,0,0.8303461897348198,0.5953914865291712,0,Blocked
104,104,0,0.06210792431374558,0.7938813150386037,0,Blocked
105,105,0,0.8523906736377462,0.6009441419626849,0,Blocked
106,106,0,0.09502391142007591,0.8533106986962938,0,Blocked
107,107,0,0.5332952372819346,0.7653835204672976,0,Blocked
108,108,0,0.4918492913044499,0.6902588943343432,0,Blocked
109,109,0,0.3880688896991009,0.7312453154202827,0,Blocked
110,110,0,0.30806887185867615,0.6463074454047713,0,Blocked
111,111,0,0.9140872966504343,0.7068124581801394,0,Blocked
112,112,0,0.5409739299929917,0.778966399935534,0,Blocked
113,113,0,0.4465218793653323,0.708733507433567,0,Blocked
114,114,0,0.09806353666122951,0.8311667793873931,0,Blocked
115,115,0,0.0026213807708796973,0.8322879749383758,0,Blocked
116,116,0,0.6085561519088354,1.0032116508193265,0,Blocked
117,117,0,0.9446174108769307,0.7967588826780058,0,Blocked
118,118,0,0.0634799192582163,0.5816847116795337,0,Blocked
119,119,0,0.09628521244317927,0.8547093143123838,0,Blocked
120,120,0,0.49503057136452444,0.5969078076125445,0,Blocked
121,121,0,0.5340768656666597,0.6631526286170699,0,Blocked
122,122,0,0.744756506924048,0.5789746257534909,0,Blocked
123,123,0,0.4973655149775511,1.7025015814669069,0,Blocked
124,124,0,0.7948525700383213,0.975739592816141,0,Blocked
125,125,0,0.34259480691295985,0.7998863590352314,0,Blocked
126,126,0,0.3589762336546895,0.5874560157574127,0,Blocked
127,127,0,0.4552666122426117,0.660499579550178,0,Blocked
128,128,0,0.2415151067926189,0.6935639172929058,0,Blocked
129,129,0,0.5414819468094562,0.7618217403067085,0,Blocked
130,130,0,0.3230004912325113,0.5445470020767625,0,Blocked
131,131,0,0.7235663571265234,0.4832012765682362,0,Blocked
132,132,0,0.8101270051542784,0.7241676258361869,0,Blocked
133,133,0,0.5924777697939961,0.5667081903433488,0,Blocked
134,134,0,0.4266149946597503,0.7152911986329904,0,Blocked
135,135,0,0.4860943045968046,0.6791554388866856,0,Blocked
136,136,0,0.5263338461588183,0.6099105542395182,0,Blocked
137,137,0,0.3418647209308314,0.5203847374073648,0,Blocked
138,138,0,0.2823626402399988,0.5532347545208569,0,Blocked
139,139,0,0.4208882081846072,0.6240426963820016,0,Blocked
140,140,0,0.5117317369944624,0.8335137899152726,0,Blocked
141,141,0,0.37910975303572025,0.5909883861219722,0,Blocked
142,142,0,0.46009733485879645,0.6912942765549787,0,Blocked
143,143,0,0.3156809605386612,0.5292078488110041,0,Blocked
144,144,0,0.2999893698195613,0.4768350470492839,0,Blocked
145,145,0,0.5954218099342234,0.5692978875874347,0,Blocked
146,146,0,0.21843988287913485,0.7175692576094896,0,Blocked
147,147,0,0.031338613114447945,0.7247874480502983,0,Blocked
148,148,0,0.426388957837817,0.6430965748812821,0,Blocked
149,149,0,0.5096576575893758,0.7111401607994802,0,Blocked
150,150,0,0.500136301100688,0.910226383851092,0,Blocked
151,151,0,0.3886154172896375,0.8453049628535423,0,Blocked
152,152,0,0.1823942370529929,0.7303414423771323,0,Blocked
153,153,0,0.5000310735011406,0.8670731710985681,0,Blocked
154,154,0,0.8074233188115025,0.7030967018469567,0,Blocked
155,155,0,0.409724432825984,0.8250490074841039,0,Blocked
156,156,0,0.5299980570732944,0.6552588393476845,0,Blocked
157,157,0,0.4510394312095667,0.8063247770985222,0,Blocked
158,158,0,0.6278125612949115,0.5743802494078603,0,Blocked
159,159,0,0.49400698848668023,0.6453043791049999,0,Blocked
160,160,0,0.44104563696847776,0.5702467141751207,0,Blocked
161,161,0,0.43492790330462583,0.6703453716466755,0,Blocked
162,162,0,0.515731581920614,0.7743945365475062,0,Blocked
163,163,0,0.703407350358048,0.5933820662313694,0,Blocked
164,164,0,0.46969380717704456,0.700256540230692,0,Blocked
165,165,0,0.30367596763922505,0.6540622089795209,0,Blocked
166,166,0,0.06327641935978767,0.9341995388646716,0,Blocked
167,167,0,0.998733748479583,0.7228862349052367,0,Blocked
168,168,0,0.5783364004209328,0.5878704930627721,0,Blocked
169,169,0,0.23195146448740286,0.7354240603839356,0,Blocked
170,170,0,0.438657480590362,0.7794574910721691,0,Blocked
171,171,0,0.41497593166647806,0.6957040844838536,0,Blocked
172,172,0,0.5651676061681101,0.6539978882417351,0,Blocked
173,173,0,0.11798220628083342,0.8437747640096298,0,Blocked
174,174,0,0.522543694895674,0.7050410531775708,0,Blocked
175,175,0,0.3834340407662177,0.6416998476807787,0,Blocked
176,176,0,0.5093915348299193,0.6916135350133072,0,Blocked
177,177,0,0.018064264611833088,0.5667676989715508,0,Blocked
178,178,0,0.12271410745639641,0.5547072690208498,0,Blocked
179,179,0,0.7722968842101617,0.3490063973699642,0,Blocked
180,180,0,0.23882484891430644,0.7944815145020149,0,Blocked
181,181,0,0.9994433506064367,0.7425754606281652,0,Blocked
182,182,0,0.5439671970580735,0.7508468188815451,0,Blocked
183,183,0,0.03265450768635861,0.6353266916391822,0,Blocked
184,184,0,0.433805068673894,0.7181823976945576,0,Blocked
185,185,0,0.7725319834700686,0.6256216827778147,0,Blocked
186,186,0,0.7210786430511241,0.609167850437801,0,Blocked
187,187,0,0.6297728116205815,0.5414333669838836,0,Blocked
188,188,0,0.8116596662857019,0.8986657227899557,0,Blocked
189,189,0,0.7419776653445946,0.7723762534142862,0,Blocked
190,190,0,0.264686963382582,0.842493408678104,0,Blocked
191,191,0,0.5005202034239091,1.0539917136366106,0,Blocked
192,192,0,0.4937129587963992,0.871251145015334,0,Blocked
193,193,0,0.7503658302919121,0.7262515997431309,0,Blocked
194,194,0,0.5425086303672269,0.5354576890204567,0,Blocked
195,195,0,0.6164478870361036,0.7255376378557314,0,Blocked
196,196,0,0.5009364341304205,0.9167207017324951,0,Blocked
197,197,0,0.43336902279402456,0.4935789289284218,0,Blocked
198,198,0,0.5042376250269712,0.6120612959569312,0,Blocked
199,199,0,0.3953275160536933,0.7791892546160621,0,Blocked
200,0,0,0.5074379209517311,0.8155325844078707,0,Interleaved
201,1,0,0.28817016117025895,0.7187227934801289,0,Interleaved
202,2,0,0.31341239787185826,1.0575724833933025,0,Interleaved
203,3,0,0.888089852761856,0.3787814497009917,0,Interleaved
204,4,0,0.6095237831675648,0.6182373949034821,0,Interleaved
205,5,0,0.9077419760354721,0.6453411570162213,0,Interleaved
206,6,0,0.02047653395355195,0.6571530880974089,0,Interleaved
207,7,0,0.3717854039630443,0.4844818913321649,0,Interleaved
208,8,0,0.32914563001785235,0.49738410764405483,0,Interleaved
209,9,0,0.40650587977619324,0.7843244407002501,0,Interleaved
210,10,0,0.9313757626305657,0.8030654420496974,0,Interleaved
211,11,0,0.03710825297331656,0.8867693509305378,0,Interleaved
212,12,0,0.5044487134500123,0.8595548312379698,0,Interleaved
213,13,0,0.9987778382479616,0.657377480561016,0,Interleaved
214,14,0,0.28659404621974305,0.83455236569285,0,Interleaved
215,15,0,0.5857390540359326,0.6620955384793961,0,Interleaved
216,16,0,0.42823757323246625,0.5151211747398549,0,Interleaved
217,17,0,0.7250180070710743,0.48670973337549805,0,Interleaved
218,18,0,0.2787736120877575,0.727048744890039,0,Interleaved
219,19,0,0.10873741152120805,0.757049565800803,0,Interleaved
220,20,0,0.010067361743412901,0.9853899121568273,0,Interleaved
221,21,0,0.49170732196585204,0.6902829850114469,0,Interleaved
222,22,0,0.757074423398586,0.6045622464078573,0,Interleaved
223,23,0,0.2039893495619513,0.662631187728411,0,Interleaved
224,24,0,0.4132287994209734,0.5623193199964429,0,Interleaved
225,25,0,0.18495990053146194,0.7703675354381847,0,Interleaved
226,26,0,0.3704672258224514,0.5602946392916748,0,Interleaved
227,27,0,0.5126889638944371,0.5063400139002883,0,Interleaved
228,28,0,0.5571921258326884,0.6881611333041193,0,Interleaved
229,29,0,0.9948509312795044,0.5649223805225335,0,Interleaved
230,30,0,0.5921446345454526,0.9056813368208056,0,Interleaved
231,31,0,0.627029102462126,0.6580889594132027,0,Interleaved
232,32,0,0.8493464817159211,0.49560081508847353,0,Interleaved
233,33,0,0.016009705083234613,0.8237105965994778,0,Interleaved
234,34,0,0.5628692047900657,0.6688327810452785,0,Interleaved
235,35,0,0.465232477828959,0.7057795994878647,0,Interleaved
236,36,0,0.8865202495969515,0.7860836886123865,0,Interleaved
237,37,0,0.05046991187443646,0.6430747755146948,0,Interleaved
238,38,0,0.03250208975826736,0.6941869255416229,0,Interleaved
239,39,0,0.40440420640645336,0.7932888371310901,0,Interleaved
240,40,0,0.9628531650193386,0.6419479376519807,0,Interleaved
241,41,0,0.0018698255553962707,0.7229234472504287,0,Interleaved
242,42,0,0.9403865018868545,0.5888486746792247,0,Interleaved
243,43,0,0.01948881726987314,0.7935176769738322,0,Interleaved
244,44,0,0.534234624812323,0.8131781983318991,0,Interleaved
245,45,0,0.5065009385708169,0.887354762260317,0,Interleaved
246,46,0,0.9174421409589759,0.5107127485564822,0,Interleaved
247,47,0,0.7484537887368796,0.6406067126567954,0,Interleaved
248,48,0,0.3100817274804348,0.7536015724893563,0,Interleaved
249,49,0,0.020331849963564273,0.9632655569608537,0,Interleaved
250,50,0,0.4572535246115832,0.7478253868922343,0,Interleaved
251,51,0,0.12899864625274007,0.7141568775620695,0,Interleaved
252,52,0,0.639560454267903,0.6279451058812563,0,Interleaved
253,53,0,0.7844418851964098,0.6075540797342365,0,Interleaved
254,54,0,0.8196268795092309,0.6926351109990949,0,Interleaved
255,55,0,0.8860600243481607,0.536154160769421,0,Interleaved
256,56,0,0.5813688990537543,0.5566188338441123,0,Interleaved
257,57,0,0.6093743170039587,0.587467012769025,0,Interleaved
258,58,0,0.06442612431475382,0.6710611980210586,0,Interleaved
259,59,0,0.49891263382039647,0.7021373257818364,0,Interleaved
260,60,0,0.8751192350830914,0.6183578819556195,0,Interleaved
261,61,0,0.9629501058987489,0.6016215754815523,0,Interleaved
262,62,0,0.4207894399730884,0.7360715201686265,0,Interleaved
263,63,0,0.47892089847914093,0.7691871538887223,0,Interleaved
264,64,0,0.9614788119267814,0.6253961048993963,0,Interleaved
265,65,0,0.017751211939140088,0.7785693985790354,0,Interleaved
266,66,0,0.9679785677587622,0.537194036091232,0,Interleaved
267,67,0,0.021963324248109723,0.5545458964156236,0,Interleaved
268,68,0,0.293310222352293,0.6521846051455109,0,Interleaved
269,69,0,0.08846801126293317,0.9132088521053929,0,Interleaved
270,70,0,0.4951041094819031,0.9151230782188695,0,Interleaved
271,71,0,0.9902700123034056,0.9372457563234586,0,Interleaved
272,72,0,0.909058780017143,0.813332006596113,0,Interleaved
273,73,0,0.41920079984395464,0.9344420065899646,0,Interleaved
274,74,0,0.6317849066927339,0.9271514609402496,0,Interleaved
275,75,0,0.4994768503279518,0.7552700009380915,0,Interleaved
276,76,0,0.7111163246024235,0.6498524477800323,0,Interleaved
277,77,0,0.5151145614937724,0.7526420527476148,0,Interleaved
278,78,0,0.891319929955271,0.7033480305964714,0,Interleaved
279,79,0,0.47598476249992916,0.6742169266667164,0,Interleaved
280,80,0,0.4958267981862058,0.6141725346054941,0,Interleaved
281,81,0,0.9852305997444948,0.6792638770276767,0,Interleaved
282,82,0,0.9997650742667392,0.9573097127524236,0,Interleaved
283,83,0,0.48592392121259276,0.8327849195282979,0,Interleaved
284,84,0,0.49162479527068675,0.7193044062510242,0,Interleaved
285,85,0,0.2449908603131954,0.5389780860015875,0,Interleaved
286,86,0,0.785754174574228,0.7644878928237916,0,Interleaved
287,87,0,0.7127037157843118,0.7182709098300698,0,Interleaved
288,88,0,0.4030693219209574,0.623835098221764,0,Interleaved
289,89,0,0.5055232338980536,1.4567961817598574,0,Interleaved
290,90,0,0.40000641979161294,0.7970085919534442,0,Interleaved
291,91,0,0.47296590600157284,0.6091301187793462,0,Interleaved
292,92,0,0.39534423361329446,0.5552564727768443,0,Interleaved
293,93,0,0.6106531739332977,0.5928027823583105,0,Interleaved
294,94,0,0.2871180071822507,0.6970279492791354,0,Interleaved
295,95,0,0.03680346282308109,0.8986998418385149,0,Interleaved
296,96,0,0.51184342052698,0.4524327458589264,0,Interleaved
297,97,0,0.3278480944420727,0.6226646085971158,0,Interleaved
298,98,0,0.01684680741426354,0.7521894955951847,0,Interleaved
299,99,0,0.48393066659495326,0.6991115527919146,0,Interleaved
300,100,0,0.5714605065566544,0.659272686670711,0,Interleaved
301,101,0,0.503969941995089,0.6849712532603689,0,Interleaved
302,102,0,0.009907175563403037,1.0272241352714204,0,Interleaved
303,103,0,0.5079176917381031,0.9577593559548983,0,Interleaved
304,104,0,0.603906189126881,0.830343452585482,0,Interleaved
305,105,0,0.906557017604035,0.5545667149144615,0,Interleaved
306,106,0,0.3424601936857271,0.7128096953953484,0,Interleaved
307,107,0,0.32196767075301513,0.6492458230839178,0,Interleaved
308,108,0,0.22326297043507334,0.8098416432679603,0,Interleaved
309,109,0,0.9905232327810746,0.5331965869579823,0,Interleaved
310,110,0,0.5545422843180632,0.6314078092983215,0,Interleaved
311,111,0,0.24859337922480387,0.6174504483252657,0,Interleaved
312,112,0,0.06878400274524779,0.7469235558031122,0,Interleaved
313,113,0,0.5028587428772275,0.6901851262237988,0,Interleaved
314,114,0,0.488806517977638,0.923791256493032,0,Interleaved
315,115,0,0.9734486253863595,0.6930200775091026,0,Interleaved
316,116,0,0.4674711411759148,0.5709217912752762,0,Interleaved
317,117,0,0.6231226010108241,0.5242800896521957,0,Interleaved
318,118,0,0.04603051658231326,0.935348192456058,0,Interleaved
319,119,0,0.061019135815974894,0.7336682097525119,0,Interleaved
320,120,0,0.45154627058424146,0.383482968016898,0,Interleaved
321,121,0,0.9275439365178569,0.6712787026148176,0,Interleaved
322,122,0,0.5010670956149098,0.8280730454978215,0,Interleaved
323,123,0,0.07830072174348497,0.6892660436642472,0,Interleaved
324,124,0,0.5329648853303662,0.529742190648248,0,Interleaved
325,125,0,0.603311096794709,0.5423552389070053,0,Interleaved
326,126,0,0.19522241533620352,0.6609654634629174,0,Interleaved
327,127,0,0.12933926063324017,0.9024732186021822,0,Interleaved
328,128,0,0.9616257938945214,0.7564461916747811,0,Interleaved
329,129,0,0.26637994478975263,0.7497785327913888,0,Interleaved
330,130,0,0.6416051368785813,0.6827727677325424,0,Interleaved
331,131,0,0.10125844978026247,0.5461190395003955,0,Interleaved
332,132,0,0.9830939389492159,0.41045604603538066,0,Interleaved
333,133,0,0.4341045300411006,0.5217629194117532,0,Interleaved
334,134,0,0.4695285391662764,0.6849538100208635,0,Interleaved
335,135,0,0.6193963841254906,0.8596040191669376,0,Interleaved
336,136,0,0.26107150021164993,0.8196380630215874,0,Interleaved
337,137,0,0.6107050608405717,0.7598752474767198,0,Interleaved
338,138,0,0.012308308372090019,0.7387651119963909,0,Interleaved
339,139,0,0.5814612912590337,0.6866730796563159,0,Interleaved
340,140,0,0.5480608790523708,0.6512417702683091,0,Interleaved
341,141,0,0.13369646186752007,0.7711735546752798,0,Interleaved
342,142,0,0.5103214345324499,0.8265457297474965,0,Interleaved
343,143,0,0.6591764302768119,0.8290528914483991,0,Interleaved
344,144,0,0.4926882594650508,0.9030156474365056,0,Interleaved
345,145,0,0.5304153835934977,0.8660469881261148,0,Interleaved
346,146,0,0.004434253067270508,0.8708288264783662,0,Interleaved
347,147,0,0.5960074684633834,0.590755420855618,0,Interleaved
348,148,0,0.40210106424977493,0.7059913233516387,0,Interleaved
349,149,0,0.9900841970783019,0.5498510415242019,0,Interleaved
350,150,0,0.5001999551973908,0.6439959567554325,0,Interleaved
351,151,0,0.9510892856315686,0.7068750918505313,0,Interleaved
352,152,0,0.5615885093884292,0.7383810954580302,0,Interleaved
353,153,0,0.7879491707658475,0.6757198291303539,0,Interleaved
354,154,0,0.6302046530492391,0.6972522182408476,0,Interleaved
355,155,0,0.5582695490779211,0.5923829746188224,0,Interleaved
356,156,0,0.4289782086160663,0.5643889468995734,0,Interleaved
357,157,0,0.7632404433843865,0.6462745822212344,0,Interleaved
358,158,0,0.2137625184125667,0.6550364646154236,0,Interleaved
359,159,0,0.505025645227098,0.7198975077537666,0,Interleaved
360,160,0,0.01757686719118367,0.8337608108845167,0,Interleaved
361,161,0,0.984209753256865,0.4557998513299836,0,Interleaved
362,162,0,0.9805254980700537,0.7319877134821082,0,Interleaved
363,163,0,0.44725373609492314,0.790588336036126,0,Interleaved
364,164,0,0.08443489060751123,0.9021258179874672,0,Interleaved
365,165,0,0.44549140968717593,0.5838982000466608,0,Interleaved
366,166,0,0.510575463838178,1.0099417656659893,0,Interleaved
367,167,0,0.4598371935195509,0.6144964732137743,0,Interleaved
368,168,0,0.4500107573397996,0.7652193241739768,0,Interleaved
369,169,0,0.5002304799143417,0.80032701372994,0,Interleaved
370,170,0,0.5548115254779774,0.7763554138766166,0,Interleaved
371,171,0,0.6392418858942681,0.5976529161619661,0,Interleaved
372,172,0,0.8665265152482637,0.62259291394185,0,Interleaved
373,173,0,0.9719820808396167,0.6957241484432619,0,Interleaved
374,174,0,0.17362254993753828,0.8611686041540922,0,Interleaved
375,175,0,0.03614012834336479,0.9893385735984752,0,Interleaved
376,176,0,0.8472373281804051,0.687178138119898,0,Interleaved
377,177,0,0.6153687897077271,0.674296523351438,0,Interleaved
378,178,0,0.9360402648929771,0.590884501150867,0,Interleaved
379,179,0,0.6793748748568434,0.5558596568698473,0,Interleaved
380,180,0,0.5411498043129999,0.4959172206670248,0,Interleaved
381,181,0,0.008777638260427706,0.7828607225507807,0,Interleaved
382,182,0,0.25982842762103653,0.8574318583876198,0,Interleaved
383,183,0,0.118112366527674,0.890657406343323,0,Interleaved
384,184,0,0.5357971570438945,0.5612188623665821,0,Interleaved
385,185,0,0.8324323460907181,0.6742840689459038,0,Interleaved
386,186,0,0.4604173862570727,0.7022667559026123,0,Interleaved
387,187,0,0.49122929908444707,0.6127396563682059,0,Interleaved
388,188,0,0.7681364312017004,0.6073493715281888,0,Interleaved
389,189,0,0.514861142896397,0.5749742387616485,0,Interleaved
390,190,0,0.7408077957044913,0.5683834411723327,0,Interleaved
391,191,0,0.341822524037524,0.5541234490570117,0,Interleaved
392,192,0,0.5537278686137688,0.6580724274913592,0,Interleaved
393,193,0,0.13858970419223737,0.6877267101772608,0,Interleaved
394,194,0,0.8650135616762107,0.5726314997733937,0,Interleaved
395,195,0,0.3101178457594226,0.46205110057191356,0,Interleaved
396,196,0,0.2117213204585122,0.6438911240780198,0,Interleaved
397,197,0,0.2606951476293147,0.8747391747070073,0,Interleaved
398,198,0,0.37377331411532577,0.8337680897759907,0,Interleaved
399,199,0,0.42530332909090396,0.7866833124885523,0,Interleaved
400,0,0,0.00010913729827522244,1.002426603575031,0,Instructed
401,1,0,0.49963025531809496,0.9701702186399451,0,Instructed
402,2,0,0.8854897096313559,0.8647033291785515,0,Instructed
403,3,0,0.2543514817309976,1.3357676369432459,0,Instructed
404,4,0,0.011665064466728098,0.9002751394908934,0,Instructed
405,5,0,0.5061727512156522,0.5942743446442376,0,Instructed
406,6,0,0.5446856871561959,0.6965676043322391,0,Instructed
407,7,0,0.595704934720305,0.7532776493540928,0,Instructed
408,8,0,0.6008040445150089,0.6985668228019257,0,Instructed
409,9,0,0.4983264015927309,0.6146434833773766,0,Instructed
410,10,0,0.4736380759992736,1.0242820207155656,0,Instructed
411,11,0,0.25430770420843196,1.1288845141070518,0,Instructed
412,12,0,0.5160499192397642,0.6850668117364772,0,Instructed
413,13,0,0.49522220370738634,0.652004228927374,0,Instructed
414,14,0,0.6235299347059644,0.7730899704839229,0,Instructed
415,15,0,0.3066751928113989,0.8194272265443573,0,Instructed
416,16,0,0.4181301808843067,0.905765927425912,0,Instructed
417,17,0,0.5699547430853203,0.6510426148792424,0,Instructed
418,18,0,0.5996345649789722,0.6923160286679393,0,Instructed
419,19,0,0.9682468432809921,0.8433409387081073,0,Instructed
420,20,0,0.945308562407122,0.7490323779537589,0,Instructed
421,21,0,0.6190505811842677,0.6502845444749806,0,Instructed
422,22,0,0.5289385117395948,0.7553814689184774,0,Instructed
423,23,0,0.5279408164666497,0.748521757165645,0,Instructed
424,24,0,0.004965980173370094,1.0972173752546852,0,Instructed
425,25,0,0.5001346850806283,0.7724833111268723,0,Instructed
426,26,0,0.025319036942586658,0.852877547876111,0,Instructed
427,27,0,0.9797984571809537,0.7872487342150865,0,Instructed
428,28,0,0.09457772578791097,0.9292207378273707,0,Instructed
429,29,0,0.008727629716854611,0.9891168500751897,0,Instructed
430,30,0,0.9496859632574342,0.9043210462980096,0,Instructed
431,31,0,0.10822519988550786,0.8347279644760595,0,Instructed
432,32,0,0.47733133059514543,0.8673790807800135,0,Instructed
433,33,0,0.4844793267177204,0.8212008485659954,0,Instructed
434,34,0,0.6903256642945836,1.0483054800988292,0,Instructed
435,35,0,0.19303750627851177,0.802113119550115,0,Instructed
436,36,0,0.982047241762234,0.8425884178951335,0,Instructed
437,37,0,0.6108064586639165,0.8602370869842824,0,Instructed
438,38,0,0.33100713223571393,0.6374377759739034,0,Instructed
439,39,0,0.3076588587208038,0.4394658516734452,0,Instructed
440,40,0,0.9631674095787339,0.6041097890547793,0,Instructed
441,41,0,0.5568736391433836,0.7772750620439666,0,Instructed
442,42,0,0.574713558767947,0.8623327023217162,0,Instructed
443,43,0,0.058964729918749806,0.6969681779100123,0,Instructed
444,44,0,0.7912346372790202,0.925582948770973,0,Instructed
445,45,0,0.15591034488238997,0.7151412299752409,0,Instructed
446,46,0,0.6845745171684254,0.7827088973109226,0,Instructed
447,47,0,0.8249917929172242,1.0085847138549073,0,Instructed
448,48,0,0.15382318208032356,1.0646481350075065,0,Instructed
449,49,0,0.5062317436789056,0.9392417162237972,0,Instructed
450,50,0,0.4449401412356374,0.8854773341957303,0,Instructed
451,51,0,0.3852867685906818,0.8316601722461485,0,Instructed
452,52,0,0.4975900144420361,0.5930156730814171,0,Instructed
453,53,0,0.9354380380769909,0.48507555285800474,0,Instructed
454,54,0,0.6385949899903678,0.7568569944444377,0,Instructed
455,55,0,0.12561211097029065,0.8129147686087721,0,Instructed
456,56,0,0.5203543428295554,0.9557353985080501,0,Instructed
457,57,0,0.49130753079020867,0.9044377724166726,0,Instructed
458,58,0,0.9332207330175581,0.5961824019216739,0,Instructed
459,59,0,0.5388017526838045,0.4375503240060573,0,Instructed
460,60,0,0.06861143177432082,0.6871896630626009,0,Instructed
461,61,0,0.4988312926587953,0.556538139803628,0,Instructed
462,62,0,0.609340207935948,0.7450426142042564,0,Instructed
463,63,0,0.5344617622242088,0.699432297178328,0,Instructed
464,64,0,0.6213888355175832,0.6927716849914307,0,Instructed
465,65,0,0.480485767692809,0.7300548715757232,0,Instructed
466,66,0,0.9999901364837773,1.092437172738713,0,Instructed
467,67,0,0.687318821449487,0.6450095948810025,0,Instructed
468,68,0,0.493963858147822,0.8121673466878873,0,Instructed
469,69,0,0.5980508785678729,0.7604654178461572,0,Instructed
470,70,0,0.6200341579448906,0.907430039756524,0,Instructed
471,71,0,0.716147502482438,1.0227007844098281,0,Instructed
472,72,0,0.138402735877771,0.8873852308016535,0,Instructed
473,73,0,0.3472908539164148,0.8936186528598127,0,Instructed
474,74,0,0.9930649060920408,0.928165962917897,0,Instructed
475,75,0,0.008219461316068618,1.0111297133029225,0,Instructed
476,76,0,0.46966200213803266,0.9456171038679252,0,Instructed
477,77,0,0.3231150338508824,0.7853548161719452,0,Instructed
478,78,0,0.48258147141784175,0.7255806283791342,0,Instructed
479,79,0,0.21690470325085126,0.5792719315582613,0,Instructed
480,80,0,0.49144423738408505,0.7757206348806789,0,Instructed
481,81,0,0.7905186787251683,0.681852045649318,0,Instructed
482,82,0,0.1583712009686758,0.7806048166457863,0,Instructed
483,83,0,0.1992599837943546,0.6536189571072282,0,Instructed
484,84,0,0.961672878319098,0.8078009166535117,0,Instructed
485,85,0,0.49529276641578124,0.4392821260065902,0,Instructed
486,86,0,0.1758221162765178,0.5469503399029506,0,Instructed
487,87,0,0.7089604329755124,0.7761789146856815,0,Instructed
488,88,0,0.49031167859184827,1.1196225517405451,0,Instructed
489,89,0,0.23468788016037315,1.0106713645598673,0,Instructed
490,90,0,0.9728064952118364,0.7698865098877767,0,Instructed
491,91,0,0.776104870989808,1.9539752378325679,0,Instructed
492,92,0,0.4871987338569897,1.0548001794275064,0,Instructed
493,93,0,0.2205371063751295,0.6847675567764138,0,Instructed
494,94,0,0.11902604494661834,0.7026574225328919,0,Instructed
495,95,0,0.7979708980392863,0.4895153151811126,0,Instructed
496,96,0,0.40703606861938973,0.6007196763543969,0,Instructed
497,97,0,0.029467406810672826,0.7663576475538489,0,Instructed
498,98,0,0.38607476571232047,0.7140560994587193,0,Instructed
499,99,0,0.36445368214451873,0.7438421979940768,0,Instructed
500,100,0,0.5683284487600815,0.76363482547807,0,Instructed
501,101,0,0.8988039570573811,0.8024700233499715,0,Instructed
502,102,0,0.31242987088043134,0.6587956250465316,0,Instructed
503,103,0,0.5084508474493871,0.49971064217268213,0,Instructed
504,104,0,0.21634968494908283,0.9090809783264346,0,Instructed
505,105,0,0.5255884152801538,0.502632061033161,0,Instructed
506,106,0,0.9756139460209955,0.4331245173462073,0,Instructed
507,107,0,0.24824157382367196,0.6425342619831609,0,Instructed
508,108,0,0.1179897451751318,0.710063514337259,0,Instructed
509,109,0,0.4380464285548813,0.7581169679269701,0,Instructed
510,110,0,0.4744538317334348,0.8877342830880349,0,Instructed
511,111,0,0.30839478902830225,0.7005738582532844,0,Instructed
512,112,0,0.7617096668110646,0.8922935510246124,0,Instructed
513,113,0,0.5062879984373952,0.8971789343194574,0,Instructed
514,114,0,0.03366741512359766,0.9014308878512056,0,Instructed
515,115,0,0.6874333753289584,0.7388694919827548,0,Instructed
516,116,0,0.7998662290874314,0.8707782356675031,0,Instructed
517,117,0,0.4889796177109158,0.7690088915690971,0,Instructed
518,118,0,0.3373154397461433,0.6174419000707626,0,Instructed
519,119,0,0.7053890401635193,0.5392186600404356,0,Instructed
520,120,0,0.9356022395955008,0.6759331926083852,0,Instructed
521,121,0,0.9224891431571549,0.7158215279017388,0,Instructed
522,122,0,0.11111730058542982,0.8805792644756385,0,Instructed
523,123,0,0.4464714868375085,0.6531674424567169,0,Instructed
524,124,0,0.41877166110710407,0.6758928553300527,0,Instructed
525,125,0,0.4003210155117198,0.7629243776922825,0,Instructed
526,126,0,0.9908354807615789,0.9570224520277821,0,Instructed
527,127,0,0.8425547935824422,0.6420655936403145,0,Instructed
528,128,0,0.7993302353886507,0.855406889277634,0,Instructed
529,129,0,0.6141560270115628,1.1595859214237025,0,Instructed
530,130,0,0.7713505761027802,0.8772395249366449,0,Instructed
531,131,0,0.3724084553462468,0.6540107469423972,0,Instructed
532,132,0,0.3101363312649631,0.8929493207872312,0,Instructed
533,133,0,1.8779543541218983e-07,3.0552088254614516,0,Instructed
534,134,0,0.20214166539379447,0.8116098883857779,0,Instructed
535,135,0,0.5430283214514968,0.5312876925119278,0,Instructed
536,136,0,0.32681613619856154,0.8973281159178721,0,Instructed
537,137,0,0.501286893907972,0.6879107013789534,0,Instructed
538,138,0,0.8012286409517504,0.5716320298058823,0,Instructed
539,139,0,0.5470303782411241,0.6453751420245576,0,Instructed
540,140,0,0.9014981906505097,0.8482160203630251,0,Instructed
541,141,0,0.5026192411185593,0.867873469792801,0,Instructed
542,142,0,0.18059717462407543,0.736643819424659,0,Instructed
543,143,0,0.026769917301637667,0.788223685748688,0,Instructed
544,144,0,0.49931798800097565,0.6147595374710876,0,Instructed
545,145,0,0.537544393393443,0.42473557086255964,0,Instructed
546,146,0,0.227023046324771,0.631003199430879,0,Instructed
547,147,0,0.5130943479100182,0.521407471545476,0,Instructed
548,148,0,0.4527488861382727,0.7587653515948662,0,Instructed
549,149,0,0.597956564422531,0.7715656833175804,0,Instructed
550,150,0,0.008252712155761031,0.6380550208676226,0,Instructed
551,151,0,0.04515463053566102,0.7430891527418498,0,Instructed
552,152,0,0.5147953934048763,0.730137312983175,0,Instructed
553,153,0,0.46261130397042405,0.46810669429902957,0,Instructed
554,154,0,0.10607011718827095,0.4928634824390312,0,Instructed
555,155,0,0.4495501332867952,0.6104964004866965,0,Instructed
556,156,0,0.35804033201630614,0.4085610455150991,0,Instructed
557,157,0,0.37578990201690854,0.38876013358159456,0,Instructed
558,158,0,0.029405034315002562,0.6261335296267692,0,Instructed
559,159,0,0.47254188434581657,0.684235806005388,0,Instructed
560,160,0,0.5499275553873771,0.3605924504673471,0,Instructed
561,161,0,0.8465130538416721,0.506298417886454,0,Instructed
562,162,0,0.17150792888250288,0.7096133080037342,0,Instructed
563,163,0,0.7319059722384659,0.3896613194424954,0,Instructed
564,164,0,0.6823334277229312,0.7937777285072525,0,Instructed
565,165,0,0.7782302363920938,0.400835124295059,0,Instructed
566,166,0,0.7431580722344504,0.6058628522010188,0,Instructed
567,167,0,0.38478627467158905,0.4770518436843162,0,Instructed
568,168,0,0.7106678824919324,0.7512479384578766,0,Instructed
569,169,0,0.5008345169471652,0.5706185046393777,0,Instructed
570,170,0,0.9504994228771522,0.4751159322944668,0,Instructed
571,171,0,0.25142933744170876,0.8823168471769025,0,Instructed
572,172,0,0.10026487667064336,0.6109304566241118,0,Instructed
573,173,0,0.6087435323930904,0.7397043190984542,0,Instructed
574,174,0,0.7686474376967334,0.5632797153818236,0,Instructed
575,175,0,0.69725593059093,0.4305151016091502,0,Instructed
576,176,0,0.6423952967457398,0.39079848274382806,0,Instructed
577,177,0,0.8935956357539389,0.8877167092675147,0,Instructed
578,178,0,0.5252564280293858,1.0102583650614407,0,Instructed
579,179,0,0.4422503620642241,0.7617614003373684,0,Instructed
580,180,0,0.38911685711638955,0.5452587747459474,0,Instructed
581,181,0,0.8268732304275332,0.5294618531541833,0,Instructed
582,182,0,0.5522292427525134,0.6129231326836936,0,Instructed
583,183,0,0.16843096496220603,0.507821186072039,0,Instructed
584,184,0,0.6837451985957979,0.4145590644285735,0,Instructed
585,185,0,0.024759933966433067,0.8801755426569672,0,Instructed
586,186,0,0.19636612286163058,0.48335993459666937,0,Instructed
587,187,0,0.39036041436740476,0.6817868146639462,0,Instructed
588,188,0,0.0074255922294072406,0.6545513296540959,0,Instructed
589,189,0,0.34655318337330326,0.7242347767994904,0,Instructed
590,190,0,0.6332373414169954,0.5264014057189934,0,Instructed
591,191,0,0.47278714973768804,0.6065099825876477,0,Instructed
592,192,0,0.8916425747718526,0.4544542647253853,0,Instructed
593,193,0,0.10116925541000937,0.8327948917978031,0,Instructed
594,194,0,0.5153489077027448,0.7551737946331016,0,Instructed
595,195,0,0.7990179676315765,0.38835932892421743,0,Instructed
596,196,0,0.6522311016325913,0.9609656604720084,0,Instructed
597,197,0,0.9511075488350533,0.6194071503854873,0,Instructed
598,198,0,0.37671442886065887,0.7204936313908347,0,Instructed
599,199,0,0.11983357131384935,0.49020736447258795,0,Instructed
600,0,0,0.33600753339051487,0.9367984082827258,1,Blocked
601,1,0,0.5975122361313564,0.5370277405232402,1,Blocked
602,2,0,0.2810187869435737,0.6000402394373281,1,Blocked
603,3,0,0.034972252512514915,0.6812404075541934,1,Blocked
604,4,0,0.5351995646427907,0.5696974802435302,1,Blocked
605,5,0,0.5582386940797568,0.5610776343280042,1,Blocked
606,6,0,0.8918176327914227,0.6902453353682902,1,Blocked
607,7,0,0.1921613439775461,0.7369891378957543,1,Blocked
608,8,0,0.4857665226022842,0.5820308074830098,1,Blocked
609,9,0,0.27999831110755163,0.7940842055053019,1,Blocked
610,10,0,0.9273751091142884,0.7840639368037517,1,Blocked
611,11,0,0.4400526227819712,0.8485973733067282,1,Blocked
612,12,0,0.0702203944583271,0.8187483931230928,1,Blocked
613,13,0,0.001683826553269034,0.8451142234337153,1,Blocked
614,14,0,0.917438630775403,0.735834656914053,1,Blocked
615,15,0,0.8403784499451654,0.5812876519464976,1,Blocked
616,16,0,0.48520866535224466,0.503878989600075,1,Blocked
617,17,0,0.596591233837135,0.7008508999195001,1,Blocked
618,18,0,0.03339462391242225,0.8515683325741918,1,Blocked
619,19,0,0.8199223002959282,0.9480103143403662,1,Blocked
620,20,0,0.27675693313435207,0.45491233250273483,1,Blocked
621,21,0,0.4608865740065663,0.5786587269117569,1,Blocked
622,22,0,0.4176656692573916,0.7056409393235581,1,Blocked
623,23,0,0.5032617198931018,0.6082984597545436,1,Blocked
624,24,0,0.4596176365203759,0.6078415408628788,1,Blocked
625,25,0,0.502726164701577,0.5666627571136889,1,Blocked
626,26,0,0.5505538337356758,0.5167321813835751,1,Blocked
627,27,0,0.6185731457128352,0.6662090562687668,1,Blocked
628,28,0,0.40847488985964897,0.6389408384167283,1,Blocked
629,29,0,0.9651312427083345,0.5791481598593925,1,Blocked
630,30,0,0.5880646769581859,0.7527833423855816,1,Blocked
631,31,0,0.000449693898664686,1.1046414489526124,1,Blocked
632,32,0,0.03589311894010192,0.6379934933723436,1,Blocked
633,33,0,0.2488773572575463,0.4532849203308963,1,Blocked
634,34,0,0.7950890478650661,0.7230350759366504,1,Blocked
635,35,0,0.6171379319084214,0.5374486702632741,1,Blocked
636,36,0,0.5082005994357057,0.6798227356067443,1,Blocked
637,37,0,0.4980993766362457,0.7952604163240691,1,Blocked
638,38,0,0.5679916047789257,0.643524721309538,1,Blocked
639,39,0,0.08816921185293751,0.7229043377272908,1,Blocked
640,40,0,0.6440002223634526,0.7017932038857644,1,Blocked
641,41,0,0.29552230441799093,0.5832570838804583,1,Blocked
642,42,0,0.4395083161106518,0.6107320392400138,1,Blocked
643,43,0,0.9479542707384674,0.621558446601918,1,Blocked
644,44,0,0.240847344742888,0.8510820967475343,1,Blocked
645,45,0,0.7085689420051705,0.7098473097295088,1,Blocked
646,46,0,0.09485656799625315,0.7526006140738533,1,Blocked
647,47,0,0.9437785313440822,0.4548321779977741,1,Blocked
648,48,0,0.7856445741972874,0.5213463033023826,1,Blocked
649,49,0,0.8907203834056656,0.671424679973524,1,Blocked
650,50,0,0.687507959509938,0.6362060928574811,1,Blocked
651,51,0,0.5821587268537699,0.6583105314997355,1,Blocked
652,52,0,0.5828602919384667,0.5216925408044811,1,Blocked
653,53,0,0.452696686650066,0.6115661233952593,1,Blocked
654,54,0,0.05023073109368622,0.5714506231303651,1,Blocked
655,55,0,0.9480718626119934,0.48812038049311196,1,Blocked
656,56,0,0.2999973754503403,0.8952816485639236,1,Blocked
657,57,0,0.2454954652046124,0.8559295765745062,1,Blocked
658,58,0,0.14895076216208747,0.6260126461857434,1,Blocked
659,59,0,0.49706983266479815,0.8724985383205515,1,Blocked
660,60,0,0.7369589189029511,0.4781812559104449,1,Blocked
661,61,0,0.8573466265860998,0.449912445666284,1,Blocked
662,62,0,0.5593090033395373,0.6095584715022591,1,Blocked
663,63,0,0.5728870609783899,0.8512303827463266,1,Blocked
664,64,0,0.5611210779351338,0.6075697006508599,1,Blocked
665,65,0,0.5082604638623648,0.5052246557645734,1,Blocked
666,66,0,0.2256105023413198,0.7656588028819051,1,Blocked
667,67,0,0.5418845524281908,0.6429495197234314,1,Blocked
668,68,0,0.5960984250730715,0.6337941810009307,1,Blocked
669,69,0,0.2014329392278742,0.5124811308392931,1,Blocked
670,70,0,0.4283686408323882,0.4873441699559724,1,Blocked
671,71,0,0.802295586382056,0.626669637527844,1,Blocked
672,72,0,0.8898768109058346,0.5873824306168534,1,Blocked
673,73,0,0.8943743866098247,0.7783740767610319,1,Blocked
674,74,0,0.46442862587944655,1.2520785637131162,1,Blocked
675,75,0,0.8905445698255354,0.9588393632729837,1,Blocked
676,76,0,0.37801888999352473,0.9619346419010054,1,Blocked
677,77,0,0.36106059791333667,0.8620531912879543,1,Blocked
678,78,0,0.9752737323590742,0.8566985730671786,1,Blocked
679,79,0,0.5095722987262221,0.6920581581527055,1,Blocked
680,80,0,0.49295071085609304,0.8424303144066695,1,Blocked
681,81,0,0.24601743185066402,0.6227825720359663,1,Blocked
682,82,0,0.9552840277011538,0.3924521918391026,1,Blocked
683,83,0,0.9356324631401213,0.4132140109671989,1,Blocked
684,84,0,0.7498559668441092,0.5050166664313208,1,Blocked
685,85,0,0.9690700681084182,0.42862333209812054,1,Blocked
686,86,0,0.20812880673583334,0.6595848522655203,1,Blocked
687,87,0,0.4484212707718679,0.7444111041511821,1,Blocked
688,88,0,0.03957172664184612,0.7002229617056887,1,Blocked
689,89,0,0.6413167290389343,0.6036644556054598,1,Blocked
690,90,0,0.5145405103975804,0.511737690110565,1,Blocked
691,91,0,0.5288209166505865,0.47951904198665896,1,Blocked
692,92,0,0.02017686133846774,0.6733531364256338,1,Blocked
693,93,0,0.4957386517124236,0.4677339423263895,1,Blocked
694,94,0,0.022505408824006052,0.9210156330247998,1,Blocked
695,95,0,0.0016265972691107107,0.9001708586373047,1,Blocked
696,96,0,0.9661874555883045,0.553140680823571,1,Blocked
697,97,0,0.09670277526919792,0.5918143615589878,1,Blocked
698,98,0,0.453974495931996,0.4637809971784296,1,Blocked
699,99,0,0.20936629705471932,0.5389382832290682,1,Blocked
700,100,0,0.001114661054313614,1.1422391398077325,1,Blocked
701,101,0,0.8671081945141583,0.5415286130521767,1,Blocked
702,102,0,0.49057567310989375,0.7191845148098757,1,Blocked
703,103,0,0.2830737805855109,0.8336048266951667,1,Blocked
704,104,0,0.9760484830084281,0.5014843288313544,1,Blocked
705,105,0,0.3845628767460128,0.7054577159784134,1,Blocked
706,106,0,0.0013521527305986266,0.7576795829406671,1,Blocked
707,107,0,0.6203426888385862,0.7194790020678464,1,Blocked
708,108,0,0.7387984346740308,0.7248377560562811,1,Blocked
709,109,0,0.5360930304157567,0.7676158192659697,1,Blocked
710,110,0,0.9662467909014862,0.848889492054085,1,Blocked
711,111,0,0.32822800344434205,0.9308729186083635,1,Blocked
712,112,0,0.629553570645585,0.7361113174410161,1,Blocked
713,113,0,0.9490376887553607,0.7301159789213705,1,Blocked
714,114,0,0.619759134790946,0.7365385091666217,1,Blocked
715,115,0,0.9064872206371097,0.6818442236376017,1,Blocked
716,116,0,0.215912270680982,0.9337103166729012,1,Blocked
717,117,0,0.3813436054313521,0.4998882166396086,1,Blocked
718,118,0,0.5256328051588053,0.475033854952,1,Blocked
719,119,0,0.49265564628555464,0.5195984619526963,1,Blocked
720,120,0,0.6564321006453113,0.679517127085969,1,Blocked
721,121,0,0.11587913804730708,0.5255669474336697,1,Blocked
722,122,0,0.6471114379538488,0.526190119209723,1,Blocked
723,123,0,0.20635628644310988,1.0158714440647112,1,Blocked
724,124,0,0.33942580591407423,0.8705168140625377,1,Blocked
725,125,0,0.9943693336337203,0.7951783703203226,1,Blocked
726,126,0,0.2969580027131747,0.7778629317353083,1,Blocked
727,127,0,0.9452403231664692,0.5364903855142757,1,Blocked
728,128,0,0.8271399556820223,0.42730623014473623,1,Blocked
729,129,0,0.4963948962179144,0.6175763943745546,1,Blocked
730,130,0,0.530747928042105,0.48658435677093614,1,Blocked
731,131,0,0.5306848259810182,0.681672093853793,1,Blocked
732,132,0,0.6932959136866548,0.5526143324559012,1,Blocked
733,133,0,0.3205683095640874,0.7165476986781664,1,Blocked
734,134,0,0.31329631497031685,0.9615071542418111,1,Blocked
735,135,0,0.794415071972103,0.6853576821132703,1,Blocked
736,136,0,0.6036095829895077,0.6217372863997062,1,Blocked
737,137,0,0.7500959012952763,0.5211274154165868,1,Blocked
738,138,0,0.8608227278506455,0.42137369981620076,1,Blocked
739,139,0,0.8276100585300418,0.6189752867278553,1,Blocked
740,140,0,0.012858024670182688,0.6214713893034678,1,Blocked
741,141,0,0.8127700208135114,0.6872297416788007,1,Blocked
742,142,0,0.9302853134509397,0.6214276280849471,1,Blocked
743,143,0,0.5486624589909985,0.5170076022714715,1,Blocked
744,144,0,0.02163696446919986,0.6170207382663746,1,Blocked
745,145,0,0.5827266887161309,0.7186051590470353,1,Blocked
746,146,0,0.5631982219381373,0.7523828058356421,1,Blocked
747,147,0,0.025810449701033963,0.9592773494605173,1,Blocked
748,148,0,0.08602430894993596,0.7541722730543198,1,Blocked
749,149,0,0.02134132601097443,0.7602349730209641,1,Blocked
750,150,0,0.7127799881290056,0.707418093154295,1,Blocked
751,151,0,0.20813661053622481,0.6554576301682822,1,Blocked
752,152,0,0.5538132148368853,0.6148221943774523,1,Blocked
753,153,0,0.5410051516093926,0.4993493253765515,1,Blocked
754,154,0,0.42944425315259527,0.567018585067912,1,Blocked
755,155,0,0.501300514080335,0.7933603884639084,1,Blocked
756,156,0,0.5350536928346145,0.7699172617186154,1,Blocked
757,157,0,0.6612181638021422,0.8088600265316566,1,Blocked
758,158,0,0.4417411009286874,0.5537415848872801,1,Blocked
759,159,0,0.9424679965616778,0.397511372832735,1,Blocked
760,160,0,0.5873481042939752,0.6122411902979916,1,Blocked
761,161,0,0.670843500386546,0.48448080565173524,1,Blocked
762,162,0,0.3833270261863124,0.5658930125023838,1,Blocked
763,163,0,0.8811991661358258,0.5648628740221451,1,Blocked
764,164,0,0.31368037534138127,0.6199293261654732,1,Blocked
765,165,0,0.48311906368308,0.6843424474832183,1,Blocked
766,166,0,0.5134274866294624,0.48298709019973074,1,Blocked
767,167,0,0.3623609004528166,0.4884216261216824,1,Blocked
768,168,0,0.2379749884251156,0.5452541569102802,1,Blocked
769,169,0,0.44218193451588134,0.4326387591401094,1,Blocked
770,170,0,0.2851209773125251,0.6597078227239459,1,Blocked
771,171,0,0.4478717802092565,0.8595082684329267,1,Blocked
772,172,0,0.4886736582442753,0.9123754152693722,1,Blocked
773,173,0,0.4998583823248795,0.6124984721779185,1,Blocked
774,174,0,0.40630726529111777,0.4537185996090358,1,Blocked
775,175,0,0.5700848135860948,0.5497107537909758,1,Blocked
776,176,0,0.4769706355145432,0.552496808163297,1,Blocked
777,177,0,0.3331942334568633,0.5772278745291248,1,Blocked
778,178,0,0.5557575080731313,0.6880941797119444,1,Blocked
779,179,0,0.07942691928774268,0.6669773897079998,1,Blocked
780,180,0,0.015050064028630523,0.6099712397256799,1,Blocked
781,181,0,0.3667753759360054,0.5937004556498493,1,Blocked
782,182,0,0.5952269627930489,0.6630652783810056,1,Blocked
783,183,0,0.9465582375791797,0.528702274870132,1,Blocked
784,184,0,0.5163003687999175,0.4257222466083758,1,Blocked
785,185,0,0.033828271053923546,0.5702843767872933,1,Blocked
786,186,0,0.5065557302372912,0.7226332919976399,1,Blocked
787,187,0,0.07401837179186084,0.5892813747634882,1,Blocked
788,188,0,0.484786205133063,0.5967521847071983,1,Blocked
789,189,0,0.9267351765108759,0.7070130505797727,1,Blocked
790,190,0,0.5000720434413035,0.7081249355601597,1,Blocked
791,191,0,0.8122633934229211,0.4901193920304084,1,Blocked
792,192,0,0.9047144134684773,1.000692454295283,1,Blocked
793,193,0,0.39882546280961545,0.7606133710600939,1,Blocked
794,194,0,0.4914149481684061,0.4693746567699003,1,Blocked
795,195,0,0.22488468193364192,0.5683603263148778,1,Blocked
796,196,0,0.947111193733112,0.4292033953494148,1,Blocked
797,197,0,0.43535748355239146,0.4740973847113627,1,Blocked
798,198,0,0.8598958563357257,0.5350670051215163,1,Blocked
799,199,0,0.38873017107656027,0.8377912477047249,1,Blocked
800,0,0,0.7965624018551827,0.5341074010471223,1,Interleaved
801,1,0,0.05700782650720392,0.7356312298963972,1,Interleaved
802,2,0,0.5032051849467484,0.7139024732917697,1,Interleaved
803,3,0,0.998044850285943,0.6129381853755917,1,Interleaved
804,4,0,0.5142736491499805,0.47206291800742134,1,Interleaved
805,5,0,0.37056768618169267,0.6164146331336509,1,Interleaved
806,6,0,0.3715476109227959,0.6406541013040383,1,Interleaved
807,7,0,0.2607006220276288,0.7452005710667154,1,Interleaved
808,8,0,0.5534049415262947,0.4890057912760932,1,Interleaved
809,9,0,0.4722412730416134,0.5532488380483043,1,Interleaved
810,10,0,0.3763426961940465,0.4839643667846094,1,Interleaved
811,11,0,0.22106367011806308,0.6116376473264621,1,Interleaved
812,12,0,0.5014450187181299,0.8707348794454612,1,Interleaved
813,13,0,0.9388480631082896,0.601649748878198,1,Interleaved
814,14,0,0.5202166624020022,0.6317437761060758,1,Interleaved
815,15,0,0.6967361700701705,0.752342619390775,1,Interleaved
816,16,0,0.3401074568412593,0.7460242712476803,1,Interleaved
817,17,0,0.36164661359411876,0.7016375563228787,1,Interleaved
818,18,0,0.49996663146347403,0.8867924000859846,1,Interleaved
819,19,0,0.33318502678613526,0.6856641917761425,1,Interleaved
820,20,0,0.48710409393478293,0.6116832763465813,1,Interleaved
821,21,0,0.5136725113715456,0.6410488615579091,1,Interleaved
822,22,0,0.4841536646591475,0.8253916767474914,1,Interleaved
823,23,0,0.34270279102627244,0.5993237656283397,1,Interleaved
824,24,0,0.623855817608047,0.5579329464929768,1,Interleaved
825,25,0,0.5867607412941708,0.6598018682129629,1,Interleaved
826,26,0,0.5144099040140686,0.6004735875896079,1,Interleaved
827,27,0,0.20730229219411297,0.4548215050655086,1,Interleaved
828,28,0,0.4847899844197063,0.6356365729508834,1,Interleaved
829,29,0,0.9431917511859408,0.5692939146604635,1,Interleaved
830,30,0,0.5147314963310697,0.8539291579269792,1,Interleaved
831,31,0,0.8842561228485046,0.6336623964618939,1,Interleaved
832,32,0,0.45607242607644943,0.430228620850463,1,Interleaved
833,33,0,0.9232230980727645,0.55520490910475,1,Interleaved
834,34,0,0.3399587404644497,0.7015230410722202,1,Interleaved
835,35,0,0.2540735711472833,0.7082248510906459,1,Interleaved
836,36,0,0.5882192157412919,0.5735103652681597,1,Interleaved
837,37,0,0.030428871204580432,0.6849464825170396,1,Interleaved
838,38,0,0.8569521138120473,0.5002786420051084,1,Interleaved
839,39,0,0.6099544002439702,0.4922120852806837,1,Interleaved
840,40,0,0.4929956241621858,0.7226596069156463,1,Interleaved
841,41,0,0.5673602301466627,0.7258176867124337,1,Interleaved
842,42,0,0.050489843210414324,0.9643946760994282,1,Interleaved
843,43,0,0.6003269183833893,0.6787876283971885,1,Interleaved
844,44,0,0.04970078354069292,0.9051497167174354,1,Interleaved
845,45,0,0.9295293418948881,0.6661580901576023,1,Interleaved
846,46,0,0.6059635006369857,0.753138538977964,1,Interleaved
847,47,0,0.5481081422534406,0.5799440990557942,1,Interleaved
848,48,0,0.7726311207313707,0.587703979501973,1,Interleaved
849,49,0,0.8844419042093025,0.5314270998685959,1,Interleaved
850,50,0,0.20793106597481417,0.7767127704325791,1,Interleaved
851,51,0,0.21164877158449893,0.6986842650954432,1,Interleaved
852,52,0,0.503477747231953,0.5155630653754776,1,Interleaved
853,53,0,0.2080823675181882,0.518220030660236,1,Interleaved
854,54,0,0.5089159216904857,0.7846712850527848,1,Interleaved
855,55,0,0.02468263551146277,0.859817110042346,1,Interleaved
856,56,0,0.027756700887431606,0.9297329120517497,1,Interleaved
857,57,0,0.03326306892054953,0.7971827108150011,1,Interleaved
858,58,0,0.46248384583202384,0.8897728865221677,1,Interleaved
859,59,0,0.8150555642710904,0.6290541405797025,1,Interleaved
860,60,0,0.518098324515994,1.1027284524094296,1,Interleaved
861,61,0,0.484043168920301,0.8032173208251264,1,Interleaved
862,62,0,0.5932243572369518,0.7297324152855886,1,Interleaved
863,63,0,0.9977941190144002,0.7284660903981359,1,Interleaved
864,64,0,0.5124191212129008,0.7870768293810093,1,Interleaved
865,65,0,0.526001594799349,0.9261411487808766,1,Interleaved
866,66,0,0.4713323697052349,0.942091393431188,1,Interleaved
867,67,0,0.7723533552463393,0.8231096411327299,1,Interleaved
868,68,0,0.4371800086856585,0.7663243563226958,1,Interleaved
869,69,0,0.6555711508566684,0.7523438702510977,1,Interleaved
870,70,0,0.595990468942636,0.9713971085971043,1,Interleaved
871,71,0,0.6787195800322302,0.7117336576964892,1,Interleaved
872,72,0,0.42288067729555934,0.5268370712812449,1,Interleaved
873,73,0,0.26472262953927317,0.6820576334808006,1,Interleaved
874,74,0,0.4977837686632261,0.7218349205453007,1,Interleaved
875,75,0,0.036297006094500976,0.8607808265452201,1,Interleaved
876,76,0,0.7341428399473012,0.7670888866654814,1,Interleaved
877,77,0,0.8855502431001623,0.7377245243307115,1,Interleaved
878,78,0,0.20487664155744298,0.6484895868904026,1,Interleaved
879,79,0,0.3982704160508502,0.7095148539312857,1,Interleaved
880,80,0,0.4973399267371655,0.8719603378984618,1,Interleaved
881,81,0,0.33961812557860693,0.7996461530064545,1,Interleaved
882,82,0,0.7530492377819671,0.7887325604699792,1,Interleaved
883,83,0,0.36996823695764053,0.6887253789774788,1,Interleaved
884,84,0,0.8179000881939051,0.5575843367313922,1,Interleaved
885,85,0,0.3636574617753923,0.7608153821766983,1,Interleaved
886,86,0,0.4894541787534085,0.7231203118798466,1,Interleaved
887,87,0,0.7027311851800702,0.4894647813902767,1,Interleaved
888,88,0,0.6399678916217483,0.4788631427970878,1,Interleaved
889,89,0,0.9999999768617682,1.706536778657104,1,Interleaved
890,90,0,0.5001107075265931,1.1287321258177883,1,Interleaved
891,91,0,0.01691498124080848,0.7969711260467401,1,Interleaved
892,92,0,0.49323316210384544,0.8117385903955907,1,Interleaved
893,93,0,0.04582062767765016,0.6635013732007605,1,Interleaved
894,94,0,0.5003040548681558,0.8883681726390362,1,Interleaved
895,95,0,0.24172395945220257,0.9967439784603349,1,Interleaved
896,96,0,0.8677503727601941,0.5767746741213833,1,Interleaved
897,97,0,0.8594146222439143,0.5896983847850747,1,Interleaved
898,98,0,0.5827532106453905,0.5270991349634586,1,Interleaved
899,99,0,2.5438516274872245e-08,1.9562074693075249,1,Interleaved
900,100,0,0.5005892742552084,0.616079006199291,1,Interleaved
901,101,0,0.3244318509813484,0.47838025232471104,1,Interleaved
902,102,0,0.5151449366442546,0.5249423150743638,1,Interleaved
903,103,0,0.28914462472094055,0.7360051968360052,1,Interleaved
904,104,0,0.8661745470231867,0.8481058939812425,1,Interleaved
905,105,0,0.019697132827371188,0.7552809148350277,1,Interleaved
906,106,0,0.982247180936343,0.7870008319360723,1,Interleaved
907,107,0,0.9808129934314489,0.5570527859395672,1,Interleaved
908,108,0,0.7935949501675148,0.6711753178722576,1,Interleaved
909,109,0,0.8912455864893206,0.5610216675490449,1,Interleaved
910,110,0,0.5032767974349546,0.641988517072722,1,Interleaved
911,111,0,0.9310267000869111,0.8339436149891247,1,Interleaved
912,112,0,0.3785971670564642,0.6038931062323702,1,Interleaved
913,113,0,0.49133027364186965,0.703373580698603,1,Interleaved
914,114,0,0.9898585363579718,0.47416838813642487,1,Interleaved
915,115,0,0.7367872657898804,0.7488322267876901,1,Interleaved
916,116,0,0.4642129937905299,0.6904167504855527,1,Interleaved
917,117,0,0.11845339092322235,1.0006195857262703,1,Interleaved
918,118,0,0.4870049278187085,0.731606869240873,1,Interleaved
919,119,0,0.6539937568454202,0.5917561356449081,1,Interleaved
920,120,0,0.9331139072574108,0.4753601449181427,1,Interleaved
921,121,0,0.9602802775218598,0.3596980908452907,1,Interleaved
922,122,0,0.1130152048304578,0.5543632020986591,1,Interleaved
923,123,0,0.17189217170900326,0.8223870446889705,1,Interleaved
924,124,0,0.057654015703024905,0.8008461762099096,1,Interleaved
925,125,0,0.9557203854261043,0.6732708861184856,1,Interleaved
926,126,0,0.5004749528274863,0.9100282691575081,1,Interleaved
927,127,0,0.6069790256616114,0.4941598769149529,1,Interleaved
928,128,0,0.49880744245733516,0.8146628550380779,1,Interleaved
929,129,0,0.5104913804632366,0.7871595992716427,1,Interleaved
930,130,0,0.3431934868091251,0.8111624623755389,1,Interleaved
931,131,0,0.04139435353656695,1.282270856923771,1,Interleaved
932,132,0,0.3349264166977553,0.6205833165217265,1,Interleaved
933,133,0,0.13342175964953765,0.729351157805439,1,Interleaved
934,134,0,0.7389478241418959,0.5445510945474744,1,Interleaved
935,135,0,0.3698762699264484,0.6671441731627571,1,Interleaved
936,136,0,0.03713228064312728,0.7192913663155265,1,Interleaved
937,137,0,0.8593620152896335,0.6664194412510696,1,Interleaved
938,138,0,0.6551969580155451,1.6097232034004576,1,Interleaved
939,139,0,0.7200060100208833,0.5419987581199339,1,Interleaved
940,140,0,0.12262232577962963,0.9999854134183697,1,Interleaved
941,141,0,0.8257712725744046,0.6328304794891861,1,Interleaved
942,142,0,0.30794199500751623,0.6497506669461963,1,Interleaved
943,143,0,0.9999998096124336,2.632023516684206,1,Interleaved
944,144,0,0.5106768341559109,0.8119237068091858,1,Interleaved
945,145,0,0.8440115538405897,0.6723346123839902,1,Interleaved
946,146,0,0.33322388656437,0.737786887600893,1,Interleaved
947,147,0,0.9990830467145165,0.6736046545245387,1,Interleaved
948,148,0,0.7016710007074363,0.7081472662539114,1,Interleaved
949,149,0,0.5060440769047173,0.6665566775026449,1,Interleaved
950,150,0,0.4458209807269457,0.6595328882866132,1,Interleaved
951,151,0,0.9704037746362594,0.7109682549288034,1,Interleaved
952,152,0,0.4242290829620304,0.6778819292564164,1,Interleaved
953,153,0,0.25410407297849,0.6825670187042795,1,Interleaved
954,154,0,0.476736103551544,0.8386213824055802,1,Interleaved
955,155,0,0.009759633483394111,1.1820934012071613,1,Interleaved
956,156,0,0.49966755829186266,0.764402771130529,1,Interleaved
957,157,0,0.5399094833151257,0.6059874761956416,1,Interleaved
958,158,0,0.4188495070510165,0.7962193533085302,1,Interleaved
959,159,0,0.042388672076705436,0.8823655228182904,1,Interleaved
960,160,0,0.499862752914337,0.8371942060139521,1,Interleaved
961,161,0,0.46159609232611004,0.7685233350905025,1,Interleaved
962,162,0,0.500320756733196,0.5853957289678562,1,Interleaved
963,163,0,0.5687717617709055,0.7379009533241268,1,Interleaved
964,164,0,0.7809492930840283,0.6157603882018525,1,Interleaved
965,165,0,0.9741092028371645,0.7287456422194194,1,Interleaved
966,166,0,0.20476927446775917,0.8398277687597095,1,Interleaved
967,167,0,0.5233271680221614,0.8945021709069401,1,Interleaved
968,168,0,0.42917159389896903,0.7279726205220414,1,Interleaved
969,169,0,0.007736470372433517,0.8677134674009267,1,Interleaved
970,170,0,0.4999977858776061,0.8221617932065146,1,Interleaved
971,171,0,0.017359463416086365,0.896885314246697,1,Interleaved
972,172,0,0.9870138549582932,0.7310765909400009,1,Interleaved
973,173,0,0.14658124161372785,0.7523529252412016,1,Interleaved
974,174,0,0.5599039233458568,0.6718647207099836,1,Interleaved
975,175,0,0.41219856457010995,0.7929454840539587,1,Interleaved
976,176,0,0.4740800860894761,0.7583059918681114,1,Interleaved
977,177,0,0.9093900178941996,0.6845175407709758,1,Interleaved
978,178,0,0.18075178303156303,0.6031692092703154,1,Interleaved
979,179,0,0.10524623600410771,0.5219918436177453,1,Interleaved
980,180,0,0.9667081436276566,0.6426338715073703,1,Interleaved
981,181,0,0.4994893643491893,0.7737663222349733,1,Interleaved
982,182,0,0.3508810600358374,0.648896550064725,1,Interleaved
983,183,0,0.0691952356820651,0.9342529693069745,1,Interleaved
984,184,0,0.0009071364657721353,0.9651763751949256,1,Interleaved
985,185,0,0.5424321967760657,0.4131628256938099,1,Interleaved
986,186,0,0.5209949533507993,0.8565016454843624,1,Interleaved
987,187,0,0.27666332886208406,0.8465929569681767,1,Interleaved
988,188,0,0.45059747874883044,0.7833427191930673,1,Interleaved
989,189,0,0.5517349504148958,0.7451782018701028,1,Interleaved
990,190,0,0.5453780835947685,0.737812115880266,1,Interleaved
991,191,0,0.6457782626634847,0.6419591702011511,1,Interleaved
992,192,0,0.6212565377651855,0.832854957603155,1,Interleaved
993,193,0,0.9955059626964728,0.8809174030716078,1,Interleaved
994,194,0,0.5334915123300179,1.4915517523265622,1,Interleaved
995,195,0,0.1586325836918231,0.7695309337052567,1,Interleaved
996,196,0,0.6348591855580428,0.6385679959445811,1,Interleaved
997,197,0,0.48375435671469985,0.6539652855342473,1,Interleaved
998,198,0,0.35442806329111437,0.4292216181341538,1,Interleaved
999,199,0,0.9291190920561353,0.4745625866279419,1,Interleaved
1000,0,0,0.6824773199831089,0.9948488405363919,1,Instructed
1001,1,0,0.7557706825559314,0.7188361486182728,1,Instructed
1002,2,0,0.07413286014115306,0.950727414854512,1,Instructed
1003,3,0,0.015227669804586372,0.9940910854315895,1,Instructed
1004,4,0,0.9505244470185792,0.909411454045429,1,Instructed
1005,5,0,0.7903337475233295,1.0838019750733339,1,Instructed
1006,6,0,0.2403862293021943,0.8210208674828333,1,Instructed
1007,7,0,0.5015753772157252,0.8946844105027145,1,Instructed
1008,8,0,0.5786488705001505,0.8128653938578452,1,Instructed
1009,9,0,0.9886013533044193,0.9455741756905249,1,Instructed
1010,10,0,0.24470615282230512,0.9074835611449716,1,Instructed
1011,11,0,0.5926185690608804,0.6864023576106402,1,Instructed
1012,12,0,0.09596282894324037,0.7040026906464245,1,Instructed
1013,13,0,0.09146250477508026,0.5213845944571207,1,Instructed
1014,14,0,0.3647605068990193,0.901980868780193,1,Instructed
1015,15,0,0.5567018409816452,1.0963857538179544,1,Instructed
1016,16,0,0.4993137225710517,0.7436908013964847,1,Instructed
1017,17,0,0.14860081893378896,0.6156362819224284,1,Instructed
1018,18,0,0.4536001433975781,0.6190855406304099,1,Instructed
1019,19,0,0.5798352636576185,0.7507836869789019,1,Instructed
1020,20,0,0.9959402661114096,0.959438543252755,1,Instructed
1021,21,0,0.503737503891407,0.7909332025790169,1,Instructed
1022,22,0,0.5663969748440281,0.5648974886696314,1,Instructed
1023,23,0,0.20519589913201283,0.7049820119896549,1,Instructed
1024,24,0,0.5055495335021256,0.6927195528716157,1,Instructed
1025,25,0,0.4146394406385773,0.6691984697563922,1,Instructed
1026,26,0,0.9682414116257174,0.6979221115725782,1,Instructed
1027,27,0,0.9929134215285496,0.5745373783260883,1,Instructed
1028,28,0,0.9328097938722673,0.5085605386638485,1,Instructed
1029,29,0,0.17296789815802974,0.7702757619567258,1,Instructed
1030,30,0,0.9916611665003112,0.5718618207755937,1,Instructed
1031,31,0,4.612926214760903e-05,0.9909129634412677,1,Instructed
1032,32,0,0.7324370532999502,0.7987072453359576,1,Instructed
1033,33,0,0.5001002466058017,0.9268212168333209,1,Instructed
1034,34,0,0.5241790901341005,0.9328620593456824,1,Instructed
1035,35,0,0.020073697137532334,0.7997466994472648,1,Instructed
1036,36,0,0.056654008009769795,0.5330150802455528,1,Instructed
1037,37,0,0.0045027220078524745,1.0243644925081312,1,Instructed
1038,38,0,0.2256422584022244,0.9791511632127714,1,Instructed
1039,39,0,0.035810005270927495,0.8687298353185612,1,Instructed
1040,40,0,0.4439830355424167,0.9802511539060944,1,Instructed
1041,41,0,0.5176276299463478,0.864347011710036,1,Instructed
1042,42,0,0.9931846372723565,0.7717611807647466,1,Instructed
1043,43,0,0.4941924082473229,0.9235255148815329,1,Instructed
1044,44,0,0.5455884739501001,0.8360211528561277,1,Instructed
1045,45,0,0.6887685485137554,0.9245827260093579,1,Instructed
1046,46,0,0.04371861790831102,0.8717108566231828,1,Instructed
1047,47,0,0.05429944289943476,0.7014701979145248,1,Instructed
1048,48,0,0.4601517781323383,0.8798633155542241,1,Instructed
1049,49,0,0.4842518626458628,0.8788402811766303,1,Instructed
1050,50,0,0.4948252089642489,0.4820191673412626,1,Instructed
1051,51,0,0.06456627110974401,0.7470804741083767,1,Instructed
1052,52,0,0.23373033593205053,0.8004618594193245,1,Instructed
1053,53,0,0.02158267408116876,0.882404029381503,1,Instructed
1054,54,0,0.960562143280854,0.8143728913762139,1,Instructed
1055,55,0,7.158816311918343e-09,1.7041907195014994,1,Instructed
1056,56,0,0.5238336726464242,0.858471917443632,1,Instructed
1057,57,0,0.5181507642403164,0.7697052746580613,1,Instructed
1058,58,0,0.5882087105346081,0.5655399405676613,1,Instructed
1059,59,0,0.5342707873792377,0.7283264100020774,1,Instructed
1060,60,0,0.4596228195791955,0.9920207747545038,1,Instructed
1061,61,0,0.5059443217862903,0.9460405524627429,1,Instructed
1062,62,0,0.8430490197640907,0.5463935345126176,1,Instructed
1063,63,0,0.6370847732194482,0.6356861350474188,1,Instructed
1064,64,0,0.46391082496471103,0.7282453200311239,1,Instructed
1065,65,0,0.9988346599679847,0.8134196313832973,1,Instructed
1066,66,0,0.5032995904759098,0.4134060256434228,1,Instructed
1067,67,0,0.5510488645829885,0.9508048517213743,1,Instructed
1068,68,0,0.49999999981709514,1.6806692167498058,1,Instructed
1069,69,0,0.49670149602156544,0.6206155611048247,1,Instructed
1070,70,0,0.5128291887386894,0.6810649513356495,1,Instructed
1071,71,0,0.5206385935118455,0.8272926830210465,1,Instructed
1072,72,0,0.5008308421177838,0.8319690038102092,1,Instructed
1073,73,0,0.5169099002298247,0.8678781018029809,1,Instructed
1074,74,0,0.44983286352049945,0.5356770902817377,1,Instructed
1075,75,0,0.5852924846849586,0.522849283375526,1,Instructed
1076,76,0,0.10579211937038666,0.7222726193016211,1,Instructed
1077,77,0,0.5025957993208412,0.6459160980462122,1,Instructed
1078,78,0,0.08157714081144954,0.7105850486003136,1,Instructed
1079,79,0,0.9176933159369562,0.7233805529292835,1,Instructed
1080,80,0,0.968370694323873,0.550543154093682,1,Instructed
1081,81,0,0.40040808340984335,0.9657455819121209,1,Instructed
1082,82,0,0.000805966386962008,0.812398220188756,1,Instructed
1083,83,0,0.06836260612606715,0.7840100681887883,1,Instructed
1084,84,0,0.37309159089811783,0.5608067851241911,1,Instructed
1085,85,0,0.4031494544116904,0.5620957799037255,1,Instructed
1086,86,0,0.5328164793595581,0.9154108880735989,1,Instructed
1087,87,0,0.6352736116310247,1.0370964616820522,1,Instructed
1088,88,0,0.5074123229314014,0.8807393203018689,1,Instructed
1089,89,0,0.8069603534894464,0.7033564689287416,1,Instructed
1090,90,0,0.7968638461388191,0.6979191336979897,1,Instructed
1091,91,0,0.5566959813076594,0.6364645368595487,1,Instructed
1092,92,0,0.07286188088044071,0.6639810006805666,1,Instructed
1093,93,0,0.5171324963335955,0.6282814157195658,1,Instructed
1094,94,0,0.37870571480533655,0.6846295171657346,1,Instructed
1095,95,0,0.4703201412962785,0.6473318539018531,1,Instructed
1096,96,0,0.011977763987081252,0.8254688643718241,1,Instructed
1097,97,0,0.5025666542918737,0.9043907901394859,1,Instructed
1098,98,0,0.11250739530488256,0.6691813253064839,1,Instructed
1099,99,0,0.38881866724522396,0.7872727096479577,1,Instructed
1100,100,0,0.1231478338350169,0.5752269498174558,1,Instructed
1101,101,0,0.9064944571915842,0.8592329446767015,1,Instructed
1102,102,0,0.0790110594728505,0.980303070761629,1,Instructed
1103,103,0,0.9380986947974291,0.8916346775549251,1,Instructed
1104,104,0,0.7135181105801607,0.5861296200868458,1,Instructed
1105,105,0,0.3531661692456362,0.7036709983544777,1,Instructed
1106,106,0,0.5398505512850393,0.7993141975680418,1,Instructed
1107,107,0,0.49711652821962493,0.7593725629886934,1,Instructed
1108,108,0,0.10198958853771027,0.5961669100629994,1,Instructed
1109,109,0,0.9557296762837917,0.5542381906558966,1,Instructed
1110,110,0,0.5667942327813281,0.7208168857169313,1,Instructed
1111,111,0,0.2168541340007452,0.6551130477641252,1,Instructed
1112,112,0,0.7251171167410149,0.5612926391140374,1,Instructed
1113,113,0,0.87690335376638,0.9030973679286699,1,Instructed
1114,114,0,0.4612564334913248,0.6969177171046298,1,Instructed
1115,115,0,0.343230540108592,0.5813876479202051,1,Instructed
1116,116,0,0.15725817482436624,0.720226640210668,1,Instructed
1117,117,0,0.12810483682756746,0.7641184586357904,1,Instructed
1118,118,0,0.9922701496446815,0.7193489213077806,1,Instructed
1119,119,0,0.4615828700835761,0.6666382868770871,1,Instructed
1120,120,0,0.5137798855748446,0.7226743064072747,1,Instructed
1121,121,0,0.5182822095074666,0.6046085517709044,1,Instructed
1122,122,0,0.881300592381482,0.271629832257114,1,Instructed
1123,123,0,0.20273921421389432,1.1309772906209152,1,Instructed
1124,124,0,0.4928549637453178,0.7059981110959431,1,Instructed
1125,125,0,0.960367584006629,0.8328482060156108,1,Instructed
1126,126,0,0.5041953760047833,0.8547459341789141,1,Instructed
1127,127,0,0.8751112474891112,0.7230855877859708,1,Instructed
1128,128,0,0.6559741434134919,0.5794289246603079,1,Instructed
1129,129,0,0.09349042939298366,0.5908044080534376,1,Instructed
1130,130,0,0.5984265134860072,0.6853778368763211,1,Instructed
1131,131,0,0.6912506217046657,0.8714429306764037,1,Instructed
1132,132,0,0.15828434443790546,0.7133674253043765,1,Instructed
1133,133,0,0.35291553432043327,0.7489091115050289,1,Instructed
1134,134,0,0.4356740274363989,0.7308424794584696,1,Instructed
1135,135,0,0.5128217755094354,0.5226875670904159,1,Instructed
1136,136,0,0.44595793733175937,0.534519506132112,1,Instructed
1137,137,0,0.5297482709485488,0.8826655431016308,1,Instructed
1138,138,0,0.6217470885794356,0.2485332483631055,1,Instructed
1139,139,0,0.833125004057447,0.4504270662367663,1,Instructed
1140,140,0,0.33642125701298936,0.573078490064302,1,Instructed
1141,141,0,0.9994139638862856,0.7792125103163806,1,Instructed
1142,142,0,0.9642328626418748,0.4628083351212221,1,Instructed
1143,143,0,0.019405568671515626,0.5313565622378533,1,Instructed
1144,144,0,0.5690896612408832,0.4729134363337345,1,Instructed
1145,145,0,0.004308936198633885,1.7115234555410206,1,Instructed
1146,146,0,0.5065605548748365,0.5559267895055441,1,Instructed
1147,147,0,0.031941905249768546,0.8263850308164485,1,Instructed
1148,148,0,0.10653878759309195,0.7503028914990061,1,Instructed
1149,149,0,0.27458385525875423,0.8613899067247195,1,Instructed
1150,150,0,0.4586959236500642,0.5505551386086439,1,Instructed
1151,151,0,0.4797004108118406,0.5749395128472548,1,Instructed
1152,152,0,0.459577827907191,0.7456908816064433,1,Instructed
1153,153,0,0.0403821342503763,0.9205802558376202,1,Instructed
1154,154,0,0.5172090207568688,0.7532590753524679,1,Instructed
1155,155,0,0.5856510059309563,0.6954073278478273,1,Instructed
1156,156,0,0.4440204656989354,0.7074334977154393,1,Instructed
1157,157,0,0.4852383760167112,0.9103672116802788,1,Instructed
1158,158,0,0.8882034538904928,0.6599269703023853,1,Instructed
1159,159,0,0.9764537300868616,0.8047481391817044,1,Instructed
1160,160,0,0.9999255415305175,0.5863899419450114,1,Instructed
1161,161,0,0.3883540974226298,0.6698671520539914,1,Instructed
1162,162,0,0.9117539215114365,0.8123402672592418,1,Instructed
1163,163,0,0.6078097807509202,0.8882466988288631,1,Instructed
1164,164,0,0.400653884502848,0.760776265313775,1,Instructed
1165,165,0,0.8076082754572758,0.6681561183839237,1,Instructed
1166,166,0,0.037572209882155164,0.5770172669947573,1,Instructed
1167,167,0,0.9438820225746043,0.5162362387509853,1,Instructed
1168,168,0,0.8084993499706844,0.7565643825259012,1,Instructed
1169,169,0,0.022541033440914734,0.9170765137452054,1,Instructed
1170,170,0,0.998238948689804,0.38607876215561654,1,Instructed
1171,171,0,0.2700178373153459,0.5665742733965704,1,Instructed
1172,172,0,0.5637126223838784,0.4021941849911246,1,Instructed
1173,173,0,0.4050238980333428,0.7779625539325538,1,Instructed
1174,174,0,0.5000046735043152,1.0311186454644405,1,Instructed
1175,175,0,0.9978497761476588,0.28579970073604355,1,Instructed
1176,176,0,0.8379336831137614,0.6934464347062692,1,Instructed
1177,177,0,0.978121220676571,0.9528086002803904,1,Instructed
1178,178,0,0.27595905814357485,0.817340703423697,1,Instructed
1179,179,0,0.234841343581151,0.8130189511638723,1,Instructed
1180,180,0,0.6921061594951171,1.0206261872950235,1,Instructed
1181,181,0,0.04729719242466991,0.740457801595087,1,Instructed
1182,182,0,0.9563947074410436,1.3216286191399917,1,Instructed
1183,183,0,0.11320624425867551,0.5788495393967481,1,Instructed
1184,184,0,0.48091398949201414,0.7515294356950388,1,Instructed
1185,185,0,0.7918297574630744,0.5834448276419807,1,Instructed
1186,186,0,0.7062425393180762,0.5186321680364475,1,Instructed
1187,187,0,0.576160719518564,0.8409103931640107,1,Instructed
1188,188,0,0.6652339499276793,0.3734601214347809,1,Instructed
1189,189,0,0.626661975548768,0.6572792321466172,1,Instructed
1190,190,0,0.043262831221988984,0.6110763795110186,1,Instructed
1191,191,0,0.9817313638813645,0.8077268491728306,1,Instructed
1192,192,0,0.5874290517360944,0.3783439506362576,1,Instructed
1193,193,0,0.03587306277378939,0.6144933259907779,1,Instructed
1194,194,0,0.14850244634272544,0.48565156548026006,1,Instructed
1195,195,0,0.18611899938360307,0.7633835022492548,1,Instructed
1196,196,0,0.49863943279145495,0.7812208283440862,1,Instructed
1197,197,0,0.0737241566224004,0.6397328120921557,1,Instructed
1198,198,0,0.7473795000971011,0.37231760985716367,1,Instructed
1199,199,0,0.7698884503811292,0.7809442300588951,1,Instructed
