,t,e_hat,Accuracy,pe,batch,Condition
0,0,0,0.5170819777476494,0.7817459007567983,0,Blocked
1,1,0,0.4895102551496907,0.6255595944101762,0,Blocked
2,2,0,0.8360252562338644,0.5707377737326793,0,Blocked
3,3,0,0.8085906566025982,0.6263665053271125,0,Blocked
4,4,0,0.8084559866215222,0.6248906750778522,0,Blocked
5,5,0,0.3041443219602119,0.6089883049304667,0,Blocked
6,6,0,0.6415878951293861,0.6544198299912435,0,Blocked
7,7,0,0.11940347168559166,0.6061481415032552,0,Blocked
8,8,0,0.9325329660193379,0.7772746738165712,0,Blocked
9,9,0,0.07970063232165368,0.6158752829490157,0,Blocked
10,10,0,0.7983311553873375,0.46339926638325035,0,Blocked
11,11,0,0.6848343874385714,0.5824928778809981,0,Blocked
12,12,0,0.1604927494676683,0.5516267526149864,0,Blocked
13,13,0,0.8492622494404323,0.45685242986045904,0,Blocked
14,14,0,0.11686432770216929,0.606235351733479,0,Blocked
15,15,0,0.7961238793973817,0.44284421776173,0,Blocked
16,16,0,0.6759904250141473,0.446886747523927,0,Blocked
17,17,0,0.6957915311937427,0.7204314793662017,0,Blocked
18,18,0,0.9432540381268079,0.6152014459246704,0,Blocked
19,19,0,0.06749061309469302,0.610100184193652,0,Blocked
20,20,0,0.7591877185725402,0.49635684718827544,0,Blocked
21,21,0,0.6727374864500644,0.552809829170915,0,Blocked
22,22,0,0.2962251033049951,0.600421193996974,0,Blocked
23,23,0,0.8105511570513855,0.749087069617941,0,Blocked
24,24,0,0.6481156253996782,0.5223796764288611,0,Blocked
25,25,0,0.23507651405325042,0.6293500497681188,0,Blocked
26,26,0,0.9335356918330866,0.5315222395923449,0,Blocked
27,27,0,0.7860018074060342,0.5755832226252994,0,Blocked
28,28,0,0.47123851366526226,0.5710599337674807,0,Blocked
29,29,0,0.5125507890891037,0.6573313530153096,0,Blocked
30,30,0,0.21272231457397017,0.5263446800242753,0,Blocked
31,31,0,0.26634406885472994,0.8405474312215091,0,Blocked
32,32,0,0.5000283512138199,0.3992436621568435,0,Blocked
33,33,0,0.4991033237186384,0.678016807768309,0,Blocked
34,34,0,0.8813455575535079,0.6658613392350081,0,Blocked
35,35,0,0.09219759961246528,0.8670903969035727,0,Blocked
36,36,0,0.4797975830676406,0.6324778520873933,0,Blocked
37,37,0,0.4631931731167585,0.6192554048004695,0,Blocked
38,38,0,0.9925461058394558,0.5168168978644275,0,Blocked
39,39,0,0.7801592859587874,0.4551196737973848,0,Blocked
40,40,0,0.3868557360823255,0.4861729441291668,0,Blocked
41,41,0,0.3085448607382459,0.6509545559288734,0,Blocked
42,42,0,0.14170338257011458,0.5997427419751248,0,Blocked
43,43,0,0.9530537094511374,0.550189780086536,0,Blocked
44,44,0,0.2510774896672364,0.8011928429246025,0,Blocked
45,45,0,0.43905243736840793,0.6876497464227191,0,Blocked
46,46,0,0.6773500089954714,0.4773466704582931,0,Blocked
47,47,0,0.40838511711694286,0.5764308874950752,0,Blocked
48,48,0,0.7181177328997028,0.48305358298183065,0,Blocked
49,49,0,0.47195088986136924,0.6907390979101548,0,Blocked
50,50,0,0.44846546728359016,0.4993361549881606,0,Blocked
51,51,0,0.596947137429748,0.6744899670224036,0,Blocked
52,52,0,0.7641416256750084,0.5143133170331003,0,Blocked
53,53,0,0.953485204816391,0.44660996137384623,0,Blocked
54,54,0,0.9985398240602288,0.4510295831071745,0,Blocked
55,55,0,0.9531555903795759,0.45191634848158846,0,Blocked
56,56,0,0.9140318207588533,0.46205449788188124,0,Blocked
57,57,0,0.9748014932300668,0.3893423995229893,0,Blocked
58,58,0,0.0064560604516395404,0.7993321016573498,0,Blocked
59,59,0,0.9822343671129321,0.5474418404747474,0,Blocked
60,60,0,0.6283774725711395,0.5762383011452654,0,Blocked
61,61,0,0.1644018582877955,0.601711110292539,0,Blocked
62,62,0,0.3745692037689727,0.500641334748896,0,Blocked
63,63,0,0.9782389957270268,0.5887266287852739,0,Blocked
64,64,0,0.0004439855117083806,0.708942869283566,0,Blocked
65,65,0,0.9984709906553955,0.6148264158862083,0,Blocked
66,66,0,0.22531101747902615,0.9403670852229137,0,Blocked
67,67,0,0.759660262554503,0.6647191816097775,0,Blocked
68,68,0,0.9937951306619888,0.6058142066383996,0,Blocked
69,69,0,0.9875429453302546,0.5252503648327256,0,Blocked
70,70,0,0.6303335837404862,0.6241156999360791,0,Blocked
71,71,0,0.710200814189925,0.5170505590859813,0,Blocked
72,72,0,0.4416224447101188,0.8009259406049112,0,Blocked
73,73,0,0.3940430222614983,0.8990938894115701,0,Blocked
74,74,0,0.07788706605863296,0.5600980544925058,0,Blocked
75,75,0,0.9820813644645017,0.33235774523181827,0,Blocked
76,76,0,0.7619509957323549,0.6519099550737688,0,Blocked
77,77,0,0.45558491679124485,0.46510758842203825,0,Blocked
78,78,0,0.5758980315151454,0.6702354514876291,0,Blocked
79,79,0,0.617184878654575,0.4720222799743725,0,Blocked
80,80,0,0.17134068437979094,0.7426283955508837,0,Blocked
81,81,0,0.5479250185467168,0.543472321880987,0,Blocked
82,82,0,0.4241932794635405,0.5946748488517108,0,Blocked
83,83,0,0.35693094059152003,0.48208100090721046,0,Blocked
84,84,0,0.22732447317885426,0.7195795297866346,0,Blocked
85,85,0,0.27121004660885845,0.43868557007982034,0,Blocked
86,86,0,0.7419984253212544,0.6361444554216102,0,Blocked
87,87,0,0.6251930859033815,0.5990518663666696,0,Blocked
88,88,0,0.5900983867441317,0.5945506886302405,0,Blocked
89,89,0,0.47205857949586466,0.7131745131938007,0,Blocked
90,90,0,0.7044465965289315,0.5359124615186757,0,Blocked
91,91,0,0.6179340910287859,0.5460393833886634,0,Blocked
92,92,0,0.5409189023563835,0.4773540425340436,0,Blocked
93,93,0,0.44148022548094934,0.5602077337161167,0,Blocked
94,94,0,0.41017705310084873,0.5680235427685381,0,Blocked
95,95,0,0.6314167018852428,0.43338222600368026,0,Blocked
96,96,0,0.508357150660139,0.6753552216326305,0,Blocked
97,97,0,0.47492230588784945,0.5081802149047958,0,Blocked
98,98,0,0.2151335785337131,0.6503725719874354,0,Blocked
99,99,0,0.4075411669502151,0.5848249899000306,0,Blocked
100,100,0,0.5189152290688568,0.6175003853336067,0,Blocked
101,101,0,0.5123068930190012,0.5882598978537328,0,Blocked
102,102,0,0.6832615576219409,0.6110504733820505,0,Blocked
103,103,0,0.17627178241412644,0.6279367322074749,0,Blocked
104,104,0,0.9363095582366567,0.5312734154212932,0,Blocked
105,105,0,0.1474447752006793,0.8269898880737163,0,Blocked
106,106,0,0.9038119042351058,0.46947650701286925,0,Blocked
107,107,0,0.8483352821252002,0.61437782061601,0,Blocked
108,108,0,0.22460736715175128,0.7437463678620173,0,Blocked
109,109,0,0.22601303238457182,0.6391848740110766,0,Blocked
110,110,0,0.3309424781801618,0.5370357764054846,0,Blocked
111,111,0,0.3787894434540373,0.6596649094700548,0,Blocked
112,112,0,0.7853785457371263,0.5201155429621884,0,Blocked
113,113,0,0.21571773464012672,0.7249016012866516,0,Blocked
114,114,0,0.22395301110923183,0.5275533584399889,0,Blocked
115,115,0,0.7275603187960251,0.5651292522694993,0,Blocked
116,116,0,0.5862672484228849,0.5994024600387501,0,Blocked
117,117,0,0.6221002867415029,0.5285379981541822,0,Blocked
118,118,0,0.558132234636432,0.6166065216243236,0,Blocked
119,119,0,0.49352629203489634,0.5921708875229819,0,Blocked
120,120,0,0.889944451453079,0.7542325206373737,0,Blocked
121,121,0,0.6830548426822379,0.5205522392814862,0,Blocked
122,122,0,0.8139249472389366,0.4996890848260166,0,Blocked
123,123,0,0.1926236510527248,0.6082632710738463,0,Blocked
124,124,0,0.6522021834196865,0.6282908094181379,0,Blocked
125,125,0,0.7633516272913264,0.647503963102607,0,Blocked
126,126,0,0.3128803634900074,0.44418757724211794,0,Blocked
127,127,0,0.3093610645677308,0.6835127710405613,0,Blocked
128,128,0,0.38968957471652876,0.5167729448750984,0,Blocked
129,129,0,0.9958645690594924,0.5498063744947331,0,Blocked
130,130,0,0.10577280710929199,0.6074225383632302,0,Blocked
131,131,0,0.7160131266144482,0.7446231120945959,0,Blocked
132,132,0,0.8483883016155546,0.5281105652602287,0,Blocked
133,133,0,0.5616660626126777,0.6116070544779137,0,Blocked
134,134,0,0.5015134293197738,0.645851134981225,0,Blocked
135,135,0,0.8312296101710734,0.6651859517500402,0,Blocked
136,136,0,0.9396297401741902,0.6811921037881196,0,Blocked
137,137,0,0.01347317230803474,0.7532962953100462,0,Blocked
138,138,0,0.0032993136022713013,0.8003143737236278,0,Blocked
139,139,0,0.9589915209428851,0.4848903141457519,0,Blocked
140,140,0,0.4922041567010224,0.8612542385760077,0,Blocked
141,141,0,0.7645077606216039,0.4069406797630566,0,Blocked
142,142,0,0.8484854788395969,0.6493089082342123,0,Blocked
143,143,0,0.9558667709870374,0.6544597910111245,0,Blocked
144,144,0,0.658237683972709,0.7200454548377263,0,Blocked
145,145,0,0.4214032364893705,0.4498846838079816,0,Blocked
146,146,0,0.9229307718305454,0.5323939744368713,0,Blocked
147,147,0,0.15803319102500613,0.7341484215556144,0,Blocked
148,148,0,0.5598581935043005,0.6260774710862582,0,Blocked
149,149,0,0.5112459614447898,0.7134739305229696,0,Blocked
150,150,0,0.5442703709160392,0.48691432577814453,0,Blocked
151,151,0,0.7192227139168618,0.5741755525593748,0,Blocked
152,152,0,0.754274990611361,0.6616227983521679,0,Blocked
153,153,0,0.7002529481045444,0.4687098057664111,0,Blocked
154,154,0,0.2477141798721622,0.7634283978508707,0,Blocked
155,155,0,0.6292670988927579,0.7122228843893178,0,Blocked
156,156,0,0.045777309603535925,0.5579038039104451,0,Blocked
157,157,0,0.9558024201104001,0.5269527454432341,0,Blocked
158,158,0,0.5954588158217798,0.5630781763465835,0,Blocked
159,159,0,0.6157552718359364,0.6443881578152019,0,Blocked
160,160,0,0.521529053420575,0.9093821860151434,0,Blocked
161,161,0,0.12205243088838943,0.5084266452448145,0,Blocked
162,162,0,0.02995397013691797,0.7426495147234636,0,Blocked
163,163,0,0.6846036559447732,0.690965683395632,0,Blocked
164,164,0,0.6660353643584962,0.5775079553891105,0,Blocked
165,165,0,0.241000550840208,0.5609468728082383,0,Blocked
166,166,0,0.872085983916568,0.4799673228516359,0,Blocked
167,167,0,0.15808083542675325,0.6507360225929242,0,Blocked
168,168,0,0.776610802134095,0.3897385320528124,0,Blocked
169,169,0,0.5501893152635251,0.7756585803314303,0,Blocked
170,170,0,0.39171734546412623,0.5906102573396708,0,Blocked
171,171,0,0.20001467864704875,0.4505050969634019,0,Blocked
172,172,0,0.8234931791069685,0.5225048871190054,0,Blocked
173,173,0,0.6774641045688596,0.6421577775068628,0,Blocked
174,174,0,0.6644636156198778,0.8152666682899529,0,Blocked
175,175,0,0.18168968411579867,0.7537310890733069,0,Blocked
176,176,0,0.5891776505229102,0.4065074522821002,0,Blocked
177,177,0,0.3713180633979643,0.609246188894988,0,Blocked
178,178,0,0.34164565975804223,0.6974836162461505,0,Blocked
179,179,0,0.5029957632783615,0.5272160581694908,0,Blocked
180,180,0,0.984453039401892,0.4465283993032956,0,Blocked
181,181,0,0.19902322926914723,0.8084041251518432,0,Blocked
182,182,0,0.9284977069230914,0.7199338136022115,0,Blocked
183,183,0,0.8236991104165488,0.6627267112583635,0,Blocked
184,184,0,0.5264463272375711,0.7844880235299603,0,Blocked
185,185,0,0.9001318149817137,0.5936467673001197,0,Blocked
186,186,0,0.27070063627060004,0.8186637282763183,0,Blocked
187,187,0,0.15042817292441432,0.6014258899366061,0,Blocked
188,188,0,0.27868470307311344,0.8168513288455562,0,Blocked
189,189,0,0.47426175213818134,0.7542603497023663,0,Blocked
190,190,0,0.05104662160027939,0.6401854532205827,0,Blocked
191,191,0,0.26952279775293386,0.5629464088286408,0,Blocked
192,192,0,0.4642773628198831,0.7405819236763607,0,Blocked
193,193,0,0.7016986337453311,0.38594274182228644,0,Blocked
194,194,0,0.6040588315526495,0.37446037964822726,0,Blocked
195,195,0,0.38376184210503406,0.7182860962957436,0,Blocked
196,196,0,0.0962055947083399,0.5512773632647868,0,Blocked
197,197,0,0.8217505809019885,0.6217814404819884,0,Blocked
198,198,0,0.285466422485719,0.5830099723558039,0,Blocked
199,199,0,0.5425365184449702,0.5074334702605646,0,Blocked
200,0,0,0.07395642650429077,0.7453751591265629,0,Interleaved
201,1,0,0.4817822604519894,0.9461619684234392,0,Interleaved
202,2,0,0.015286351151445467,0.7999179509474778,0,Interleaved
203,3,0,0.7115917620304273,0.9445414942096225,0,Interleaved
204,4,0,0.045060112185294064,0.6385739426494064,0,Interleaved
205,5,0,0.32454959050999177,0.6297205551384821,0,Interleaved
206,6,0,0.007901369837103139,0.6871356703846891,0,Interleaved
207,7,0,0.49745924602606373,0.6204775422859246,0,Interleaved
208,8,0,0.9773264059391085,0.4230226279303625,0,Interleaved
209,9,0,0.6515732756915324,0.5557193017683271,0,Interleaved
210,10,0,0.6559643682395724,0.5666756945575584,0,Interleaved
211,11,0,0.44985768803704346,0.6592209656695808,0,Interleaved
212,12,0,0.006629029149861699,0.8893636600749711,0,Interleaved
213,13,0,0.5648836812180402,0.5859977862505201,0,Interleaved
214,14,0,0.416304517902743,0.755692834827417,0,Interleaved
215,15,0,0.6287411287583401,0.47381090048732044,0,Interleaved
216,16,0,0.4745586171594848,0.5655567667211545,0,Interleaved
217,17,0,0.32159327429186346,0.49377778375749926,0,Interleaved
218,18,0,0.5419138637798753,0.6018254723771774,0,Interleaved
219,19,0,0.179030290959102,0.6411913175615922,0,Interleaved
220,20,0,0.6735245308444048,0.3978253012724293,0,Interleaved
221,21,0,0.5098482903245125,0.5631760915799248,0,Interleaved
222,22,0,0.9367191881248571,0.6438961237875447,0,Interleaved
223,23,0,0.40385334630375574,0.4347763657951905,0,Interleaved
224,24,0,0.1715423019726512,0.7793150253128702,0,Interleaved
225,25,0,0.6521611526581714,0.4390567592962917,0,Interleaved
226,26,0,0.6849896244446892,0.578674384270746,0,Interleaved
227,27,0,0.08470504916549654,0.7926540149346142,0,Interleaved
228,28,0,0.42492237069923355,0.4708989013498758,0,Interleaved
229,29,0,0.30196771867938876,0.5842538611209311,0,Interleaved
230,30,0,0.38788180244880055,0.5919752216148109,0,Interleaved
231,31,0,0.11947345694910835,0.7828222002606284,0,Interleaved
232,32,0,0.9310559616812331,0.5113042620075068,0,Interleaved
233,33,0,0.4863693399301618,0.5476846351544955,0,Interleaved
234,34,0,0.9409352985017294,0.39548869113810325,0,Interleaved
235,35,0,0.6976614672467544,0.4557407098683614,0,Interleaved
236,36,0,0.3998398372656251,0.533391092104178,0,Interleaved
237,37,0,0.4669131711477442,0.5834706784799393,0,Interleaved
238,38,0,0.4880242638866168,0.6602939076573049,0,Interleaved
239,39,0,0.6011301543849655,0.5892660094733524,0,Interleaved
240,40,0,0.8769896831832887,0.4875829497599937,0,Interleaved
241,41,0,0.480765758640007,0.6196201465174127,0,Interleaved
242,42,0,0.965595502336285,0.5576664269123499,0,Interleaved
243,43,0,0.8907214388792206,0.6465695102523024,0,Interleaved
244,44,0,0.5388374871484803,0.6345621304750627,0,Interleaved
245,45,0,0.21552275721452682,0.6879959090960013,0,Interleaved
246,46,0,0.6748147062353056,0.5870208543746376,0,Interleaved
247,47,0,0.5527725372653279,0.5897020192505424,0,Interleaved
248,48,0,0.033169868374125555,0.6952251072368666,0,Interleaved
249,49,0,0.8754815633863662,0.7190750347092397,0,Interleaved
250,50,0,0.23946216342195978,0.7384266290580477,0,Interleaved
251,51,0,0.9263977807885461,0.45709952521632324,0,Interleaved
252,52,0,0.9943837375063715,0.5358678734455238,0,Interleaved
253,53,0,0.5021145596218373,0.5715976001627298,0,Interleaved
254,54,0,0.9795597656424655,0.36038119249159417,0,Interleaved
255,55,0,0.5478375293852857,0.38867053571039895,0,Interleaved
256,56,0,0.8634187790457104,0.44451682251954133,0,Interleaved
257,57,0,0.46195135652246533,0.5855842018746441,0,Interleaved
258,58,0,0.005147820129047522,0.7279012358711997,0,Interleaved
259,59,0,0.49955532232426086,0.731910514592407,0,Interleaved
260,60,0,0.9236308786492975,0.5180171847381114,0,Interleaved
261,61,0,0.8908335622947312,0.5578346689855911,0,Interleaved
262,62,0,0.515760637404868,0.714112778906113,0,Interleaved
263,63,0,0.6499493680759516,0.62699825884845,0,Interleaved
264,64,0,0.013991020652782911,0.6732992779218674,0,Interleaved
265,65,0,0.44603482600730876,0.5371108692035891,0,Interleaved
266,66,0,0.3346746211807996,0.5908803538821932,0,Interleaved
267,67,0,0.38544988983104544,0.6731869720393759,0,Interleaved
268,68,0,0.44875839795938105,0.7801050998274115,0,Interleaved
269,69,0,0.44402751232206705,0.5207554166168379,0,Interleaved
270,70,0,0.9989382861214506,0.538500296492975,0,Interleaved
271,71,0,0.5004047010612751,0.6344910467966087,0,Interleaved
272,72,0,0.019657300473094365,0.7002145585270354,0,Interleaved
273,73,0,0.3533646439607927,0.4803516556831661,0,Interleaved
274,74,0,0.39304649775740663,0.6067680116092515,0,Interleaved
275,75,0,0.9238102778668086,0.5210728725117989,0,Interleaved
276,76,0,0.07091008054858858,0.6330860031479204,0,Interleaved
277,77,0,0.4462643385472331,0.6091018379028095,0,Interleaved
278,78,0,0.3805614213152271,0.45448577794593226,0,Interleaved
279,79,0,0.07703513384396878,0.5658561455626149,0,Interleaved
280,80,0,0.42637136907137707,0.5341306473794938,0,Interleaved
281,81,0,0.3781483466573278,0.5258240803850609,0,Interleaved
282,82,0,0.6835620633882038,0.5595124935068538,0,Interleaved
283,83,0,0.27737068832473055,0.6329026932284245,0,Interleaved
284,84,0,0.05558629120260268,0.6551801172105324,0,Interleaved
285,85,0,0.5393380941224469,0.6193297555615187,0,Interleaved
286,86,0,0.4108729468279358,0.5255739493095439,0,Interleaved
287,87,0,0.03723984860121226,0.7012159274215535,0,Interleaved
288,88,0,0.1811994340522324,0.5005713831055376,0,Interleaved
289,89,0,0.4923874367193269,0.6104778725074452,0,Interleaved
290,90,0,0.0314466600177787,0.7610431369234165,0,Interleaved
291,91,0,0.9600854906192112,0.4437904034905964,0,Interleaved
292,92,0,0.49808957712032315,0.6724195506328171,0,Interleaved
293,93,0,0.0700371781299857,0.8150396402939344,0,Interleaved
294,94,0,0.8889572534081708,0.6857657084715134,0,Interleaved
295,95,0,0.8681206148583926,0.7287953274637501,0,Interleaved
296,96,0,0.8384858806954143,0.41856201528649145,0,Interleaved
297,97,0,0.3534529131182225,0.6959389696545052,0,Interleaved
298,98,0,0.958961931345454,0.40825359041923537,0,Interleaved
299,99,0,0.4949113884730894,0.6930438088008934,0,Interleaved
300,100,0,0.11702314303826573,0.525976134427889,0,Interleaved
301,101,0,0.8318781910760722,0.506061953810545,0,Interleaved
302,102,0,0.5869684344232737,0.5067440846562774,0,Interleaved
303,103,0,0.40705929833113363,0.576852072011191,0,Interleaved
304,104,0,0.02445613560000419,0.585991155298532,0,Interleaved
305,105,0,0.5072735465493836,0.5065416840497731,0,Interleaved
306,106,0,0.9120342690817174,0.48555367834158375,0,Interleaved
307,107,0,0.7855787759579702,0.45445842600934067,0,Interleaved
308,108,0,0.3870717312196175,0.8386541939530657,0,Interleaved
309,109,0,0.3016917424777358,0.6330058337218232,0,Interleaved
310,110,0,0.5791423252952874,0.6969759451866324,0,Interleaved
311,111,0,0.5545003704180179,0.5532183226199242,0,Interleaved
312,112,0,0.9995473878886199,0.4718850538953272,0,Interleaved
313,113,0,0.5013468528005445,0.5739001819553332,0,Interleaved
314,114,0,0.968823543554683,0.27586982926247683,0,Interleaved
315,115,0,0.5103982547125192,0.5881031988518468,0,Interleaved
316,116,0,0.6742919652064902,0.5347915157320273,0,Interleaved
317,117,0,0.11277317079202472,0.563128271073707,0,Interleaved
318,118,0,0.05372137511010755,0.6086914897725462,0,Interleaved
319,119,0,0.5756090123540425,0.5396282548465411,0,Interleaved
320,120,0,0.05504458391826467,0.6905228472466697,0,Interleaved
321,121,0,0.689506726016825,0.42314197536714504,0,Interleaved
322,122,0,0.49181697556988835,0.7635700825512128,0,Interleaved
323,123,0,0.021476585662781503,0.6952429533201718,0,Interleaved
324,124,0,0.5877352919205,0.49707812154901876,0,Interleaved
325,125,0,0.575877702153609,0.5366761696893245,0,Interleaved
326,126,0,0.7772429073086723,0.45067639584362085,0,Interleaved
327,127,0,0.5502875866951785,0.521792468905729,0,Interleaved
328,128,0,0.8113177776994013,0.6079891906088234,0,Interleaved
329,129,0,0.3215539252167519,0.587976146662797,0,Interleaved
330,130,0,0.9631613293760404,0.42006030752991086,0,Interleaved
331,131,0,0.42449815973389765,0.5421519980262832,0,Interleaved
332,132,0,0.18960854315391182,0.6125372469307063,0,Interleaved
333,133,0,0.19128125995233158,0.5362602928788378,0,Interleaved
334,134,0,0.8061017677986622,0.5097081821760482,0,Interleaved
335,135,0,0.3707896000500136,0.49203162125650646,0,Interleaved
336,136,0,0.004699272910331827,0.7132017099692636,0,Interleaved
337,137,0,0.5223660960108792,0.5119524873283104,0,Interleaved
338,138,0,0.5985159975645742,0.640276075832046,0,Interleaved
339,139,0,0.8239002070788453,0.5196343265759078,0,Interleaved
340,140,0,0.8653820859239862,0.5199783564573646,0,Interleaved
341,141,0,0.07591150618359599,0.8259116456377795,0,Interleaved
342,142,0,0.3066950768407095,0.5495443413499282,0,Interleaved
343,143,0,0.6933264631091189,0.5494541421082946,0,Interleaved
344,144,0,0.8582475214344426,0.47445433132166126,0,Interleaved
345,145,0,0.32023134237286116,0.6301402448137065,0,Interleaved
346,146,0,0.01920935768593281,0.7122167330222497,0,Interleaved
347,147,0,0.5043029955226409,0.7328564894639201,0,Interleaved
348,148,0,0.6599184560146528,0.491021329323465,0,Interleaved
349,149,0,0.8052087059136455,0.4594165453527298,0,Interleaved
350,150,0,0.9635196929534879,0.49222386604197316,0,Interleaved
351,151,0,0.761198231734272,0.4617369360030156,0,Interleaved
352,152,0,0.3017995956176938,0.6164259656083645,0,Interleaved
353,153,0,0.8410640649611613,0.6008573206615451,0,Interleaved
354,154,0,0.3983056000047953,0.5462922303215627,0,Interleaved
355,155,0,0.9381526406446065,0.5952833771504675,0,Interleaved
356,156,0,0.966468525166601,0.4490290279820792,0,Interleaved
357,157,0,0.5193502284047213,0.5289873683421857,0,Interleaved
358,158,0,0.8977394567136687,0.6135677711989918,0,Interleaved
359,159,0,0.2386046584555276,0.6326318335091025,0,Interleaved
360,160,0,0.14319368239930685,0.6011208471774576,0,Interleaved
361,161,0,0.5123002070306055,0.4566752358273529,0,Interleaved
362,162,0,0.7073257827157063,0.5108620713731873,0,Interleaved
363,163,0,0.7051766939968728,0.5281465240809251,0,Interleaved
364,164,0,0.071781680519022,0.5650518971517591,0,Interleaved
365,165,0,0.8616611314967875,0.4274067918986444,0,Interleaved
366,166,0,0.9244057342341279,0.4591161148876898,0,Interleaved
367,167,0,0.606711726795641,0.610884476415992,0,Interleaved
368,168,0,0.06688139019945662,0.6174629147294395,0,Interleaved
369,169,0,0.368864478397028,0.6072220209401016,0,Interleaved
370,170,0,0.06416410039302571,0.5170157170996228,0,Interleaved
371,171,0,0.11972949823669563,0.6063182263132526,0,Interleaved
372,172,0,0.8012726024974011,0.5289605495750267,0,Interleaved
373,173,0,0.9395979986335652,0.5146749723738503,0,Interleaved
374,174,0,0.05318050671642512,0.7567350849663806,0,Interleaved
375,175,0,0.21201552157319112,0.6298198805113497,0,Interleaved
376,176,0,0.9358886941864795,0.6069942455219142,0,Interleaved
377,177,0,0.3284543718423383,0.6893367113962603,0,Interleaved
378,178,0,0.4997170612630152,0.5303296547703988,0,Interleaved
379,179,0,0.0028359579301081555,0.5735917276330538,0,Interleaved
380,180,0,0.48873170582264297,0.6818666645125617,0,Interleaved
381,181,0,0.16422736785083977,0.6014218715955613,0,Interleaved
382,182,0,0.6178993225113207,0.6369137058948862,0,Interleaved
383,183,0,0.7789769239893272,0.40407717520471903,0,Interleaved
384,184,0,0.01726570835440705,0.7737774283657187,0,Interleaved
385,185,0,0.5362146410696044,0.4057941364442683,0,Interleaved
386,186,0,0.2920559419910562,0.6724444537196849,0,Interleaved
387,187,0,0.43395723279769005,0.5666496779644836,0,Interleaved
388,188,0,0.4547938306322322,0.6266994578335138,0,Interleaved
389,189,0,0.5167459037367705,0.7745745140457274,0,Interleaved
390,190,0,0.47445027209388657,0.6997802977943097,0,Interleaved
391,191,0,0.04939487183851718,0.6977474683795672,0,Interleaved
392,192,0,0.2785130059603025,0.817715291027419,0,Interleaved
393,193,0,0.2768670598243295,0.5617409428935148,0,Interleaved
394,194,0,0.09947524125279714,0.5713614561203736,0,Interleaved
395,195,0,0.5099007758264069,0.6266431592370332,0,Interleaved
396,196,0,0.3819511394363461,0.47915611296913085,0,Interleaved
397,197,0,0.978020121790077,0.38026792687405997,0,Interleaved
398,198,0,0.5018541095055254,0.5736109753602374,0,Interleaved
399,199,0,0.973129853867628,0.4222793044994976,0,Interleaved
400,0,0,0.8352113032321983,0.6318018789560753,0,Instructed
401,1,0,0.36098614940103785,1.1240238179376192,0,Instructed
402,2,0,0.8742364608810687,0.7702419977422121,0,Instructed
403,3,0,0.7132089230816806,0.49945306637952636,0,Instructed
404,4,0,0.8315229942776191,0.4794432508289576,0,Instructed
405,5,0,0.27983376993821096,0.642844583775127,0,Instructed
406,6,0,0.5093382493858727,0.4761700022398038,0,Instructed
407,7,0,0.5268080189985572,0.46566338350889885,0,Instructed
408,8,0,0.07913965883359428,0.6795114876098018,0,Instructed
409,9,0,0.8048776587155426,0.48394605802333696,0,Instructed
410,10,0,0.3769342774134711,0.3873269532321611,0,Instructed
411,11,0,0.4725399684657975,0.4133879636195533,0,Instructed
412,12,0,0.5668480413579373,0.3710705691662266,0,Instructed
413,13,0,0.3718912608728318,0.5836400225426747,0,Instructed
414,14,0,0.6310961160353563,0.5717756212897891,0,Instructed
415,15,0,0.5996184002678608,0.6652374198834377,0,Instructed
416,16,0,0.8142710731622351,0.5236723926632401,0,Instructed
417,17,0,0.4442757238098337,1.0285489301262702,0,Instructed
418,18,0,0.1383921809920518,0.527105759322676,0,Instructed
419,19,0,0.2886936248315681,0.5537704181929586,0,Instructed
420,20,0,0.5054397793410275,0.4542323419025166,0,Instructed
421,21,0,0.1270116352778407,0.5630496140478509,0,Instructed
422,22,0,0.6461442604474266,0.5991623511168731,0,Instructed
423,23,0,0.6498496316203175,0.5449877699808221,0,Instructed
424,24,0,0.43222007885355596,0.4609565974953922,0,Instructed
425,25,0,0.6144773438888824,0.6082513690226925,0,Instructed
426,26,0,0.5627745686446818,0.43631959884995636,0,Instructed
427,27,0,0.4307250044925562,0.6275015032702811,0,Instructed
428,28,0,0.08043344398529238,0.620296323799634,0,Instructed
429,29,0,0.8198813457795605,0.34460587167470724,0,Instructed
430,30,0,0.9372929896985736,0.5416616163097987,0,Instructed
431,31,0,0.5094246206870761,0.6542620198484094,0,Instructed
432,32,0,0.5144893510581382,0.46750492020644485,0,Instructed
433,33,0,0.5822861081806319,0.9194873190581223,0,Instructed
434,34,0,0.23112013539856122,0.6304647398591232,0,Instructed
435,35,0,0.46999271833965334,0.5113658240837311,0,Instructed
436,36,0,0.6118525305614508,0.5313115520364486,0,Instructed
437,37,0,0.8498706261580773,0.46903807501338435,0,Instructed
438,38,0,0.5785176135080641,0.6143679096033509,0,Instructed
439,39,0,0.7696870248383726,0.28889133500265124,0,Instructed
440,40,0,0.7404131337610029,0.48666216391564354,0,Instructed
441,41,0,0.10235909453182522,0.6103879173100102,0,Instructed
442,42,0,0.875418097620692,0.6466126557468239,0,Instructed
443,43,0,0.37072272308545595,0.5474007620964512,0,Instructed
444,44,0,0.3574466935645269,0.5521495949699425,0,Instructed
445,45,0,0.23936935157514766,0.5292998176177487,0,Instructed
446,46,0,0.41037909501240033,0.4508264863151642,0,Instructed
447,47,0,0.28276858237158675,0.4123324064556782,0,Instructed
448,48,0,0.9106580448948425,0.5186475537466744,0,Instructed
449,49,0,0.7227699723094888,0.48089757199669625,0,Instructed
450,50,0,0.2657713884611029,0.5184470807831182,0,Instructed
451,51,0,0.3972953925176483,0.6567483768975683,0,Instructed
452,52,0,0.5554070043705429,0.400916399984521,0,Instructed
453,53,0,0.4823571519405725,0.7113718468747896,0,Instructed
454,54,0,0.6938695707403991,0.4622689899196119,0,Instructed
455,55,0,0.5314189019052167,0.40728477713772926,0,Instructed
456,56,0,0.7931539411827748,0.4891016813562603,0,Instructed
457,57,0,0.3693522231939477,0.5352854772086142,0,Instructed
458,58,0,0.26114388657394155,0.42118756566739846,0,Instructed
459,59,0,0.5357254267418964,1.0637485017905641,0,Instructed
460,60,0,0.49913665419214354,0.606277440333234,0,Instructed
461,61,0,0.8148245242135593,0.7397173084291471,0,Instructed
462,62,0,0.43801528774353726,0.5068618437411477,0,Instructed
463,63,0,0.3495985254653897,0.5476005372427979,0,Instructed
464,64,0,0.40853036503878387,0.5977583634138073,0,Instructed
465,65,0,0.5184735044685771,0.4497345913201559,0,Instructed
466,66,0,0.6569453265975669,0.5658059831793738,0,Instructed
467,67,0,0.5904295541835364,0.4479093086221375,0,Instructed
468,68,0,0.7239959753473062,0.5883804024682582,0,Instructed
469,69,0,0.07765521387746038,0.5790444939013967,0,Instructed
470,70,0,0.5547520426783925,0.44185566312643443,0,Instructed
471,71,0,0.2653966567628434,0.5200172672308508,0,Instructed
472,72,0,0.5051955974174637,0.40590282902958164,0,Instructed
473,73,0,0.8018863158030083,0.47846964204881576,0,Instructed
474,74,0,0.3884882041693343,0.4944309457903563,0,Instructed
475,75,0,0.8432226626860554,0.5136572944050628,0,Instructed
476,76,0,0.5848131305338489,0.49860600279689093,0,Instructed
477,77,0,0.6908641413233321,0.46757242096219576,0,Instructed
478,78,0,0.8343328993171852,0.5623611295376159,0,Instructed
479,79,0,0.4469534190346007,0.40984542673028124,0,Instructed
480,80,0,0.5367673650724032,0.5449441270638011,0,Instructed
481,81,0,0.10632050400234998,0.6326179588678374,0,Instructed
482,82,0,0.41375002279913786,0.43237864971847106,0,Instructed
483,83,0,0.9722241120808534,0.6425180168286753,0,Instructed
484,84,0,0.6870616148023856,0.3754514958042957,0,Instructed
485,85,0,0.4095055367915665,0.7041366636653532,0,Instructed
486,86,0,0.5048011006267067,0.5995986027660631,0,Instructed
487,87,0,0.012844587085554434,0.45368772173258853,0,Instructed
488,88,0,0.39165074356597046,0.9862569497097875,0,Instructed
489,89,0,0.33517933164017116,0.4669952134070698,0,Instructed
490,90,0,0.5182624814450807,0.5645635887972137,0,Instructed
491,91,0,0.11674446184110296,0.5145201230273101,0,Instructed
492,92,0,0.6381037672847736,0.45764560372285923,0,Instructed
493,93,0,0.4686563495986123,0.6840404249318719,0,Instructed
494,94,0,0.09946508692584424,0.6450599093421906,0,Instructed
495,95,0,0.8038779121222094,0.43083792924332587,0,Instructed
496,96,0,0.890340930563807,0.7674754707328062,0,Instructed
497,97,0,0.8619199738579643,0.5013059243414444,0,Instructed
498,98,0,0.536006986153438,0.548188480008714,0,Instructed
499,99,0,0.25318833799257306,0.4005644346387479,0,Instructed
500,100,0,0.2607119563927311,0.6375412845226418,0,Instructed
501,101,0,0.9256138984618244,0.4218903782347367,0,Instructed
502,102,0,0.07180535171916311,0.5032127913888507,0,Instructed
503,103,0,0.5451864770912356,0.529948083938488,0,Instructed
504,104,0,0.5688194155056666,0.35620233485233976,0,Instructed
505,105,0,0.5981356457587594,0.4551672177867309,0,Instructed
506,106,0,0.3401949739629203,0.35039563146174035,0,Instructed
507,107,0,0.7961548203352964,0.43725791380448875,0,Instructed
508,108,0,0.4685346334835483,0.5342873316454233,0,Instructed
509,109,0,0.3810620513418231,0.3931339234787319,0,Instructed
510,110,0,0.7608486086722414,0.3711109891875124,0,Instructed
511,111,0,0.5179009890516275,0.4889772801288317,0,Instructed
512,112,0,0.5076659742211121,0.43532746239380843,0,Instructed
513,113,0,0.2221406443380436,0.3964101498324526,0,Instructed
514,114,0,0.4826664073543565,0.37618381670250933,0,Instructed
515,115,0,0.8854948666667148,0.5034359045753105,0,Instructed
516,116,0,0.8206194824985973,0.8398078753668079,0,Instructed
517,117,0,0.265229630103784,0.43729705213347636,0,Instructed
518,118,0,0.3168302332916315,0.43887969268270466,0,Instructed
519,119,0,0.6686669733512691,0.36431021228435184,0,Instructed
520,120,0,0.5710975365334892,0.5010193208025678,0,Instructed
521,121,0,0.01819673378449932,1.1529488718477463,0,Instructed
522,122,0,0.2589377025906316,0.5499224421664535,0,Instructed
523,123,0,0.22983629814440484,0.5546550248323586,0,Instructed
524,124,0,0.6837819936983724,0.4794701545941159,0,Instructed
525,125,0,0.5170439353438029,0.7210645543638976,0,Instructed
526,126,0,0.5667071246869275,0.4516555215146856,0,Instructed
527,127,0,0.20839592914090166,0.8008044869907424,0,Instructed
528,128,0,0.2576157639131703,1.2222871645926765,0,Instructed
529,129,0,0.3933919641429909,0.47159746491174437,0,Instructed
530,130,0,0.02606621512406931,0.7332712057420524,0,Instructed
531,131,0,0.26700454444384086,0.4791427733111896,0,Instructed
532,132,0,0.5072972324370281,0.43241971995465317,0,Instructed
533,133,0,0.2703223150081048,0.5809701933017919,0,Instructed
534,134,0,0.49401552482328903,0.5640394801193257,0,Instructed
535,135,0,0.6103857785568161,0.6188474593950781,0,Instructed
536,136,0,0.9227709894943751,0.33972678077475443,0,Instructed
537,137,0,0.21280774378608114,0.4608605073658474,0,Instructed
538,138,0,0.29350252352445694,0.5210745762564468,0,Instructed
539,139,0,0.5644963521578413,0.5296798531964102,0,Instructed
540,140,0,0.6676991324717222,0.37528236172678364,0,Instructed
541,141,0,0.5771783575972892,0.4205074702524792,0,Instructed
542,142,0,0.7669335513442751,0.44884697810300517,0,Instructed
543,143,0,0.7013524458280127,0.42640720551124817,0,Instructed
544,144,0,0.27034288266377554,0.5611771389358813,0,Instructed
545,145,0,0.006133034557602682,0.7129477682459969,0,Instructed
546,146,0,0.5426435264461735,0.394646635705306,0,Instructed
547,147,0,0.8898184565487426,0.5540845389577851,0,Instructed
548,148,0,0.49258622135688507,0.6883307938883452,0,Instructed
549,149,0,0.501353024269059,0.5044714424954475,0,Instructed
550,150,0,0.8825438149524023,0.49002749081591623,0,Instructed
551,151,0,0.45273894443574664,0.3528628847563564,0,Instructed
552,152,0,0.49166108001998776,0.4914425518725989,0,Instructed
553,153,0,0.7954733349057271,0.4470018597156522,0,Instructed
554,154,0,0.36309405182205867,0.37169758493506616,0,Instructed
555,155,0,0.6823318520855857,0.5288911600862549,0,Instructed
556,156,0,0.7020472748548114,0.446920984440762,0,Instructed
557,157,0,0.3804225494876339,0.8325168662907416,0,Instructed
558,158,0,0.5808275821241528,0.51375479845713,0,Instructed
559,159,0,0.2762400435886577,0.41595576126275724,0,Instructed
560,160,0,0.27011579917192174,0.40455221272024006,0,Instructed
561,161,0,0.5098580096885669,0.4648071967112501,0,Instructed
562,162,0,0.23093275406100178,0.6269255287456168,0,Instructed
563,163,0,0.6271985876096549,0.41538595351402186,0,Instructed
564,164,0,0.7579998670299635,0.4980467508435519,0,Instructed
565,165,0,0.5504157118635958,0.57834155325373,0,Instructed
566,166,0,0.04281511124993116,0.5667809202657907,0,Instructed
567,167,0,0.2280129117253431,0.703586053225182,0,Instructed
568,168,0,0.5410866817480008,0.5342088173714743,0,Instructed
569,169,0,0.6092024197285552,0.785215447641619,0,Instructed
570,170,0,0.2639226358554104,0.4606044703219077,0,Instructed
571,171,0,0.4978810045442026,0.629895197925517,0,Instructed
572,172,0,0.17448795076704637,0.5225388112547904,0,Instructed
573,173,0,0.6125114679974146,0.4596554261640582,0,Instructed
574,174,0,0.9962656846611525,0.7629756791280979,0,Instructed
575,175,0,0.3896017882300377,0.49780404138849954,0,Instructed
576,176,0,0.5006404808157376,0.5080461432350043,0,Instructed
577,177,0,0.4967392345107954,0.6552402742189057,0,Instructed
578,178,0,0.4777905427040006,0.3746769167620471,0,Instructed
579,179,0,0.9636327067759176,0.8336456791795374,0,Instructed
580,180,0,0.5094496733216233,0.5756616802309151,0,Instructed
581,181,0,0.4533108963996832,0.37180978543448473,0,Instructed
582,182,0,0.5754330271882966,0.5045070504170308,0,Instructed
583,183,0,0.6991960110701163,0.4185177546988917,0,Instructed
584,184,0,0.5325546741300554,0.6786934632422233,0,Instructed
585,185,0,0.4274796024232585,0.5343171996752948,0,Instructed
586,186,0,0.5268000548302354,0.6795530545140038,0,Instructed
587,187,0,0.5056540281804901,0.4788328865892456,0,Instructed
588,188,0,0.4041697309351144,0.4222836357274522,0,Instructed
589,189,0,0.43730475186917617,0.8020135776090658,0,Instructed
590,190,0,0.26458312807510415,0.563141992985314,0,Instructed
591,191,0,0.39454522640352463,0.912691042048346,0,Instructed
592,192,0,0.8843039447158547,0.3760541174922698,0,Instructed
593,193,0,0.6917117085627495,0.5878878451530801,0,Instructed
594,194,0,0.8584510401331513,0.5350050631295298,0,Instructed
595,195,0,0.13897339631322025,0.6754535642092034,0,Instructed
596,196,0,0.5255908620140403,0.5798956783897298,0,Instructed
597,197,0,0.6027989750348358,0.5635514824664103,0,Instructed
598,198,0,0.33116046172634195,0.6841337975433766,0,Instructed
599,199,0,0.6962743180391856,0.5275811135443256,0,Instructed
600,0,0,0.8793429366902985,0.8021558210239963,1,Blocked
601,1,0,0.6772253853214747,0.6573222160201821,1,Blocked
602,2,0,0.5162182041458152,0.6477171642537907,1,Blocked
603,3,0,0.10914493077282136,0.5899788825766699,1,Blocked
604,4,0,0.18504671259341063,0.8721434781561161,1,Blocked
605,5,0,0.520812846639117,0.6116632244494651,1,Blocked
606,6,0,0.3259614786136079,0.5038471140268057,1,Blocked
607,7,0,0.20918720585464867,0.5110141085298299,1,Blocked
608,8,0,0.4374672504974543,0.5011077176513387,1,Blocked
609,9,0,0.7245487882186052,0.5934385062752867,1,Blocked
610,10,0,0.20733652579494266,0.5361948604210044,1,Blocked
611,11,0,0.20406786015505524,0.661368135680913,1,Blocked
612,12,0,0.31669515633507844,0.535597803238734,1,Blocked
613,13,0,0.5292774448856079,0.7185059285562629,1,Blocked
614,14,0,0.5470609331931335,0.5679947013703222,1,Blocked
615,15,0,0.4803658246731874,0.46642427336350306,1,Blocked
616,16,0,0.6711937355832229,0.5696218167745732,1,Blocked
617,17,0,0.4655232080569791,0.5694845164369886,1,Blocked
618,18,0,0.4007525071420335,0.5212278782872676,1,Blocked
619,19,0,0.6907508381207017,0.43224223109243404,1,Blocked
620,20,0,0.715478058129922,0.687558958873228,1,Blocked
621,21,0,0.504493069939505,0.45377922553361083,1,Blocked
622,22,0,0.5122529364728367,0.777776479111552,1,Blocked
623,23,0,0.4066682725934803,0.6601013188307967,1,Blocked
624,24,0,0.8723706274060973,0.3697686526933307,1,Blocked
625,25,0,0.7115694301750256,0.5529229938538507,1,Blocked
626,26,0,0.5971896466334415,0.5624668879473337,1,Blocked
627,27,0,0.48688266622787363,0.7491377090988771,1,Blocked
628,28,0,0.5862062618581704,0.5265947792140921,1,Blocked
629,29,0,0.6141869748909947,0.5846290346235428,1,Blocked
630,30,0,0.6843036978350745,0.5032546520108423,1,Blocked
631,31,0,0.07750506307466065,0.6484707222471977,1,Blocked
632,32,0,0.09066323140083142,0.5940961444422764,1,Blocked
633,33,0,0.4548609742656603,0.5105635337629171,1,Blocked
634,34,0,0.44065670240687316,0.7476178362363032,1,Blocked
635,35,0,0.35095474067896865,0.5022737245509784,1,Blocked
636,36,0,0.5387426503847423,0.560310177883278,1,Blocked
637,37,0,0.7291372349432406,0.5630063700119419,1,Blocked
638,38,0,0.8535503830391202,0.511204220995903,1,Blocked
639,39,0,0.48838582197854286,0.6259377375069993,1,Blocked
640,40,0,0.821814251402454,0.5923897467910746,1,Blocked
641,41,0,0.6153142176628735,0.799787677216188,1,Blocked
642,42,0,0.06834387314093374,0.7539115296706898,1,Blocked
643,43,0,0.7147900147856951,0.40223918428392946,1,Blocked
644,44,0,0.6047505011969436,0.6803005903854149,1,Blocked
645,45,0,0.17299833792558808,0.5039974729830523,1,Blocked
646,46,0,0.44453710701785254,0.4220838177327575,1,Blocked
647,47,0,0.7225102806865505,0.6466274938216539,1,Blocked
648,48,0,0.07763947693451603,0.6332720722404974,1,Blocked
649,49,0,0.9616962707507711,0.667865569889709,1,Blocked
650,50,0,0.1410489888674103,0.6932551208733213,1,Blocked
651,51,0,0.8507768038017758,0.5553358684218404,1,Blocked
652,52,0,0.5180482552416308,0.7730089430301923,1,Blocked
653,53,0,0.6431488702050118,0.5273753586362191,1,Blocked
654,54,0,0.7309066341272896,0.458952166774817,1,Blocked
655,55,0,0.7993561065666446,0.47965011442832467,1,Blocked
656,56,0,0.8646496594475485,0.5476454443316761,1,Blocked
657,57,0,0.9435247845576321,0.7636027138937991,1,Blocked
658,58,0,0.16553702659980876,0.5920542511814755,1,Blocked
659,59,0,0.8082463466619183,0.36210964188222483,1,Blocked
660,60,0,0.3480170040542973,0.5351267855716657,1,Blocked
661,61,0,0.298350804999213,0.6712313025272931,1,Blocked
662,62,0,0.2898617575709151,0.6064122260711974,1,Blocked
663,63,0,0.5333520568648731,0.5541370802216494,1,Blocked
664,64,0,0.45661182972583203,0.7840268605406004,1,Blocked
665,65,0,0.5768344845557626,0.5395549075939928,1,Blocked
666,66,0,0.9051541045560652,0.3563142232457608,1,Blocked
667,67,0,0.586347659432469,0.6486055202635377,1,Blocked
668,68,0,0.5044900328523095,0.7895240850062735,1,Blocked
669,69,0,0.9957946053501119,0.5770704637210041,1,Blocked
670,70,0,0.058196007163869135,0.5717054470528353,1,Blocked
671,71,0,0.7528132570429474,0.9911426162603628,1,Blocked
672,72,0,0.7562849021050941,0.48606090429265447,1,Blocked
673,73,0,0.15561045070309268,0.6358631559849248,1,Blocked
674,74,0,0.6920494326475247,0.49157180309785864,1,Blocked
675,75,0,0.9771777163669693,0.48221725093047696,1,Blocked
676,76,0,0.005420577610121891,0.916756828552574,1,Blocked
677,77,0,0.33441705797790033,0.8045800819665213,1,Blocked
678,78,0,0.22007919770429704,0.9384274478948352,1,Blocked
679,79,0,0.6034745914164443,0.5980318047977463,1,Blocked
680,80,0,0.4968447459718357,0.8096716764560833,1,Blocked
681,81,0,0.4937275850358497,0.5542152262423162,1,Blocked
682,82,0,0.4437077478869326,0.5236034751027018,1,Blocked
683,83,0,0.5739182961236563,0.504355937259175,1,Blocked
684,84,0,0.5770628643046466,0.44853396480167695,1,Blocked
685,85,0,0.4908944398511701,0.7616575390713269,1,Blocked
686,86,0,0.49934491590343993,0.630841110996513,1,Blocked
687,87,0,0.4782288342928197,0.6848538986362734,1,Blocked
688,88,0,0.5715648126803359,0.48712449390928236,1,Blocked
689,89,0,0.7754451615151077,0.6087165367059331,1,Blocked
690,90,0,0.17375137015063166,0.5472884879361375,1,Blocked
691,91,0,0.6698039614210588,0.6761585841334028,1,Blocked
692,92,0,0.6603091060102929,0.5050433897575204,1,Blocked
693,93,0,0.7567533315547259,0.4774180249315281,1,Blocked
694,94,0,0.42894942570842637,0.49538427372289173,1,Blocked
695,95,0,0.4923266329559633,0.39351273054963987,1,Blocked
696,96,0,0.6441361163627762,0.6805656176405646,1,Blocked
697,97,0,0.7258222437568131,0.4628847949214182,1,Blocked
698,98,0,0.7063512739444748,0.6129422544093532,1,Blocked
699,99,0,0.849068547607581,0.5888838241959734,1,Blocked
700,100,0,0.7166483702367792,0.49363941463822614,1,Blocked
701,101,0,0.6627039029115115,0.5608172419307177,1,Blocked
702,102,0,0.7181028303825259,0.45026083862850064,1,Blocked
703,103,0,0.8427939304373913,0.5325766581745353,1,Blocked
704,104,0,0.3701677460652283,0.5768403155128059,1,Blocked
705,105,0,0.30418467895865486,0.5060597112664058,1,Blocked
706,106,0,0.7375482320286664,0.5677785543893887,1,Blocked
707,107,0,0.49023402192177823,0.48157462382516303,1,Blocked
708,108,0,0.5432143423774656,0.48009761751493496,1,Blocked
709,109,0,0.2414548791977799,0.664868599334036,1,Blocked
710,110,0,0.7021681293099099,0.5609049622333938,1,Blocked
711,111,0,0.4092340742736348,0.5762461874299816,1,Blocked
712,112,0,0.6086028162029083,0.5665388479326541,1,Blocked
713,113,0,0.44625759084353506,1.3308201826281851,1,Blocked
714,114,0,0.5083217425496173,0.5517325847848988,1,Blocked
715,115,0,0.4339317515350656,0.7629414471289926,1,Blocked
716,116,0,0.4097646404402966,0.8123316980669475,1,Blocked
717,117,0,0.2740526347113293,0.5495251489020774,1,Blocked
718,118,0,0.02424284802816817,0.8607788872117084,1,Blocked
719,119,0,0.8301928974920945,0.569261975388998,1,Blocked
720,120,0,0.9400620510238032,0.6169930003250741,1,Blocked
721,121,0,0.7711310654872585,0.6353403798510286,1,Blocked
722,122,0,0.28728141952992375,0.6709471303391934,1,Blocked
723,123,0,0.6627751953428324,0.33167677462474354,1,Blocked
724,124,0,0.628593434964919,0.6863026723888834,1,Blocked
725,125,0,0.7819652013612879,0.5565480577054741,1,Blocked
726,126,0,0.5558608798839932,0.4661125534451429,1,Blocked
727,127,0,0.5962349531246991,0.6496534558037321,1,Blocked
728,128,0,0.903679711603671,0.46318097227081045,1,Blocked
729,129,0,0.04294016838210853,0.6662310246522817,1,Blocked
730,130,0,0.020275435459702444,0.6391671742309581,1,Blocked
731,131,0,0.9415951872378134,0.5422665339344968,1,Blocked
732,132,0,0.6227382324174049,0.46754227110918045,1,Blocked
733,133,0,0.514353223943727,0.613124454605291,1,Blocked
734,134,0,0.2911821949939412,0.4527360608580918,1,Blocked
735,135,0,0.12504608768925865,0.6044732787222538,1,Blocked
736,136,0,0.10681876515567597,0.6151873099329999,1,Blocked
737,137,0,0.8691384820923758,0.5942276254417247,1,Blocked
738,138,0,0.5693359588587619,0.5551630477443789,1,Blocked
739,139,0,0.43669295900009986,0.5488009122375854,1,Blocked
740,140,0,0.4468122324870299,0.6237338300554398,1,Blocked
741,141,0,0.711746660020365,0.5173993849858869,1,Blocked
742,142,0,0.8302705263921072,0.6530798763860537,1,Blocked
743,143,0,0.9486394950141603,0.4410192686903575,1,Blocked
744,144,0,0.013281882647001695,0.6001954169523844,1,Blocked
745,145,0,0.9730428205419756,0.7575223835981908,1,Blocked
746,146,0,0.6977478225606808,0.5310295734018071,1,Blocked
747,147,0,0.6519512134761953,0.585836953006518,1,Blocked
748,148,0,0.43622390507766334,0.6181295640213476,1,Blocked
749,149,0,0.9871494844320593,0.506645552243119,1,Blocked
750,150,0,0.9037815686213805,0.6152678133604346,1,Blocked
751,151,0,0.4507722158545272,0.6055972817617776,1,Blocked
752,152,0,0.39433605969602126,0.718667776718227,1,Blocked
753,153,0,0.3455500826065776,0.7173839972633687,1,Blocked
754,154,0,0.4110176402702527,0.4799515118864625,1,Blocked
755,155,0,0.3425369859797339,0.9556753523685604,1,Blocked
756,156,0,0.02579907647059896,0.6375094167486346,1,Blocked
757,157,0,0.6621390511485963,0.6321627493400643,1,Blocked
758,158,0,0.9726178956377073,0.8493359790097048,1,Blocked
759,159,0,0.19490600778641604,0.6995297620269876,1,Blocked
760,160,0,0.6226913352427379,0.5318070016592525,1,Blocked
761,161,0,0.8662380893312643,0.688030332606299,1,Blocked
762,162,0,0.9393912160650288,0.3530839688407668,1,Blocked
763,163,0,0.5332505007272537,0.6262551752311212,1,Blocked
764,164,0,0.12412798303402797,0.7051482209274887,1,Blocked
765,165,0,0.35876625872521206,0.5567516089239718,1,Blocked
766,166,0,0.7804856261349092,0.5556835277979886,1,Blocked
767,167,0,0.9643695175115514,0.4915270779291332,1,Blocked
768,168,0,0.9698335637999798,0.46786623761559293,1,Blocked
769,169,0,0.9455895868035197,0.4633534943708306,1,Blocked
770,170,0,0.8998409792938523,0.8562002804448872,1,Blocked
771,171,0,0.17790738128021838,0.5357226353811654,1,Blocked
772,172,0,0.32101772617623725,0.6820622003377512,1,Blocked
773,173,0,0.9389031081856396,0.42434052140584555,1,Blocked
774,174,0,0.08002461403052397,0.5713217098873296,1,Blocked
775,175,0,0.08557148507073753,0.781136168633291,1,Blocked
776,176,0,0.17294984218673512,0.6196508392440719,1,Blocked
777,177,0,0.2557215389058525,0.5923054475601162,1,Blocked
778,178,0,0.7520653887876132,0.6560649998607199,1,Blocked
779,179,0,0.8722336716205699,0.7698213613336995,1,Blocked
780,180,0,0.3585894113724685,0.5591000701557176,1,Blocked
781,181,0,0.5414163904596437,0.700348233535919,1,Blocked
782,182,0,0.5102008102916383,0.43005397075320717,1,Blocked
783,183,0,0.5510551490112447,0.51218623310322,1,Blocked
784,184,0,0.3801089138103814,0.6580613024443096,1,Blocked
785,185,0,0.7354429368245397,0.6151417503380533,1,Blocked
786,186,0,0.36257773340624094,0.7393713919436726,1,Blocked
787,187,0,0.4681861912808736,0.5708391572254252,1,Blocked
788,188,0,0.5293598993589044,0.7088678348063875,1,Blocked
789,189,0,0.7333637159711439,0.733692476223445,1,Blocked
790,190,0,0.687266589686417,0.5467442667786645,1,Blocked
791,191,0,0.5975776925589635,0.5247325202999655,1,Blocked
792,192,0,0.8398583550188812,0.6483161719054161,1,Blocked
793,193,0,0.7843381475434736,0.6792842103870355,1,Blocked
794,194,0,0.528344059880998,0.672323172816411,1,Blocked
795,195,0,0.44475814181730955,0.6123259973853239,1,Blocked
796,196,0,0.6463195277302038,0.422796217603668,1,Blocked
797,197,0,0.3227361292996943,0.6517298240877709,1,Blocked
798,198,0,0.08091941613358662,0.7340529135761638,1,Blocked
799,199,0,0.5140842475111695,0.46549370408137714,1,Blocked
800,0,0,0.5938705621670384,0.489234486688909,1,Interleaved
801,1,0,0.491826107570582,0.4993605031129993,1,Interleaved
802,2,0,0.05499354558315595,0.6742035234260348,1,Interleaved
803,3,0,0.34613163821837073,0.6601469830848088,1,Interleaved
804,4,0,0.38462631352363175,0.7293558988321225,1,Interleaved
805,5,0,0.9592795300594941,0.6224328903634364,1,Interleaved
806,6,0,0.49924461937781994,0.6898265634896075,1,Interleaved
807,7,0,0.606086722088191,0.7357346731010448,1,Interleaved
808,8,0,0.027901171784701098,0.7157347274357218,1,Interleaved
809,9,0,0.659484359445389,0.6415962014829,1,Interleaved
810,10,0,0.2256424883596683,0.597017374053641,1,Interleaved
811,11,0,0.7510976310787718,0.6190491068439925,1,Interleaved
812,12,0,0.3876457380186276,0.5646358341159591,1,Interleaved
813,13,0,0.7842046386371786,0.5503596007385575,1,Interleaved
814,14,0,0.013874866518743128,0.4813543832024356,1,Interleaved
815,15,0,0.4852645503389803,0.6647236615823557,1,Interleaved
816,16,0,0.5501058411477556,0.35668589098107173,1,Interleaved
817,17,0,0.10222825635602154,0.6745918118652118,1,Interleaved
818,18,0,0.4816402440900984,0.607305450068009,1,Interleaved
819,19,0,0.6001935360821213,0.5712533237889101,1,Interleaved
820,20,0,0.14025821755184265,0.6778551420652679,1,Interleaved
821,21,0,0.7673905959724465,0.4217716677542874,1,Interleaved
822,22,0,0.5159115143781501,0.45843569446960225,1,Interleaved
823,23,0,0.8946132437756589,0.41362137695135026,1,Interleaved
824,24,0,0.6706874834184638,0.3514094095012726,1,Interleaved
825,25,0,0.4057866114395228,0.5413048168043855,1,Interleaved
826,26,0,0.11189765319851085,0.4879491076411371,1,Interleaved
827,27,0,0.7216054751433048,0.562370401457619,1,Interleaved
828,28,0,0.4112158978347473,0.622658426457372,1,Interleaved
829,29,0,0.8966196554369155,0.3898647216634239,1,Interleaved
830,30,0,0.8059643108437398,0.6447314011147689,1,Interleaved
831,31,0,0.8128921880302452,0.5199457362788058,1,Interleaved
832,32,0,0.07126575427293533,0.7327120091128091,1,Interleaved
833,33,0,0.23853105455151616,0.42662177876347995,1,Interleaved
834,34,0,0.5268228903244841,0.5022989751561779,1,Interleaved
835,35,0,0.10447986249990035,0.8159119427603213,1,Interleaved
836,36,0,0.37248408914004577,0.37621612379910374,1,Interleaved
837,37,0,0.053067981975722295,0.8291940053179248,1,Interleaved
838,38,0,0.4086170502585823,0.5609294294018852,1,Interleaved
839,39,0,0.4013584507869959,0.6746888733317679,1,Interleaved
840,40,0,0.7473800635746252,0.49727252092996416,1,Interleaved
841,41,0,0.482969240397803,1.0698781986875234,1,Interleaved
842,42,0,0.4916540261526425,0.5517200502734877,1,Interleaved
843,43,0,0.9906183462295959,0.47317958579471664,1,Interleaved
844,44,0,0.5826896107124876,0.8014902879289637,1,Interleaved
845,45,0,0.5353135776910167,0.5142248112128585,1,Interleaved
846,46,0,0.5708101824774167,0.6688223062706958,1,Interleaved
847,47,0,0.2951616715767883,0.5575572296375064,1,Interleaved
848,48,0,0.548164945073621,0.6722822038514484,1,Interleaved
849,49,0,0.05766434939901357,0.6722362731806448,1,Interleaved
850,50,0,0.4790193099900231,0.6540670549789418,1,Interleaved
851,51,0,0.5500020426510456,0.46153241360165015,1,Interleaved
852,52,0,0.02407980416294036,0.6036994108992695,1,Interleaved
853,53,0,0.4855960912434494,0.5179182363252737,1,Interleaved
854,54,0,0.44306997319020136,0.5837236433265071,1,Interleaved
855,55,0,0.47192783828101803,0.5569678602038374,1,Interleaved
856,56,0,0.1474488151281621,0.6651138704485169,1,Interleaved
857,57,0,0.09879285027157514,0.5221976216154071,1,Interleaved
858,58,0,0.503048640939322,0.7149894376399255,1,Interleaved
859,59,0,0.28869257389555586,0.4553024770299361,1,Interleaved
860,60,0,0.9102364372211246,0.5795656427190212,1,Interleaved
861,61,0,0.42964198696048217,0.6172402734876561,1,Interleaved
862,62,0,0.7628517341900317,0.38105269089923893,1,Interleaved
863,63,0,0.9484942196712931,0.5708109156177312,1,Interleaved
864,64,0,0.3594936511046275,0.4338455057717816,1,Interleaved
865,65,0,0.7060447795993301,0.5704272908842849,1,Interleaved
866,66,0,0.40919784215007704,0.5430991667124154,1,Interleaved
867,67,0,0.9692876277599423,0.5770461287946944,1,Interleaved
868,68,0,0.8107713742615916,0.5894186592932417,1,Interleaved
869,69,0,0.5076180385842278,0.4390207965872178,1,Interleaved
870,70,0,0.3442326748074422,0.649630846246537,1,Interleaved
871,71,0,0.2247868652821009,0.5176907715134167,1,Interleaved
872,72,0,0.694205743109315,0.4860317184817266,1,Interleaved
873,73,0,0.5591478343411611,0.5246272666847969,1,Interleaved
874,74,0,0.8111119712159687,0.4893361785784976,1,Interleaved
875,75,0,0.47732345254758646,0.35899596513708887,1,Interleaved
876,76,0,0.617921423784016,0.618577276306254,1,Interleaved
877,77,0,0.8739678118319958,0.41437059075730454,1,Interleaved
878,78,0,0.6842351765902053,0.5750116866206629,1,Interleaved
879,79,0,0.5907687888279787,0.49168099121147824,1,Interleaved
880,80,0,0.1006721120015751,0.5388514450287896,1,Interleaved
881,81,0,0.7692649225207309,0.5818203222159806,1,Interleaved
882,82,0,0.4678852920726227,0.6878431837116465,1,Interleaved
883,83,0,0.10093384369665244,0.7858942238825188,1,Interleaved
884,84,0,0.05494356841156644,0.6500359075025122,1,Interleaved
885,85,0,0.09040246113673119,0.569812304571873,1,Interleaved
886,86,0,0.30479111716320473,0.6204682858456132,1,Interleaved
887,87,0,0.4981705832139892,0.5369457964775357,1,Interleaved
888,88,0,0.39426967601135143,0.4495712304020555,1,Interleaved
889,89,0,0.8919983456134788,0.5639626879542505,1,Interleaved
890,90,0,0.4044826202059765,0.515993941860229,1,Interleaved
891,91,0,0.29568468973084094,0.45737069234754923,1,Interleaved
892,92,0,0.9261405958424063,0.5000016631665157,1,Interleaved
893,93,0,0.5070760362791645,0.2786200319306624,1,Interleaved
894,94,0,0.02728710956385475,0.692141743587534,1,Interleaved
895,95,0,0.18551665003584272,0.6021055553003647,1,Interleaved
896,96,0,0.30355735889379176,0.5861000252150423,1,Interleaved
897,97,0,0.5137806280849634,0.6212684840457827,1,Interleaved
898,98,0,0.42363848962559914,0.48299930211468756,1,Interleaved
899,99,0,0.5566608116443961,0.5279815824517955,1,Interleaved
900,100,0,0.9144169613857036,0.3537864136965556,1,Interleaved
901,101,0,0.5138576754018057,0.45878121791344356,1,Interleaved
902,102,0,0.6366379589709248,0.6275207854360738,1,Interleaved
903,103,0,0.08524731040443347,0.6670184297139266,1,Interleaved
904,104,0,0.4492029712748007,0.5180664318340459,1,Interleaved
905,105,0,0.5499696215401064,0.4388587324549821,1,Interleaved
906,106,0,0.5064518552241779,0.45948567300066223,1,Interleaved
907,107,0,0.2733455908183199,0.4210416187232626,1,Interleaved
908,108,0,0.033077005827937524,0.590732201206069,1,Interleaved
909,109,0,0.6481886035103834,0.5347359459593988,1,Interleaved
910,110,0,0.2931821934692379,0.5371698756773179,1,Interleaved
911,111,0,0.6192410032984229,0.3859524251980707,1,Interleaved
912,112,0,0.9811023835414541,0.39424397979293835,1,Interleaved
913,113,0,0.49083473756358537,0.4549807827457374,1,Interleaved
914,114,0,0.3022938335007668,0.7383129054598725,1,Interleaved
915,115,0,0.4972205567739773,0.5060392273803618,1,Interleaved
916,116,0,0.9725242865211934,0.5405272134152163,1,Interleaved
917,117,0,0.5509079351550823,0.47862947906770004,1,Interleaved
918,118,0,0.07133459875236385,0.4594428630675488,1,Interleaved
919,119,0,0.4377223150319267,0.5307312784285967,1,Interleaved
920,120,0,0.7250877628196071,0.6339072029842359,1,Interleaved
921,121,0,0.5217256859984561,0.5890917616436891,1,Interleaved
922,122,0,0.7532788161293322,0.6213934431014925,1,Interleaved
923,123,0,0.9486126868276248,0.5195904924966612,1,Interleaved
924,124,0,0.28708232020187535,0.564688279015052,1,Interleaved
925,125,0,0.6428160473370373,0.3210591762776139,1,Interleaved
926,126,0,0.9252661898022823,0.41860244048631723,1,Interleaved
927,127,0,0.5829381665640258,0.5620372042628905,1,Interleaved
928,128,0,0.3138151912818663,0.5876739998466651,1,Interleaved
929,129,0,0.8432279812885655,0.5638215739012338,1,Interleaved
930,130,0,0.6220609681128118,0.6358925142645842,1,Interleaved
931,131,0,0.4582128943799991,0.49926951095356265,1,Interleaved
932,132,0,0.9394659406659394,0.38980934607923595,1,Interleaved
933,133,0,0.510280817005697,0.7082609961644727,1,Interleaved
934,134,0,0.26657923745476403,0.7707904996908554,1,Interleaved
935,135,0,0.4349478661006223,0.6618923662032724,1,Interleaved
936,136,0,0.016254506870477362,0.604801251792013,1,Interleaved
937,137,0,0.30896029416831255,0.6435041285013645,1,Interleaved
938,138,0,0.24278456645956806,0.6167579483612773,1,Interleaved
939,139,0,0.4031525353618577,0.6207040558564538,1,Interleaved
940,140,0,0.10847860357065899,0.5291471149449247,1,Interleaved
941,141,0,0.8704065739158018,0.655956436725601,1,Interleaved
942,142,0,0.47449085033380073,0.5746260440119881,1,Interleaved
943,143,0,0.8547664322887183,0.44831004516744327,1,Interleaved
944,144,0,0.8179475667932797,0.5338460663630287,1,Interleaved
945,145,0,0.4551740928566089,0.360641508035769,1,Interleaved
946,146,0,0.9307273850199935,0.5074993168163041,1,Interleaved
947,147,0,0.5286505973022873,0.560328823788237,1,Interleaved
948,148,0,0.9180774624335695,0.5588236079769235,1,Interleaved
949,149,0,0.7818451538103168,0.606314522321199,1,Interleaved
950,150,0,0.5018789520605433,0.5425264490676591,1,Interleaved
951,151,0,0.1702187417244971,0.550806875393433,1,Interleaved
952,152,0,0.38401447186120663,0.6298252999124068,1,Interleaved
953,153,0,0.7460035491531372,0.4590006643523199,1,Interleaved
954,154,0,0.022911141982399866,0.7542190308513288,1,Interleaved
955,155,0,0.27628727960261357,0.5142166057950419,1,Interleaved
956,156,0,0.499497586672182,0.44047008252558706,1,Interleaved
957,157,0,0.9266738760003925,0.5018788562376046,1,Interleaved
958,158,0,0.4299463534424764,1.0922555944611188,1,Interleaved
959,159,0,0.3035663285944342,0.5638803527813865,1,Interleaved
960,160,0,0.647489234473739,0.4757300809072519,1,Interleaved
961,161,0,0.981169190929406,0.4582179181228442,1,Interleaved
962,162,0,0.9384926929379858,0.6683235341176159,1,Interleaved
963,163,0,0.8937752856869707,0.5215151877799744,1,Interleaved
964,164,0,0.709682052932586,0.44734711401725646,1,Interleaved
965,165,0,0.7815741974513053,0.33546466934009544,1,Interleaved
966,166,0,0.33422698828548475,0.7435077078057399,1,Interleaved
967,167,0,0.7524997461415237,0.3138414453419668,1,Interleaved
968,168,0,0.755444468444032,0.5878408844154677,1,Interleaved
969,169,0,0.47021604381164417,0.4402862740631306,1,Interleaved
970,170,0,0.2050281396285238,0.4429981304480759,1,Interleaved
971,171,0,0.5784756562653255,0.5840203316491634,1,Interleaved
972,172,0,0.317250763428631,0.5403682938615536,1,Interleaved
973,173,0,0.016881345095994676,0.645765682601628,1,Interleaved
974,174,0,0.019124297894953343,0.6727335870325682,1,Interleaved
975,175,0,0.47871478149643304,0.5317081786603761,1,Interleaved
976,176,0,0.4931634125184098,0.5337292926218729,1,Interleaved
977,177,0,0.6686294105267215,0.4946206654397831,1,Interleaved
978,178,0,0.8599377099180552,0.48936521546475553,1,Interleaved
979,179,0,0.7590928031964534,0.43503707472568554,1,Interleaved
980,180,0,0.45557494972871715,0.5452440093962694,1,Interleaved
981,181,0,0.4456189942329054,0.626278514926928,1,Interleaved
982,182,0,0.07867906710520453,0.5192769411778424,1,Interleaved
983,183,0,0.7118235129580304,0.6741737336398146,1,Interleaved
984,184,0,0.7671969469421227,0.3877445612018443,1,Interleaved
985,185,0,0.3619038271163573,0.3793196961868096,1,Interleaved
986,186,0,0.10903319539290074,0.8305901887591458,1,Interleaved
987,187,0,0.17524074976444828,0.5661165087050402,1,Interleaved
988,188,0,0.7010171643820493,0.6379595985572722,1,Interleaved
989,189,0,0.5938469364421709,0.4044642282295393,1,Interleaved
990,190,0,0.19052261484505356,0.5700188868560967,1,Interleaved
991,191,0,0.46186977378476834,0.6620481267118163,1,Interleaved
992,192,0,0.9308652612491946,0.5965427822236027,1,Interleaved
993,193,0,0.49680634208194596,0.7280258252775633,1,Interleaved
994,194,0,0.4049473810781542,0.8669353863376699,1,Interleaved
995,195,0,0.8351250725871546,0.4898054819144285,1,Interleaved
996,196,0,0.3642276322365495,0.6453211580043243,1,Interleaved
997,197,0,0.11013226305469104,0.7412003283344963,1,Interleaved
998,198,0,0.8830924474582488,0.57635686427901,1,Interleaved
999,199,0,0.0655676221467194,0.5821734582866576,1,Interleaved
1000,0,0,0.6741094304354199,0.5435677502307621,1,Instructed
1001,1,0,0.3272142153562026,0.4938742416772951,1,Instructed
1002,2,0,0.3067054892454143,0.8397238379705989,1,Instructed
1003,3,0,0.3906121532818231,0.5414115618813836,1,Instructed
1004,4,0,0.06714919646496417,0.4356019445592393,1,Instructed
1005,5,0,0.7510600393832125,0.4844799903427782,1,Instructed
1006,6,0,0.367099678402089,0.5270703636428382,1,Instructed
1007,7,0,0.11146400017872204,0.4541182650043955,1,Instructed
1008,8,0,0.1869683973529337,0.40163760805414517,1,Instructed
1009,9,0,0.8885024417078233,0.6004107045614258,1,Instructed
1010,10,0,0.3981078919533863,0.6237355431302543,1,Instructed
1011,11,0,0.33290377102916174,0.4770883131235944,1,Instructed
1012,12,0,0.06631551330428487,0.36689864854263177,1,Instructed
1013,13,0,0.47850291716750887,0.5693487936320258,1,Instructed
1014,14,0,0.6880103300107365,0.5074920107033722,1,Instructed
1015,15,0,0.9066892128429846,0.44968589708671114,1,Instructed
1016,16,0,0.6128887552165135,0.35887101115823083,1,Instructed
1017,17,0,0.4740794931303962,0.47056938461679854,1,Instructed
1018,18,0,0.5897441629897355,0.5139977341959783,1,Instructed
1019,19,0,0.4428981227340538,0.38643598288921416,1,Instructed
1020,20,0,0.7500312903808052,0.487409651003087,1,Instructed
1021,21,0,0.10867483057619533,0.3164356423743797,1,Instructed
1022,22,0,0.62243577308119,0.43033939323125164,1,Instructed
1023,23,0,0.09624060938111713,0.5999216939710803,1,Instructed
1024,24,0,0.6676128779038095,0.6728391782857538,1,Instructed
1025,25,0,0.7080222184531747,0.5970630211283005,1,Instructed
1026,26,0,0.7648812001335933,0.5784654773893925,1,Instructed
1027,27,0,0.049496467985189564,0.6056728551882258,1,Instructed
1028,28,0,0.03355942742987971,0.7357944951664195,1,Instructed
1029,29,0,0.5520591232569463,0.7268768813766613,1,Instructed
1030,30,0,0.3779271711443899,0.5072393698991059,1,Instructed
1031,31,0,0.8400401614920785,0.5950127620473813,1,Instructed
1032,32,0,0.3631034763236373,0.41667163016848724,1,Instructed
1033,33,0,0.7684631065360672,0.48315198402102866,1,Instructed
1034,34,0,0.3304523281177446,0.4733674919423776,1,Instructed
1035,35,0,0.7061301530728343,0.5220607577177988,1,Instructed
1036,36,0,0.3385342017231828,0.5723361302321434,1,Instructed
1037,37,0,0.9638045987735915,0.41534932120684337,1,Instructed
1038,38,0,0.4936970115112418,0.5132127966012863,1,Instructed
1039,39,0,0.1489688905817756,0.354269120753929,1,Instructed
1040,40,0,0.47886409287219445,0.635245376361782,1,Instructed
1041,41,0,0.08977654195030961,0.8260532367265929,1,Instructed
1042,42,0,0.5017762592904167,0.7644235278002502,1,Instructed
1043,43,0,0.4322384798558702,0.5238819312461853,1,Instructed
1044,44,0,0.026045187488163368,0.7849120695788725,1,Instructed
1045,45,0,0.7081985812088604,0.41710259298969865,1,Instructed
1046,46,0,0.9433768356362693,0.49048594884957086,1,Instructed
1047,47,0,0.515470101231899,0.4630774889649615,1,Instructed
1048,48,0,0.4011014629011946,0.5983484442772229,1,Instructed
1049,49,0,0.5427123407829267,0.5250529458065405,1,Instructed
1050,50,0,0.8852314367924348,0.3262367602306464,1,Instructed
1051,51,0,0.586246484968084,0.39300557180726237,1,Instructed
1052,52,0,0.5127448204512127,0.4881075450398729,1,Instructed
1053,53,0,0.4791709939348962,0.5613330930728228,1,Instructed
1054,54,0,0.5715360052154256,0.6598334917131934,1,Instructed
1055,55,0,0.5091244458961816,0.6396096247417615,1,Instructed
1056,56,0,0.9985776575206212,0.46390979775713254,1,Instructed
1057,57,0,0.4391481181558594,0.531311519327528,1,Instructed
1058,58,0,0.12592365484282744,0.9787758774585449,1,Instructed
1059,59,0,0.5127980964143749,0.3903236625716825,1,Instructed
1060,60,0,0.05634584122533827,0.6445987983619119,1,Instructed
1061,61,0,0.448979402786735,0.3255392025795608,1,Instructed
1062,62,0,0.07243699236295131,0.5873564561326647,1,Instructed
1063,63,0,0.43433281437341004,0.4396474443981272,1,Instructed
1064,64,0,0.7349918697146386,0.5023525694295228,1,Instructed
1065,65,0,0.4453336900949955,0.669141189985973,1,Instructed
1066,66,0,0.9042192587886839,0.39440775220695556,1,Instructed
1067,67,0,0.5213736257469549,0.5106586185527829,1,Instructed
1068,68,0,0.5717561956482118,0.5306009673395932,1,Instructed
1069,69,0,0.09598844423593496,0.48175932041251573,1,Instructed
1070,70,0,0.547091012094812,0.39757432071122273,1,Instructed
1071,71,0,0.747304554761258,0.44881812966735335,1,Instructed
1072,72,0,0.4574032198497794,0.48443981780166767,1,Instructed
1073,73,0,0.47289994149516573,0.6622648185440556,1,Instructed
1074,74,0,0.9662987741465655,0.4014609740215671,1,Instructed
1075,75,0,0.5712550530928515,0.2809152457038413,1,Instructed
1076,76,0,0.5989428494253468,0.35108690135928267,1,Instructed
1077,77,0,0.8732281662114736,0.4515629399624046,1,Instructed
1078,78,0,0.32901243364956645,0.39549802944909207,1,Instructed
1079,79,0,0.2134332285113465,0.4481459258045728,1,Instructed
1080,80,0,0.1509764393801524,0.6509800495110469,1,Instructed
1081,81,0,0.20076554812365344,0.5221526259805745,1,Instructed
1082,82,0,0.3883642215575143,0.3688896152399599,1,Instructed
1083,83,0,0.3108952657755194,0.5899293310803371,1,Instructed
1084,84,0,0.35021872693205425,0.522098139687385,1,Instructed
1085,85,0,0.013286006327026215,0.5826442633478226,1,Instructed
1086,86,0,0.8664191895854125,0.4261072326771953,1,Instructed
1087,87,0,0.2969390005058798,0.5792256892056189,1,Instructed
1088,88,0,0.47300038973930425,0.5407598039835441,1,Instructed
1089,89,0,0.8350221712949519,0.5236057749046444,1,Instructed
1090,90,0,0.5585921641258572,0.3630780116747705,1,Instructed
1091,91,0,0.1639558000301204,0.5995791218803772,1,Instructed
1092,92,0,0.30432356676676936,0.4262036756319652,1,Instructed
1093,93,0,0.2751018328409053,0.457400287668236,1,Instructed
1094,94,0,0.1838885362749586,0.6103291840675533,1,Instructed
1095,95,0,0.43671169924054437,0.3602826447105158,1,Instructed
1096,96,0,0.7660569457800548,0.4406315326808301,1,Instructed
1097,97,0,0.45071246516987,0.6789218716975003,1,Instructed
1098,98,0,0.6501838817119138,0.4261195661081585,1,Instructed
1099,99,0,0.6407658708637956,0.5306378100628744,1,Instructed
1100,100,0,0.3721399732626666,0.5399092278579256,1,Instructed
1101,101,0,0.6970052545288666,0.47439900262054246,1,Instructed
1102,102,0,0.7964565801119261,0.5799997250701205,1,Instructed
1103,103,0,0.5718120281202295,0.562941406306261,1,Instructed
1104,104,0,0.3852236438367591,0.4928232768500764,1,Instructed
1105,105,0,0.4408987817745852,1.0248194794715038,1,Instructed
1106,106,0,0.7307574818029509,0.41795136392998167,1,Instructed
1107,107,0,0.9658344205717454,0.4450977985651351,1,Instructed
1108,108,0,0.41018121191609863,0.684223607752263,1,Instructed
1109,109,0,0.5500077696362116,0.45939775475709876,1,Instructed
1110,110,0,0.3515574721413676,0.5603437842266115,1,Instructed
1111,111,0,0.682250799855994,0.4900869173043656,1,Instructed
1112,112,0,0.6761233340552861,0.4737184343661547,1,Instructed
1113,113,0,0.17898102669681604,0.5252577807396441,1,Instructed
1114,114,0,0.17406848186018264,0.5633035967878428,1,Instructed
1115,115,0,0.5963251919326036,0.5868618381583612,1,Instructed
1116,116,0,0.840936203089869,0.5342088171931278,1,Instructed
1117,117,0,0.4128342684231555,0.5313180253221153,1,Instructed
1118,118,0,0.7648812412050772,0.44344386266535896,1,Instructed
1119,119,0,0.15945048912983445,0.3639310309861901,1,Instructed
1120,120,0,0.5097000842356085,0.5354547367617182,1,Instructed
1121,121,0,0.30315324286061324,0.4947038496964804,1,Instructed
1122,122,0,0.3549992177689485,0.4269535070410141,1,Instructed
1123,123,0,0.7304356948711669,0.5099221580539591,1,Instructed
1124,124,0,0.5051338825539164,0.5940808587323467,1,Instructed
1125,125,0,0.2097357904758036,0.49616041634852354,1,Instructed
1126,126,0,0.8952676369436843,0.5668863865152185,1,Instructed
1127,127,0,0.1933196696515122,0.5115017060983172,1,Instructed
1128,128,0,0.049634835160268974,0.5859889060389771,1,Instructed
1129,129,0,0.5111440025323105,0.5586165372755109,1,Instructed
1130,130,0,0.5090594755764486,0.3410551320071219,1,Instructed
1131,131,0,0.6813285300741868,0.5145458507027676,1,Instructed
1132,132,0,0.2725938150652175,0.5541209654590822,1,Instructed
1133,133,0,0.3522442353056116,0.5187252689107604,1,Instructed
1134,134,0,0.08773705871890264,0.5551705445803435,1,Instructed
1135,135,0,0.23684513068281626,0.5423917405258873,1,Instructed
1136,136,0,0.23312568462513428,0.5024900795545448,1,Instructed
1137,137,0,0.7126937462404095,0.32642848469402086,1,Instructed
1138,138,0,0.45697260525316435,0.5314168519856964,1,Instructed
1139,139,0,0.9385471656274653,0.438108990070108,1,Instructed
1140,140,0,0.788874416295859,0.41303885975934695,1,Instructed
1141,141,0,0.6527906993689618,0.48186148792725647,1,Instructed
1142,142,0,0.8926866355891949,0.3499872410535044,1,Instructed
1143,143,0,0.6374093308545993,0.65013808781056,1,Instructed
1144,144,0,0.2027621279598658,0.47631836259219457,1,Instructed
1145,145,0,0.25933671333897956,0.5032845517533443,1,Instructed
1146,146,0,0.5071461375207502,0.4879201292381268,1,Instructed
1147,147,0,0.20010934199823746,0.6713982173247509,1,Instructed
1148,148,0,0.9442500193228891,0.4074435464729988,1,Instructed
1149,149,0,0.9507296253114692,0.596468556942672,1,Instructed
1150,150,0,0.23597816720269987,0.44198664668706245,1,Instructed
1151,151,0,0.4966351004298799,0.4959470137430632,1,Instructed
1152,152,0,0.6838369413957522,0.6171429208378871,1,Instructed
1153,153,0,0.33074489166851756,0.46227504218430304,1,Instructed
1154,154,0,0.7814529617301362,0.5368893438919644,1,Instructed
1155,155,0,0.4873770964898301,0.4647339375926806,1,Instructed
1156,156,0,0.5864039221316109,0.5017518257125071,1,Instructed
1157,157,0,0.07241796644736125,0.6462900670032902,1,Instructed
1158,158,0,0.773876134718049,0.6011185809276725,1,Instructed
1159,159,0,0.9829030585114107,0.5024322038940001,1,Instructed
1160,160,0,0.3704166793038996,0.5704817317041649,1,Instructed
1161,161,0,0.1304803993068706,0.49644599330649375,1,Instructed
1162,162,0,0.9443179963000146,0.46279711643953914,1,Instructed
1163,163,0,0.13707151358838948,0.6469812293681403,1,Instructed
1164,164,0,0.8165210351907679,0.3719215945201093,1,Instructed
1165,165,0,0.8583775587236775,0.4942101970745657,1,Instructed
1166,166,0,0.8837415066659151,0.37014977738308313,1,Instructed
1167,167,0,0.5797198097181986,0.4380191778947133,1,Instructed
1168,168,0,0.5290400475213731,0.33560720901525004,1,Instructed
1169,169,0,0.44297308138301156,0.6670230701640054,1,Instructed
1170,170,0,0.4886710345041666,0.47008318115472925,1,Instructed
1171,171,0,0.6505695003288624,0.3840216010588795,1,Instructed
1172,172,0,0.5055216260646472,0.5340253168373146,1,Instructed
1173,173,0,0.3359498451566642,0.5341224968696265,1,Instructed
1174,174,0,0.25113371205639795,0.6436984177622188,1,Instructed
1175,175,0,0.16760157511171453,0.4431542121829446,1,Instructed
1176,176,0,0.03442247156679848,0.5095932634766084,1,Instructed
1177,177,0,0.18835310693814095,0.6199908252614532,1,Instructed
1178,178,0,0.5722548995270247,0.5809501914957138,1,Instructed
1179,179,0,0.4377110643424623,0.5430842743675306,1,Instructed
1180,180,0,0.5511111349819476,0.4732736571007523,1,Instructed
1181,181,0,0.39839324026282624,0.853833202088137,1,Instructed
1182,182,0,0.3115215889283709,0.5954316000089569,1,Instructed
1183,183,0,0.711714498435881,0.4451193929378341,1,Instructed
1184,184,0,0.615137096415725,0.4827258273874171,1,Instructed
1185,185,0,0.5104690410109418,0.43280278958218044,1,Instructed
1186,186,0,0.9537571874408849,0.49063116999946166,1,Instructed
1187,187,0,0.3134721074462068,0.4946202628566535,1,Instructed
1188,188,0,0.4615565347845864,0.4362923910528491,1,Instructed
1189,189,0,0.39530985842719435,0.5246839918517066,1,Instructed
1190,190,0,0.3306415976981759,0.42455178588579473,1,Instructed
1191,191,0,0.7518402854143543,0.47473936378695236,1,Instructed
1192,192,0,0.5025770754892611,0.5230770614802749,1,Instructed
1193,193,0,0.1372463996096387,0.5765559973368255,1,Instructed
1194,194,0,0.48742218281258826,0.48029058727273866,1,Instructed
1195,195,0,0.381006870059955,0.4479504415172721,1,Instructed
1196,196,0,0.5073039587821797,0.6476756076244425,1,Instructed
1197,197,0,0.9581657427558499,0.46109740216487616,1,Instructed
1198,198,0,0.8896089146040549,0.35764689929016075,1,Instructed
1199,199,0,0.14481011763284796,0.5351085737530796,1,Instructed
