,t,e_hat,Accuracy,pe,batch,Condition
0,0,0,0.21610809145438745,0.932212126749965,0,Blocked
1,1,0,0.5046595029426919,0.5999043112042576,0,Blocked
2,2,0,0.12017375848363063,0.4749930902595289,0,Blocked
3,3,0,0.9838448585694444,0.4160092597279365,0,Blocked
4,4,0,0.7003750345318281,0.44408874668098464,0,Blocked
5,5,0,0.4672039344960904,0.4471734454977662,0,Blocked
6,6,0,0.7835590623153487,0.6217339128495343,0,Blocked
7,7,0,0.3230965003531869,0.5398852763543304,0,Blocked
8,8,0,0.48627317238873324,0.6159486893426636,0,Blocked
9,9,0,0.9210310428477597,0.3762471369993211,0,Blocked
10,10,0,0.507124248778127,0.7376939507458705,0,Blocked
11,11,0,0.9005367369346868,0.5521792082582875,0,Blocked
12,12,0,0.5282247145005269,0.5585761049459983,0,Blocked
13,13,0,0.7167492450955274,0.46218290284820374,0,Blocked
14,14,0,0.26880667836301847,0.5598661234920421,0,Blocked
15,15,0,0.5273665258118534,0.5429636559846728,0,Blocked
16,16,0,0.5288130757927061,0.49198574563903263,0,Blocked
17,17,0,0.8167658319014144,0.37588008142133167,0,Blocked
18,18,0,0.5063857975126593,0.7794006851053342,0,Blocked
19,19,0,0.9865214233668247,0.6393488872724626,0,Blocked
20,20,0,0.9179461465397347,0.5526883008194969,0,Blocked
21,21,0,0.9818884096718488,0.5666222222427256,0,Blocked
22,22,0,0.9030190577439177,0.4951973811994223,0,Blocked
23,23,0,0.695469016211244,0.5786295677795408,0,Blocked
24,24,0,0.9362228713143682,0.5145158828521106,0,Blocked
25,25,0,0.3030369801129872,0.6796541336101038,0,Blocked
26,26,0,0.9067083086927035,0.5187155807012445,0,Blocked
27,27,0,0.03940345893864677,0.6160727967781714,0,Blocked
28,28,0,0.3762687159413314,0.5117297154101926,0,Blocked
29,29,0,0.28351501755074543,0.6827354996348388,0,Blocked
30,30,0,0.21783477835557674,0.46315493793071194,0,Blocked
31,31,0,0.5225547760231176,0.7227273004819861,0,Blocked
32,32,0,0.48548788838980894,0.6209935869404977,0,Blocked
33,33,0,0.9069304306747153,0.4089791917091594,0,Blocked
34,34,0,0.5604081959692377,0.4518790473120089,0,Blocked
35,35,0,0.842141635961156,0.5355333543112539,0,Blocked
36,36,0,0.8117816635956652,0.4446401701851195,0,Blocked
37,37,0,0.6221278501835047,0.43591909659072636,0,Blocked
38,38,0,0.988155934311588,0.6219796164656384,0,Blocked
39,39,0,0.6341721910841732,0.41346766989870753,0,Blocked
40,40,0,0.00022917596406360596,0.8339658978608899,0,Blocked
41,41,0,0.005383667667898505,0.7678747681674725,0,Blocked
42,42,0,0.9201548435854534,0.5412953070047646,0,Blocked
43,43,0,0.9740627531495036,0.5211726101612717,0,Blocked
44,44,0,0.6558463438767284,0.6281214543556428,0,Blocked
45,45,0,0.505330077987177,0.6284629198025065,0,Blocked
46,46,0,0.3861899575990706,0.7372058686034375,0,Blocked
47,47,0,0.16012524852859356,0.5161534097581808,0,Blocked
48,48,0,0.1399041742651839,0.6136987211656593,0,Blocked
49,49,0,0.25389259876567066,0.5889916718423482,0,Blocked
50,50,0,0.49005360636387085,0.5335295460909864,0,Blocked
51,51,0,0.632505294039649,0.7283119370251976,0,Blocked
52,52,0,0.22597631663775616,0.46618923648224614,0,Blocked
53,53,0,0.9834536406667522,0.5631414856228154,0,Blocked
54,54,0,0.04290506699780055,0.9994557025261752,0,Blocked
55,55,0,0.48645049043692323,0.4889058917437585,0,Blocked
56,56,0,0.8861050274736259,0.6624287709733585,0,Blocked
57,57,0,0.10495676745509522,0.7316314212529642,0,Blocked
58,58,0,0.49044803593934017,0.6750535377997071,0,Blocked
59,59,0,0.3245805379737177,0.7913473557478022,0,Blocked
60,60,0,0.7079573205438598,0.5022323691892701,0,Blocked
61,61,0,0.6917706609813151,0.5342311266859898,0,Blocked
62,62,0,0.43759075496413535,0.7058357962014036,0,Blocked
63,63,0,0.5915098797896633,0.6649378413097876,0,Blocked
64,64,0,0.5002495115879854,0.5360046116043798,0,Blocked
65,65,0,0.4774181813325229,0.7521800687531232,0,Blocked
66,66,0,0.5049147301129152,0.5862008769594595,0,Blocked
67,67,0,0.1476402632250869,0.6144766768312999,0,Blocked
68,68,0,0.8696795202453789,0.43528055251610986,0,Blocked
69,69,0,0.6261427730234537,0.5103524062372562,0,Blocked
70,70,0,0.6252769114372086,0.5981684184562021,0,Blocked
71,71,0,0.6139680572285218,0.6142823137940627,0,Blocked
72,72,0,0.3619913490746517,0.5921896871916217,0,Blocked
73,73,0,0.8310228876646336,0.5379429482697995,0,Blocked
74,74,0,0.2262003710901374,0.7033439468360483,0,Blocked
75,75,0,0.18065691781126308,0.6906590920111914,0,Blocked
76,76,0,0.40066286138300916,0.5987424082046271,0,Blocked
77,77,0,0.5020916134689158,0.5726679824045217,0,Blocked
78,78,0,0.559746973918156,0.49819023539443735,0,Blocked
79,79,0,0.5292342102230008,0.4581498687261588,0,Blocked
80,80,0,0.13858746548229184,0.5315454235514766,0,Blocked
81,81,0,0.026375993513726034,0.7089402657378365,0,Blocked
82,82,0,0.8544550266874509,0.6701814798714725,0,Blocked
83,83,0,0.06993226619448456,0.4646311216163377,0,Blocked
84,84,0,0.15425941080537897,0.7908984239264236,0,Blocked
85,85,0,0.5813611536104077,0.5695859603702891,0,Blocked
86,86,0,0.28552423401250393,0.7911763775579934,0,Blocked
87,87,0,0.14440344562653115,0.6992476926005924,0,Blocked
88,88,0,0.3144143238666406,0.562770458547641,0,Blocked
89,89,0,0.6609918893374271,0.6033767837322784,0,Blocked
90,90,0,0.35527809029417223,0.6412460261050725,0,Blocked
91,91,0,0.9642391526058754,0.5580643013393207,0,Blocked
92,92,0,0.07018266033482282,0.6742357594025328,0,Blocked
93,93,0,0.4795262723488853,0.6443756001349846,0,Blocked
94,94,0,0.5049554485029301,0.7880570467792851,0,Blocked
95,95,0,0.816833498880736,0.6411146547913356,0,Blocked
96,96,0,0.7384432135129997,0.6147621369718967,0,Blocked
97,97,0,0.9393150078367525,0.5641463616275215,0,Blocked
98,98,0,0.1330710725724501,0.6180042847016767,0,Blocked
99,99,0,0.5682265935073005,0.6149577599585263,0,Blocked
100,100,0,0.39423630462981946,0.6434115440718071,0,Blocked
101,101,0,0.27010465935342237,0.5884432838518865,0,Blocked
102,102,0,0.6230011955951957,0.45197518837188677,0,Blocked
103,103,0,0.570138363377497,0.6593755042381367,0,Blocked
104,104,0,0.3232086238695244,0.5346369147031821,0,Blocked
105,105,0,0.7602889340864917,0.6284048113629486,0,Blocked
106,106,0,0.8988168177017071,0.5757196565433268,0,Blocked
107,107,0,0.18765387577853293,0.5643723399831921,0,Blocked
108,108,0,0.6390780010663171,0.5136509077800269,0,Blocked
109,109,0,0.3560067956008558,0.5391829600387396,0,Blocked
110,110,0,0.07444073385484119,0.6881073679547063,0,Blocked
111,111,0,0.8378288957144289,0.48795912320878937,0,Blocked
112,112,0,0.5112178983034052,0.4643388437846112,0,Blocked
113,113,0,0.40336068672287734,0.5712026522803625,0,Blocked
114,114,0,0.1504223699315183,0.7321833194190486,0,Blocked
115,115,0,0.5708166612469956,0.6024266718474505,0,Blocked
116,116,0,0.4995443442653174,0.8081722534197135,0,Blocked
117,117,0,0.5518596943882969,1.194441327957678,0,Blocked
118,118,0,0.6286950605970634,0.5362106842613341,0,Blocked
119,119,0,0.45490370018814896,0.7029547436138807,0,Blocked
120,120,0,0.5445505023086175,0.5890534878283504,0,Blocked
121,121,0,0.4713838938800093,0.5500969708738912,0,Blocked
122,122,0,0.5994078495088682,0.5717155870461457,0,Blocked
123,123,0,0.2451094075478634,0.6795771350142605,0,Blocked
124,124,0,0.1352240124411631,0.6606790245358927,0,Blocked
125,125,0,0.5124751293718528,0.5313836382215356,0,Blocked
126,126,0,0.1325725311248853,0.5741993626217672,0,Blocked
127,127,0,0.9085125629066644,0.6710858793774565,0,Blocked
128,128,0,0.5497794511963751,0.4980658886008258,0,Blocked
129,129,0,0.4719239183495868,0.6752329368411837,0,Blocked
130,130,0,0.5012920278025466,0.689436621673316,0,Blocked
131,131,0,0.4282107237540024,0.7634144859245333,0,Blocked
132,132,0,0.920891359944537,0.5265511561359433,0,Blocked
133,133,0,0.6576136369162137,0.7240014221699191,0,Blocked
134,134,0,0.8323826551149566,0.7521851444203204,0,Blocked
135,135,0,0.17241189584510466,0.8304545254783349,0,Blocked
136,136,0,0.48892630431370304,0.8166621785467971,0,Blocked
137,137,0,0.5300929852936362,0.6563224041277562,0,Blocked
138,138,0,0.29603612394399376,0.8300651912124228,0,Blocked
139,139,0,0.3048066341019313,0.7412474340998223,0,Blocked
140,140,0,0.7104406115941759,0.47364195225906025,0,Blocked
141,141,0,0.10283705813112382,0.593500859667736,0,Blocked
142,142,0,0.8927436253726033,0.43237870284623275,0,Blocked
143,143,0,0.5501853934237575,0.5360192707804627,0,Blocked
144,144,0,0.5200565550255519,0.6462153149597726,0,Blocked
145,145,0,0.7060689998358457,0.6452567109931724,0,Blocked
146,146,0,0.029201953537795027,0.7753113093035138,0,Blocked
147,147,0,0.9439350730649739,0.42584942762518047,0,Blocked
148,148,0,0.5302227309914137,0.5100321059734444,0,Blocked
149,149,0,0.5547697484395175,0.4197961289753357,0,Blocked
150,150,0,0.6248122631797709,0.624860994135378,0,Blocked
151,151,0,0.629026627631964,0.46801970498260814,0,Blocked
152,152,0,0.6013166099528934,0.6034218357675061,0,Blocked
153,153,0,0.44106756081985865,0.7100173221852724,0,Blocked
154,154,0,0.3799673618469439,0.7749788649046776,0,Blocked
155,155,0,0.5142599741174414,0.5900678223440413,0,Blocked
156,156,0,0.4520383189446333,0.7038827300456183,0,Blocked
157,157,0,0.38634389721594503,0.5464810832926318,0,Blocked
158,158,0,0.950210579450405,0.6196110593198313,0,Blocked
159,159,0,0.21108084106234626,0.6611972335336064,0,Blocked
160,160,0,0.9305822080066972,0.4613919115974249,0,Blocked
161,161,0,0.9886686832900253,0.45086660859301037,0,Blocked
162,162,0,0.9905037544638448,0.5644557537428596,0,Blocked
163,163,0,0.4359965163409881,0.5092651811996932,0,Blocked
164,164,0,0.5011020300921735,0.5604938875784767,0,Blocked
165,165,0,0.6267588334630647,0.6306267383392008,0,Blocked
166,166,0,0.9242998825427445,0.4751301797095109,0,Blocked
167,167,0,0.9661080867149712,0.9060634554664757,0,Blocked
168,168,0,0.7673468141445495,0.6544790462434693,0,Blocked
169,169,0,0.3698859315041816,0.8023607570737052,0,Blocked
170,170,0,0.12840790862104376,0.6881100620387308,0,Blocked
171,171,0,0.6087306807803484,0.5545492910455506,0,Blocked
172,172,0,0.3139737978708041,0.6057959127284467,0,Blocked
173,173,0,0.7149396032140942,0.7204742099013413,0,Blocked
174,174,0,0.5197210006589599,0.5730201120737032,0,Blocked
175,175,0,0.6028677824729345,0.5753034138448667,0,Blocked
176,176,0,0.3484688589972159,0.8754221638334709,0,Blocked
177,177,0,0.4584441393386763,0.5548315272151605,0,Blocked
178,178,0,0.8998719990326354,0.4830461142903274,0,Blocked
179,179,0,0.8862690332516532,0.46220610993260014,0,Blocked
180,180,0,0.07186301501214966,0.6644924174309944,0,Blocked
181,181,0,0.6282552264222244,0.4349624002483196,0,Blocked
182,182,0,0.8736137419715047,0.7059396293516624,0,Blocked
183,183,0,0.5176986809562202,0.6314452045609626,0,Blocked
184,184,0,0.8889098639824333,0.4244873216686576,0,Blocked
185,185,0,0.06669917604077605,0.769158937949711,0,Blocked
186,186,0,0.4807100571766256,0.6318908301617502,0,Blocked
187,187,0,0.7699026142927798,0.5281602945568242,0,Blocked
188,188,0,0.36169521202539756,0.8107997470918457,0,Blocked
189,189,0,0.6795741135323605,0.781477455146922,0,Blocked
190,190,0,0.41611503657181304,0.5773154692397784,0,Blocked
191,191,0,0.981626351333624,0.6309490401578769,0,Blocked
192,192,0,0.9821420208700007,0.7311746957476412,0,Blocked
193,193,0,0.5914053655492444,0.8582332911043864,0,Blocked
194,194,0,0.055864960903055365,0.9063406829653338,0,Blocked
195,195,0,0.03992467225834324,0.8206461182078442,0,Blocked
196,196,0,0.11925085973354446,0.7413874728051183,0,Blocked
197,197,0,0.5458374279565262,0.6674336853673817,0,Blocked
198,198,0,0.10028821968005353,0.6026481583625373,0,Blocked
199,199,0,0.5090491689673333,0.6250620878290929,0,Blocked
200,0,0,0.5972235402036827,0.6791899137087073,0,Interleaved
201,1,0,0.06332383320622025,1.1132069569618894,0,Interleaved
202,2,0,0.7637805821464981,0.4333525139973713,0,Interleaved
203,3,0,0.5052862290944287,0.9621183737788581,0,Interleaved
204,4,0,0.4550190616505301,0.761080092913515,0,Interleaved
205,5,0,0.8203634719638209,0.7700573086350085,0,Interleaved
206,6,0,0.6589016202432564,0.4308676251198238,0,Interleaved
207,7,0,0.5989256993451315,0.5386091690997219,0,Interleaved
208,8,0,0.0394451965222003,0.5576697021051327,0,Interleaved
209,9,0,0.4167356814115393,0.5103294202921407,0,Interleaved
210,10,0,0.2112005305514104,0.6920554486308146,0,Interleaved
211,11,0,0.3063228038459864,0.5275583065407247,0,Interleaved
212,12,0,0.1313121604336138,0.555744806122216,0,Interleaved
213,13,0,0.19609898118197677,0.6417611847647073,0,Interleaved
214,14,0,0.9081331467991356,0.5474544169319175,0,Interleaved
215,15,0,0.8355507147353378,0.5374780972202913,0,Interleaved
216,16,0,0.7489751611390755,0.6072956919344692,0,Interleaved
217,17,0,0.2611965099127385,0.5545918258053626,0,Interleaved
218,18,0,0.563346691784246,0.48821440957181916,0,Interleaved
219,19,0,0.7115248779325468,0.5000383513702648,0,Interleaved
220,20,0,0.15934449639029258,0.5817168438630035,0,Interleaved
221,21,0,0.6157348768734074,0.5945809165184394,0,Interleaved
222,22,0,0.3511196717708672,0.5226444562635845,0,Interleaved
223,23,0,0.07191687077937382,0.5751771664983769,0,Interleaved
224,24,0,0.3432443373776918,0.697865478815993,0,Interleaved
225,25,0,0.27424964072663466,0.7938980180005468,0,Interleaved
226,26,0,0.8055690735029146,0.5155588135620753,0,Interleaved
227,27,0,0.5829325729743466,0.6259308210623304,0,Interleaved
228,28,0,0.4887963069299062,0.4242751621368934,0,Interleaved
229,29,0,0.8718187113494631,0.4216748451487975,0,Interleaved
230,30,0,0.5181754246323783,0.47193535793851216,0,Interleaved
231,31,0,0.6169487339846846,0.4273617119338494,0,Interleaved
232,32,0,0.4524057813673904,0.6017324113253788,0,Interleaved
233,33,0,0.9862195058440666,0.4607325145635199,0,Interleaved
234,34,0,0.5220659883887124,0.5340416712937979,0,Interleaved
235,35,0,0.7987330780282844,0.6759543794616383,0,Interleaved
236,36,0,0.30027894478519834,0.7287733255210926,0,Interleaved
237,37,0,0.5203398683619698,0.5190488262089459,0,Interleaved
238,38,0,0.9953492089099131,0.7614830234526779,0,Interleaved
239,39,0,0.521916175722216,0.6467900825611348,0,Interleaved
240,40,0,0.13537358555677625,0.7408972839798929,0,Interleaved
241,41,0,0.7036452809209419,0.37851193402219807,0,Interleaved
242,42,0,0.12715690670454477,0.6300100793946006,0,Interleaved
243,43,0,0.9397244140416949,0.6590921336554518,0,Interleaved
244,44,0,0.27136619207709545,0.6562613421757804,0,Interleaved
245,45,0,0.6392236526192024,0.5506417099524908,0,Interleaved
246,46,0,0.14884407767332725,0.652820849939396,0,Interleaved
247,47,0,0.31424580206900704,0.5835299201760765,0,Interleaved
248,48,0,0.39953099074235526,0.563617967199864,0,Interleaved
249,49,0,0.31309215939926116,0.6427060746655473,0,Interleaved
250,50,0,0.9790478501164059,0.38935532171666015,0,Interleaved
251,51,0,0.5924880755013375,0.5810008326012763,0,Interleaved
252,52,0,0.41107066303477513,0.6288674863183741,0,Interleaved
253,53,0,0.0357767974592984,0.6592441579616232,0,Interleaved
254,54,0,0.6313833000087578,0.5035819985912321,0,Interleaved
255,55,0,0.40642369504252923,0.6780324023177573,0,Interleaved
256,56,0,0.09404577364791258,0.6193032234321543,0,Interleaved
257,57,0,0.4758201415958785,0.5085496260142601,0,Interleaved
258,58,0,0.5901288906630795,0.5177570475534167,0,Interleaved
259,59,0,0.8377476184487034,0.4941351517651477,0,Interleaved
260,60,0,0.9205720756806284,0.548147784571023,0,Interleaved
261,61,0,0.580570332588574,0.43434410004964985,0,Interleaved
262,62,0,0.20187368681091086,0.5223031170287267,0,Interleaved
263,63,0,0.2841287585304934,0.5607902339518116,0,Interleaved
264,64,0,0.629656329625495,0.38519892632778197,0,Interleaved
265,65,0,0.754866260188378,0.3988903806637252,0,Interleaved
266,66,0,0.2138394000692723,0.5962081221669888,0,Interleaved
267,67,0,0.3271557469042966,0.49370417266670186,0,Interleaved
268,68,0,0.56366239766711,0.5813728813749669,0,Interleaved
269,69,0,0.8848172981814069,0.5770880407982386,0,Interleaved
270,70,0,0.8224089086697594,0.8064211846422815,0,Interleaved
271,71,0,0.4657533850745283,1.0062069442355281,0,Interleaved
272,72,0,0.6425716205656105,0.45732850195161456,0,Interleaved
273,73,0,0.3122172639587625,0.677632724631247,0,Interleaved
274,74,0,0.8831205994530607,0.6199561063240414,0,Interleaved
275,75,0,0.4581408823962099,0.596253426387281,0,Interleaved
276,76,0,0.9747654373499359,0.512540285503611,0,Interleaved
277,77,0,0.5243988572079237,0.6110507559724181,0,Interleaved
278,78,0,0.32007471516220065,0.6836793987471731,0,Interleaved
279,79,0,0.9875795910148784,0.5329540684074503,0,Interleaved
280,80,0,0.5058814313572008,0.5040296073437112,0,Interleaved
281,81,0,0.8737749701229889,0.3712354767744094,0,Interleaved
282,82,0,0.13498032312306343,0.7914811154500236,0,Interleaved
283,83,0,0.09758854756675793,0.45236314917116105,0,Interleaved
284,84,0,0.4575634446719582,0.531420013468758,0,Interleaved
285,85,0,0.8116044193937179,0.5218691195355871,0,Interleaved
286,86,0,0.6938866974104071,0.26682081839471805,0,Interleaved
287,87,0,0.2870563530469969,0.5973733190364704,0,Interleaved
288,88,0,0.12851213696208005,0.7104630161585905,0,Interleaved
289,89,0,0.6694295941645623,0.506487509671142,0,Interleaved
290,90,0,0.49018151089732287,0.5176486296640288,0,Interleaved
291,91,0,0.7178231338946681,0.5381736023333694,0,Interleaved
292,92,0,0.8530627027876103,0.5911429126858749,0,Interleaved
293,93,0,0.24665945707624248,0.5834559336930883,0,Interleaved
294,94,0,0.4323858619564745,0.494470776134102,0,Interleaved
295,95,0,0.10023397868765939,0.4611990409161396,0,Interleaved
296,96,0,0.5344486278648795,0.4349404677553128,0,Interleaved
297,97,0,0.8993741358214433,0.5169421422827436,0,Interleaved
298,98,0,0.7960824274032532,0.5905288787133116,0,Interleaved
299,99,0,0.23024087776595603,0.7161371229333477,0,Interleaved
300,100,0,0.5341981863765817,0.6296723734501553,0,Interleaved
301,101,0,0.35456734489677777,0.38002258886881757,0,Interleaved
302,102,0,0.20996377938572736,0.6042900096887551,0,Interleaved
303,103,0,0.9042704284067475,0.540278412153858,0,Interleaved
304,104,0,0.5238418900170794,0.5478003222360567,0,Interleaved
305,105,0,0.2637829699557158,0.5711605917963465,0,Interleaved
306,106,0,0.8660605917100399,0.5378817196058098,0,Interleaved
307,107,0,0.6670023259334898,0.49922915802745366,0,Interleaved
308,108,0,0.529221365331118,0.6282281241690673,0,Interleaved
309,109,0,0.716676383097113,0.5150232030694029,0,Interleaved
310,110,0,0.9472374587428445,0.5247023711700853,0,Interleaved
311,111,0,0.524005974284716,0.5351296681362712,0,Interleaved
312,112,0,0.06658003542921159,0.765775217017074,0,Interleaved
313,113,0,0.7976127993346203,0.5329156181335205,0,Interleaved
314,114,0,0.824917204561163,0.49257487944384826,0,Interleaved
315,115,0,0.16519889298779586,0.5755999578361197,0,Interleaved
316,116,0,0.7414015158406307,0.5465423844753499,0,Interleaved
317,117,0,0.45077331370544227,0.5122580726676338,0,Interleaved
318,118,0,0.9682106416744181,0.4865090414794263,0,Interleaved
319,119,0,0.48534788222498665,0.7016303808332085,0,Interleaved
320,120,0,0.9915745586309199,0.4515330568866437,0,Interleaved
321,121,0,0.4871275455662167,0.7015764229574335,0,Interleaved
322,122,0,0.023842775884515357,0.631175484475178,0,Interleaved
323,123,0,0.07279552438913635,0.7699694110170808,0,Interleaved
324,124,0,0.1468376062942887,0.5025062978697561,0,Interleaved
325,125,0,0.5661026762608743,0.5874065792732484,0,Interleaved
326,126,0,0.9230630791601266,0.5841998675121115,0,Interleaved
327,127,0,0.5207379185017744,0.6599659841024543,0,Interleaved
328,128,0,0.6908728013937899,0.8410812414577553,0,Interleaved
329,129,0,0.9480827394459439,0.670813275074352,0,Interleaved
330,130,0,0.773191702428171,0.4772756320421122,0,Interleaved
331,131,0,0.5228078729658756,0.5730847762165592,0,Interleaved
332,132,0,0.9755149315573164,0.6004103466119539,0,Interleaved
333,133,0,0.6500590063808347,0.5066351834658207,0,Interleaved
334,134,0,0.11437962741432697,0.6947907731412701,0,Interleaved
335,135,0,0.7727812013889798,0.39754467964018725,0,Interleaved
336,136,0,0.5469125407815582,0.5211033741289645,0,Interleaved
337,137,0,0.8843863737879212,0.4552332809011721,0,Interleaved
338,138,0,0.09783319613829691,0.5579980878879973,0,Interleaved
339,139,0,0.5252857444224194,0.5121722429069941,0,Interleaved
340,140,0,0.9265565844843973,0.3937495650977578,0,Interleaved
341,141,0,0.22830226167534745,0.5559937431858155,0,Interleaved
342,142,0,0.5066940710971569,0.5659099647016628,0,Interleaved
343,143,0,0.7911060122889276,0.44338034824135847,0,Interleaved
344,144,0,0.05388694856104846,0.6901804592456328,0,Interleaved
345,145,0,0.6303172254953927,0.49604559344208343,0,Interleaved
346,146,0,0.040963754099003144,0.552096051405574,0,Interleaved
347,147,0,0.501038068318626,0.6139721631073872,0,Interleaved
348,148,0,0.9660188972461735,0.6934547178759001,0,Interleaved
349,149,0,0.45828887190621337,0.6214998026381218,0,Interleaved
350,150,0,0.4421670337809835,0.4854656835609363,0,Interleaved
351,151,0,0.9766429095723561,0.6043826430778814,0,Interleaved
352,152,0,0.15790318684238713,0.6500496578466474,0,Interleaved
353,153,0,0.6599772149840082,0.515854905530748,0,Interleaved
354,154,0,0.4767471395259925,0.505989741907375,0,Interleaved
355,155,0,0.6040319671958579,0.48883591080503364,0,Interleaved
356,156,0,0.5113813306660427,0.4933969220103724,0,Interleaved
357,157,0,0.013933484972347442,0.5902211282304783,0,Interleaved
358,158,0,0.21319891260956542,0.7287760006846562,0,Interleaved
359,159,0,0.5249257391975702,0.6180430316153456,0,Interleaved
360,160,0,0.6846110134781143,0.4225553436735706,0,Interleaved
361,161,0,0.22663281956023223,0.6097585548946285,0,Interleaved
362,162,0,0.49048295348613036,0.45138302091723276,0,Interleaved
363,163,0,0.160769809789171,0.6741085543589439,0,Interleaved
364,164,0,0.8012364171392086,0.4616923330878,0,Interleaved
365,165,0,0.3903869977837447,0.42114007038205314,0,Interleaved
366,166,0,0.6442979139669665,0.5737104910058956,0,Interleaved
367,167,0,0.22844925424917115,0.7502991796978726,0,Interleaved
368,168,0,0.9560856422229456,0.3200962451640647,0,Interleaved
369,169,0,0.4753745122554439,0.6319231345699637,0,Interleaved
370,170,0,0.9648390619354288,0.5376536793222986,0,Interleaved
371,171,0,0.770617241996053,0.5546171905919625,0,Interleaved
372,172,0,0.30952882690904615,0.7161558766425842,0,Interleaved
373,173,0,0.44685436447785404,0.576387064537022,0,Interleaved
374,174,0,0.6055937394543219,0.45308175709362475,0,Interleaved
375,175,0,0.4082608479373774,0.6649272005344073,0,Interleaved
376,176,0,0.48696735827244747,0.45524988153065266,0,Interleaved
377,177,0,0.47413072241006887,0.5286848489110099,0,Interleaved
378,178,0,0.847396364040508,0.4421137089494648,0,Interleaved
379,179,0,0.8996331267491866,0.7268682011416223,0,Interleaved
380,180,0,0.44675194623932885,0.7718799378141517,0,Interleaved
381,181,0,0.8577426031750743,0.4657925981352715,0,Interleaved
382,182,0,0.4906297820335208,0.42317186313697686,0,Interleaved
383,183,0,0.01541353155674194,0.6165379112523263,0,Interleaved
384,184,0,0.015051992869576359,0.6448569886587485,0,Interleaved
385,185,0,0.7007900791957535,0.5195350661165233,0,Interleaved
386,186,0,0.13107584104485975,0.4956424126797897,0,Interleaved
387,187,0,0.5188718214889394,0.5578199786099809,0,Interleaved
388,188,0,0.5974616954122763,0.45845107824814724,0,Interleaved
389,189,0,0.41104403779649057,0.5023618810301558,0,Interleaved
390,190,0,0.8559856095182015,0.4714456866639556,0,Interleaved
391,191,0,0.6172271560543643,0.6414568349451111,0,Interleaved
392,192,0,0.09168871193735623,0.5648406126202086,0,Interleaved
393,193,0,0.526877297637214,0.538396145401663,0,Interleaved
394,194,0,0.3634356914533816,0.6253628914197864,0,Interleaved
395,195,0,0.7569907917712237,0.6342563866555679,0,Interleaved
396,196,0,0.40996105993835324,0.6124950024864145,0,Interleaved
397,197,0,0.5337659591021802,0.2837266579253536,0,Interleaved
398,198,0,0.5335989719110619,0.8229926928615212,0,Interleaved
399,199,0,0.3695043519063439,0.8619940908492586,0,Interleaved
400,0,0,0.5063806313006908,0.6821682957427067,0,Instructed
401,1,0,0.5488146158849507,1.2408769891815978,0,Instructed
402,2,0,0.7671609713157534,0.6547767917030201,0,Instructed
403,3,0,0.014896870946260105,0.7967452465587403,0,Instructed
404,4,0,0.4860234092786661,0.909195939552549,0,Instructed
405,5,0,0.3957827281543526,0.5400334184189882,0,Instructed
406,6,0,0.057581740859251225,0.8209633838535999,0,Instructed
407,7,0,0.7296355241129234,0.44699433014785617,0,Instructed
408,8,0,0.9240700410142533,0.43241385007974265,0,Instructed
409,9,0,0.39305481460875247,0.48426792943627,0,Instructed
410,10,0,0.6957507951291249,0.5229969672054077,0,Instructed
411,11,0,0.287745020751264,0.5165323790952883,0,Instructed
412,12,0,0.8954037281110055,0.47101732641063954,0,Instructed
413,13,0,0.7680413489789623,0.46593618554813393,0,Instructed
414,14,0,0.5951988426523523,0.5928597581437953,0,Instructed
415,15,0,0.25702305226753536,0.5144592074332525,0,Instructed
416,16,0,0.7926300104493891,0.5513556183131125,0,Instructed
417,17,0,0.6276480178834647,0.46532508682825846,0,Instructed
418,18,0,0.3499404257726967,0.5201440717754064,0,Instructed
419,19,0,0.040016599761275876,0.6748791573240365,0,Instructed
420,20,0,0.874380722584,0.49106137811228834,0,Instructed
421,21,0,0.3894033229905545,0.525575250012404,0,Instructed
422,22,0,0.8267594406349865,0.5604646146254191,0,Instructed
423,23,0,0.5065244063978733,0.47065867000476436,0,Instructed
424,24,0,0.9456599701546435,0.40281124122121376,0,Instructed
425,25,0,0.5739301794225373,0.6511005060576623,0,Instructed
426,26,0,0.5218797106919212,0.5362233307779941,0,Instructed
427,27,0,0.008198342095720321,1.118944137532047,0,Instructed
428,28,0,0.5276208222681742,0.5929773320427296,0,Instructed
429,29,0,0.3126221062509014,0.5343662879355813,0,Instructed
430,30,0,0.13544281402060418,0.6028215348712138,0,Instructed
431,31,0,0.34980524063412155,0.5203003085290004,0,Instructed
432,32,0,0.8560334396158686,0.6164574628944021,0,Instructed
433,33,0,0.8132437378536257,0.5315273090661325,0,Instructed
434,34,0,0.42237159933250756,0.4906022260159566,0,Instructed
435,35,0,0.06140444738648114,0.5156629886069768,0,Instructed
436,36,0,0.4995233540755818,0.9812273719610278,0,Instructed
437,37,0,0.49970209335274735,0.5979814834823539,0,Instructed
438,38,0,0.8986085222399428,0.7183392990791646,0,Instructed
439,39,0,0.5801324383920753,0.7122786520187341,0,Instructed
440,40,0,0.640149268270184,0.4837961578021891,0,Instructed
441,41,0,0.02124993825421815,0.48386986796404363,0,Instructed
442,42,0,0.5352114203954056,0.5767605640233902,0,Instructed
443,43,0,0.4667021809020995,0.623000330538833,0,Instructed
444,44,0,0.9853401581853688,0.6421565572052657,0,Instructed
445,45,0,0.8487868494925155,0.48680627322546716,0,Instructed
446,46,0,0.5003360628960241,0.5759125139943576,0,Instructed
447,47,0,0.9361991254262424,0.47980842190167156,0,Instructed
448,48,0,0.5121450932663703,0.47089280642509734,0,Instructed
449,49,0,0.8241500467214297,0.5135410044378257,0,Instructed
450,50,0,0.5077119154671916,0.5496688172923371,0,Instructed
451,51,0,0.09791669581794055,0.4683109825285229,0,Instructed
452,52,0,0.7093710764615508,0.6270490211954718,0,Instructed
453,53,0,0.5755614821247104,0.5435304726381152,0,Instructed
454,54,0,0.49462426743332066,0.6897392925460035,0,Instructed
455,55,0,0.893631130145212,0.6565082376901373,0,Instructed
456,56,0,0.32265334624119413,0.6284287942862021,0,Instructed
457,57,0,0.5430177551373316,0.5970549367992973,0,Instructed
458,58,0,0.8180948648868336,0.6127188798490587,0,Instructed
459,59,0,0.622500223512223,0.40677907240284145,0,Instructed
460,60,0,0.3192122436629161,0.5755592695213283,0,Instructed
461,61,0,0.772584384299029,0.5101601340203867,0,Instructed
462,62,0,0.6757759171454101,0.5889968878157564,0,Instructed
463,63,0,0.40341319029057454,0.568063487648673,0,Instructed
464,64,0,0.15300417231493946,0.5597901744684278,0,Instructed
465,65,0,0.6096287343070086,0.55434339538984,0,Instructed
466,66,0,0.6479858251321301,0.8450737428932975,0,Instructed
467,67,0,0.13394273407952195,0.49195947242840754,0,Instructed
468,68,0,0.5306223139211059,0.7042836025035019,0,Instructed
469,69,0,0.3983057029085193,0.5574044191167669,0,Instructed
470,70,0,0.1055489293915426,0.7496710931651487,0,Instructed
471,71,0,0.24726477406413994,0.5074893124255613,0,Instructed
472,72,0,0.7030164908112069,0.4559502148024298,0,Instructed
473,73,0,0.47277427781083253,0.8011619329218531,0,Instructed
474,74,0,0.48714885590265916,0.4496605872108262,0,Instructed
475,75,0,0.9548644795205485,0.7019230269367025,0,Instructed
476,76,0,0.7851930809268599,0.5934902130825506,0,Instructed
477,77,0,0.49962835435007874,0.45962350673139535,0,Instructed
478,78,0,0.029225088467397603,0.6351933744320751,0,Instructed
479,79,0,0.2996002271602311,0.6523176350725477,0,Instructed
480,80,0,0.1464633206580881,0.5168170663624072,0,Instructed
481,81,0,0.8360277873972249,0.42789268243278167,0,Instructed
482,82,0,0.16991089126837233,0.5564589845941748,0,Instructed
483,83,0,0.33661036928019133,0.6376390414586108,0,Instructed
484,84,0,0.5640767895056614,0.5724476985980524,0,Instructed
485,85,0,0.8481059566823115,0.568258900089856,0,Instructed
486,86,0,0.8021740736061151,0.5449926489749573,0,Instructed
487,87,0,0.6912172358811053,0.46620928696179853,0,Instructed
488,88,0,0.5631639194821437,0.5068806944763549,0,Instructed
489,89,0,0.8141651992817105,0.46486029019890396,0,Instructed
490,90,0,0.3520501253803661,0.44973507226954634,0,Instructed
491,91,0,0.3388214439041459,0.6156397644912392,0,Instructed
492,92,0,0.5440761577445619,0.5078834465901416,0,Instructed
493,93,0,0.28972389325235776,0.6899296872093665,0,Instructed
494,94,0,0.5009038750766877,0.5297270123846946,0,Instructed
495,95,0,0.2192682078934427,0.4723365283076798,0,Instructed
496,96,0,0.5359570451189959,0.6309684384914511,0,Instructed
497,97,0,0.2178721128034309,0.6742887844882828,0,Instructed
498,98,0,0.9645839365477147,0.4387632793965574,0,Instructed
499,99,0,0.4933660517741152,0.6241551705201847,0,Instructed
500,100,0,0.8485096384169521,0.4348683711681044,0,Instructed
501,101,0,0.5032430805878706,0.7123456660632401,0,Instructed
502,102,0,0.270302852018188,0.628687780059368,0,Instructed
503,103,0,0.9549267603235199,0.550377426847383,0,Instructed
504,104,0,0.4944740323882136,0.5437287509829214,0,Instructed
505,105,0,0.7675452666583342,0.6890760325243581,0,Instructed
506,106,0,0.8551207013217139,0.5805281843937228,0,Instructed
507,107,0,0.8021340479680815,0.6064476395383921,0,Instructed
508,108,0,0.8161371528959657,0.6025667655453233,0,Instructed
509,109,0,0.670544973373183,0.5300914913059602,0,Instructed
510,110,0,0.3174967924822799,0.7006023661891427,0,Instructed
511,111,0,0.10872302263324739,0.7839808824526888,0,Instructed
512,112,0,0.7887563766936077,0.6070697695958586,0,Instructed
513,113,0,0.5931855129752521,0.6703091833646906,0,Instructed
514,114,0,0.29685457605532334,0.5408680469995071,0,Instructed
515,115,0,0.30504227002132167,0.42225984572620845,0,Instructed
516,116,0,0.4692771419254732,0.8761489118969402,0,Instructed
517,117,0,0.23633770786137648,0.5450455567868568,0,Instructed
518,118,0,0.9918814636592085,0.4675463607847661,0,Instructed
519,119,0,0.5121526111110689,0.5486105245958469,0,Instructed
520,120,0,0.1544502206027267,0.5501401928664171,0,Instructed
521,121,0,0.04223574416677106,0.6744116153498849,0,Instructed
522,122,0,0.5293632339867206,0.6198380400162555,0,Instructed
523,123,0,0.3330677486094432,0.47652674337151524,0,Instructed
524,124,0,0.5080150599865788,0.4947607554428116,0,Instructed
525,125,0,0.7272589600936508,0.40140921438225274,0,Instructed
526,126,0,0.9992552816664148,0.8228347289108937,0,Instructed
527,127,0,0.7520122333013256,0.3988061547271644,0,Instructed
528,128,0,0.0903188782510329,0.8063684542338325,0,Instructed
529,129,0,0.3643878359349736,0.7124968855892923,0,Instructed
530,130,0,0.3075766164213178,0.5249444018461269,0,Instructed
531,131,0,0.5539997448225453,0.6354344952347015,0,Instructed
532,132,0,0.37974439840916563,0.5271468433441883,0,Instructed
533,133,0,0.4933200451392874,0.44600401172654425,0,Instructed
534,134,0,0.8761082584940298,0.48118511941501907,0,Instructed
535,135,0,0.3672195435461487,0.5358048110339135,0,Instructed
536,136,0,0.3165286234015787,0.6574680758387008,0,Instructed
537,137,0,0.5660917987627935,0.5680386914373294,0,Instructed
538,138,0,0.10653170993110594,0.684739584270337,0,Instructed
539,139,0,0.973165909951714,0.60090198147682,0,Instructed
540,140,0,0.4966025488363638,0.52060258904967,0,Instructed
541,141,0,0.7012423885376036,0.4333631349992737,0,Instructed
542,142,0,0.7865981104238617,0.4910661708453785,0,Instructed
543,143,0,0.6795306713208534,0.5408349270337087,0,Instructed
544,144,0,0.4135887314002176,0.47921890467597905,0,Instructed
545,145,0,0.027441601426070703,0.639446914533194,0,Instructed
546,146,0,0.9723492609303321,0.49918686507915716,0,Instructed
547,147,0,0.24669131855772625,0.4845722236797497,0,Instructed
548,148,0,0.4646871761494271,0.41631680561035733,0,Instructed
549,149,0,0.5779802232791598,0.4196479538192832,0,Instructed
550,150,0,0.45700789530211416,0.3429170450012622,0,Instructed
551,151,0,0.9242456525780263,0.38862900460004923,0,Instructed
552,152,0,0.38388706599132694,0.5732567716194295,0,Instructed
553,153,0,0.4341689983638911,0.5926671297982634,0,Instructed
554,154,0,0.493583089942624,0.6455502792525476,0,Instructed
555,155,0,0.9643912356862394,0.410657089448164,0,Instructed
556,156,0,0.8552729759355064,0.8293780702889235,0,Instructed
557,157,0,0.7229708515399257,0.6097215286693445,0,Instructed
558,158,0,0.5300642710118246,0.5103325979273503,0,Instructed
559,159,0,0.10279195464748496,0.5883895958325491,0,Instructed
560,160,0,0.49167427265216584,0.5936206402652211,0,Instructed
561,161,0,0.18632087283749754,0.5506429852803619,0,Instructed
562,162,0,0.5300649398680014,0.4628472696502498,0,Instructed
563,163,0,0.9935760023225908,0.5632682879635689,0,Instructed
564,164,0,0.9487265307609667,0.5363244162677443,0,Instructed
565,165,0,0.8681706195864118,0.4833950442222942,0,Instructed
566,166,0,0.05617429383514752,0.5989775641696702,0,Instructed
567,167,0,0.8535086171101274,0.6119700591541604,0,Instructed
568,168,0,0.45659732856339263,0.719310257084609,0,Instructed
569,169,0,0.37060642747764505,0.407198203059139,0,Instructed
570,170,0,0.09164762980257635,0.5672041126666736,0,Instructed
571,171,0,0.5034618603224965,0.46860479179760905,0,Instructed
572,172,0,0.9203936243441599,0.5098040584826898,0,Instructed
573,173,0,0.628374196589099,0.3747188516405311,0,Instructed
574,174,0,0.7321703755290495,0.37182446926586876,0,Instructed
575,175,0,0.36590534863511276,0.5806909394472826,0,Instructed
576,176,0,0.4201286188897988,0.4814749473983216,0,Instructed
577,177,0,0.47915042291808335,0.6016892717357678,0,Instructed
578,178,0,0.0843303747433494,0.6996607087423328,0,Instructed
579,179,0,0.7687676491211202,0.3611169675743844,0,Instructed
580,180,0,0.13690268083507434,0.6319219810910429,0,Instructed
581,181,0,0.5429671040509975,0.3938658120111329,0,Instructed
582,182,0,0.3431598054353437,0.5425068941199318,0,Instructed
583,183,0,0.4101117461961392,0.3698539832790807,0,Instructed
584,184,0,0.876871634616186,0.533235267596137,0,Instructed
585,185,0,0.5104238678832563,0.529755463588017,0,Instructed
586,186,0,0.5179255251221336,0.3801175858046407,0,Instructed
587,187,0,0.5804908096092974,0.44897298940420116,0,Instructed
588,188,0,0.3686141320374372,0.5406178116634665,0,Instructed
589,189,0,0.6639294621906195,0.5337395762530539,0,Instructed
590,190,0,0.24167788560357514,0.6621369700950286,0,Instructed
591,191,0,0.34337276359192753,0.5573915362315627,0,Instructed
592,192,0,0.21040571731999624,0.4925053324466139,0,Instructed
593,193,0,0.9515411290343951,0.5712297696863262,0,Instructed
594,194,0,0.7597512149718726,0.3914942134198106,0,Instructed
595,195,0,0.8692294333293455,0.6064398369796453,0,Instructed
596,196,0,0.2374026365720567,0.6096054912243949,0,Instructed
597,197,0,0.923476861129855,0.401723797923017,0,Instructed
598,198,0,0.8353160310012131,0.38126422928664006,0,Instructed
599,199,0,0.3948856465024506,0.5754847962632019,0,Instructed
600,0,0,0.15284743178844923,0.8639535260009521,1,Blocked
601,1,0,0.46619719489283634,0.4622873699024584,1,Blocked
602,2,0,0.8826522630676645,0.4672742370638986,1,Blocked
603,3,0,0.5740935113495311,0.42184205718265844,1,Blocked
604,4,0,0.5871130449108031,0.6943550773995079,1,Blocked
605,5,0,0.5240189861830417,0.5208875080894273,1,Blocked
606,6,0,0.9863855794144407,0.5020902097297455,1,Blocked
607,7,0,0.9189338067338602,0.4337870457244493,1,Blocked
608,8,0,0.4891996002327573,0.6566780103525618,1,Blocked
609,9,0,0.4996954996597202,0.49294218157221015,1,Blocked
610,10,0,0.49000495772340025,0.7647766538282939,1,Blocked
611,11,0,0.5427752174379633,0.7014700361021123,1,Blocked
612,12,0,0.0941699031137954,0.5827796089791807,1,Blocked
613,13,0,0.8654277989523572,0.5518889342902819,1,Blocked
614,14,0,0.6065121932952747,0.4964497290920026,1,Blocked
615,15,0,0.5287833884405984,0.7833366836461135,1,Blocked
616,16,0,0.4413533470929018,0.5139059744240375,1,Blocked
617,17,0,0.42629883698835125,0.5693113164300474,1,Blocked
618,18,0,0.909859857345048,0.4687994080787562,1,Blocked
619,19,0,0.9774754526813576,0.6096271944734561,1,Blocked
620,20,0,0.020507181455170907,0.8963631033784956,1,Blocked
621,21,0,0.29883284152463996,0.5079797496637075,1,Blocked
622,22,0,0.5277837290610106,0.5522908307682527,1,Blocked
623,23,0,0.5109065872194323,0.7877312910583805,1,Blocked
624,24,0,0.5014308787117715,0.5731267234158663,1,Blocked
625,25,0,0.8446263150508161,0.2922203871199069,1,Blocked
626,26,0,0.17374812444859042,0.6358501957545842,1,Blocked
627,27,0,0.9035263854844103,0.5288292125751745,1,Blocked
628,28,0,0.08138939914055321,0.4786665520928487,1,Blocked
629,29,0,0.6551010975242014,0.6626184061332343,1,Blocked
630,30,0,0.6144172868291549,0.5331521034766733,1,Blocked
631,31,0,0.48501208782675104,0.5588483440367427,1,Blocked
632,32,0,0.6505314779652877,0.5565511649240167,1,Blocked
633,33,0,0.5997042280502622,0.4032560335257024,1,Blocked
634,34,0,0.5168645802385967,0.6036219137426855,1,Blocked
635,35,0,0.4713690541839924,0.368191518465776,1,Blocked
636,36,0,0.40519910480229626,0.4913549632266557,1,Blocked
637,37,0,0.5781897337520201,0.6519134400536004,1,Blocked
638,38,0,0.9805964895151866,0.37394645053175785,1,Blocked
639,39,0,0.9982830974902845,0.7477306164397148,1,Blocked
640,40,0,0.521426130430846,0.7427886666826852,1,Blocked
641,41,0,0.9686903286826339,0.4489268943463617,1,Blocked
642,42,0,0.012853108271174243,0.6789682461359665,1,Blocked
643,43,0,0.9733826261698355,0.6345988903026881,1,Blocked
644,44,0,0.9459942859002393,0.5900860155348878,1,Blocked
645,45,0,0.3589185522697095,0.607074176915536,1,Blocked
646,46,0,0.29373542251167706,0.6254708860482109,1,Blocked
647,47,0,0.7155232751538588,0.6444612158297907,1,Blocked
648,48,0,0.369917280073994,0.6612118623646451,1,Blocked
649,49,0,0.6760319028912295,0.5984479467004212,1,Blocked
650,50,0,0.20736302422819453,0.613191798066769,1,Blocked
651,51,0,0.39965403462899585,0.7604874157939421,1,Blocked
652,52,0,0.6547982446060646,0.6238105907866291,1,Blocked
653,53,0,0.32568513312899794,0.5913187007420966,1,Blocked
654,54,0,0.5254309858811219,0.6596634229851331,1,Blocked
655,55,0,0.9359432997848439,0.6621970686584416,1,Blocked
656,56,0,0.009149482541996892,0.8666489929304445,1,Blocked
657,57,0,0.11690715844890977,0.605768091315976,1,Blocked
658,58,0,0.541522341318485,0.596813572180322,1,Blocked
659,59,0,0.7327947331111457,0.6730452294967502,1,Blocked
660,60,0,0.8215511448612639,0.5627854735880929,1,Blocked
661,61,0,0.4911626194641884,0.5624174542995012,1,Blocked
662,62,0,0.4823586555543258,0.7358323438746592,1,Blocked
663,63,0,0.526326232182475,0.42325604239938686,1,Blocked
664,64,0,0.5108892905761491,0.6618504430836845,1,Blocked
665,65,0,0.5764253924104662,0.6485611650467047,1,Blocked
666,66,0,0.704359579141403,0.5988691673983124,1,Blocked
667,67,0,0.8834326242844973,0.589526374055008,1,Blocked
668,68,0,0.38424280158186347,0.6804535803948468,1,Blocked
669,69,0,0.5460238770575502,0.58649498893522,1,Blocked
670,70,0,0.12461445878875123,0.9773799897311144,1,Blocked
671,71,0,0.8109071077994591,0.4891089263250287,1,Blocked
672,72,0,0.047650460061290104,0.9618489836738741,1,Blocked
673,73,0,0.1303298525327426,0.5712684115632356,1,Blocked
674,74,0,0.6043324186314921,0.5403679622212869,1,Blocked
675,75,0,0.2754281178296465,0.5610415325964389,1,Blocked
676,76,0,0.3102991036548744,0.5684244705850309,1,Blocked
677,77,0,0.5096545315579609,0.5353482884303433,1,Blocked
678,78,0,0.47834154679246843,0.586362112787882,1,Blocked
679,79,0,0.6335009188705195,0.575325524414821,1,Blocked
680,80,0,0.4347265779537765,0.6477172675293438,1,Blocked
681,81,0,0.5688412829675384,0.4059883584005306,1,Blocked
682,82,0,0.6246214749440977,0.5130233883057753,1,Blocked
683,83,0,0.48239071602253125,0.6379544285846093,1,Blocked
684,84,0,0.486244979676468,0.9035305713244355,1,Blocked
685,85,0,0.6757246001962265,0.3866173690296836,1,Blocked
686,86,0,0.08680819059941723,0.7301947714413635,1,Blocked
687,87,0,0.17216338881222745,0.6898345142318746,1,Blocked
688,88,0,0.5663310683839653,0.48043375288597756,1,Blocked
689,89,0,0.77824057926862,0.5058766132786974,1,Blocked
690,90,0,0.6558812243111385,0.5352947979942366,1,Blocked
691,91,0,0.4824765836422988,0.582857455056542,1,Blocked
692,92,0,0.5970055025161775,0.3750636975878232,1,Blocked
693,93,0,0.5180898321327335,0.47389748610458093,1,Blocked
694,94,0,0.5254410229502304,0.46532080035519285,1,Blocked
695,95,0,0.6502332034618499,0.4991675197166918,1,Blocked
696,96,0,0.5848400425990922,0.5628172797647213,1,Blocked
697,97,0,0.48822572725728763,0.7674240592796113,1,Blocked
698,98,0,0.6315151875961755,0.4903781741207709,1,Blocked
699,99,0,0.30711491029976495,0.8304651506239026,1,Blocked
700,100,0,0.9069143189005363,0.6243578085790493,1,Blocked
701,101,0,0.85758981197978,0.6570204347384412,1,Blocked
702,102,0,0.8951551943930564,0.49943417041866367,1,Blocked
703,103,0,0.11854969960679089,0.7779777521547985,1,Blocked
704,104,0,0.8203384419242739,0.3453164401830283,1,Blocked
705,105,0,0.3973494641436065,0.660511030634495,1,Blocked
706,106,0,0.5881937676200961,0.7338555004603269,1,Blocked
707,107,0,0.37880819500598023,0.6426659054427858,1,Blocked
708,108,0,0.7074164174075915,0.39373753926727295,1,Blocked
709,109,0,0.4698213638929457,0.6888139447659688,1,Blocked
710,110,0,0.5462246106858857,0.5717578428829442,1,Blocked
711,111,0,0.5231090613526757,0.6614060711380312,1,Blocked
712,112,0,0.21834486894138266,0.6788380073723335,1,Blocked
713,113,0,0.16055817347949317,0.6781339876272456,1,Blocked
714,114,0,0.27451471134268784,0.6230726290490476,1,Blocked
715,115,0,0.5143915894261082,0.6487441166306775,1,Blocked
716,116,0,0.47865919450861366,0.7779787712965006,1,Blocked
717,117,0,0.863641771188949,0.5176209498885518,1,Blocked
718,118,0,0.8723319690147722,0.6282312255147215,1,Blocked
719,119,0,0.37256870890407057,0.722422106502739,1,Blocked
720,120,0,0.3925524588540593,0.4928297843609375,1,Blocked
721,121,0,0.4543041439216914,0.6547618499231114,1,Blocked
722,122,0,0.7270121197164655,0.6914135792879951,1,Blocked
723,123,0,0.592523584592181,0.36641275337224016,1,Blocked
724,124,0,0.23723220764099,1.0296670970440056,1,Blocked
725,125,0,0.6898583484883284,0.7051893504990091,1,Blocked
726,126,0,0.6710247226199129,0.6410317758754166,1,Blocked
727,127,0,0.32189852264698066,0.7183363172956413,1,Blocked
728,128,0,0.650910300640434,0.7339133416144886,1,Blocked
729,129,0,0.8460739820914425,0.4862487477068865,1,Blocked
730,130,0,0.15146182926040339,0.708922067094466,1,Blocked
731,131,0,0.6976112935878508,0.5384725978182854,1,Blocked
732,132,0,0.5812737990894915,0.41389046319198075,1,Blocked
733,133,0,0.5453802162962766,0.4429781802231378,1,Blocked
734,134,0,0.38125747594702003,0.7470448314312654,1,Blocked
735,135,0,0.8478253146032957,0.34843580644304933,1,Blocked
736,136,0,0.9063417745516806,0.44708367224375734,1,Blocked
737,137,0,0.9249306863938839,0.529417198348381,1,Blocked
738,138,0,0.9810821403084458,0.5223095362075891,1,Blocked
739,139,0,0.93810062517993,0.5050020566534409,1,Blocked
740,140,0,0.8830440647405478,0.5676255028539605,1,Blocked
741,141,0,0.8707991558648804,0.569485095805373,1,Blocked
742,142,0,0.8911528504296335,0.6039373686620333,1,Blocked
743,143,0,0.0177714291067744,0.687530956962072,1,Blocked
744,144,0,0.9905997178353831,0.5102286335027937,1,Blocked
745,145,0,0.8514594120531533,0.38460692587571166,1,Blocked
746,146,0,0.5363371752137212,0.4103958295718475,1,Blocked
747,147,0,0.5725220410766291,0.42867169058081933,1,Blocked
748,148,0,0.5992007097003708,0.5633076013997131,1,Blocked
749,149,0,0.9411469940161474,0.4457504569145901,1,Blocked
750,150,0,0.012802918771913929,0.5876191166958346,1,Blocked
751,151,0,0.019309655666833986,0.5683606845617251,1,Blocked
752,152,0,0.8504500299700504,0.412727131439078,1,Blocked
753,153,0,0.39565229086819353,0.5450436328821571,1,Blocked
754,154,0,0.5629006313293885,0.4096535532200116,1,Blocked
755,155,0,0.5454893673658247,0.41912885391837795,1,Blocked
756,156,0,0.6191563283571261,0.5406566710723508,1,Blocked
757,157,0,0.7735732827525085,0.510338072983874,1,Blocked
758,158,0,0.6500970990190208,0.5665180350293092,1,Blocked
759,159,0,0.665832660819056,0.5245833882244828,1,Blocked
760,160,0,0.16669639289560906,0.6705966197650175,1,Blocked
761,161,0,0.34898667412541984,0.5911116043193824,1,Blocked
762,162,0,0.7108911227755099,0.580736597117923,1,Blocked
763,163,0,0.46926786485481387,0.6348970002229699,1,Blocked
764,164,0,0.8163437608262463,0.538531815653608,1,Blocked
765,165,0,0.5905396088959312,0.5286258503795365,1,Blocked
766,166,0,0.6324521699228756,0.6252964861020316,1,Blocked
767,167,0,0.19620010413754413,0.6941894116290875,1,Blocked
768,168,0,0.6667821263969073,0.5325325154501339,1,Blocked
769,169,0,0.49033983353545774,0.8561087290329679,1,Blocked
770,170,0,0.9290145142515384,0.5439885086373917,1,Blocked
771,171,0,0.051711729462438176,0.8716658369294099,1,Blocked
772,172,0,0.036614185327353166,0.8834732487593722,1,Blocked
773,173,0,0.4833857700813215,0.7087653042594806,1,Blocked
774,174,0,0.13578736724828883,0.6844465009103691,1,Blocked
775,175,0,0.9246714554764169,0.40062029598720317,1,Blocked
776,176,0,0.5776968130476586,0.43617035454188,1,Blocked
777,177,0,0.005754206795918805,0.7424148978022658,1,Blocked
778,178,0,0.5019842680736454,0.6782231540800432,1,Blocked
779,179,0,0.5189692881142468,0.6241656736919394,1,Blocked
780,180,0,0.5517365757416541,0.5066212369166092,1,Blocked
781,181,0,0.959731656985326,0.5376710452226248,1,Blocked
782,182,0,0.8660317784416693,0.5776275055402682,1,Blocked
783,183,0,0.9960561713903459,0.5365785692905874,1,Blocked
784,184,0,0.5003098123756174,0.5562428703553767,1,Blocked
785,185,0,0.0036726741275793554,0.8012917148127119,1,Blocked
786,186,0,0.9008776370924937,0.49342241071853254,1,Blocked
787,187,0,0.7269149596939783,0.517112837431679,1,Blocked
788,188,0,0.8586211663246791,0.5764345956541781,1,Blocked
789,189,0,0.7125416031424101,0.6380900721938432,1,Blocked
790,190,0,0.36185212316438076,0.6601455537523355,1,Blocked
791,191,0,0.9431498832324123,0.4931416088023163,1,Blocked
792,192,0,0.02080413318693443,0.7231660658109276,1,Blocked
793,193,0,0.5148898947266141,0.6732419778183056,1,Blocked
794,194,0,0.2693511600361466,0.6508100763714437,1,Blocked
795,195,0,0.6855242714053549,0.5804265972402263,1,Blocked
796,196,0,0.6551183735222514,0.585936776486822,1,Blocked
797,197,0,0.3692154583423791,0.5460969179407508,1,Blocked
798,198,0,0.7726972884879445,0.3704178328070919,1,Blocked
799,199,0,0.8838294902425078,0.5498267197936622,1,Blocked
800,0,0,0.5927596587697609,0.70252706671492,1,Interleaved
801,1,0,0.12451453468782415,0.8186780663664147,1,Interleaved
802,2,0,0.5016839397913148,0.5301236292947809,1,Interleaved
803,3,0,0.010325811130842584,0.5639713883769608,1,Interleaved
804,4,0,0.8705897728646612,0.8241677811597344,1,Interleaved
805,5,0,0.705450256772775,0.6609459121226451,1,Interleaved
806,6,0,0.6205162477202311,0.6360018623659502,1,Interleaved
807,7,0,0.8075139106000493,0.5880656720823485,1,Interleaved
808,8,0,0.5541606214231731,0.59118653179731,1,Interleaved
809,9,0,0.8390545954461722,0.5893019709771928,1,Interleaved
810,10,0,0.505629240930305,0.6507401805123362,1,Interleaved
811,11,0,0.11651221719063809,0.7816443220690446,1,Interleaved
812,12,0,0.9015776702616889,0.5242596501960576,1,Interleaved
813,13,0,0.44538991253894955,0.6501950764969435,1,Interleaved
814,14,0,0.06750129757107018,0.697735150522751,1,Interleaved
815,15,0,0.9095341682474806,0.5151704594476924,1,Interleaved
816,16,0,0.5094786877924216,0.6684888450088154,1,Interleaved
817,17,0,0.16634023429412967,0.5884426718694103,1,Interleaved
818,18,0,0.08847518577282142,0.6680803440587235,1,Interleaved
819,19,0,0.015258311755352633,0.764616026902081,1,Interleaved
820,20,0,0.24410938894707815,0.6551729513718711,1,Interleaved
821,21,0,0.9050997560297991,0.6031528612759081,1,Interleaved
822,22,0,0.42081149872640156,0.5529633503807407,1,Interleaved
823,23,0,0.7556881179777447,0.537460549677089,1,Interleaved
824,24,0,0.8331938782706345,0.5470826954517792,1,Interleaved
825,25,0,0.6326509622590664,0.4459285299871023,1,Interleaved
826,26,0,0.8712588336343714,0.5108325920238878,1,Interleaved
827,27,0,0.6417770229820068,0.5144145779711555,1,Interleaved
828,28,0,0.24924943592641965,0.5593127077702649,1,Interleaved
829,29,0,0.9623767820091995,0.39550587675952165,1,Interleaved
830,30,0,0.5261834213429786,0.5343198061080214,1,Interleaved
831,31,0,0.27661196252514686,0.7464291872910604,1,Interleaved
832,32,0,0.9436776918452736,0.5028510648246081,1,Interleaved
833,33,0,0.5582123333387047,0.5373099869149689,1,Interleaved
834,34,0,0.9107735756020805,0.49394231501849967,1,Interleaved
835,35,0,0.48116846461420865,0.4859812797710377,1,Interleaved
836,36,0,0.9232944216033903,0.5401015332369913,1,Interleaved
837,37,0,0.8785755852686057,0.6606404998662607,1,Interleaved
838,38,0,0.7942458498913425,0.569429314705356,1,Interleaved
839,39,0,0.5127153157106507,0.6158443073033719,1,Interleaved
840,40,0,0.36145831125544226,0.6274013230057377,1,Interleaved
841,41,0,0.9943373683153749,0.6009262889422924,1,Interleaved
842,42,0,0.5098021411007261,0.5628998635665512,1,Interleaved
843,43,0,0.13065702553466568,0.567155884064657,1,Interleaved
844,44,0,0.3370857445882889,0.9045592920325661,1,Interleaved
845,45,0,0.8231214885570853,0.464906499946687,1,Interleaved
846,46,0,0.6725650061849866,0.5521916939419487,1,Interleaved
847,47,0,0.4475656263584302,0.4985413601183758,1,Interleaved
848,48,0,0.07775346688042419,0.5081308896558824,1,Interleaved
849,49,0,0.5837385614664548,0.6931470709442111,1,Interleaved
850,50,0,0.38562285005661723,0.7048269512518917,1,Interleaved
851,51,0,0.18955715906775972,0.6099367150167152,1,Interleaved
852,52,0,0.4239542460039065,0.5784512420747496,1,Interleaved
853,53,0,0.7520597807723749,0.6016030289001068,1,Interleaved
854,54,0,0.5638190487562946,0.7049958265504381,1,Interleaved
855,55,0,0.336924152263965,0.7982621540054369,1,Interleaved
856,56,0,0.4153711458710603,0.6773890574794195,1,Interleaved
857,57,0,0.8540214083187132,0.5291324875712167,1,Interleaved
858,58,0,0.6545362513326941,0.6620568404881114,1,Interleaved
859,59,0,0.688840348333862,0.742445911110382,1,Interleaved
860,60,0,0.3088411684413657,0.7138648717761229,1,Interleaved
861,61,0,0.04945463804162507,0.7997460652690542,1,Interleaved
862,62,0,0.7106933614482381,0.5999906020840413,1,Interleaved
863,63,0,0.15445494840733764,0.7361661371239264,1,Interleaved
864,64,0,0.27399497207679263,0.569830461884225,1,Interleaved
865,65,0,0.27817881051248744,0.5893264061410526,1,Interleaved
866,66,0,0.6134176276816055,0.6781363592051508,1,Interleaved
867,67,0,0.04406890462336792,0.9022855312807432,1,Interleaved
868,68,0,0.7599804028155899,0.4747217551530024,1,Interleaved
869,69,0,0.4692335322079488,0.6835323815913561,1,Interleaved
870,70,0,0.20889436707646936,0.5970810420213395,1,Interleaved
871,71,0,0.910121747596236,0.6848251623846922,1,Interleaved
872,72,0,0.5121892662541085,0.34976625255020743,1,Interleaved
873,73,0,0.9811176711072267,0.3850171013251592,1,Interleaved
874,74,0,0.4342870890409804,0.6607706140759059,1,Interleaved
875,75,0,0.1491977966346076,0.5498379419986744,1,Interleaved
876,76,0,0.7313353924814717,0.6095539641331491,1,Interleaved
877,77,0,0.46975582379571806,0.6446088100925871,1,Interleaved
878,78,0,0.9234731038773412,0.45400877636809944,1,Interleaved
879,79,0,0.22968099831907476,0.8148897550914166,1,Interleaved
880,80,0,0.8131920799652259,0.5400299857702077,1,Interleaved
881,81,0,0.5216554717890356,0.6724953961484053,1,Interleaved
882,82,0,0.9426141905250806,0.6640969168782916,1,Interleaved
883,83,0,0.12472209176178255,0.5646001729598563,1,Interleaved
884,84,0,0.5117643529200286,0.5614476441680889,1,Interleaved
885,85,0,0.02222674544796494,0.7359210980701292,1,Interleaved
886,86,0,0.207008231440161,0.7371160476976464,1,Interleaved
887,87,0,0.6044170536528808,0.6136522343310118,1,Interleaved
888,88,0,0.7408536593855939,0.5914509087375813,1,Interleaved
889,89,0,0.9602450951151189,0.39658191855186875,1,Interleaved
890,90,0,0.5131519436142798,0.6538517415217453,1,Interleaved
891,91,0,0.7854325665533874,0.727350743235063,1,Interleaved
892,92,0,0.8784597369734383,0.6111596770631782,1,Interleaved
893,93,0,0.25263407625000567,0.833888886099375,1,Interleaved
894,94,0,0.22099950350971495,0.5957174404695968,1,Interleaved
895,95,0,0.5488164375431792,0.783383066454416,1,Interleaved
896,96,0,0.8080918633605993,0.6622063125457676,1,Interleaved
897,97,0,0.41505095396071956,0.5819317300505451,1,Interleaved
898,98,0,0.7428024827586122,0.5166826147424187,1,Interleaved
899,99,0,0.09049543062667194,0.559792154372309,1,Interleaved
900,100,0,0.2199906498374847,0.712423977896494,1,Interleaved
901,101,0,0.4777852562215457,0.4766694574795176,1,Interleaved
902,102,0,0.8325889977870474,0.5116940070455784,1,Interleaved
903,103,0,0.8192114331836196,0.8720784080150183,1,Interleaved
904,104,0,0.6236464192926032,0.4052894116876684,1,Interleaved
905,105,0,0.474267020951234,0.5072483218179904,1,Interleaved
906,106,0,0.09788723815026912,0.5854524091380611,1,Interleaved
907,107,0,0.6212697497011986,0.5066235082294663,1,Interleaved
908,108,0,0.4210627308718591,0.8246590862394422,1,Interleaved
909,109,0,0.6913137794508095,0.5453486646254404,1,Interleaved
910,110,0,0.21167171389048703,0.5884759300398048,1,Interleaved
911,111,0,0.9626128308282518,0.6390852980443542,1,Interleaved
912,112,0,0.5218946354147264,0.5728979709205053,1,Interleaved
913,113,0,0.06814185479669423,0.7675637004833737,1,Interleaved
914,114,0,0.4509402807061679,0.6337318015595645,1,Interleaved
915,115,0,0.024501593009466922,0.5903384834642941,1,Interleaved
916,116,0,0.28836802654762406,0.5424464720097038,1,Interleaved
917,117,0,0.032902786429585974,0.6005936844782653,1,Interleaved
918,118,0,0.5021557492857005,0.5835517912615238,1,Interleaved
919,119,0,0.10301413589957491,0.5946719265029767,1,Interleaved
920,120,0,0.9294940806485272,0.5890782839841335,1,Interleaved
921,121,0,0.6799096588148044,0.6398821808236843,1,Interleaved
922,122,0,0.7414643068008471,0.5541695719473737,1,Interleaved
923,123,0,0.6421592864376762,0.45656751202676443,1,Interleaved
924,124,0,0.5462715883007122,0.5423932143150744,1,Interleaved
925,125,0,0.5475135328916803,0.5516844930286748,1,Interleaved
926,126,0,0.9293326142707956,0.38571048700249416,1,Interleaved
927,127,0,0.34828064445192836,0.6551480318964422,1,Interleaved
928,128,0,0.6272228952248566,0.5334547279813959,1,Interleaved
929,129,0,0.5598119490344088,0.4715394377159253,1,Interleaved
930,130,0,0.035058739847668746,0.6138791614562253,1,Interleaved
931,131,0,0.4274400840204921,0.556361648237008,1,Interleaved
932,132,0,0.6447572429239203,0.6210178112486546,1,Interleaved
933,133,0,0.4895873404918101,0.5028386539648309,1,Interleaved
934,134,0,0.5859093346991793,0.9771794949843535,1,Interleaved
935,135,0,0.07771611822120371,0.8071925266375393,1,Interleaved
936,136,0,0.5342292664534593,0.5148754549790415,1,Interleaved
937,137,0,0.6642285618717142,0.5511106469606968,1,Interleaved
938,138,0,0.9640082232932562,0.6483178546027142,1,Interleaved
939,139,0,0.37915205829987975,0.6455604569856996,1,Interleaved
940,140,0,0.4471019393572913,0.4424941254071517,1,Interleaved
941,141,0,0.9790758625334293,0.5657674927015959,1,Interleaved
942,142,0,0.5027834855581272,0.44460047119995383,1,Interleaved
943,143,0,0.9097163693709663,0.46775690306755,1,Interleaved
944,144,0,0.12118750451488995,0.5680805372719386,1,Interleaved
945,145,0,0.5723964893439867,0.4740569343817784,1,Interleaved
946,146,0,0.15472095365521435,0.7017208762776237,1,Interleaved
947,147,0,0.03684016564327719,0.6911094841384795,1,Interleaved
948,148,0,0.8143480368493439,0.9271003194253541,1,Interleaved
949,149,0,0.344300912733254,0.5676037643683376,1,Interleaved
950,150,0,0.8088801269625793,0.4686447859295383,1,Interleaved
951,151,0,0.4774230990583418,0.5438601376333547,1,Interleaved
952,152,0,0.9500899544512014,0.5466165919665177,1,Interleaved
953,153,0,0.3301957191113376,0.6652843001444642,1,Interleaved
954,154,0,0.7131688710848805,0.4031098564484606,1,Interleaved
955,155,0,0.8123106297373692,0.628050377124037,1,Interleaved
956,156,0,0.5544225457011469,0.5383627259028516,1,Interleaved
957,157,0,0.7185336956654289,0.5744832928135637,1,Interleaved
958,158,0,0.5035888605760974,0.6411114954741566,1,Interleaved
959,159,0,0.985227590445038,0.3113088083568265,1,Interleaved
960,160,0,0.25209745539221945,0.9171495890871313,1,Interleaved
961,161,0,0.04209250229364486,0.7094607036831403,1,Interleaved
962,162,0,0.6171070567881216,0.5432897518094437,1,Interleaved
963,163,0,0.5647834047373166,0.5593664696854593,1,Interleaved
964,164,0,0.6537617217211548,0.5396973713521153,1,Interleaved
965,165,0,0.5639840266021598,0.5987175477494031,1,Interleaved
966,166,0,0.2099143819653735,0.8233299891515875,1,Interleaved
967,167,0,0.9464377774606861,0.689735126266152,1,Interleaved
968,168,0,0.982648834521892,0.537422548461113,1,Interleaved
969,169,0,0.03722335105747298,0.5485545722733458,1,Interleaved
970,170,0,0.7686235245189741,0.5456621965319142,1,Interleaved
971,171,0,0.15317309379662278,0.6200531123556681,1,Interleaved
972,172,0,0.39343388071429375,0.6686354322474692,1,Interleaved
973,173,0,0.8938802430063155,0.6722121222286357,1,Interleaved
974,174,0,0.4827478090800241,0.5319398220404182,1,Interleaved
975,175,0,0.47491146012593144,0.5815034902110602,1,Interleaved
976,176,0,0.8219111649302566,0.40254885695642,1,Interleaved
977,177,0,0.48305496449304175,0.7358857865723614,1,Interleaved
978,178,0,0.49017486398947935,0.7419365251249451,1,Interleaved
979,179,0,0.1297111376005548,0.624463157487116,1,Interleaved
980,180,0,0.9977753814328512,0.7911949380903203,1,Interleaved
981,181,0,0.5045846051426458,0.6418948032126277,1,Interleaved
982,182,0,0.01383278513593433,0.698269983623745,1,Interleaved
983,183,0,0.9369200999927634,0.5360761799021159,1,Interleaved
984,184,0,0.20410916338715318,0.6006079620637337,1,Interleaved
985,185,0,0.7671409808966267,0.6732733928034982,1,Interleaved
986,186,0,0.920097370937525,0.5586415601781328,1,Interleaved
987,187,0,0.00883978068240296,0.6903192124129347,1,Interleaved
988,188,0,0.4834312245125683,0.6316105717447994,1,Interleaved
989,189,0,0.730177118181959,0.4227072742533098,1,Interleaved
990,190,0,0.553249821638805,0.623448355496466,1,Interleaved
991,191,0,0.20024854653028,0.7194878488515588,1,Interleaved
992,192,0,0.5580015353258799,0.6578824473455638,1,Interleaved
993,193,0,0.8899160516350415,0.40873664433113277,1,Interleaved
994,194,0,0.7190580359847537,0.6299438201301824,1,Interleaved
995,195,0,0.6315624378558984,0.43916396507494015,1,Interleaved
996,196,0,0.05012472708152963,0.9997912522231933,1,Interleaved
997,197,0,0.3320737076492952,0.6972957392516153,1,Interleaved
998,198,0,0.3607338390159074,0.5953031783610347,1,Interleaved
999,199,0,0.9115664101785759,0.5689009205186009,1,Interleaved
1000,0,0,0.802959066237361,0.6240944737340465,1,Instructed
1001,1,0,0.7427884868828585,0.9451376132097833,1,Instructed
1002,2,0,0.8233070142689037,0.7980325811145363,1,Instructed
1003,3,0,0.9999191989123257,0.8831471376505502,1,Instructed
1004,4,0,0.3298718200435297,0.5115826246639867,1,Instructed
1005,5,0,0.5072356068837638,0.46490348850351326,1,Instructed
1006,6,0,0.13529557241837045,0.5698877837269027,1,Instructed
1007,7,0,0.24618188065285285,0.6487434333703315,1,Instructed
1008,8,0,0.49156467038523777,0.5511200423648509,1,Instructed
1009,9,0,0.6447160006388043,0.5949105671439769,1,Instructed
1010,10,0,0.3019308259689838,0.5446038460248346,1,Instructed
1011,11,0,0.6870961767871386,0.415806017423171,1,Instructed
1012,12,0,0.5182541952002064,0.5610089835701414,1,Instructed
1013,13,0,0.9595979229843723,0.44831839847023847,1,Instructed
1014,14,0,0.7113257552848646,0.5527456564140669,1,Instructed
1015,15,0,0.37979148066998897,0.5742796681858476,1,Instructed
1016,16,0,0.1262893866456,0.49828298580987035,1,Instructed
1017,17,0,0.5262028573673606,0.4600466157980456,1,Instructed
1018,18,0,0.6759141543127817,0.6549797153872092,1,Instructed
1019,19,0,0.679569168080068,0.9844137190596686,1,Instructed
1020,20,0,0.996879952955061,0.34577662930170905,1,Instructed
1021,21,0,0.5664150792189891,0.8123862435101352,1,Instructed
1022,22,0,0.3112599653044279,0.6182454642026741,1,Instructed
1023,23,0,0.4809016037891875,0.7163304311235803,1,Instructed
1024,24,0,0.8434646046283782,0.5568480128254554,1,Instructed
1025,25,0,0.34953038840173595,0.3985777531521345,1,Instructed
1026,26,0,0.5593567123541798,0.5496754080805084,1,Instructed
1027,27,0,0.33915996980035007,0.5941709065239278,1,Instructed
1028,28,0,0.9981319866970493,0.4732647173169711,1,Instructed
1029,29,0,0.4923094629287853,0.6091277126228931,1,Instructed
1030,30,0,0.37888211365881963,0.6778225044553077,1,Instructed
1031,31,0,0.35862561552172867,0.6566900188476283,1,Instructed
1032,32,0,0.2631579705156296,0.7505665062306907,1,Instructed
1033,33,0,0.9166444030494192,0.42792319229919196,1,Instructed
1034,34,0,0.9407307148461552,0.5989180064355212,1,Instructed
1035,35,0,0.7857664566661386,0.5121003863928103,1,Instructed
1036,36,0,0.0633127021013535,0.43645948225885234,1,Instructed
1037,37,0,0.6052016450362366,0.46385917186544373,1,Instructed
1038,38,0,0.5989549940028979,0.5017872119801123,1,Instructed
1039,39,0,0.9963613768247912,0.5033445922716024,1,Instructed
1040,40,0,0.17046311214690374,0.43224326788289824,1,Instructed
1041,41,0,0.580122690319628,0.36232804036343735,1,Instructed
1042,42,0,0.9287892947847168,0.48482977609924205,1,Instructed
1043,43,0,0.23256421647585046,0.5783104505243934,1,Instructed
1044,44,0,0.6572278803044453,0.6208269639995561,1,Instructed
1045,45,0,0.9952610564591802,0.5218630331911742,1,Instructed
1046,46,0,0.5968169401775865,0.4169202989858082,1,Instructed
1047,47,0,0.09507883767583003,0.7855406222157697,1,Instructed
1048,48,0,0.6235096916860721,0.4425237472810274,1,Instructed
1049,49,0,0.9618141550629915,0.43778748988211,1,Instructed
1050,50,0,0.750735236236598,0.4905667648720511,1,Instructed
1051,51,0,0.8634392280445375,0.4566034558807731,1,Instructed
1052,52,0,0.061578385696077216,0.6644841354411821,1,Instructed
1053,53,0,0.440718837416191,0.5548536938802991,1,Instructed
1054,54,0,0.20701785115342095,0.717705373689772,1,Instructed
1055,55,0,0.9314311481993902,0.6744114266729051,1,Instructed
1056,56,0,0.9866133344927839,0.48996500185755176,1,Instructed
1057,57,0,0.5249794744728371,0.44218681986539166,1,Instructed
1058,58,0,0.9283305824946122,0.38600921455484316,1,Instructed
1059,59,0,0.4711283297950139,0.8053681019912053,1,Instructed
1060,60,0,0.7328759132175406,0.4718200857334478,1,Instructed
1061,61,0,0.952537535701135,0.7795388759338062,1,Instructed
1062,62,0,0.41302658650399965,0.33625868337546205,1,Instructed
1063,63,0,0.8254561619371439,0.519878455557849,1,Instructed
1064,64,0,0.24994898804364254,0.39896613862132935,1,Instructed
1065,65,0,0.9726036604036571,0.4028057863184977,1,Instructed
1066,66,0,0.4001759184816311,0.4456420874499345,1,Instructed
1067,67,0,0.9176139005249525,0.42979536586417605,1,Instructed
1068,68,0,0.7261646471572316,0.39528481910032026,1,Instructed
1069,69,0,0.93593698968927,0.29983228849297483,1,Instructed
1070,70,0,0.45722528465553536,0.4962464458980816,1,Instructed
1071,71,0,0.13833400639477544,0.5183540718446638,1,Instructed
1072,72,0,0.42441320431702045,0.5530937429684584,1,Instructed
1073,73,0,0.0783670361487464,0.5685787704642693,1,Instructed
1074,74,0,0.43193246564516696,0.5010201326942423,1,Instructed
1075,75,0,0.36601296306122705,0.7823001579027176,1,Instructed
1076,76,0,0.9580348255216536,0.4973927476292548,1,Instructed
1077,77,0,0.5103064969148419,0.4689635654239289,1,Instructed
1078,78,0,0.06174779903171381,0.6092770921193831,1,Instructed
1079,79,0,0.45730498090948046,0.4954952779041554,1,Instructed
1080,80,0,0.6687955219549357,0.3591900373144861,1,Instructed
1081,81,0,0.5944088498446306,0.5653328143514366,1,Instructed
1082,82,0,0.26780625176005113,0.40106687922932927,1,Instructed
1083,83,0,0.34669471602033136,0.5256123938476605,1,Instructed
1084,84,0,0.9283919451265694,0.4778054079370133,1,Instructed
1085,85,0,0.6907111068557801,0.704038106704781,1,Instructed
1086,86,0,0.8746067843322318,0.44426653355476553,1,Instructed
1087,87,0,0.586610311791429,0.5566790120059621,1,Instructed
1088,88,0,0.4570768248653585,0.4296645949928376,1,Instructed
1089,89,0,0.7290216557912148,0.35094908433462,1,Instructed
1090,90,0,0.17568032293766042,0.3667831104563807,1,Instructed
1091,91,0,0.7442934462460506,0.4803901192347506,1,Instructed
1092,92,0,0.11688941992513822,0.5299422694693076,1,Instructed
1093,93,0,0.5013141122183679,0.9704305298008182,1,Instructed
1094,94,0,0.49982070851861177,0.513668835552882,1,Instructed
1095,95,0,0.2955577785397036,0.5242759651420814,1,Instructed
1096,96,0,0.023160635055219248,0.5285733500441158,1,Instructed
1097,97,0,0.6778023660171477,0.5405535193674242,1,Instructed
1098,98,0,0.47428632344458155,0.47675612568705067,1,Instructed
1099,99,0,0.9712009893269165,0.6343600787066317,1,Instructed
1100,100,0,0.7046890275277792,0.5258886693134139,1,Instructed
1101,101,0,0.5144878853018775,0.6056321144452128,1,Instructed
1102,102,0,0.5019587959079086,0.48899492407833667,1,Instructed
1103,103,0,0.7692087019860876,0.46355869630588764,1,Instructed
1104,104,0,0.4408813035139343,0.5546040111070321,1,Instructed
1105,105,0,0.40749074395334245,0.6959735310792083,1,Instructed
1106,106,0,0.6218979513503553,0.3123429707661615,1,Instructed
1107,107,0,0.22473116054409273,0.5352724488410889,1,Instructed
1108,108,0,0.4857810951378823,0.4423973120016509,1,Instructed
1109,109,0,0.9991254071026396,0.5226212057536221,1,Instructed
1110,110,0,0.5451645341541778,0.4381795159403191,1,Instructed
1111,111,0,0.4347913965917648,0.4714701332425728,1,Instructed
1112,112,0,0.8667858170994378,0.5767031619475711,1,Instructed
1113,113,0,0.5757753977837203,0.3790508256194065,1,Instructed
1114,114,0,0.5881925585067905,0.4298003249431914,1,Instructed
1115,115,0,0.6876091489462333,0.634417899355017,1,Instructed
1116,116,0,0.4094855023486876,0.3783594683018222,1,Instructed
1117,117,0,0.8681366477852579,0.8076664683051671,1,Instructed
1118,118,0,0.5496831687927183,0.5080829486316027,1,Instructed
1119,119,0,0.6829269129473475,0.4301742931516339,1,Instructed
1120,120,0,0.3685950510369933,0.5219191649092322,1,Instructed
1121,121,0,0.9679284701539212,0.8902535790820317,1,Instructed
1122,122,0,0.5848172050180982,0.46549357463216756,1,Instructed
1123,123,0,0.9457575963026759,0.6678782488969088,1,Instructed
1124,124,0,0.48794589177446573,0.5385693220082702,1,Instructed
1125,125,0,0.4871418064638622,0.5046587633582602,1,Instructed
1126,126,0,0.17912842481442068,0.4940473651091038,1,Instructed
1127,127,0,0.7177815177809199,0.5273288303676977,1,Instructed
1128,128,0,0.8464122666444843,0.46197868225617833,1,Instructed
1129,129,0,0.6433665372059302,0.6091519578965264,1,Instructed
1130,130,0,0.5456491287124033,0.37104987388895994,1,Instructed
1131,131,0,0.4847387787111916,0.5088091475588619,1,Instructed
1132,132,0,0.10724481158011373,0.5986610828556183,1,Instructed
1133,133,0,0.17328357124400334,0.5807240292517641,1,Instructed
1134,134,0,0.8898045045077865,0.4408440383523289,1,Instructed
1135,135,0,0.22866438577245563,0.5177862828749917,1,Instructed
1136,136,0,0.33319593571939105,0.4189357832202016,1,Instructed
1137,137,0,0.45935434443870865,0.2843422100274315,1,Instructed
1138,138,0,0.38627045089792805,0.6027346431066916,1,Instructed
1139,139,0,0.4350191823134876,0.5903748180110949,1,Instructed
1140,140,0,0.007891978367188334,1.049089471069126,1,Instructed
1141,141,0,0.35312166680386003,0.5384061578523374,1,Instructed
1142,142,0,0.7706976665638359,0.3277618667569651,1,Instructed
1143,143,0,0.5774310449765032,0.5606883372187231,1,Instructed
1144,144,0,0.5247597815333316,0.4445016470519922,1,Instructed
1145,145,0,0.7230704269335018,0.6534065351517295,1,Instructed
1146,146,0,0.9018912006623705,0.5463926371682699,1,Instructed
1147,147,0,0.5549764738096166,0.46943160816345747,1,Instructed
1148,148,0,0.7727486737710119,0.5162062710695994,1,Instructed
1149,149,0,0.5539820009449548,0.5429758459278764,1,Instructed
1150,150,0,0.845163551972546,0.3765102451081521,1,Instructed
1151,151,0,0.16505060431733048,0.6152815788782735,1,Instructed
1152,152,0,0.2677219392823321,0.46311765470282973,1,Instructed
1153,153,0,0.5086031453342698,0.6166302368596175,1,Instructed
1154,154,0,0.5782404043068922,0.3708735318822548,1,Instructed
1155,155,0,0.5509793147772546,0.5143282837099019,1,Instructed
1156,156,0,0.5015073596520292,0.41483682917436404,1,Instructed
1157,157,0,0.5027453503653144,0.5685906447503897,1,Instructed
1158,158,0,0.13040825347913165,0.5154351953493208,1,Instructed
1159,159,0,0.3352028653687317,0.4623904041548542,1,Instructed
1160,160,0,0.4887460328399951,0.6685761527932972,1,Instructed
1161,161,0,0.48458005172185276,0.6273547721599875,1,Instructed
1162,162,0,0.5570358990409232,0.8320584442302323,1,Instructed
1163,163,0,0.4146692275215254,0.728825926840235,1,Instructed
1164,164,0,0.3160468527153183,0.6713218028511614,1,Instructed
1165,165,0,0.8238761342487252,0.5460021128480032,1,Instructed
1166,166,0,0.6027511782686059,0.4421011780642478,1,Instructed
1167,167,0,0.35545684369821584,0.3806848130089484,1,Instructed
1168,168,0,0.6131268053182771,0.6308593789001757,1,Instructed
1169,169,0,0.5562617144108368,0.40119725181771143,1,Instructed
1170,170,0,0.12947229350011585,0.8004278753709798,1,Instructed
1171,171,0,0.5621562739141321,0.5619224404004822,1,Instructed
1172,172,0,0.48523508577200686,0.521454104429272,1,Instructed
1173,173,0,0.5464926820347009,0.6132008423878659,1,Instructed
1174,174,0,0.4028575885724051,0.5641407362522675,1,Instructed
1175,175,0,0.17943161789155557,0.6513006721651353,1,Instructed
1176,176,0,0.19033649899497848,0.5975454208882126,1,Instructed
1177,177,0,0.09904624935933877,0.4836031330312066,1,Instructed
1178,178,0,0.4679044921930544,0.6884384481857928,1,Instructed
1179,179,0,0.8570546828491996,0.42131277991959326,1,Instructed
1180,180,0,0.5936402525211459,0.38928969088958365,1,Instructed
1181,181,0,0.5096642213282235,0.5521688126648397,1,Instructed
1182,182,0,0.06846585172648229,0.5255902387944299,1,Instructed
1183,183,0,0.40921591983068195,0.37980466202270735,1,Instructed
1184,184,0,0.5111442226569438,0.5471059397504056,1,Instructed
1185,185,0,0.543393561615193,0.6490397977642758,1,Instructed
1186,186,0,0.9691008983374011,0.6243315856086817,1,Instructed
1187,187,0,0.9562120755817128,0.6948500346977076,1,Instructed
1188,188,0,0.48705198390813165,0.4679374869211648,1,Instructed
1189,189,0,0.5547443210202762,0.49843983707293094,1,Instructed
1190,190,0,0.7565562456244237,0.6045383825070975,1,Instructed
1191,191,0,0.013638947729784672,0.5536804120203972,1,Instructed
1192,192,0,0.9913086287592916,0.5762082379990556,1,Instructed
1193,193,0,0.05519015536330997,0.5191507286857044,1,Instructed
1194,194,0,0.39890631276836414,0.7385025173371111,1,Instructed
1195,195,0,0.836263246291605,0.5170617911659725,1,Instructed
1196,196,0,0.3721205778747455,0.4834415167229945,1,Instructed
1197,197,0,0.6191750868849991,0.46280425060107866,1,Instructed
1198,198,0,0.7429844190460672,0.8221553680543494,1,Instructed
1199,199,0,0.9067053524441429,0.4900180854534586,1,Instructed
