,t,e_hat,Accuracy,pe,batch,Condition
0,0,0,0.6164450400956742,0.6674029995434279,0,Blocked
1,1,0,0.6779247895225603,0.6802981323297386,0,Blocked
2,2,0,0.9482942742903169,0.47178386029491515,0,Blocked
3,3,0,0.9748409439490796,0.6709466177979804,0,Blocked
4,4,0,0.9628288470167843,0.5638400362031679,0,Blocked
5,5,0,0.9517644862583797,0.4808964300309414,0,Blocked
6,6,0,0.9017259613650802,0.4923822882029153,0,Blocked
7,7,0,0.9081692711116738,0.6333323580403765,0,Blocked
8,8,0,0.06093174765007696,0.7150686140394161,0,Blocked
9,9,0,0.014730646037825063,0.6056590321305206,0,Blocked
10,10,0,0.042695657343129155,0.5928807956623691,0,Blocked
11,11,0,0.8816780178115053,0.5446785866364132,0,Blocked
12,12,0,0.32643976256727414,0.6617182657939279,0,Blocked
13,13,0,0.2954905929722778,0.4467059490482197,0,Blocked
14,14,0,0.3569249986462494,0.5029120810747999,0,Blocked
15,15,0,0.4494613846149308,0.4715752259995455,0,Blocked
16,16,0,0.5938843988431537,0.5309317098315289,0,Blocked
17,17,0,0.6144118627081921,0.37849605759769006,0,Blocked
18,18,0,0.7862056476172001,0.5446065814937557,0,Blocked
19,19,0,0.9197700339576129,0.48382474888471566,0,Blocked
20,20,0,0.9784127444955643,0.45162666271335583,0,Blocked
21,21,0,0.9909556229922736,0.4250701961724396,0,Blocked
22,22,0,0.9905295521079518,0.4364897002442679,0,Blocked
23,23,0,0.9585353522424267,0.5849521096570014,0,Blocked
24,24,0,0.1381260037106503,0.5689176745073996,0,Blocked
25,25,0,0.32475761338657155,0.5257636477869432,0,Blocked
26,26,0,0.7149634019702534,0.5647067447865375,0,Blocked
27,27,0,0.11347623878013824,0.6157528837087167,0,Blocked
28,28,0,0.2890687364077403,0.6677098284212317,0,Blocked
29,29,0,0.49267040491972885,0.6083490555112228,0,Blocked
30,30,0,0.4523404621151912,0.6299678496876635,0,Blocked
31,31,0,0.2858585111615637,0.7271733212592624,0,Blocked
32,32,0,0.6365030991863785,0.5382484102770186,0,Blocked
33,33,0,0.34964629161639005,0.5243714297973988,0,Blocked
34,34,0,0.8878042497320676,0.5573104354885601,0,Blocked
35,35,0,0.14313881097783218,0.561076900536782,0,Blocked
36,36,0,0.49632396545761015,0.7281865381999042,0,Blocked
37,37,0,0.8089590206899441,0.5862337131897131,0,Blocked
38,38,0,0.46291688120429275,0.4682233683228335,0,Blocked
39,39,0,0.8648558808824769,0.5876222951880425,0,Blocked
40,40,0,0.25404556045212706,0.46822456888629116,0,Blocked
41,41,0,0.47591606169749956,0.501562676248672,0,Blocked
42,42,0,0.27624844477960453,0.49065408105888936,0,Blocked
43,43,0,0.9252528743238386,0.5475283052467899,0,Blocked
44,44,0,0.02281232563597513,0.7623906348724847,0,Blocked
45,45,0,0.04160547325442972,0.626592572689733,0,Blocked
46,46,0,0.122745670854651,0.5327436358718953,0,Blocked
47,47,0,0.19082668174095205,0.6053939922677598,0,Blocked
48,48,0,0.42414741183421323,0.5126732699774333,0,Blocked
49,49,0,0.4963677662247851,0.6035044917704797,0,Blocked
50,50,0,0.4946069660024362,0.7775773527321724,0,Blocked
51,51,0,0.4519013872011668,0.6652478003484691,0,Blocked
52,52,0,0.5273814232423418,0.5163222071193967,0,Blocked
53,53,0,0.8116484511817474,0.3834840662952843,0,Blocked
54,54,0,0.08412202887088924,0.6343705244714124,0,Blocked
55,55,0,0.18545600002427756,0.5246013863241323,0,Blocked
56,56,0,0.3865989909603795,0.7297236775503633,0,Blocked
57,57,0,0.5557145695493497,0.5272680008937958,0,Blocked
58,58,0,0.49667013319833364,0.5189051306554671,0,Blocked
59,59,0,0.47942705791693496,0.5681399387798751,0,Blocked
60,60,0,0.7185899553301105,0.45192691676414304,0,Blocked
61,61,0,0.8170365050827599,0.5002505324633258,0,Blocked
62,62,0,0.2067243877140924,0.4592089889830592,0,Blocked
63,63,0,0.2236605072258827,0.44088640956177527,0,Blocked
64,64,0,0.7927628128425528,0.41184958048959786,0,Blocked
65,65,0,0.2962776407875963,0.4757597890614471,0,Blocked
66,66,0,0.3372944003795835,0.5174631642230405,0,Blocked
67,67,0,0.6072039277935912,0.46926757594136764,0,Blocked
68,68,0,0.6171581871651444,0.43008828888660844,0,Blocked
69,69,0,0.4736798005548158,0.621692764693831,0,Blocked
70,70,0,0.32852192416562276,0.6186065420350535,0,Blocked
71,71,0,0.7959349131334726,0.4852723952779818,0,Blocked
72,72,0,0.29860943287257863,0.48656174707737493,0,Blocked
73,73,0,0.8081230265112453,0.5146420874229872,0,Blocked
74,74,0,0.8526369750058485,0.575769090417639,0,Blocked
75,75,0,0.9885558017234701,0.6335568657036978,0,Blocked
76,76,0,0.9670673046800657,0.5321319963996641,0,Blocked
77,77,0,0.28682921924109867,0.5166178208265626,0,Blocked
78,78,0,0.49114128980523847,0.6025177165784125,0,Blocked
79,79,0,0.5404153964836068,0.531755033210327,0,Blocked
80,80,0,0.05629262331389367,0.5980771336034991,0,Blocked
81,81,0,0.8525633118585292,0.4174400448279374,0,Blocked
82,82,0,0.5627564903167933,0.6931902385494921,0,Blocked
83,83,0,0.32124537685562216,0.47558236140827115,0,Blocked
84,84,0,0.06498089422139226,0.5094150325835006,0,Blocked
85,85,0,0.9725092482020706,0.40284957124395443,0,Blocked
86,86,0,0.9508134091936744,0.35091949887873286,0,Blocked
87,87,0,0.9523574648910564,0.43703082190496545,0,Blocked
88,88,0,0.014087202742647666,0.6535259707433276,0,Blocked
89,89,0,0.051261638688815496,0.558060920529236,0,Blocked
90,90,0,0.6271084339918086,0.6045446082300581,0,Blocked
91,91,0,0.4930147699980488,0.7597256173328739,0,Blocked
92,92,0,0.28794887427308286,0.5305231863039821,0,Blocked
93,93,0,0.11303976511880907,0.48157508736766463,0,Blocked
94,94,0,0.08774754555338124,0.495578518045822,0,Blocked
95,95,0,0.9181978921433178,0.45733529520249466,0,Blocked
96,96,0,0.9076742522175637,0.5430741101492549,0,Blocked
97,97,0,0.3318631892287056,0.5696023584172836,0,Blocked
98,98,0,0.44545913585103486,0.47840243597079424,0,Blocked
99,99,0,0.521187604800548,0.4716810385150716,0,Blocked
100,100,0,0.39506147637809175,0.6997419941298151,0,Blocked
101,101,0,0.6029506041060183,0.5001366304974224,0,Blocked
102,102,0,0.05685897815360904,0.6490184164576591,0,Blocked
103,103,0,0.008810582793643992,0.7056557939070365,0,Blocked
104,104,0,0.0327628748424472,0.5510122020540726,0,Blocked
105,105,0,0.7272922120646065,0.5751364168583866,0,Blocked
106,106,0,0.6441534122059164,0.5357990783417836,0,Blocked
107,107,0,0.45891824575921286,0.6691342177337831,0,Blocked
108,108,0,0.5380451959112551,0.41341414899608825,0,Blocked
109,109,0,0.912969460832559,0.4025528920973344,0,Blocked
110,110,0,0.3508745136177902,0.5363164281280681,0,Blocked
111,111,0,0.8189334918920849,0.43740665244011767,0,Blocked
112,112,0,0.861322496397096,0.5833324710751352,0,Blocked
113,113,0,0.8983467816156255,0.35887233552002284,0,Blocked
114,114,0,0.9220534889671099,0.46875406633056804,0,Blocked
115,115,0,0.6414637278978181,0.46667773822258507,0,Blocked
116,116,0,0.9726189974526094,0.5884677493304785,0,Blocked
117,117,0,0.10388513121274265,0.5798296946961552,0,Blocked
118,118,0,0.5369542741537702,0.6086367474882807,0,Blocked
119,119,0,0.7605379258573048,0.45815058568376865,0,Blocked
120,120,0,0.21167431709945672,0.547104538318075,0,Blocked
121,121,0,0.2150852393149824,0.6468445928194397,0,Blocked
122,122,0,0.4371095857821816,0.5107391549669975,0,Blocked
123,123,0,0.719657331666248,0.41970605275572215,0,Blocked
124,124,0,0.8622484948297661,0.3962107169936683,0,Blocked
125,125,0,0.9016579370656821,0.5805706399669297,0,Blocked
126,126,0,0.9193727100060944,0.481403924340048,0,Blocked
127,127,0,0.8345790130551729,0.47613725080731467,0,Blocked
128,128,0,0.11040681561755462,0.6467088485648308,0,Blocked
129,129,0,0.2778465634533885,0.5275670580907059,0,Blocked
130,130,0,0.37384764530701375,0.4653757667892251,0,Blocked
131,131,0,0.24444194795714191,0.5449165036629808,0,Blocked
132,132,0,0.21324590918249506,0.5158973107449283,0,Blocked
133,133,0,0.08685658980096014,0.6732434026385843,0,Blocked
134,134,0,0.1294428610793469,0.4680400141440949,0,Blocked
135,135,0,0.3961864657990247,0.4713831588240884,0,Blocked
136,136,0,0.10860516150824849,0.6172976573552822,0,Blocked
137,137,0,0.5016000172169004,0.5627955536103355,0,Blocked
138,138,0,0.5606938866568671,0.4024813214959977,0,Blocked
139,139,0,0.562373545357992,0.4639622053446586,0,Blocked
140,140,0,0.6499908248131117,0.5016486338352469,0,Blocked
141,141,0,0.37582451573516873,0.5360089928379852,0,Blocked
142,142,0,0.31277090477658925,0.5569722585442431,0,Blocked
143,143,0,0.7424627356617417,0.4540015887422658,0,Blocked
144,144,0,0.49823197341322456,0.46997732048075747,0,Blocked
145,145,0,0.4958603150919468,0.4153520879194129,0,Blocked
146,146,0,0.501239873692939,0.9620126730429847,0,Blocked
147,147,0,0.46037951807439353,0.5362400698418621,0,Blocked
148,148,0,0.47043698610771656,0.49838225090708266,0,Blocked
149,149,0,0.5922648529098413,0.5008035194894258,0,Blocked
150,150,0,0.6009010570117921,0.5676527483474487,0,Blocked
151,151,0,0.3827199710335063,0.45848318706754854,0,Blocked
152,152,0,0.7356339992020852,0.4010014759517381,0,Blocked
153,153,0,0.32878112548556826,0.5306701621477892,0,Blocked
154,154,0,0.7247359975211688,0.6061521278186808,0,Blocked
155,155,0,0.42687568453881397,0.632395409712491,0,Blocked
156,156,0,0.5260351360800068,0.4599032838251549,0,Blocked
157,157,0,0.5092014098056195,0.48329135368545795,0,Blocked
158,158,0,0.5310941904217492,0.503764728747335,0,Blocked
159,159,0,0.5131002042035012,0.387538369243581,0,Blocked
160,160,0,0.3439172636255503,0.38242910674797537,0,Blocked
161,161,0,0.858965850930772,0.5232458296329756,0,Blocked
162,162,0,0.14166911145510114,0.7267766038921913,0,Blocked
163,163,0,0.5235986273830913,0.45739699269693757,0,Blocked
164,164,0,0.16276488071897974,0.735960321527009,0,Blocked
165,165,0,0.41592258040749364,0.49474614974932596,0,Blocked
166,166,0,0.6662918675952743,0.4718439595426658,0,Blocked
167,167,0,0.6143081613321375,0.5741942097768724,0,Blocked
168,168,0,0.9166875292893539,0.6314023632216397,0,Blocked
169,169,0,0.4977262041723894,0.6466931608085016,0,Blocked
170,170,0,0.9969031907234895,0.533687267717351,0,Blocked
171,171,0,0.46545192805250474,0.4381070674452695,0,Blocked
172,172,0,0.8253360988326801,0.4485814054610685,0,Blocked
173,173,0,0.35097808547172465,0.5549198507802925,0,Blocked
174,174,0,0.6722782565557938,0.5452916641384173,0,Blocked
175,175,0,0.5800699303173965,0.5328821749911798,0,Blocked
176,176,0,0.006416074495499446,0.631132695687625,0,Blocked
177,177,0,0.004891219490765454,0.6158721865457127,0,Blocked
178,178,0,0.47504213124523204,0.45230441342787464,0,Blocked
179,179,0,0.048902667523159186,0.5655903045643005,0,Blocked
180,180,0,0.3510063876063361,0.4362783436063557,0,Blocked
181,181,0,0.5331342279576742,0.4911875535432881,0,Blocked
182,182,0,0.5310338634472371,0.5056119774818594,0,Blocked
183,183,0,0.7219127414575006,0.4483046799081296,0,Blocked
184,184,0,0.5036292815715576,0.516214937520213,0,Blocked
185,185,0,0.0651844263089981,0.5453562593433101,0,Blocked
186,186,0,0.5192616529815224,0.6149302582258598,0,Blocked
187,187,0,0.4751932808479508,0.5622485406207167,0,Blocked
188,188,0,0.4961342256995987,0.4616363411826978,0,Blocked
189,189,0,0.49067661649570904,0.49578097887954375,0,Blocked
190,190,0,0.16885179517885662,0.38533974382273606,0,Blocked
191,191,0,0.6290251335496821,0.3972500191843763,0,Blocked
192,192,0,0.9103608145504776,0.7262708770525335,0,Blocked
193,193,0,0.5172377839250888,0.4600842406637278,0,Blocked
194,194,0,0.5242187091466156,0.5907914057177762,0,Blocked
195,195,0,0.5373079802502497,0.521364653592689,0,Blocked
196,196,0,0.26541527796962877,0.589657363697411,0,Blocked
197,197,0,0.5184181260861693,0.5811986182266312,0,Blocked
198,198,0,0.3974038436622114,0.4329862246914465,0,Blocked
199,199,0,0.4646343113313099,0.49309623626557425,0,Blocked
200,0,0,0.004292502874311429,0.7778363748403238,0,Interleaved
201,1,0,0.8891784018720892,0.6832806919912766,0,Interleaved
202,2,0,0.5009434923425695,0.9366052995844811,0,Interleaved
203,3,0,0.6394409237414796,0.6114799740936373,0,Interleaved
204,4,0,0.28136486380617,0.6383965267222167,0,Interleaved
205,5,0,0.07306859020412199,0.5745836733850641,0,Interleaved
206,6,0,0.4916980504586378,0.5294188201514619,0,Interleaved
207,7,0,0.7120956090038415,0.5985485404650159,0,Interleaved
208,8,0,0.4233566423329378,0.40150224419693636,0,Interleaved
209,9,0,0.38778091590269914,0.6459247049179282,0,Interleaved
210,10,0,0.17221734235772895,0.6955349311962842,0,Interleaved
211,11,0,0.20685283247479375,0.615881160126038,0,Interleaved
212,12,0,0.5719693068307603,0.4500669496770737,0,Interleaved
213,13,0,0.32190829056470294,0.5516961203791382,0,Interleaved
214,14,0,0.29156804738094955,0.6058022154586805,0,Interleaved
215,15,0,0.5268104643080614,0.5977940334877119,0,Interleaved
216,16,0,0.5456986253954308,0.4717907942110803,0,Interleaved
217,17,0,0.8712285223444414,0.7725016062001248,0,Interleaved
218,18,0,0.54344889362784,0.48230481468990893,0,Interleaved
219,19,0,0.1886119694544723,0.48419081283928533,0,Interleaved
220,20,0,0.10821525490261193,0.6769065986442429,0,Interleaved
221,21,0,0.5211460056746988,0.5042322935563933,0,Interleaved
222,22,0,0.5731113435220989,0.708046951728218,0,Interleaved
223,23,0,0.2797683647019012,0.8778204221587167,0,Interleaved
224,24,0,0.27316142257525844,0.6305732697951116,0,Interleaved
225,25,0,0.9211217237490787,0.5189100068288599,0,Interleaved
226,26,0,0.48987625316691796,0.5310534677475455,0,Interleaved
227,27,0,0.9043549104007732,0.6107928883157169,0,Interleaved
228,28,0,0.4153430634914135,0.5557412022376698,0,Interleaved
229,29,0,0.9370167820458501,0.6260824847069227,0,Interleaved
230,30,0,0.4216354749099508,0.5039581132396028,0,Interleaved
231,31,0,0.8072118211725403,0.396313940924216,0,Interleaved
232,32,0,0.4639718728537314,0.46699929447220906,0,Interleaved
233,33,0,0.3599591364992361,0.5908411750074263,0,Interleaved
234,34,0,0.11042887463087481,0.5359971155810117,0,Interleaved
235,35,0,0.3971470505026612,0.6326898729991759,0,Interleaved
236,36,0,0.24904731751083192,0.506938796508493,0,Interleaved
237,37,0,0.5580599460639815,0.5742640508770858,0,Interleaved
238,38,0,0.4645731419603253,0.40500087456410694,0,Interleaved
239,39,0,0.5183341493900144,0.6225407024768467,0,Interleaved
240,40,0,0.5420693026512372,0.4964069626143923,0,Interleaved
241,41,0,0.15829327589413125,0.5797658115393376,0,Interleaved
242,42,0,0.6875263528869181,0.4217119851676123,0,Interleaved
243,43,0,0.46151078237506504,0.5413608874319317,0,Interleaved
244,44,0,0.0200899220534521,0.7425539995128023,0,Interleaved
245,45,0,0.39621916118594097,0.40557179811032884,0,Interleaved
246,46,0,0.5097001716645884,0.4649624004393329,0,Interleaved
247,47,0,0.40739048180399906,0.5316817646852658,0,Interleaved
248,48,0,0.6235263002679329,0.3784464870800902,0,Interleaved
249,49,0,0.09735738419037182,0.5195855565950485,0,Interleaved
250,50,0,0.5075868719138223,0.613356234249704,0,Interleaved
251,51,0,0.1303197721367523,0.4474295086959616,0,Interleaved
252,52,0,0.2915562925226958,0.5410658235178032,0,Interleaved
253,53,0,0.607274885747997,0.47262675341118854,0,Interleaved
254,54,0,0.5101278965644198,0.46417809597602444,0,Interleaved
255,55,0,0.28649490226411983,0.46319923887158115,0,Interleaved
256,56,0,0.680383434206017,0.49920059776849424,0,Interleaved
257,57,0,0.7367208897984763,0.45955851912824486,0,Interleaved
258,58,0,0.8240753565147256,0.412103067826173,0,Interleaved
259,59,0,0.7247580698896213,0.44021361244089563,0,Interleaved
260,60,0,0.41284939450254154,0.39515517229172714,0,Interleaved
261,61,0,0.819615504158096,0.4082971758077055,0,Interleaved
262,62,0,0.44743693203070717,0.5042271165269321,0,Interleaved
263,63,0,0.07148396751731552,0.6243295669551145,0,Interleaved
264,64,0,0.5088368443394609,0.5491239303102289,0,Interleaved
265,65,0,0.8707290297418502,0.49398599974540147,0,Interleaved
266,66,0,0.7307147698452937,0.5403524350887734,0,Interleaved
267,67,0,0.6299139666803986,0.4277000269417526,0,Interleaved
268,68,0,0.34662516317141173,0.4045841794382784,0,Interleaved
269,69,0,0.5920232503505298,0.5701748854256398,0,Interleaved
270,70,0,0.14706334541392627,0.6264598747249102,0,Interleaved
271,71,0,0.5263722890532705,0.5206688866914184,0,Interleaved
272,72,0,0.6593889278385467,0.7037652776228773,0,Interleaved
273,73,0,0.4722019299083524,0.5637169544745531,0,Interleaved
274,74,0,0.5669275842604764,0.6482776141557341,0,Interleaved
275,75,0,0.9752164585927047,0.5637470144332516,0,Interleaved
276,76,0,0.4912150348263084,0.5655166808842971,0,Interleaved
277,77,0,0.9313600515437361,0.6513241671221768,0,Interleaved
278,78,0,0.8146657733222216,0.44589827228905077,0,Interleaved
279,79,0,0.5335986098443223,0.48917058032944033,0,Interleaved
280,80,0,0.05029288871967418,0.6960782195256003,0,Interleaved
281,81,0,0.8094634323626412,0.48476819629343926,0,Interleaved
282,82,0,0.4923755234755396,0.5257736302911056,0,Interleaved
283,83,0,0.07824546418489645,0.5400671507609308,0,Interleaved
284,84,0,0.5571485868339814,0.5301769121563972,0,Interleaved
285,85,0,0.5272975603679023,0.6866298353191083,0,Interleaved
286,86,0,0.14775563569773498,0.5552281402386074,0,Interleaved
287,87,0,0.7044510800120527,0.5044843635300591,0,Interleaved
288,88,0,0.5346289776898377,0.3859779656534762,0,Interleaved
289,89,0,0.8425495099123772,0.613266539667375,0,Interleaved
290,90,0,0.47570563590052944,0.4887459493882975,0,Interleaved
291,91,0,0.8653158874722839,0.5641802449870131,0,Interleaved
292,92,0,0.5076556090426683,0.40311475250424433,0,Interleaved
293,93,0,0.7566418110492816,0.5057355698599814,0,Interleaved
294,94,0,0.3714464185944132,0.5094192660037853,0,Interleaved
295,95,0,0.7834239032289056,0.6070854089983067,0,Interleaved
296,96,0,0.4697281010618749,0.5311641050872893,0,Interleaved
297,97,0,0.9206459395894356,0.42102225672730487,0,Interleaved
298,98,0,0.46824685159476087,0.4879287554864934,0,Interleaved
299,99,0,0.7825494339625438,0.440680953068811,0,Interleaved
300,100,0,0.34088064802546925,0.5562632825417966,0,Interleaved
301,101,0,0.7273225608601951,0.4634963440685906,0,Interleaved
302,102,0,0.4836716135535446,0.5204838960644241,0,Interleaved
303,103,0,0.898620792278918,0.6381503028891514,0,Interleaved
304,104,0,0.4461308593531561,0.40262861054923343,0,Interleaved
305,105,0,0.5785697439708777,0.49466112724783395,0,Interleaved
306,106,0,0.4998493710359845,0.6255694148639039,0,Interleaved
307,107,0,0.8981616862385536,0.3042720790250244,0,Interleaved
308,108,0,0.9414229096214811,0.5238048832003717,0,Interleaved
309,109,0,0.07938752499667985,0.5053951781055382,0,Interleaved
310,110,0,0.5631324599479096,0.5527166538008746,0,Interleaved
311,111,0,0.8152226542479286,0.5055376603031057,0,Interleaved
312,112,0,0.2503944656578546,0.4986717317948502,0,Interleaved
313,113,0,0.0812689978274942,0.7941357623463845,0,Interleaved
314,114,0,0.542797709488076,0.5211766570910988,0,Interleaved
315,115,0,0.6411059752490542,0.6031739036149669,0,Interleaved
316,116,0,0.34889758788442093,0.5165234020918924,0,Interleaved
317,117,0,0.3360030285344838,0.6261718632853629,0,Interleaved
318,118,0,0.7387089949634352,0.4523888229133685,0,Interleaved
319,119,0,0.9214140591727225,0.5878006443070471,0,Interleaved
320,120,0,0.46297932125443736,0.6823357309112928,0,Interleaved
321,121,0,0.8486172007244692,0.52209314913483,0,Interleaved
322,122,0,0.3950614002131231,0.739160200979057,0,Interleaved
323,123,0,0.23576953319132665,0.6900270381593987,0,Interleaved
324,124,0,0.33652315794205173,0.4444999868429471,0,Interleaved
325,125,0,0.5248831056603313,0.45904129592024734,0,Interleaved
326,126,0,0.18681596539607642,0.5230776211254491,0,Interleaved
327,127,0,0.2772143737773093,0.5247392559920794,0,Interleaved
328,128,0,0.4622473463811319,0.683481779231699,0,Interleaved
329,129,0,0.3012419632118385,0.6174119013276846,0,Interleaved
330,130,0,0.4140608030333002,0.43269922033324193,0,Interleaved
331,131,0,0.5584065701310971,0.40698204567314933,0,Interleaved
332,132,0,0.6400907463679628,0.5509285133465625,0,Interleaved
333,133,0,0.8971786743236563,0.5277576909263713,0,Interleaved
334,134,0,0.45696110746221713,0.5444285181934575,0,Interleaved
335,135,0,0.977168591784243,0.4244208714433163,0,Interleaved
336,136,0,0.5064042520133253,0.4246857742021669,0,Interleaved
337,137,0,0.0191612136926947,0.5710119900698595,0,Interleaved
338,138,0,0.471790183818715,0.6190587300025843,0,Interleaved
339,139,0,0.1250874374060815,0.5270293428013435,0,Interleaved
340,140,0,0.2700815267035505,0.631776084254643,0,Interleaved
341,141,0,0.5213118403532311,0.6351886618576343,0,Interleaved
342,142,0,0.29736879823620255,0.5126070338232164,0,Interleaved
343,143,0,0.32397054608482806,0.4968159760709906,0,Interleaved
344,144,0,0.3703143021676399,0.43110390179515246,0,Interleaved
345,145,0,0.14055967699550428,0.7621428869419455,0,Interleaved
346,146,0,0.4503423748742938,0.47247387116838546,0,Interleaved
347,147,0,0.4897303998022966,0.4548249037024046,0,Interleaved
348,148,0,0.20177220737995596,0.620143235112479,0,Interleaved
349,149,0,0.8085720052610312,0.42826078459274863,0,Interleaved
350,150,0,0.6474911449765349,0.39498982620749756,0,Interleaved
351,151,0,0.5633698290691382,0.6613932088187285,0,Interleaved
352,152,0,0.6197586467182794,0.5850402964265671,0,Interleaved
353,153,0,0.30889390624261437,0.5204697207706219,0,Interleaved
354,154,0,0.19641100334405187,0.7070902607257341,0,Interleaved
355,155,0,0.29683995391404433,0.45856854954573734,0,Interleaved
356,156,0,0.4151015465656928,0.5525152494176648,0,Interleaved
357,157,0,0.22686520226501117,0.4408459587123713,0,Interleaved
358,158,0,0.5294347833849967,0.6005471456395406,0,Interleaved
359,159,0,0.03397239527760949,0.4851312292612596,0,Interleaved
360,160,0,0.49864885440182666,0.5368698097325455,0,Interleaved
361,161,0,0.5797233779783448,0.4454394241300933,0,Interleaved
362,162,0,0.6901289565856783,0.47838695376532175,0,Interleaved
363,163,0,0.8072621666774304,0.3317887708142157,0,Interleaved
364,164,0,0.683920125324279,0.47370380862330086,0,Interleaved
365,165,0,0.3341160798216707,0.4524930110474609,0,Interleaved
366,166,0,0.7795936057361825,0.5702109388874208,0,Interleaved
367,167,0,0.43239668153441085,0.4948769613471893,0,Interleaved
368,168,0,0.27912699184034917,0.6793772597612762,0,Interleaved
369,169,0,0.8399598135834847,0.6013313696392846,0,Interleaved
370,170,0,0.5925483973253884,0.5871621922415137,0,Interleaved
371,171,0,0.34483335230155937,0.4183627550754996,0,Interleaved
372,172,0,0.8288512203936542,0.38405483767487425,0,Interleaved
373,173,0,0.8629818523389282,0.48449820756597883,0,Interleaved
374,174,0,0.48996638366929723,0.4232236876407509,0,Interleaved
375,175,0,0.5469305594734181,0.4411098453710903,0,Interleaved
376,176,0,0.28771892507424907,0.414941037989149,0,Interleaved
377,177,0,0.44248067435501204,0.4584812385781212,0,Interleaved
378,178,0,0.6898282063397829,0.4443579803178025,0,Interleaved
379,179,0,0.6442797044488076,0.4976401276597309,0,Interleaved
380,180,0,0.8744075786565695,0.46006983714522764,0,Interleaved
381,181,0,0.34179258906456034,0.5008473058567101,0,Interleaved
382,182,0,0.5981798441159313,0.3900643821357186,0,Interleaved
383,183,0,0.6585913111638204,0.43937983620018994,0,Interleaved
384,184,0,0.5347743451673825,0.44922252442272337,0,Interleaved
385,185,0,0.3483655133337388,0.5583083499110841,0,Interleaved
386,186,0,0.7830937941877163,0.4735863408700757,0,Interleaved
387,187,0,0.9387810679927922,0.4640952995543129,0,Interleaved
388,188,0,0.9636296532077762,0.365943430904139,0,Interleaved
389,189,0,0.49703179169647255,0.6653232898190469,0,Interleaved
390,190,0,0.9916842352968323,0.41796308507263485,0,Interleaved
391,191,0,0.9565541715907317,0.5520099248737669,0,Interleaved
392,192,0,0.4616141749642368,0.5726025540834911,0,Interleaved
393,193,0,0.9797778071553043,0.3820330136143957,0,Interleaved
394,194,0,0.536827935163798,0.389728174652897,0,Interleaved
395,195,0,0.07548968283993585,0.7005616618826043,0,Interleaved
396,196,0,0.7278991993343815,0.4012229524004347,0,Interleaved
397,197,0,0.4970593325335566,0.41969279728881126,0,Interleaved
398,198,0,0.4444883622490186,0.5927333771883501,0,Interleaved
399,199,0,0.26497965491234765,0.4420962906780952,0,Interleaved
400,0,0,0.11700767369197657,0.7506386052957537,0,Instructed
401,1,0,0.633580851518202,0.871152456114371,0,Instructed
402,2,0,0.19582439011521588,0.6705529231398579,0,Instructed
403,3,0,0.37045154550478615,0.41394255753499,0,Instructed
404,4,0,0.7340546042606424,0.5048844069641294,0,Instructed
405,5,0,0.9008986350890169,0.5545575126550761,0,Instructed
406,6,0,0.47618029422505637,0.5416786331286032,0,Instructed
407,7,0,0.41315820316153007,0.5467111412969932,0,Instructed
408,8,0,0.7445036394539994,0.40701067780824074,0,Instructed
409,9,0,0.7960310450635428,0.49638974120080404,0,Instructed
410,10,0,0.3623963108772047,0.5895627591667805,0,Instructed
411,11,0,0.3437283032521175,0.5099860747789078,0,Instructed
412,12,0,0.7803562201420982,0.5852817864310417,0,Instructed
413,13,0,0.18578267871603527,0.46198555770515193,0,Instructed
414,14,0,0.5645815191076253,0.2647265664397463,0,Instructed
415,15,0,0.9610496731152908,0.4652818960308322,0,Instructed
416,16,0,0.44975744853094296,0.4677505945522463,0,Instructed
417,17,0,0.9447918587883856,0.6718288115898567,0,Instructed
418,18,0,0.1385476562001361,0.5615284875520667,0,Instructed
419,19,0,0.9776671378103348,0.5598748063802557,0,Instructed
420,20,0,0.4910928515779259,0.4860678980255725,0,Instructed
421,21,0,0.06372225480549196,0.6340281568511408,0,Instructed
422,22,0,0.724134312148274,0.46188760519323097,0,Instructed
423,23,0,0.38350529486089585,0.4695075942674543,0,Instructed
424,24,0,0.1872848179459613,0.508654869499382,0,Instructed
425,25,0,0.5592042579280638,0.446293238507977,0,Instructed
426,26,0,0.6003326039545384,0.3995256863337895,0,Instructed
427,27,0,0.5567412137016928,0.6278981142900719,0,Instructed
428,28,0,0.2874769637527393,0.39807535181497744,0,Instructed
429,29,0,0.06020208842429067,0.4535850030317701,0,Instructed
430,30,0,0.9611764976377231,0.4576689504879666,0,Instructed
431,31,0,0.34031522180372475,0.6771504115117555,0,Instructed
432,32,0,0.009889948249344246,0.6389062596159087,0,Instructed
433,33,0,0.9439563009340557,0.5314623919430936,0,Instructed
434,34,0,0.4738189334787157,0.3853413076676948,0,Instructed
435,35,0,0.1726089967513248,0.39617171691219044,0,Instructed
436,36,0,0.5088116863758099,0.5618094535080803,0,Instructed
437,37,0,0.398067399407138,0.4499154350748783,0,Instructed
438,38,0,0.15589062478485322,0.5312232740291196,0,Instructed
439,39,0,0.4397483097659718,0.55328419592488,0,Instructed
440,40,0,0.19513410924665603,0.43522669461684,0,Instructed
441,41,0,0.5382711751089083,0.5794767603386335,0,Instructed
442,42,0,0.6679548524031863,0.5901502371543237,0,Instructed
443,43,0,0.4105662662294711,0.5357879548732232,0,Instructed
444,44,0,0.394554595881817,0.42107069756650856,0,Instructed
445,45,0,0.07335938157140932,0.6537729423125023,0,Instructed
446,46,0,0.28520795733139814,0.4076198468876225,0,Instructed
447,47,0,0.9730899182817956,0.3675777556786378,0,Instructed
448,48,0,0.4969233627198591,0.5962402613799016,0,Instructed
449,49,0,0.9157433627630843,0.4049467074521932,0,Instructed
450,50,0,0.19849569350140528,0.3824619976136747,0,Instructed
451,51,0,0.5673614908850139,0.45695255084956926,0,Instructed
452,52,0,0.5572660068583675,0.45809879865304975,0,Instructed
453,53,0,0.28153124413445285,0.4990919298122719,0,Instructed
454,54,0,0.5693562312423618,0.5231205891039297,0,Instructed
455,55,0,0.41464489029796603,0.42548018474683635,0,Instructed
456,56,0,0.5719015816465998,0.2798454939099527,0,Instructed
457,57,0,0.38112262983682604,0.29798014308534376,0,Instructed
458,58,0,0.58586972432442,0.3422511959782245,0,Instructed
459,59,0,0.5735365084654274,0.33613778184142445,0,Instructed
460,60,0,0.647775162131522,0.3756696542349953,0,Instructed
461,61,0,0.2815021231744126,0.3948591582607286,0,Instructed
462,62,0,0.23126077048726038,0.3110740064171318,0,Instructed
463,63,0,0.6591603119973617,0.3331025516142065,0,Instructed
464,64,0,0.457872035542989,0.3822976570457469,0,Instructed
465,65,0,0.8596238164584129,0.5181390754476125,0,Instructed
466,66,0,0.37884051930737794,0.47074572132437903,0,Instructed
467,67,0,0.14810959370023935,0.4695880581333571,0,Instructed
468,68,0,0.5137215072265313,0.38045560909732234,0,Instructed
469,69,0,0.47648343228085466,0.3356688516897748,0,Instructed
470,70,0,0.45849709959944607,0.3806613025016117,0,Instructed
471,71,0,0.5620268438496638,0.5150887161619091,0,Instructed
472,72,0,0.4170503101902455,0.4246654728923174,0,Instructed
473,73,0,0.8432860813932124,0.40145523558292423,0,Instructed
474,74,0,0.5619825697461279,0.4264426142288805,0,Instructed
475,75,0,0.27736712310899686,0.5458188971231983,0,Instructed
476,76,0,0.8793964894454103,0.3118361117610342,0,Instructed
477,77,0,0.4535933984717009,0.4365472032793788,0,Instructed
478,78,0,0.6073841620404603,0.3797709689532937,0,Instructed
479,79,0,0.5043295292164022,0.3843844937560925,0,Instructed
480,80,0,0.4660715491128675,0.47608441922437217,0,Instructed
481,81,0,0.055365746225348275,0.49344809407139856,0,Instructed
482,82,0,0.483278268218933,0.514117066445355,0,Instructed
483,83,0,0.9393138589812466,0.6007202266339449,0,Instructed
484,84,0,0.479157352864904,0.3953581185032917,0,Instructed
485,85,0,0.35039268633675147,0.3663352238149056,0,Instructed
486,86,0,0.655559841616529,0.4969775779707557,0,Instructed
487,87,0,0.650805322182706,0.5431320154697252,0,Instructed
488,88,0,0.19384438665211662,0.366363056023883,0,Instructed
489,89,0,0.55146437720307,0.3937215244680411,0,Instructed
490,90,0,0.4234019284750459,0.506952165840648,0,Instructed
491,91,0,0.9239851632901159,0.4581069194986088,0,Instructed
492,92,0,0.4959539495906969,0.5602590609615785,0,Instructed
493,93,0,0.24329855727682284,0.4207486058389929,0,Instructed
494,94,0,0.42159345813203963,0.4504759244254603,0,Instructed
495,95,0,0.5959570250207877,0.5395503797439155,0,Instructed
496,96,0,0.8227016457227266,0.34034631556106826,0,Instructed
497,97,0,0.9027216187456508,0.3733549858070313,0,Instructed
498,98,0,0.4399918004847953,0.5567853034234271,0,Instructed
499,99,0,0.7858319425008848,0.38494960276199996,0,Instructed
500,100,0,0.337473994274684,0.5388820187172724,0,Instructed
501,101,0,0.5073700914549657,0.4330574986655681,0,Instructed
502,102,0,0.6659033314798553,0.4662723189930227,0,Instructed
503,103,0,0.7941448448286753,0.46405566874209603,0,Instructed
504,104,0,0.36863097816260626,0.3392296753346502,0,Instructed
505,105,0,0.8905510528770609,0.41477542288769675,0,Instructed
506,106,0,0.7615289119540649,0.5232589382175481,0,Instructed
507,107,0,0.19465509017501356,0.4348605953935425,0,Instructed
508,108,0,0.2154517795417883,0.5153327742094176,0,Instructed
509,109,0,0.7389338494650779,0.2999588156177145,0,Instructed
510,110,0,0.5085727615991058,0.5407807445637335,0,Instructed
511,111,0,0.07432496984341419,0.5995229794047514,0,Instructed
512,112,0,0.7900356200394985,0.5495572620568707,0,Instructed
513,113,0,0.21519054402757629,0.5369870085852765,0,Instructed
514,114,0,0.3579766053596869,0.4914702499976401,0,Instructed
515,115,0,0.9325056351855621,0.28860404249741084,0,Instructed
516,116,0,0.5517250960279512,0.41065064286894426,0,Instructed
517,117,0,0.01474280117488547,0.4768898890070653,0,Instructed
518,118,0,0.593860171556332,0.3852164026170142,0,Instructed
519,119,0,0.8482133385349243,0.4014056634353693,0,Instructed
520,120,0,0.4111487598747098,0.3443450387510819,0,Instructed
521,121,0,0.8912315318674563,0.3115423094418338,0,Instructed
522,122,0,0.29471628520364945,0.3657544180177912,0,Instructed
523,123,0,0.20935529457977375,0.5925034425042297,0,Instructed
524,124,0,0.6639178192977047,0.3370443562162451,0,Instructed
525,125,0,0.4868796858940903,0.34762492557589475,0,Instructed
526,126,0,0.09764235059493505,0.5639269361616539,0,Instructed
527,127,0,0.5564006452191194,0.4692045786969724,0,Instructed
528,128,0,0.5679059625332754,0.3744243009197853,0,Instructed
529,129,0,0.13693695018509705,0.4597064890826324,0,Instructed
530,130,0,0.5909237997070841,0.46885075323691616,0,Instructed
531,131,0,0.6927073360749277,0.46230582651690566,0,Instructed
532,132,0,0.45081155467164624,0.4244587533540267,0,Instructed
533,133,0,0.41317296941035103,0.5226253256170285,0,Instructed
534,134,0,0.3231278142611572,0.50698439983015,0,Instructed
535,135,0,0.12055546997510137,0.46435432649563213,0,Instructed
536,136,0,0.3749321139442141,0.4754120221656135,0,Instructed
537,137,0,0.48650409190619004,0.31414030559759726,0,Instructed
538,138,0,0.6288419268134433,0.4177663870515662,0,Instructed
539,139,0,0.5714500388805779,0.3487193267447086,0,Instructed
540,140,0,0.5053174441753949,0.20987614536792099,0,Instructed
541,141,0,0.6103536683711945,0.39329030643683055,0,Instructed
542,142,0,0.576865845328685,0.37897116753877635,0,Instructed
543,143,0,0.0931556336792277,0.3266934491300321,0,Instructed
544,144,0,0.9543122313818923,0.36717576725712925,0,Instructed
545,145,0,0.52563482072921,0.39730606975670124,0,Instructed
546,146,0,0.43830192572338916,0.452716960587302,0,Instructed
547,147,0,0.8418058341240359,0.30142629757619127,0,Instructed
548,148,0,0.8943958955059649,0.34227528659049433,0,Instructed
549,149,0,0.4777863533189072,0.44835554342062095,0,Instructed
550,150,0,0.9143375695082665,0.5015509107292717,0,Instructed
551,151,0,0.30587030465458553,0.44430213614700076,0,Instructed
552,152,0,0.6813810858972216,0.509979966666149,0,Instructed
553,153,0,0.439121566313139,0.3537110660063917,0,Instructed
554,154,0,0.36949871865252953,0.37927005208209996,0,Instructed
555,155,0,0.13713073884763707,0.33938651867341546,0,Instructed
556,156,0,0.5507382451760607,0.4112509751610228,0,Instructed
557,157,0,0.5766194143643905,0.4069286636157976,0,Instructed
558,158,0,0.8071309649787822,0.3874824418873263,0,Instructed
559,159,0,0.3589780061598009,0.4100345745142614,0,Instructed
560,160,0,0.3564464730751056,0.5482159733996854,0,Instructed
561,161,0,0.6972491617238041,0.39541163867270646,0,Instructed
562,162,0,0.47787280688887573,0.5279647324505788,0,Instructed
563,163,0,0.0715312308773128,0.4748154070061382,0,Instructed
564,164,0,0.3471320642337484,0.4522308207193656,0,Instructed
565,165,0,0.6344785603016797,0.45925143556786985,0,Instructed
566,166,0,0.8455083553345111,0.31148088240861305,0,Instructed
567,167,0,0.6441761969161152,0.46350623450669315,0,Instructed
568,168,0,0.20448007901305343,0.5596195658276308,0,Instructed
569,169,0,0.7523702068246384,0.41311759514254726,0,Instructed
570,170,0,0.7510724112556744,0.6093895511732585,0,Instructed
571,171,0,0.38498667226987804,0.5770243300845408,0,Instructed
572,172,0,0.5865244105642875,0.3146333637926407,0,Instructed
573,173,0,0.5886465432223147,0.39284449668800303,0,Instructed
574,174,0,0.476095350898753,0.38162257242068004,0,Instructed
575,175,0,0.6691058235092586,0.4400081912668746,0,Instructed
576,176,0,0.14130396351323862,0.4003433755265817,0,Instructed
577,177,0,0.5856202806202855,0.4131861660665221,0,Instructed
578,178,0,0.681433578921051,0.4847166654254931,0,Instructed
579,179,0,0.9465005735494062,0.3301970410412987,0,Instructed
580,180,0,0.8879434684536689,0.44674395883922935,0,Instructed
581,181,0,0.8471451870560818,0.4185045642592455,0,Instructed
582,182,0,0.399007155025388,0.4992589235532333,0,Instructed
583,183,0,0.38294272404573393,0.4121269194856243,0,Instructed
584,184,0,0.9714700776748382,0.49909213512238443,0,Instructed
585,185,0,0.0654588478773434,0.31352975919764514,0,Instructed
586,186,0,0.24152023200597894,0.5881783324536922,0,Instructed
587,187,0,0.8277616845547839,0.37137074681939325,0,Instructed
588,188,0,0.49932985860512263,0.23399958161734852,0,Instructed
589,189,0,0.8421591075021784,0.4244020019015796,0,Instructed
590,190,0,0.43746785234284796,0.3732517995825331,0,Instructed
591,191,0,0.7048358269149322,0.5141569082349146,0,Instructed
592,192,0,0.7274588174300456,0.655599783873409,0,Instructed
593,193,0,0.6868452094039035,0.21350800245594226,0,Instructed
594,194,0,0.5676006064858174,0.35780378212415376,0,Instructed
595,195,0,0.2582490864829263,0.5183717586407794,0,Instructed
596,196,0,0.7432318548713146,0.4636861858817172,0,Instructed
597,197,0,0.8609701000980805,0.995750710175165,0,Instructed
598,198,0,0.556476137022539,0.4046778128445434,0,Instructed
599,199,0,0.8502162908326149,0.5608975129235956,0,Instructed
600,0,0,0.012148346844171529,1.0842449670306893,1,Blocked
601,1,0,0.9684932405480481,0.4699770529510633,1,Blocked
602,2,0,0.8051774412682962,0.6970386298221715,1,Blocked
603,3,0,0.5128294306683082,0.5451548390745158,1,Blocked
604,4,0,0.45277193087814,0.6845297205457235,1,Blocked
605,5,0,0.05132511054931781,0.6062974084250574,1,Blocked
606,6,0,0.09373352427361406,0.6986547692253225,1,Blocked
607,7,0,0.5166946937320611,0.5192679969910687,1,Blocked
608,8,0,0.7538895086376867,0.521323231043681,1,Blocked
609,9,0,0.45927746488127164,0.43028757458443045,1,Blocked
610,10,0,0.5853785586164695,0.3584317414106072,1,Blocked
611,11,0,0.669359013653938,0.5029562914542332,1,Blocked
612,12,0,0.8091057223213336,0.3810347158172074,1,Blocked
613,13,0,0.8944850573952503,0.3366649165904439,1,Blocked
614,14,0,0.9082349803961287,0.30602202285700836,1,Blocked
615,15,0,0.9145763428860074,0.32089508217766,1,Blocked
616,16,0,0.100642444591176,0.5484439962479187,1,Blocked
617,17,0,0.10651714726846512,0.41072203998735723,1,Blocked
618,18,0,0.8311262734171184,0.5360920411509311,1,Blocked
619,19,0,0.7379255467152532,0.4751330516008685,1,Blocked
620,20,0,0.3048981891222249,0.4142434881572782,1,Blocked
621,21,0,0.7100082247436826,0.6094701893667325,1,Blocked
622,22,0,0.7142762310412685,0.4003638334593518,1,Blocked
623,23,0,0.17339032495142462,0.6778563407642049,1,Blocked
624,24,0,0.8349620319361618,0.4812042453034197,1,Blocked
625,25,0,0.42813720665271915,0.6159071826862341,1,Blocked
626,26,0,0.7264413214404781,0.6119326933652038,1,Blocked
627,27,0,0.8574648646313789,0.6371390557923695,1,Blocked
628,28,0,0.8985834414408803,0.5112986879887979,1,Blocked
629,29,0,0.17106278961570198,0.6467175213557612,1,Blocked
630,30,0,0.24626418217264417,0.6597091291604478,1,Blocked
631,31,0,0.716469166560444,0.37458856151610304,1,Blocked
632,32,0,0.04496265509175234,0.5113495487724703,1,Blocked
633,33,0,0.007917856607226104,0.6478570049853222,1,Blocked
634,34,0,0.015716432209650043,0.43119881543783334,1,Blocked
635,35,0,0.04377815758264157,0.6189157294478866,1,Blocked
636,36,0,0.3486454271759088,0.6147386311413556,1,Blocked
637,37,0,0.12237251104244684,0.5948565968576731,1,Blocked
638,38,0,0.018450109518848585,0.557702920395769,1,Blocked
639,39,0,0.01925450733300391,0.6205074057616853,1,Blocked
640,40,0,0.5257412513867358,0.6624136721278355,1,Blocked
641,41,0,0.14494631243849984,0.5349590763140122,1,Blocked
642,42,0,0.26287580363465285,0.44931301160421966,1,Blocked
643,43,0,0.5125595463780217,0.43022152112814016,1,Blocked
644,44,0,0.43830808829850465,0.34444711199253664,1,Blocked
645,45,0,0.6526627974288,0.5581128504324817,1,Blocked
646,46,0,0.21163264410915963,0.5325970844176917,1,Blocked
647,47,0,0.1902039314786334,0.6351211719526924,1,Blocked
648,48,0,0.6721267665279913,0.45516778038820377,1,Blocked
649,49,0,0.5119536003032806,0.39499520133538135,1,Blocked
650,50,0,0.5434133015693812,0.5326885790623359,1,Blocked
651,51,0,0.738228490130661,0.5544197326164113,1,Blocked
652,52,0,0.2467190612553487,0.527563476496295,1,Blocked
653,53,0,0.6445119121850423,0.5874020758068075,1,Blocked
654,54,0,0.5230640418135,0.5423830614030505,1,Blocked
655,55,0,0.3757784109243734,0.5221805676016894,1,Blocked
656,56,0,0.5400508139371709,0.4660110089885027,1,Blocked
657,57,0,0.2753258139173441,0.5405565047274052,1,Blocked
658,58,0,0.6648362802669263,0.46312818918678833,1,Blocked
659,59,0,0.45617960198063706,0.4959585210757961,1,Blocked
660,60,0,0.5457923798524311,0.5001322141657604,1,Blocked
661,61,0,0.25909895865166216,0.4320462189782692,1,Blocked
662,62,0,0.180592196390238,0.505291868031372,1,Blocked
663,63,0,0.45489156835614997,0.44135525561104777,1,Blocked
664,64,0,0.4769979706245529,0.5089814912087833,1,Blocked
665,65,0,0.7176112798212885,0.4846173669231454,1,Blocked
666,66,0,0.715851004423505,0.5271761060467817,1,Blocked
667,67,0,0.5899120767871484,0.49562935697210286,1,Blocked
668,68,0,0.4662486011545397,0.4774823961254906,1,Blocked
669,69,0,0.5006277773075962,0.5835455836644942,1,Blocked
670,70,0,0.7511388316844506,0.5532710404154727,1,Blocked
671,71,0,0.25993601042113135,0.6141981658070874,1,Blocked
672,72,0,0.5875236415078328,0.6831325630296048,1,Blocked
673,73,0,0.6277230470526808,0.27192182149826294,1,Blocked
674,74,0,0.6488832786352554,0.2694422552166317,1,Blocked
675,75,0,0.613637975708736,0.4581750257013588,1,Blocked
676,76,0,0.36124588057972806,0.5435457923955677,1,Blocked
677,77,0,0.3215017910741572,0.4381666787639038,1,Blocked
678,78,0,0.6527188396091232,0.540599424661754,1,Blocked
679,79,0,0.7899201596482999,0.43791082137645065,1,Blocked
680,80,0,0.8755528235112662,0.5371112582841346,1,Blocked
681,81,0,0.0453418549622014,0.6758865298419006,1,Blocked
682,82,0,0.8242381524099287,0.43232021958710176,1,Blocked
683,83,0,0.31701427966897827,0.4527268079044744,1,Blocked
684,84,0,0.3402858761826929,0.5516600291181988,1,Blocked
685,85,0,0.38952779325286885,0.48603798831111455,1,Blocked
686,86,0,0.6551436837245292,0.6044124328341429,1,Blocked
687,87,0,0.5703671691521223,0.4254828232733884,1,Blocked
688,88,0,0.5375813179932295,0.5749511250577368,1,Blocked
689,89,0,0.5297920376291493,0.29378645498763817,1,Blocked
690,90,0,0.71655228047235,0.4810346381657325,1,Blocked
691,91,0,0.6288952092410834,0.3811949650930777,1,Blocked
692,92,0,0.7973410060289964,0.47439548910778373,1,Blocked
693,93,0,0.12131820447292962,0.37708999820704725,1,Blocked
694,94,0,0.924198640786589,0.41264479270958665,1,Blocked
695,95,0,0.19742618968360143,0.5016873174375405,1,Blocked
696,96,0,0.40120912142866727,0.4135841544398659,1,Blocked
697,97,0,0.6422474443924004,0.41072894104653723,1,Blocked
698,98,0,0.1359901465923846,0.4924677554014558,1,Blocked
699,99,0,0.08998542030210142,0.48706212784994796,1,Blocked
700,100,0,0.4873743383267293,0.4605393455713567,1,Blocked
701,101,0,0.7689669369786171,0.5198452773019137,1,Blocked
702,102,0,0.01654223992389997,0.6403301750679895,1,Blocked
703,103,0,0.006071844234904297,0.816465111702301,1,Blocked
704,104,0,0.8823847809235374,0.5682721484988376,1,Blocked
705,105,0,0.12666892692776746,0.6541820086202623,1,Blocked
706,106,0,0.05267969068424963,0.5184500679816032,1,Blocked
707,107,0,0.32370946220535624,0.38157893149252375,1,Blocked
708,108,0,0.23616241139775257,0.5459821695809279,1,Blocked
709,109,0,0.02921682778457125,0.6656925699827063,1,Blocked
710,110,0,0.9430390696782511,0.3943684075853978,1,Blocked
711,111,0,0.6810121713492204,0.4916228328030489,1,Blocked
712,112,0,0.5552108502750268,0.41149255883438196,1,Blocked
713,113,0,0.581908834109406,0.4721802761744641,1,Blocked
714,114,0,0.5524421744320531,0.3807493189611896,1,Blocked
715,115,0,0.3715961225411677,0.4822133733006503,1,Blocked
716,116,0,0.855376902209203,0.3327365834350525,1,Blocked
717,117,0,0.015169724099212712,0.6049950095191599,1,Blocked
718,118,0,0.9377460498591046,0.43702937442040113,1,Blocked
719,119,0,0.1380728299810755,0.5248878170549192,1,Blocked
720,120,0,0.7348273217149304,0.40194397068311294,1,Blocked
721,121,0,0.6864651967125152,0.49622686538242655,1,Blocked
722,122,0,0.3609720582026452,0.5315458832747337,1,Blocked
723,123,0,0.49788838654195594,0.39053332722103884,1,Blocked
724,124,0,0.39598896222911684,0.3898714839244014,1,Blocked
725,125,0,0.5118693123010473,0.5458321237039165,1,Blocked
726,126,0,0.5254847932984912,0.5886293174115875,1,Blocked
727,127,0,0.5053531309854948,0.4190006022524073,1,Blocked
728,128,0,0.5499194899596398,0.5179397814111573,1,Blocked
729,129,0,0.5167707135064801,0.49957397652775437,1,Blocked
730,130,0,0.7925032239220453,0.5192184577736031,1,Blocked
731,131,0,0.2166830495238118,0.315398663672939,1,Blocked
732,132,0,0.598808990124016,0.3777227195184564,1,Blocked
733,133,0,0.4122519596038522,0.5847359056369978,1,Blocked
734,134,0,0.3516778147434823,0.521151838540246,1,Blocked
735,135,0,0.5058800010430894,0.5556150329680336,1,Blocked
736,136,0,0.5034475733045081,0.5498587029796964,1,Blocked
737,137,0,0.5133191160654647,0.4357501365854084,1,Blocked
738,138,0,0.6408937063195843,0.6354823124259872,1,Blocked
739,139,0,0.5688785176709553,0.4716711125003903,1,Blocked
740,140,0,0.4520297238279145,0.5280513130422302,1,Blocked
741,141,0,0.4571862445883603,0.4629064535159015,1,Blocked
742,142,0,0.7418278209406544,0.39667124532962184,1,Blocked
743,143,0,0.1875231407695725,0.42596708478362105,1,Blocked
744,144,0,0.8410344957646032,0.46267909047195677,1,Blocked
745,145,0,0.6075953273229213,0.4308026031757526,1,Blocked
746,146,0,0.521205491921668,0.5710810014725964,1,Blocked
747,147,0,0.5111904989582813,0.36265675762783656,1,Blocked
748,148,0,0.5516952550942775,0.3833306612746487,1,Blocked
749,149,0,0.49075663552604243,0.48049779746811105,1,Blocked
750,150,0,0.4765474414698363,0.564006606652043,1,Blocked
751,151,0,0.4415454550948689,0.5732216151820553,1,Blocked
752,152,0,0.5209645950100195,0.47135909604729803,1,Blocked
753,153,0,0.5506328462348832,0.5152393793293129,1,Blocked
754,154,0,0.512014306440211,0.4586096513479318,1,Blocked
755,155,0,0.5169872707610322,0.3999287780244842,1,Blocked
756,156,0,0.48353920588638793,0.5655425684476807,1,Blocked
757,157,0,0.38337638268443214,0.487171712940828,1,Blocked
758,158,0,0.4295755620000555,0.4675949493859025,1,Blocked
759,159,0,0.4631640823690522,0.49185504434514493,1,Blocked
760,160,0,0.8180304204328597,0.5389532805427725,1,Blocked
761,161,0,0.4107260991965573,0.4483983944442107,1,Blocked
762,162,0,0.1492432419760617,0.41678104124558013,1,Blocked
763,163,0,0.06448150178139316,0.4175731210541546,1,Blocked
764,164,0,0.018985783914643478,0.7580348532422622,1,Blocked
765,165,0,0.572367562600904,0.4366618747838328,1,Blocked
766,166,0,0.3759547772774736,0.5719493354933112,1,Blocked
767,167,0,0.6096086685640811,0.40199568723082324,1,Blocked
768,168,0,0.4174150285789196,0.5076680664999901,1,Blocked
769,169,0,0.8180976216021403,0.3788716261167879,1,Blocked
770,170,0,0.5760881324188178,0.5481758846886166,1,Blocked
771,171,0,0.258095193102032,0.5797874158926422,1,Blocked
772,172,0,0.8252026138575903,0.34047628673760333,1,Blocked
773,173,0,0.8791952116306101,0.44948544374326527,1,Blocked
774,174,0,0.41869834214752183,0.40437558587381006,1,Blocked
775,175,0,0.5595289578469951,0.5751496966303653,1,Blocked
776,176,0,0.4975822417854339,0.42176118026329246,1,Blocked
777,177,0,0.5169961381417842,0.4976893058607496,1,Blocked
778,178,0,0.6179617795980632,0.5198792953237031,1,Blocked
779,179,0,0.7775285535142807,0.46946297906096157,1,Blocked
780,180,0,0.5288873590477117,0.5220676944275426,1,Blocked
781,181,0,0.8747366012729734,0.43337044554866255,1,Blocked
782,182,0,0.7742028001304517,0.5845567927432422,1,Blocked
783,183,0,0.5371215794371254,0.3411658797560149,1,Blocked
784,184,0,0.37916294239813253,0.6113250649294797,1,Blocked
785,185,0,0.27030658642099903,0.5954309781446261,1,Blocked
786,186,0,0.8353786907314811,0.6338523117223209,1,Blocked
787,187,0,0.8404516627759697,0.37237387467419525,1,Blocked
788,188,0,0.08668114617126194,0.6447568205917229,1,Blocked
789,189,0,0.08821430183475182,0.49821992279968874,1,Blocked
790,190,0,0.4278961067449172,0.3757708015956034,1,Blocked
791,191,0,0.6728392028737703,0.5391591378286107,1,Blocked
792,192,0,0.3080905452718963,0.692541129453146,1,Blocked
793,193,0,0.20642867524029856,0.48813070438220413,1,Blocked
794,194,0,0.47898603181679955,0.3654586710695227,1,Blocked
795,195,0,0.7430411220559034,0.4830509681880575,1,Blocked
796,196,0,0.6868393492756631,0.5576420725641006,1,Blocked
797,197,0,0.7481430103015184,0.4538489696415362,1,Blocked
798,198,0,0.5891102667228327,0.4402413342153849,1,Blocked
799,199,0,0.5053753871783792,0.6185426685967166,1,Blocked
800,0,0,0.5124252529182213,0.6733203907356033,1,Interleaved
801,1,0,0.8537763034621269,0.8700465331761617,1,Interleaved
802,2,0,0.3623530702355527,0.6079571226209822,1,Interleaved
803,3,0,0.335612260280568,0.5397344832544992,1,Interleaved
804,4,0,0.4820875391297666,0.5142998585828409,1,Interleaved
805,5,0,0.6926544884141388,0.6695521803281383,1,Interleaved
806,6,0,0.5152101465579347,0.639580674326178,1,Interleaved
807,7,0,0.4795785742174142,0.4425720046754741,1,Interleaved
808,8,0,0.06744688728418652,0.5001389932543356,1,Interleaved
809,9,0,0.5253174145135069,0.5333731573198052,1,Interleaved
810,10,0,0.31000820267427065,0.5197761703017416,1,Interleaved
811,11,0,0.5087265401100033,0.4646514252436871,1,Interleaved
812,12,0,0.9733343419704845,0.4155559683636175,1,Interleaved
813,13,0,0.5178792827949404,0.5251627909707609,1,Interleaved
814,14,0,0.20989775862645219,0.5774780343408201,1,Interleaved
815,15,0,0.08420075819974147,0.6401620810969784,1,Interleaved
816,16,0,0.8547434081872223,0.49017926338756906,1,Interleaved
817,17,0,0.5236435631239752,0.6434242338948125,1,Interleaved
818,18,0,0.08755856655665006,0.4787782273437638,1,Interleaved
819,19,0,0.4616986241224321,0.48589348524477116,1,Interleaved
820,20,0,0.5903436367250258,0.44116702195107993,1,Interleaved
821,21,0,0.7558682874184188,0.5307850548375035,1,Interleaved
822,22,0,0.5880116515346048,0.5595580562734659,1,Interleaved
823,23,0,0.1986927853193057,0.4809105412155602,1,Interleaved
824,24,0,0.5843192932180642,0.6508636884976173,1,Interleaved
825,25,0,0.8377800057262159,0.514992306203621,1,Interleaved
826,26,0,0.2848195118887362,0.46465154937235603,1,Interleaved
827,27,0,0.3564737769481908,0.5180136707326577,1,Interleaved
828,28,0,0.8100388570334915,0.5332850652692473,1,Interleaved
829,29,0,0.58135695777331,0.47557528299637714,1,Interleaved
830,30,0,0.8487091147573171,0.3722605252921919,1,Interleaved
831,31,0,0.43008934970265655,0.4217756474363963,1,Interleaved
832,32,0,0.4807977522874293,0.44316628402632835,1,Interleaved
833,33,0,0.5564757612094828,0.47009430995945656,1,Interleaved
834,34,0,0.35839450093636993,0.481594919042895,1,Interleaved
835,35,0,0.27316820784226437,0.3936403427650733,1,Interleaved
836,36,0,0.5235990401188784,0.5518180859554933,1,Interleaved
837,37,0,0.6345530920118905,0.5464505032278695,1,Interleaved
838,38,0,0.7951058388744314,0.4216795708973275,1,Interleaved
839,39,0,0.29769326776539995,0.5640987342467869,1,Interleaved
840,40,0,0.3942159714845679,0.37209656749027376,1,Interleaved
841,41,0,0.7083102497729408,0.5792399876279406,1,Interleaved
842,42,0,0.383283716710256,0.43431076526924883,1,Interleaved
843,43,0,0.55137831874218,0.5467253811641892,1,Interleaved
844,44,0,0.4048015776154963,0.5262631789537514,1,Interleaved
845,45,0,0.38048377339070794,0.49827026709291805,1,Interleaved
846,46,0,0.7714529004338673,0.48647524595669006,1,Interleaved
847,47,0,0.4052421533048655,0.38013367108221663,1,Interleaved
848,48,0,0.5507462656075414,0.4494571429252696,1,Interleaved
849,49,0,0.6991515827158934,0.2642393644832782,1,Interleaved
850,50,0,0.255779428333515,0.46531757436166954,1,Interleaved
851,51,0,0.8062611454208601,0.4696929700004728,1,Interleaved
852,52,0,0.5168770957255828,0.4300378273681438,1,Interleaved
853,53,0,0.1700715458255193,0.4296753334726825,1,Interleaved
854,54,0,0.6724362237866176,0.2894548892332295,1,Interleaved
855,55,0,0.3285149362713781,0.674060512201178,1,Interleaved
856,56,0,0.8093943900678555,0.5026381030013652,1,Interleaved
857,57,0,0.5273603151624728,0.45707709867750934,1,Interleaved
858,58,0,0.18362507470333267,0.5385981819504203,1,Interleaved
859,59,0,0.8183017222753077,0.3290875647684292,1,Interleaved
860,60,0,0.5147393522104651,0.38896987088100954,1,Interleaved
861,61,0,0.06846979814584214,0.5482418697020643,1,Interleaved
862,62,0,0.5106864180503072,0.3875595061112767,1,Interleaved
863,63,0,0.7068269708036099,0.5487213913301642,1,Interleaved
864,64,0,0.19273253275901397,0.45677732804012383,1,Interleaved
865,65,0,0.3860627002395731,0.6157994311184039,1,Interleaved
866,66,0,0.41081056388069737,0.4385874204988792,1,Interleaved
867,67,0,0.44048793318129786,0.4756806021525978,1,Interleaved
868,68,0,0.257549987885093,0.36413473441889077,1,Interleaved
869,69,0,0.636312088999103,0.4977673960002104,1,Interleaved
870,70,0,0.45127730286092355,0.5580067123709536,1,Interleaved
871,71,0,0.2219105160679631,0.6087721778020563,1,Interleaved
872,72,0,0.5919678547620277,0.39962148290349675,1,Interleaved
873,73,0,0.5331682002703917,0.5263778374489216,1,Interleaved
874,74,0,0.5468752890049188,0.43734845759291685,1,Interleaved
875,75,0,0.8460770151855668,0.37243573470780056,1,Interleaved
876,76,0,0.6998263061137175,0.4042704894667505,1,Interleaved
877,77,0,0.24696642538994146,0.3954808331445948,1,Interleaved
878,78,0,0.887031653502469,0.4392329637139673,1,Interleaved
879,79,0,0.3584082099993771,0.5229587089473563,1,Interleaved
880,80,0,0.2229477157790462,0.4400669145881827,1,Interleaved
881,81,0,0.5359845101951327,0.39784052888942134,1,Interleaved
882,82,0,0.33701354760372004,0.5475536274626338,1,Interleaved
883,83,0,0.5130733315574493,0.5022292029954176,1,Interleaved
884,84,0,0.6854866131800852,0.394635680045325,1,Interleaved
885,85,0,0.18249972438077913,0.419865657706034,1,Interleaved
886,86,0,0.4249308510695482,0.5389295190389601,1,Interleaved
887,87,0,0.3438024276083498,0.580006440084209,1,Interleaved
888,88,0,0.36610624121844754,0.5725190003700706,1,Interleaved
889,89,0,0.9725177388209783,0.46770456564787,1,Interleaved
890,90,0,0.5229932350044758,0.5439745316159666,1,Interleaved
891,91,0,0.7116139720804215,0.6734101382755333,1,Interleaved
892,92,0,0.24994999768913695,0.5852637823220492,1,Interleaved
893,93,0,0.09098409129282939,0.487737724542735,1,Interleaved
894,94,0,0.6539626110069179,0.5162731666402396,1,Interleaved
895,95,0,0.423645276470118,0.40110485592529704,1,Interleaved
896,96,0,0.6267724815617073,0.73346596164761,1,Interleaved
897,97,0,0.4943840243453403,0.4966015043458877,1,Interleaved
898,98,0,0.18854282020183372,0.44746776914289377,1,Interleaved
899,99,0,0.2083457228130114,0.5067109616731896,1,Interleaved
900,100,0,0.5940596674229527,0.37560603939635007,1,Interleaved
901,101,0,0.7448817333774285,0.2841975118837241,1,Interleaved
902,102,0,0.1270412127939916,0.368187767236603,1,Interleaved
903,103,0,0.483453292147068,0.5064048348644982,1,Interleaved
904,104,0,0.7738053371372384,0.4391116736295878,1,Interleaved
905,105,0,0.43509664735574105,0.38289339637257525,1,Interleaved
906,106,0,0.43496065095882575,0.4802329250449603,1,Interleaved
907,107,0,0.3440064310985469,0.516302828872875,1,Interleaved
908,108,0,0.15827782467436405,0.533954712853822,1,Interleaved
909,109,0,0.580838306535616,0.44856051312262507,1,Interleaved
910,110,0,0.15487251857678863,0.48272299973387267,1,Interleaved
911,111,0,0.7236212335626047,0.3735213115053817,1,Interleaved
912,112,0,0.38137502238577836,0.5507732618131239,1,Interleaved
913,113,0,0.6012626809017945,0.45574655779323925,1,Interleaved
914,114,0,0.3857755214092616,0.5111541492370054,1,Interleaved
915,115,0,0.3388779481618596,0.7596348789709604,1,Interleaved
916,116,0,0.5094735103674684,0.32496835207507646,1,Interleaved
917,117,0,0.9014077537940739,0.4978283907378422,1,Interleaved
918,118,0,0.493976659788771,0.5252040115434545,1,Interleaved
919,119,0,0.17939560636458265,0.5805285573969696,1,Interleaved
920,120,0,0.7786396329422117,0.3473233455299144,1,Interleaved
921,121,0,0.3235430077324289,0.5199433813300607,1,Interleaved
922,122,0,0.5132250930019854,0.5770041196719004,1,Interleaved
923,123,0,0.5772340925095245,0.36198526288487864,1,Interleaved
924,124,0,0.0838199922909569,0.632060531999507,1,Interleaved
925,125,0,0.6383889781429068,0.5034550450649007,1,Interleaved
926,126,0,0.697605347216681,0.27498847045370356,1,Interleaved
927,127,0,0.4555466594856633,0.45337593453083913,1,Interleaved
928,128,0,0.6153838745049486,0.5324134509028439,1,Interleaved
929,129,0,0.6127179520289985,0.4265818827496821,1,Interleaved
930,130,0,0.20876851819849718,0.5461259373883988,1,Interleaved
931,131,0,0.7897314925757404,0.4722949936746025,1,Interleaved
932,132,0,0.5224611473242474,0.3282279855047644,1,Interleaved
933,133,0,0.7530615593489323,0.479126629143641,1,Interleaved
934,134,0,0.5382861369218022,0.3631549917618174,1,Interleaved
935,135,0,0.5837211541584639,0.4779065811012691,1,Interleaved
936,136,0,0.7052959788233262,0.4057943868387374,1,Interleaved
937,137,0,0.2832732218795886,0.5010600807961507,1,Interleaved
938,138,0,0.5986943404655408,0.538761489176957,1,Interleaved
939,139,0,0.8361419755057898,0.3604441471254606,1,Interleaved
940,140,0,0.47919537195765594,0.33190135992051983,1,Interleaved
941,141,0,0.12958853831066391,0.54098172300144,1,Interleaved
942,142,0,0.4024767076319563,0.6839472365579964,1,Interleaved
943,143,0,0.6367020466239732,0.5467210994916376,1,Interleaved
944,144,0,0.909739046710484,0.5526101060203201,1,Interleaved
945,145,0,0.7088415326457184,0.502402561053023,1,Interleaved
946,146,0,0.5354967791182912,0.44256435369326064,1,Interleaved
947,147,0,0.14978588916473562,0.5643390141157238,1,Interleaved
948,148,0,0.35725823572012966,0.5091927797780791,1,Interleaved
949,149,0,0.29671876395934266,0.5543438161012769,1,Interleaved
950,150,0,0.4753490796601487,0.3460979281672961,1,Interleaved
951,151,0,0.295586907577886,0.5706352444677036,1,Interleaved
952,152,0,0.7201844930929783,0.45520494435644543,1,Interleaved
953,153,0,0.5300744229293664,0.5364410277297028,1,Interleaved
954,154,0,0.5436255248137757,0.4899888997057794,1,Interleaved
955,155,0,0.5027322749430903,0.531546705347204,1,Interleaved
956,156,0,0.574920787634851,0.6949369587022932,1,Interleaved
957,157,0,0.6480325615826028,0.36103518074046204,1,Interleaved
958,158,0,0.19992549178000246,0.48602547749582775,1,Interleaved
959,159,0,0.5920282714214299,0.6103983361530165,1,Interleaved
960,160,0,0.41672767256970833,0.41879793918239827,1,Interleaved
961,161,0,0.33721379051112066,0.5352645993130436,1,Interleaved
962,162,0,0.8134653311126016,0.4523237806345929,1,Interleaved
963,163,0,0.7755138811164735,0.4557555729193109,1,Interleaved
964,164,0,0.77876690689746,0.38474774903559084,1,Interleaved
965,165,0,0.6382028919801643,0.4124096812386918,1,Interleaved
966,166,0,0.3317579175186201,0.564107268418313,1,Interleaved
967,167,0,0.6326503019694155,0.29679257907559004,1,Interleaved
968,168,0,0.5490606852372201,0.511796477719186,1,Interleaved
969,169,0,0.326846838615868,0.4516809475950446,1,Interleaved
970,170,0,0.23360367085955444,0.7643810796067656,1,Interleaved
971,171,0,0.587934361113549,0.34864870366569156,1,Interleaved
972,172,0,0.09632374355090637,0.7140007015763415,1,Interleaved
973,173,0,0.4968045134092613,0.6905129367728801,1,Interleaved
974,174,0,0.6458990399719053,0.5376294412588578,1,Interleaved
975,175,0,0.1266537271853354,0.6698265322308425,1,Interleaved
976,176,0,0.8290247317841397,0.39806469767125463,1,Interleaved
977,177,0,0.701206120874986,0.5280000124234554,1,Interleaved
978,178,0,0.6625870992247309,0.5142056249189655,1,Interleaved
979,179,0,0.17219656399220123,0.5573104762887401,1,Interleaved
980,180,0,0.46624853568007,0.40734964605454493,1,Interleaved
981,181,0,0.540573593645705,0.4134910874385012,1,Interleaved
982,182,0,0.311807623740054,0.5654793542600385,1,Interleaved
983,183,0,0.5665393622286479,0.401057207858728,1,Interleaved
984,184,0,0.819306265287002,0.49793174861481626,1,Interleaved
985,185,0,0.4674706189966242,0.4712085795901871,1,Interleaved
986,186,0,0.20428588267733078,0.46090924517955867,1,Interleaved
987,187,0,0.7522824249507003,0.4909766858326006,1,Interleaved
988,188,0,0.7813948517156538,0.3881463133244369,1,Interleaved
989,189,0,0.33074532988105426,0.6140455856202478,1,Interleaved
990,190,0,0.3245303847455537,0.4644727196855726,1,Interleaved
991,191,0,0.16170394872368576,0.6597016464211203,1,Interleaved
992,192,0,0.8109825363951756,0.35422259523094646,1,Interleaved
993,193,0,0.548974774335202,0.381005246266257,1,Interleaved
994,194,0,0.12736686699623692,0.5993886648651376,1,Interleaved
995,195,0,0.1647739482434869,0.4007503430360091,1,Interleaved
996,196,0,0.2714202417239546,0.3102252193912567,1,Interleaved
997,197,0,0.05476612417887469,0.5123167984019183,1,Interleaved
998,198,0,0.8141753731817546,0.391334327222323,1,Interleaved
999,199,0,0.3753394557239922,0.5156983509200241,1,Interleaved
1000,0,0,0.49975205421149177,0.6061902990217174,1,Instructed
1001,1,0,0.7774912711557753,0.7153549687877611,1,Instructed
1002,2,0,0.7149172955087627,0.6504300102117905,1,Instructed
1003,3,0,0.9557151927453955,0.8078920458405614,1,Instructed
1004,4,0,0.780729694246417,0.2189611966071019,1,Instructed
1005,5,0,0.3568482636782385,0.6357543413283036,1,Instructed
1006,6,0,0.02513190917262466,0.6829350894301138,1,Instructed
1007,7,0,0.4378293997262564,0.6302126213857842,1,Instructed
1008,8,0,0.05900543835206427,0.4604719605809562,1,Instructed
1009,9,0,0.07369026482383588,0.6160572773106129,1,Instructed
1010,10,0,0.7785786307786158,0.3365575128000132,1,Instructed
1011,11,0,0.37798369000859067,0.6371265887075694,1,Instructed
1012,12,0,0.14294825298850936,0.5453343998654334,1,Instructed
1013,13,0,0.7180666844322277,0.34321922694122775,1,Instructed
1014,14,0,0.3462018177909693,0.4963287201561276,1,Instructed
1015,15,0,0.5636945336989269,0.4798907980918601,1,Instructed
1016,16,0,0.9562780005291616,0.5322247446470609,1,Instructed
1017,17,0,0.19320677225737426,0.3211054853346556,1,Instructed
1018,18,0,0.563448268980562,0.4658649135602907,1,Instructed
1019,19,0,0.5165644971641286,0.3718097826330666,1,Instructed
1020,20,0,0.016932545454499678,0.4737999550957411,1,Instructed
1021,21,0,0.663671247868584,0.522288860103119,1,Instructed
1022,22,0,0.8075401169680062,0.5181225618027322,1,Instructed
1023,23,0,0.059987360559880396,0.6422676578514913,1,Instructed
1024,24,0,0.8766595962695956,0.5631847282061937,1,Instructed
1025,25,0,0.9057890625943448,0.3856707163623114,1,Instructed
1026,26,0,0.21992260574651143,0.47328638450819477,1,Instructed
1027,27,0,0.0071999533420760795,0.6114406885070339,1,Instructed
1028,28,0,0.9540672296641655,0.3794411703181827,1,Instructed
1029,29,0,0.5225858391208461,0.4750019523059184,1,Instructed
1030,30,0,0.059864935708515137,0.4826897039865421,1,Instructed
1031,31,0,0.2675340624457146,0.33718746685028145,1,Instructed
1032,32,0,0.7321277244603992,0.5260078887077992,1,Instructed
1033,33,0,0.7465540080668062,0.4351881756924031,1,Instructed
1034,34,0,0.7025820535504617,0.3936731486507251,1,Instructed
1035,35,0,0.4626922854116735,0.4163635174156692,1,Instructed
1036,36,0,0.48155566052584475,0.4850316342596745,1,Instructed
1037,37,0,0.33950442486633314,0.49466340306527834,1,Instructed
1038,38,0,0.6129716833234073,0.394495714343263,1,Instructed
1039,39,0,0.6901866218313777,0.47439194456144385,1,Instructed
1040,40,0,0.7571683660051448,0.4220133270884886,1,Instructed
1041,41,0,0.6167560536590078,0.4725467899805586,1,Instructed
1042,42,0,0.18427768533681374,0.3849979957734432,1,Instructed
1043,43,0,0.12429669240049637,0.3905757809485468,1,Instructed
1044,44,0,0.27770543890655525,0.5281848001415537,1,Instructed
1045,45,0,0.8362080800062239,0.5126151132137338,1,Instructed
1046,46,0,0.5522058818555029,0.5406190706973295,1,Instructed
1047,47,0,0.16566584183900385,0.5496544823229371,1,Instructed
1048,48,0,0.9577375004957429,0.4460115165280317,1,Instructed
1049,49,0,0.4133958111613999,0.381628881119654,1,Instructed
1050,50,0,0.5051400090096605,0.4183098109317521,1,Instructed
1051,51,0,0.610585349129629,0.43014044765113096,1,Instructed
1052,52,0,0.6700588837596437,0.5138987251574161,1,Instructed
1053,53,0,0.42713715700882343,0.44455395394349917,1,Instructed
1054,54,0,0.19457941433610015,0.4061412156227927,1,Instructed
1055,55,0,0.6364137157081866,0.37724701772177494,1,Instructed
1056,56,0,0.8336048319858176,0.4212687037259556,1,Instructed
1057,57,0,0.4782571388899726,0.5412717861680383,1,Instructed
1058,58,0,0.3370568536948546,0.40217783198167595,1,Instructed
1059,59,0,0.6865951087060469,0.374858338800105,1,Instructed
1060,60,0,0.7028620438939389,0.27366448833866164,1,Instructed
1061,61,0,0.0838094102734224,0.49872410258369615,1,Instructed
1062,62,0,0.8992150671623185,0.305762930038855,1,Instructed
1063,63,0,0.5337375433402034,0.4548270233785735,1,Instructed
1064,64,0,0.3975711310888361,0.6119613515066502,1,Instructed
1065,65,0,0.14704006827381358,0.5945284764209187,1,Instructed
1066,66,0,0.5380364885510884,0.4109181809127724,1,Instructed
1067,67,0,0.7516332169294766,0.526440210613677,1,Instructed
1068,68,0,0.38111937683729774,0.5011180115340509,1,Instructed
1069,69,0,0.6286699663036617,0.35981854732657204,1,Instructed
1070,70,0,0.14934545590275172,0.5026426277556639,1,Instructed
1071,71,0,0.633536785136072,0.448271135933675,1,Instructed
1072,72,0,0.6826153544218836,0.541377170242417,1,Instructed
1073,73,0,0.4781756500554045,0.43461929791239917,1,Instructed
1074,74,0,0.4266683273673075,0.4979637642412116,1,Instructed
1075,75,0,0.5632092611851103,0.3187513037087495,1,Instructed
1076,76,0,0.5575916162448787,0.4321921447655104,1,Instructed
1077,77,0,0.125490565992257,0.44188460479816527,1,Instructed
1078,78,0,0.5410112260635799,0.33808403536888926,1,Instructed
1079,79,0,0.4653930154604265,0.3833872551120403,1,Instructed
1080,80,0,0.4221032306501713,0.4252052246166307,1,Instructed
1081,81,0,0.30898814995044105,0.37106643500997405,1,Instructed
1082,82,0,0.40575760709246617,0.36904312090629776,1,Instructed
1083,83,0,0.2388783746895657,0.34003052419995666,1,Instructed
1084,84,0,0.3768275548229518,0.40399490627797086,1,Instructed
1085,85,0,0.4709809406931838,0.31279545201942616,1,Instructed
1086,86,0,0.40930079930119545,0.3807416475503149,1,Instructed
1087,87,0,0.45562139467651525,0.39046015478055823,1,Instructed
1088,88,0,0.6518004072316457,0.30568256646533926,1,Instructed
1089,89,0,0.3423242485374537,0.4068545095348194,1,Instructed
1090,90,0,0.7588418825950013,0.34986411280460467,1,Instructed
1091,91,0,0.5875226238509559,0.3705246334041187,1,Instructed
1092,92,0,0.43774719353900143,0.39632968902299814,1,Instructed
1093,93,0,0.97382303729312,0.35230634624258816,1,Instructed
1094,94,0,0.5387693674562277,0.39009981795647874,1,Instructed
1095,95,0,0.6949710879249854,0.29616311408469287,1,Instructed
1096,96,0,0.10864509811814968,0.43185358563856086,1,Instructed
1097,97,0,0.2877173458413051,0.36042120606341793,1,Instructed
1098,98,0,0.3754880484090285,0.3380911027197617,1,Instructed
1099,99,0,0.9069870041516024,0.5518276405808594,1,Instructed
1100,100,0,0.3910436477448444,0.2949629631173668,1,Instructed
1101,101,0,0.3963261648172581,0.4656866739543446,1,Instructed
1102,102,0,0.4701435786581432,0.2662481151797621,1,Instructed
1103,103,0,0.44831319816663956,0.45700537643026684,1,Instructed
1104,104,0,0.3062323773025565,0.37207807980664986,1,Instructed
1105,105,0,0.5038642970841503,0.4333596239647449,1,Instructed
1106,106,0,0.4032649928994257,0.3869597204904939,1,Instructed
1107,107,0,0.9971987477514804,0.4251940633781027,1,Instructed
1108,108,0,0.5044632337061434,0.33788923772200297,1,Instructed
1109,109,0,0.4034790586403001,0.32057503210151916,1,Instructed
1110,110,0,0.9461468590448376,0.3499014558853446,1,Instructed
1111,111,0,0.896683393173667,0.3582843960389386,1,Instructed
1112,112,0,0.9503778398922571,0.4291640795106211,1,Instructed
1113,113,0,0.07617762838694511,0.507916461207173,1,Instructed
1114,114,0,0.4762784837542103,0.3780002282365661,1,Instructed
1115,115,0,0.3987993739858946,0.360111062716879,1,Instructed
1116,116,0,0.4755372498223051,0.40796739603142895,1,Instructed
1117,117,0,0.5107377787574641,0.4008837616475809,1,Instructed
1118,118,0,0.4320460496723756,0.5043382128272612,1,Instructed
1119,119,0,0.34519363106099393,0.43778592219179957,1,Instructed
1120,120,0,0.05920604264713743,0.42507446319638176,1,Instructed
1121,121,0,0.5041454568579541,0.3571853564489411,1,Instructed
1122,122,0,0.896040959144425,0.4109040803023808,1,Instructed
1123,123,0,0.4434305728853957,0.4956606639850764,1,Instructed
1124,124,0,0.8409264909773108,0.5213434839211815,1,Instructed
1125,125,0,0.7883212889223845,0.40298827517629,1,Instructed
1126,126,0,0.5949544899222726,0.3727815088157114,1,Instructed
1127,127,0,0.48007789310391213,0.30431666907051835,1,Instructed
1128,128,0,0.8947487995995242,0.3206955507709792,1,Instructed
1129,129,0,0.2919744314722702,0.33039215315307097,1,Instructed
1130,130,0,0.8510353276224556,0.38982124088831804,1,Instructed
1131,131,0,0.1766153354899888,0.2884177328729146,1,Instructed
1132,132,0,0.15841094326806882,0.4682793747442019,1,Instructed
1133,133,0,0.5744303203832319,0.3258799734188914,1,Instructed
1134,134,0,0.42376985275836687,0.3389413419507633,1,Instructed
1135,135,0,0.4818756123435382,0.30023651058161926,1,Instructed
1136,136,0,0.6313082832318371,0.35186687872232153,1,Instructed
1137,137,0,0.10646941004941086,0.5322237450004704,1,Instructed
1138,138,0,0.847500357670183,0.38312634156024705,1,Instructed
1139,139,0,0.5319360767338519,0.40813450749186225,1,Instructed
1140,140,0,0.7376023709293342,0.3076874611298979,1,Instructed
1141,141,0,0.8121354140053839,0.5194047186155097,1,Instructed
1142,142,0,0.8625215287700245,0.544103835291087,1,Instructed
1143,143,0,0.7542067925119131,0.3977737278108142,1,Instructed
1144,144,0,0.8060343905294693,0.47017303049489384,1,Instructed
1145,145,0,0.5022363719559331,0.5341931667040019,1,Instructed
1146,146,0,0.16485242205435047,0.54148073135643,1,Instructed
1147,147,0,0.42588985077577496,0.4422203674031955,1,Instructed
1148,148,0,0.9821146865295927,0.3798130761696217,1,Instructed
1149,149,0,0.5481371200388282,0.40573922148046887,1,Instructed
1150,150,0,0.07809574612965688,0.3700685283209847,1,Instructed
1151,151,0,0.3015095736448366,0.4688770390863378,1,Instructed
1152,152,0,0.6547674059590959,0.36841144023401756,1,Instructed
1153,153,0,0.7038849150592817,0.3568876542872451,1,Instructed
1154,154,0,0.4011974545197584,0.4230890289831943,1,Instructed
1155,155,0,0.27364458323221,0.43959955409489626,1,Instructed
1156,156,0,0.7535285631697234,0.3479367697530096,1,Instructed
1157,157,0,0.5078178325557652,0.6143064040167616,1,Instructed
1158,158,0,0.023692790960329835,0.4220672810218902,1,Instructed
1159,159,0,0.6316343126534496,0.34425040215604485,1,Instructed
1160,160,0,0.825120507126827,0.27989703772039604,1,Instructed
1161,161,0,0.6125666734151545,0.36928210657521576,1,Instructed
1162,162,0,0.09545291880735804,0.3855704558044761,1,Instructed
1163,163,0,0.439576262729944,0.3878383530899522,1,Instructed
1164,164,0,0.909401904616274,0.35145962589346624,1,Instructed
1165,165,0,0.8223262421574492,0.3907435754845246,1,Instructed
1166,166,0,0.6145850012781046,0.4165810643785445,1,Instructed
1167,167,0,0.4720841286558982,0.3612831428407578,1,Instructed
1168,168,0,0.7777732681444899,0.3957208068085267,1,Instructed
1169,169,0,0.561756351645627,0.49026466454738443,1,Instructed
1170,170,0,0.6088395199117365,0.35118219552196717,1,Instructed
1171,171,0,0.33623265550610454,0.561105074178444,1,Instructed
1172,172,0,0.8136186229316158,0.446088560101853,1,Instructed
1173,173,0,0.20266825584270037,0.49746139204600115,1,Instructed
1174,174,0,0.33328587808622306,0.3758606109383045,1,Instructed
1175,175,0,0.19423833775707378,0.511710721326459,1,Instructed
1176,176,0,0.6411947720343067,0.37477317734372345,1,Instructed
1177,177,0,0.5251245487963153,0.44233905587581535,1,Instructed
1178,178,0,0.5037950916454419,0.46569862129894735,1,Instructed
1179,179,0,0.8971398259725425,0.4061866669727544,1,Instructed
1180,180,0,0.9528819391210499,0.29030060362041266,1,Instructed
1181,181,0,0.30721643073782967,0.5099828501663073,1,Instructed
1182,182,0,0.5423591510684227,0.5650134204922763,1,Instructed
1183,183,0,0.5806548557038759,0.31740398946603277,1,Instructed
1184,184,0,0.6950267863501871,0.4090550041497947,1,Instructed
1185,185,0,0.09794476322690987,0.2976449987485584,1,Instructed
1186,186,0,0.9955830076404053,0.46580248704285987,1,Instructed
1187,187,0,0.39721524703315836,0.35398031966268806,1,Instructed
1188,188,0,0.635441747226136,0.48564566121060704,1,Instructed
1189,189,0,0.3451003354289238,0.44513962590652567,1,Instructed
1190,190,0,0.3985704292640432,0.5546886228947316,1,Instructed
1191,191,0,0.4916241146945245,0.3948853688503914,1,Instructed
1192,192,0,0.19401404703447556,0.43046137878070273,1,Instructed
1193,193,0,0.4886056304793154,0.5607263111104924,1,Instructed
1194,194,0,0.0676336011454302,0.45723260330324134,1,Instructed
1195,195,0,0.4224438869465876,0.7629934998407821,1,Instructed
1196,196,0,0.5162854552843231,0.5318639655671447,1,Instructed
1197,197,0,0.363449084557434,0.5002552686739674,1,Instructed
1198,198,0,0.9392869891012137,0.46751424647068424,1,Instructed
1199,199,0,0.5726721456203466,0.5286004298178014,1,Instructed
