,t,e_hat,Accuracy,pe,batch,Condition
0,0,0,0.4317609623851158,0.9626078652061925,0,Blocked
1,1,0,0.1414396120685743,0.5143382825322522,0,Blocked
2,2,0,0.8865133572157649,0.5240636436859536,0,Blocked
3,3,0,0.9806440823352148,0.7148804160268954,0,Blocked
4,4,0,0.27297363241793837,0.7828782275202153,0,Blocked
5,5,0,0.2650150900933651,0.5716966614329015,0,Blocked
6,6,0,0.0912310347198541,0.5712066861411493,0,Blocked
7,7,0,0.5550504495939619,0.6358467377395021,0,Blocked
8,8,0,0.8977888102167464,0.5870671076649401,0,Blocked
9,9,0,0.5329068107329267,0.6328203374416501,0,Blocked
10,10,0,0.9591184936730915,0.4843602885292218,0,Blocked
11,11,0,0.6117626202617626,0.5305408979638759,0,Blocked
12,12,0,0.41670740023187874,0.5745591509610948,0,Blocked
13,13,0,0.7337095209291581,0.6008929030241646,0,Blocked
14,14,0,0.5011466347952984,0.6699386127412277,0,Blocked
15,15,0,0.7802516862576876,0.5156564382419179,0,Blocked
16,16,0,0.5482268398380926,0.7391815105163393,0,Blocked
17,17,0,0.7967861103242029,0.8507852384243513,0,Blocked
18,18,0,0.5166353974031911,0.5686431921689353,0,Blocked
19,19,0,0.109000722983604,0.618035656764786,0,Blocked
20,20,0,0.10998920933937578,1.0585819334794504,0,Blocked
21,21,0,0.7961951072347255,0.5318134510629811,0,Blocked
22,22,0,0.46881077588883524,0.709771699610066,0,Blocked
23,23,0,0.11129858751709829,0.7207887687914925,0,Blocked
24,24,0,0.40633388790549263,0.4808084425524718,0,Blocked
25,25,0,0.401185565444295,0.8229973913188866,0,Blocked
26,26,0,0.47189832997643816,0.5618064921541241,0,Blocked
27,27,0,0.5522199713623439,0.4813135684152512,0,Blocked
28,28,0,0.4454258389321177,0.49880018838630746,0,Blocked
29,29,0,0.4695684826402179,0.6282260693228672,0,Blocked
30,30,0,0.07954651320546209,0.5218462171674977,0,Blocked
31,31,0,0.6451102001568685,0.650305557036766,0,Blocked
32,32,0,0.7162972631573336,0.6833100475471627,0,Blocked
33,33,0,0.7822826562118418,0.9369107586807044,0,Blocked
34,34,0,0.09734915330137175,0.6361426138245878,0,Blocked
35,35,0,0.6174726947658888,0.6999433438387281,0,Blocked
36,36,0,0.4797109498257149,0.6982729058239945,0,Blocked
37,37,0,0.507642018085443,0.6645976162637007,0,Blocked
38,38,0,0.6127849794346432,0.8320133467753814,0,Blocked
39,39,0,0.1598942226409735,0.5409954505395853,0,Blocked
40,40,0,0.49192416217567125,1.6704114203253329,0,Blocked
41,41,0,0.36709226417518204,0.5685441770667483,0,Blocked
42,42,0,0.5097922879640686,0.7310592674433818,0,Blocked
43,43,0,0.8690728817723868,0.6158432453865776,0,Blocked
44,44,0,0.046575706895910604,0.6288750099959994,0,Blocked
45,45,0,0.4596451011656475,0.5288638631609832,0,Blocked
46,46,0,0.4152153859174014,0.36548884625807443,0,Blocked
47,47,0,0.21805233175209732,0.5760910374755053,0,Blocked
48,48,0,0.26957956629244956,0.4813129387702209,0,Blocked
49,49,0,0.3915668570353359,0.7545751187946701,0,Blocked
50,50,0,0.545948202442576,0.7813222835877762,0,Blocked
51,51,0,0.6325256409189489,0.8060575436606761,0,Blocked
52,52,0,0.5498139653393784,0.6961168630727715,0,Blocked
53,53,0,0.8942455299725134,0.5547549685007346,0,Blocked
54,54,0,0.5739452776626638,0.3492174068835384,0,Blocked
55,55,0,0.5827432779941317,0.5180662327824022,0,Blocked
56,56,0,0.64391988511729,0.5797479528806839,0,Blocked
57,57,0,0.1901367320288996,0.585716261039225,0,Blocked
58,58,0,0.5650238508549228,0.44365305801157406,0,Blocked
59,59,0,0.2531084711409979,0.7982771977233375,0,Blocked
60,60,0,0.2889261889496639,0.557743887556555,0,Blocked
61,61,0,0.5671890546110621,0.5299367591875869,0,Blocked
62,62,0,0.36082124079435524,0.5256695811164631,0,Blocked
63,63,0,0.33007451318854614,0.7081301250597223,0,Blocked
64,64,0,0.9903447031576109,0.5102787975970662,0,Blocked
65,65,0,0.9261529839229052,0.9591767288828097,0,Blocked
66,66,0,0.10030870469282097,0.7777174506439624,0,Blocked
67,67,0,0.5036905656460287,0.8106536287400247,0,Blocked
68,68,0,0.9887010460454904,0.7693001422558325,0,Blocked
69,69,0,0.6104113856618203,0.7685276784198289,0,Blocked
70,70,0,0.2594658562868882,0.6309923029078257,0,Blocked
71,71,0,0.24990384343758282,0.957191852458777,0,Blocked
72,72,0,0.5362921773519193,0.6302513971311576,0,Blocked
73,73,0,0.19163509776811677,0.4683513901749561,0,Blocked
74,74,0,0.7122761081512583,0.6854029701557922,0,Blocked
75,75,0,0.9588195843078157,0.5729683065249804,0,Blocked
76,76,0,0.555960595517619,0.5340512728111426,0,Blocked
77,77,0,0.5657616871735045,0.6558651192265217,0,Blocked
78,78,0,0.6283798320894418,0.6035095348463628,0,Blocked
79,79,0,0.5113741429878178,0.6126027842196999,0,Blocked
80,80,0,0.3703442494541401,0.794909726588737,0,Blocked
81,81,0,0.5398222781961718,0.5252891676046723,0,Blocked
82,82,0,0.12300746363852347,0.7156272231021465,0,Blocked
83,83,0,0.08127457344182176,0.520523030158463,0,Blocked
84,84,0,0.037501295411607266,0.5927982705040593,0,Blocked
85,85,0,0.18214724215028932,0.46090296604694103,0,Blocked
86,86,0,0.13712368410780432,0.8478639224588168,0,Blocked
87,87,0,0.5558895178816167,0.5243918285006766,0,Blocked
88,88,0,0.8131310311060933,0.41869325645788597,0,Blocked
89,89,0,0.6866707342931776,0.5305077785724726,0,Blocked
90,90,0,0.5901299933791014,0.6083992229848769,0,Blocked
91,91,0,0.04174772569283188,0.8106698938775321,0,Blocked
92,92,0,0.32095881672138604,0.6211829946041101,0,Blocked
93,93,0,0.4579589076420072,0.6026029828035695,0,Blocked
94,94,0,0.6189145500064566,0.6421425527886551,0,Blocked
95,95,0,0.8212177958730984,0.5317334340585405,0,Blocked
96,96,0,0.47322369451154145,0.5736081200120493,0,Blocked
97,97,0,0.7570335521220833,0.525369069596889,0,Blocked
98,98,0,0.5578524428103333,0.540631438289681,0,Blocked
99,99,0,0.5849816632844358,0.45899507503408987,0,Blocked
100,100,0,0.7557807181274917,0.49885652958887017,0,Blocked
101,101,0,0.6249586291910483,0.6272916126098231,0,Blocked
102,102,0,0.5177811230679543,0.5095299865714482,0,Blocked
103,103,0,0.7199265366967977,0.6890231699834226,0,Blocked
104,104,0,0.03608597776722615,0.624792918764064,0,Blocked
105,105,0,0.3173951917627672,0.6868517024829672,0,Blocked
106,106,0,0.4424981703289922,0.6854032000052936,0,Blocked
107,107,0,0.5179093180071495,0.7175915615449713,0,Blocked
108,108,0,0.09811879346917148,0.805246584570219,0,Blocked
109,109,0,0.5440929444273852,0.7378929079785391,0,Blocked
110,110,0,0.9473866018412265,0.5361482837942095,0,Blocked
111,111,0,0.7957772904607365,0.7377880539101186,0,Blocked
112,112,0,0.04025348122642585,0.8798861083178986,0,Blocked
113,113,0,0.7114491301006873,0.6803732548933381,0,Blocked
114,114,0,0.7765855123331554,0.8224884778496286,0,Blocked
115,115,0,0.8380871013769495,0.6431969581992196,0,Blocked
116,116,0,0.3623958802685805,0.5205021776419378,0,Blocked
117,117,0,0.5453752643759843,0.9040496724867111,0,Blocked
118,118,0,0.8473443778321244,0.47190491523097494,0,Blocked
119,119,0,0.3036988299809446,0.9650402771468873,0,Blocked
120,120,0,0.3466219864734912,0.6350595371735339,0,Blocked
121,121,0,0.053446646384467285,1.3605020107115169,0,Blocked
122,122,0,0.5079517989463114,1.006751852886339,0,Blocked
123,123,0,0.48946134390979384,0.5459411185656385,0,Blocked
124,124,0,0.27638676888537866,0.7194239993531096,0,Blocked
125,125,0,0.465903170901054,0.6673788775271776,0,Blocked
126,126,0,0.6730805376777628,0.4344223595116935,0,Blocked
127,127,0,0.5546717334542767,0.7614013582272331,0,Blocked
128,128,0,0.49277501940729207,0.8512812316554753,0,Blocked
129,129,0,0.9640877737757529,0.5501014987055757,0,Blocked
130,130,0,0.9967872741050315,1.770785001870573,0,Blocked
131,131,0,0.7351895667648443,0.8395642892352276,0,Blocked
132,132,0,0.9744917724070843,0.5799266031360719,0,Blocked
133,133,0,0.8159594705744762,0.40439020009371746,0,Blocked
134,134,0,0.14414064761324638,0.8046158980051326,0,Blocked
135,135,0,0.23653599651172416,0.7115908457304343,0,Blocked
136,136,0,0.06331007822321437,0.6623617836258433,0,Blocked
137,137,0,0.11810082221873598,0.8775230744426272,0,Blocked
138,138,0,0.33080720677238096,0.8077462932607433,0,Blocked
139,139,0,0.6785346095073725,0.5634101180954222,0,Blocked
140,140,0,0.051605398790297734,0.5553075220655013,0,Blocked
141,141,0,0.6875265135199838,0.5474641442927862,0,Blocked
142,142,0,0.5174674500860731,0.6106025795300019,0,Blocked
143,143,0,0.6671865713951416,0.6579477958658069,0,Blocked
144,144,0,0.29903072902219724,0.7717268085993098,0,Blocked
145,145,0,0.46280299230069305,0.52822432522096,0,Blocked
146,146,0,0.506019984508024,0.45876376084807136,0,Blocked
147,147,0,0.5502694684965483,0.7199434533616902,0,Blocked
148,148,0,0.20907515882996464,0.7508952629685253,0,Blocked
149,149,0,0.31893560301078205,0.8930648411744676,0,Blocked
150,150,0,0.8000227121467833,0.5906588766570684,0,Blocked
151,151,0,0.49581315731086406,0.805146305130394,0,Blocked
152,152,0,0.4038676981224371,0.7797196213269648,0,Blocked
153,153,0,0.436409224773854,0.5503315053500739,0,Blocked
154,154,0,0.9420173843323565,0.5633192456840923,0,Blocked
155,155,0,0.46072266795040884,0.5165637742572099,0,Blocked
156,156,0,0.32731412697871887,0.609401979613117,0,Blocked
157,157,0,0.8801411716242298,0.473884506448523,0,Blocked
158,158,0,0.9034800150668265,0.6285627070684611,0,Blocked
159,159,0,0.9167131957913239,0.6423430396986592,0,Blocked
160,160,0,0.40610536123220825,0.5797914175754212,0,Blocked
161,161,0,0.18018316554565791,0.6164141205429524,0,Blocked
162,162,0,0.5315298030921644,0.7591819634782163,0,Blocked
163,163,0,0.9729239607895845,0.5954678624596172,0,Blocked
164,164,0,0.2329935832208553,0.8062525736695079,0,Blocked
165,165,0,0.7214971013474212,0.8840254394959006,0,Blocked
166,166,0,0.7579285098257722,0.634124395758797,0,Blocked
167,167,0,0.8623117849791422,0.6586731129002958,0,Blocked
168,168,0,0.6901689402716343,0.5031754832377601,0,Blocked
169,169,0,0.14829038747219975,0.8352784986839872,0,Blocked
170,170,0,0.8609745604840733,0.624426552913133,0,Blocked
171,171,0,0.6098520801547971,0.6002800069639732,0,Blocked
172,172,0,0.5633081724661867,0.67135190890501,0,Blocked
173,173,0,0.7850498648919135,0.595232656560067,0,Blocked
174,174,0,0.06733723001977603,0.7327651720555957,0,Blocked
175,175,0,0.47349335425844463,0.7140441495679671,0,Blocked
176,176,0,0.14769805219296106,0.9818566339309667,0,Blocked
177,177,0,0.5038418451236862,0.6109098100197025,0,Blocked
178,178,0,0.9140629464002319,0.6661211880175478,0,Blocked
179,179,0,0.6132175241157488,0.9090742998786001,0,Blocked
180,180,0,0.7782954329131528,0.6731426895559756,0,Blocked
181,181,0,0.45892560861523696,0.8689127044654881,0,Blocked
182,182,0,0.5923795276331105,0.43956151080717776,0,Blocked
183,183,0,0.7855769591296873,0.6109436679366227,0,Blocked
184,184,0,0.2238323672338709,0.7906598172477437,0,Blocked
185,185,0,0.4192311259113559,0.731073146358699,0,Blocked
186,186,0,0.5089146096812888,0.6233330525398159,0,Blocked
187,187,0,0.454164587844617,0.43763066882216567,0,Blocked
188,188,0,0.7056210426321643,0.5907515652452193,0,Blocked
189,189,0,0.4976861725928871,0.6023391524114559,0,Blocked
190,190,0,0.10466769194679895,0.3938073139792421,0,Blocked
191,191,0,0.1860129202637123,0.7146442868594824,0,Blocked
192,192,0,0.515432656147215,0.6669726594866874,0,Blocked
193,193,0,0.8880728658311138,0.6649933023096161,0,Blocked
194,194,0,0.4619111619487476,0.5640143008278178,0,Blocked
195,195,0,0.5333129328660012,0.5412797783501857,0,Blocked
196,196,0,0.5099856883532177,0.6658598973532968,0,Blocked
197,197,0,0.0277300728624314,0.5324053259526614,0,Blocked
198,198,0,0.05766163708548615,0.5570434441465264,0,Blocked
199,199,0,0.8931588664985266,0.4464377364159861,0,Blocked
200,0,0,0.07696366956611608,0.8343668039823581,0,Interleaved
201,1,0,0.5175452260899163,0.6026631560308775,0,Interleaved
202,2,0,0.5132830437474418,0.5904094139778031,0,Interleaved
203,3,0,0.7391339758412463,0.6136073960987647,0,Interleaved
204,4,0,0.5277651219819497,0.7812603460452772,0,Interleaved
205,5,0,0.4195873786255071,0.8078591300927924,0,Interleaved
206,6,0,0.4922468342021893,0.734084746667014,0,Interleaved
207,7,0,0.3296000108873982,0.7425838859518767,0,Interleaved
208,8,0,0.6176785243570977,0.5050935362088549,0,Interleaved
209,9,0,0.5521324135992276,0.8150726260495714,0,Interleaved
210,10,0,0.7025993920552462,0.6049068583342526,0,Interleaved
211,11,0,0.5023934415706701,0.565210002530266,0,Interleaved
212,12,0,0.43151672420333975,0.7279942184324144,0,Interleaved
213,13,0,0.4020612949623927,0.5979481326291041,0,Interleaved
214,14,0,0.6487417838699675,0.6919363431513262,0,Interleaved
215,15,0,0.6147198223329853,0.5760610377110549,0,Interleaved
216,16,0,0.08031706197209013,0.5638969066970543,0,Interleaved
217,17,0,0.5350513907568116,0.6874285268858538,0,Interleaved
218,18,0,0.33435264402377696,0.7257036139170596,0,Interleaved
219,19,0,0.01024331033855414,0.7397221002328871,0,Interleaved
220,20,0,0.8201869549729375,0.44620211661179854,0,Interleaved
221,21,0,0.7513766583446956,0.6409637318087031,0,Interleaved
222,22,0,0.7723972295760482,0.6941916517007186,0,Interleaved
223,23,0,0.4446547693306686,0.45796211205369985,0,Interleaved
224,24,0,0.9828789458517996,0.5617398449470352,0,Interleaved
225,25,0,0.8568527817724236,0.6131180758466453,0,Interleaved
226,26,0,0.44058631053402986,0.49310764925061723,0,Interleaved
227,27,0,0.48563748922220906,0.5983166081495246,0,Interleaved
228,28,0,0.20900691027976154,0.7112643205684346,0,Interleaved
229,29,0,0.4977738216124714,0.7310353144532558,0,Interleaved
230,30,0,0.18174173124291867,0.729930596244923,0,Interleaved
231,31,0,0.49420261291336837,0.780980306657843,0,Interleaved
232,32,0,0.5946848185611465,0.5370150141699348,0,Interleaved
233,33,0,0.16307885972986547,0.5833636929481284,0,Interleaved
234,34,0,0.507941719069551,0.7696770046706156,0,Interleaved
235,35,0,0.31834249034732975,0.6841702722840093,0,Interleaved
236,36,0,0.5185637520411951,0.8148610537787692,0,Interleaved
237,37,0,0.6652226094855366,0.7439324927003762,0,Interleaved
238,38,0,0.9504491577256943,0.726131612123532,0,Interleaved
239,39,0,0.36270048799413007,0.8201145058049095,0,Interleaved
240,40,0,0.44241710619267227,0.9170044154057211,0,Interleaved
241,41,0,0.5864119517746458,0.6377052723660587,0,Interleaved
242,42,0,0.07906898280278751,0.682838436680266,0,Interleaved
243,43,0,0.6502143272158047,0.373845943165543,0,Interleaved
244,44,0,0.44230978104128715,0.6418181497353351,0,Interleaved
245,45,0,0.5721093543117277,0.6108601705521184,0,Interleaved
246,46,0,0.6186775757550674,0.7813343046919483,0,Interleaved
247,47,0,0.682702354283193,0.8965854414375916,0,Interleaved
248,48,0,0.7027591758195029,0.797622674775099,0,Interleaved
249,49,0,0.32356822877872343,0.4726162269640647,0,Interleaved
250,50,0,0.5387036894388859,0.5325980288995447,0,Interleaved
251,51,0,0.8801292337415545,0.6851606647461737,0,Interleaved
252,52,0,0.6632045032932037,0.6009184868955773,0,Interleaved
253,53,0,0.16538826328259953,0.6535170475976593,0,Interleaved
254,54,0,0.4634773444489382,0.524976393832195,0,Interleaved
255,55,0,0.6081139207590112,0.6552642994371438,0,Interleaved
256,56,0,0.6142730508768228,0.6020507550702443,0,Interleaved
257,57,0,0.4722641106823936,0.7461407092749552,0,Interleaved
258,58,0,0.4037345522645637,0.9205996626887749,0,Interleaved
259,59,0,0.6552470648392933,0.8095245856698701,0,Interleaved
260,60,0,0.7332066961709724,0.6096002626957162,0,Interleaved
261,61,0,0.35449097339611624,0.765178431167143,0,Interleaved
262,62,0,0.5295918295602652,0.6648378999519724,0,Interleaved
263,63,0,0.35462053904898333,0.79506515946749,0,Interleaved
264,64,0,0.20536353340268165,0.9431102547699822,0,Interleaved
265,65,0,0.33963129952493387,0.5381959754354367,0,Interleaved
266,66,0,0.2644911400954224,0.7835468361823181,0,Interleaved
267,67,0,0.9869659638644538,0.5728873313514136,0,Interleaved
268,68,0,0.9336693395931049,0.5801206805899289,0,Interleaved
269,69,0,0.05729913685628783,0.7464226697585798,0,Interleaved
270,70,0,0.7938068815777931,0.5766606951898339,0,Interleaved
271,71,0,0.04772708323694331,0.6953042152343865,0,Interleaved
272,72,0,0.7255824188378015,0.5049223841702115,0,Interleaved
273,73,0,0.6422503085453304,0.7912307739490965,0,Interleaved
274,74,0,0.04739406846581751,0.7597619714457555,0,Interleaved
275,75,0,0.4886849809445114,0.5875328496023675,0,Interleaved
276,76,0,0.06028705403335006,0.8072624234607468,0,Interleaved
277,77,0,0.4892595841065645,0.6356049687202974,0,Interleaved
278,78,0,0.25676261892990393,0.7409724284426231,0,Interleaved
279,79,0,0.5176319750250179,0.5046424188450953,0,Interleaved
280,80,0,0.966725084188683,0.7546216518949811,0,Interleaved
281,81,0,0.1294864965467927,0.7017053003826232,0,Interleaved
282,82,0,0.7167306499785145,0.627260106768707,0,Interleaved
283,83,0,0.3752923575132116,0.7857291306104991,0,Interleaved
284,84,0,0.23505508354706853,1.022690040738667,0,Interleaved
285,85,0,0.4942785033655898,0.6520225832036769,0,Interleaved
286,86,0,0.9896231648585382,0.49535867588055726,0,Interleaved
287,87,0,0.725614799453645,0.6109779853688158,0,Interleaved
288,88,0,0.5489221375644157,0.6025596340364857,0,Interleaved
289,89,0,0.5478294621641022,0.7203163953834226,0,Interleaved
290,90,0,0.12947586458820737,0.7928865846064608,0,Interleaved
291,91,0,0.787629329825375,0.6073473294067459,0,Interleaved
292,92,0,0.9541397204431223,0.7371218864790003,0,Interleaved
293,93,0,0.5559290786911346,0.42638000325865144,0,Interleaved
294,94,0,0.8364512270625326,0.7064504968628692,0,Interleaved
295,95,0,0.45124364419978347,0.8438050056915463,0,Interleaved
296,96,0,0.4861245824050193,0.8342185412820147,0,Interleaved
297,97,0,0.7247966836924729,0.6199413528993245,0,Interleaved
298,98,0,0.011463349473556414,0.7964804213189973,0,Interleaved
299,99,0,0.4221786218834035,0.8710941945207966,0,Interleaved
300,100,0,0.5096553957556609,0.8076937776705555,0,Interleaved
301,101,0,0.7699244922473665,0.507455048107536,0,Interleaved
302,102,0,0.7212336614111156,0.8287404974053273,0,Interleaved
303,103,0,0.4218508837489607,0.6345660529146048,0,Interleaved
304,104,0,0.46976734707627343,0.6161504427315945,0,Interleaved
305,105,0,0.511882061723018,0.582827526852389,0,Interleaved
306,106,0,0.4555593367069278,0.5521811320902401,0,Interleaved
307,107,0,0.16051794332289732,0.855025754688649,0,Interleaved
308,108,0,0.9237774908617884,0.5795690797783948,0,Interleaved
309,109,0,0.992667642860898,0.768691566993253,0,Interleaved
310,110,0,0.4873747968112312,0.5483114688667878,0,Interleaved
311,111,0,0.7004079861060274,0.736749062786427,0,Interleaved
312,112,0,0.37009303655168546,0.6610427094578257,0,Interleaved
313,113,0,0.26068264986808704,0.7567586834395886,0,Interleaved
314,114,0,0.4934466293924094,0.9211797470152268,0,Interleaved
315,115,0,0.5030446616187337,0.7096756000643538,0,Interleaved
316,116,0,0.4225886317971045,0.9003049313575131,0,Interleaved
317,117,0,0.15489651898699272,0.483914025815084,0,Interleaved
318,118,0,0.19537936293785832,0.7832774302416816,0,Interleaved
319,119,0,0.6693003513869779,0.6622006774878844,0,Interleaved
320,120,0,0.45002975923487115,0.8384350413648608,0,Interleaved
321,121,0,0.4703876432896633,0.956273689404888,0,Interleaved
322,122,0,0.44457119151667024,0.6285508493766385,0,Interleaved
323,123,0,0.21549018918130886,0.6779501999246222,0,Interleaved
324,124,0,0.8071859483706261,0.5960854480212691,0,Interleaved
325,125,0,0.3523582369409599,0.7593672036278118,0,Interleaved
326,126,0,0.36735790713921185,0.6970078939395905,0,Interleaved
327,127,0,0.24012294482223545,0.6594143305038054,0,Interleaved
328,128,0,0.4453107487286978,1.2412023224085111,0,Interleaved
329,129,0,0.4898765478176772,0.5758136518685972,0,Interleaved
330,130,0,0.3724680679209471,0.5267347558466396,0,Interleaved
331,131,0,0.6552570861718365,0.6122234974700643,0,Interleaved
332,132,0,0.5497510395515481,0.6308934807804178,0,Interleaved
333,133,0,0.4393753737012914,0.8968003435183858,0,Interleaved
334,134,0,0.4312984669897165,0.6682538360226087,0,Interleaved
335,135,0,0.1818441685045209,0.6780331926957164,0,Interleaved
336,136,0,0.6749927833320024,0.4680729293478578,0,Interleaved
337,137,0,0.5002158528475089,0.6430066198982209,0,Interleaved
338,138,0,0.4781109029364007,0.5935199687781318,0,Interleaved
339,139,0,0.8778799300408703,0.6435785154005511,0,Interleaved
340,140,0,0.26874044010119735,0.7393755447233687,0,Interleaved
341,141,0,0.717119684015291,0.5911686349367088,0,Interleaved
342,142,0,0.6922599584529439,0.7065310954776078,0,Interleaved
343,143,0,0.4667491245110874,0.7427649082277906,0,Interleaved
344,144,0,0.430161692065044,0.8273187400744008,0,Interleaved
345,145,0,0.07716016605310289,0.9506820700151493,0,Interleaved
346,146,0,0.5149343304432815,0.706872646280631,0,Interleaved
347,147,0,0.13674913073858933,0.8884058769442056,0,Interleaved
348,148,0,0.49249319867399877,0.74478887877183,0,Interleaved
349,149,0,0.8298955435911637,0.6211738424790868,0,Interleaved
350,150,0,0.3268377115403082,0.5472251239976742,0,Interleaved
351,151,0,0.8776617526161988,0.5082426228385474,0,Interleaved
352,152,0,0.9633901749275637,0.6137084651767573,0,Interleaved
353,153,0,0.4620316689304732,0.5507391086387331,0,Interleaved
354,154,0,0.28014131063850384,0.6879630360060982,0,Interleaved
355,155,0,0.45179352841050086,0.8774551470321805,0,Interleaved
356,156,0,0.8526537654268131,0.5507327676321386,0,Interleaved
357,157,0,0.9684981592671434,0.726830297940988,0,Interleaved
358,158,0,0.7625512510642741,0.7130823376666242,0,Interleaved
359,159,0,0.2939221195297489,0.5769890765947632,0,Interleaved
360,160,0,0.9617312655379102,0.5417800811329017,0,Interleaved
361,161,0,0.22808875366803164,0.7869193088995845,0,Interleaved
362,162,0,0.05760229725798108,0.6612013514669952,0,Interleaved
363,163,0,0.1715067802705119,0.7451719693485732,0,Interleaved
364,164,0,0.048685742079377224,0.7972458705755046,0,Interleaved
365,165,0,0.5521945793478727,0.6463142268511272,0,Interleaved
366,166,0,0.529149604959391,0.7340126676568016,0,Interleaved
367,167,0,0.21856166050307452,0.670473487100678,0,Interleaved
368,168,0,0.442245169733671,0.711851118332097,0,Interleaved
369,169,0,0.3203843223953295,0.638186738935455,0,Interleaved
370,170,0,0.9617738364934496,0.6273342044829356,0,Interleaved
371,171,0,0.6205016387397959,0.5271301107890461,0,Interleaved
372,172,0,0.5912798604613251,0.6244705219266576,0,Interleaved
373,173,0,0.761481831307553,0.7892415795763577,0,Interleaved
374,174,0,0.48219545461048136,0.7067873724787558,0,Interleaved
375,175,0,0.861444464803752,0.467142299724467,0,Interleaved
376,176,0,0.5979936583899853,0.5327759341057464,0,Interleaved
377,177,0,0.18826012002666742,0.8059217771157252,0,Interleaved
378,178,0,0.48445603152156463,0.6324416976868148,0,Interleaved
379,179,0,0.9247962172067359,0.5776217506547948,0,Interleaved
380,180,0,0.44354953310639667,0.6548681410660389,0,Interleaved
381,181,0,0.520482527191164,0.592836486463058,0,Interleaved
382,182,0,0.6907756983254044,0.5737158130147586,0,Interleaved
383,183,0,0.3861689041051982,0.6599801868378974,0,Interleaved
384,184,0,0.8168371792755262,0.8463740088791929,0,Interleaved
385,185,0,0.5001009205206607,0.9652211747491757,0,Interleaved
386,186,0,0.48554684606017084,0.5356506581961646,0,Interleaved
387,187,0,0.7288634168797166,0.7197365388733321,0,Interleaved
388,188,0,0.45991804555235666,0.7092720979232257,0,Interleaved
389,189,0,0.822838610459728,0.5998596947239365,0,Interleaved
390,190,0,0.5631292923099636,0.6529502589312395,0,Interleaved
391,191,0,0.03485277455657636,0.6414702193159539,0,Interleaved
392,192,0,0.8343850922881278,0.7481785288104225,0,Interleaved
393,193,0,0.05988002597315267,1.0525946536608555,0,Interleaved
394,194,0,0.49829340619687684,0.5640292069122897,0,Interleaved
395,195,0,0.5031559194031291,0.7067031260432026,0,Interleaved
396,196,0,0.8655454998379415,0.5182920760348436,0,Interleaved
397,197,0,0.6083873571521657,0.6200280023301799,0,Interleaved
398,198,0,0.6840612464251263,0.6964528527600449,0,Interleaved
399,199,0,0.464802339282885,0.8283402921420997,0,Interleaved
400,0,0,0.500821223958968,0.7814888571646889,0,Instructed
401,1,0,0.49725734653996334,0.6558668088993906,0,Instructed
402,2,0,0.25228409091467585,1.239951482003553,0,Instructed
403,3,0,0.8287852464985996,0.7573555173046884,0,Instructed
404,4,0,0.7827038960564753,0.7150608731339525,0,Instructed
405,5,0,0.47958692967331695,0.4101406905858984,0,Instructed
406,6,0,0.4642217378357024,0.614470182334507,0,Instructed
407,7,0,0.6196113569157532,0.6928480563378165,0,Instructed
408,8,0,0.549632615468537,0.6521008047918263,0,Instructed
409,9,0,0.5065734371725988,0.4810012184698262,0,Instructed
410,10,0,0.7552394433724583,0.6415895028967911,0,Instructed
411,11,0,0.9536988782402102,0.6132059426046919,0,Instructed
412,12,0,0.4013704240246906,0.7766751380438361,0,Instructed
413,13,0,0.35554408002471166,0.6351925008934778,0,Instructed
414,14,0,0.2832714707056424,0.5650394318983485,0,Instructed
415,15,0,0.4905166036888195,1.0689269615051376,0,Instructed
416,16,0,0.7692387380870185,0.4503948284956075,0,Instructed
417,17,0,0.11034698959890149,1.0300339607772047,0,Instructed
418,18,0,0.2955520423202978,0.6528729741944173,0,Instructed
419,19,0,0.9462331003904282,0.6622636206561103,0,Instructed
420,20,0,0.4955827341504826,1.0242315271747473,0,Instructed
421,21,0,0.024298327059735406,0.7202629139504348,0,Instructed
422,22,0,0.24499964307887773,0.5326144314260175,0,Instructed
423,23,0,0.9035980559105972,0.3889112507801303,0,Instructed
424,24,0,0.307623363001431,0.8097913696876988,0,Instructed
425,25,0,0.9000624019966581,0.6916702488978109,0,Instructed
426,26,0,0.5238603725124831,0.47592037658165154,0,Instructed
427,27,0,0.4984228712918139,0.5939850371643756,0,Instructed
428,28,0,0.02638438409569006,0.7217651868880006,0,Instructed
429,29,0,0.04726510646304656,0.45649353597602416,0,Instructed
430,30,0,0.5397406586431435,0.5186575727944799,0,Instructed
431,31,0,0.571297600079378,0.632868688509284,0,Instructed
432,32,0,0.3774602239283882,0.824631484529974,0,Instructed
433,33,0,0.1649067418940693,0.7814585412656176,0,Instructed
434,34,0,0.7402737864745469,0.5700453338969468,0,Instructed
435,35,0,0.7576216937880611,0.5045055994147054,0,Instructed
436,36,0,0.6202930784341842,0.6352039507737947,0,Instructed
437,37,0,0.46743536782523354,0.6123975738324803,0,Instructed
438,38,0,0.21069372153276109,0.5609008124434941,0,Instructed
439,39,0,0.5568133331147961,0.6648354627327859,0,Instructed
440,40,0,0.6129764795671568,0.7864458436154659,0,Instructed
441,41,0,0.34107115114073566,0.4884715178260869,0,Instructed
442,42,0,0.6404548636987053,0.68514533889882,0,Instructed
443,43,0,0.839715666821917,0.5770741877394487,0,Instructed
444,44,0,0.9419961075470111,0.583927728832669,0,Instructed
445,45,0,0.9375285265059832,0.635457030509522,0,Instructed
446,46,0,0.6023238319689972,0.9046437492889601,0,Instructed
447,47,0,0.1410578014542265,0.8029762768003182,0,Instructed
448,48,0,0.4605958810460681,0.46895715829238993,0,Instructed
449,49,0,0.047686858122896594,0.6740790758972022,0,Instructed
450,50,0,0.5052918490479789,0.7743582676243534,0,Instructed
451,51,0,0.32407635069057245,0.7098697332275778,0,Instructed
452,52,0,0.13436923370917855,0.5610368112829355,0,Instructed
453,53,0,0.8666145770886376,0.4816803555508942,0,Instructed
454,54,0,0.9092456781974138,0.484088885917405,0,Instructed
455,55,0,0.02714659789082309,0.5472662076466319,0,Instructed
456,56,0,0.10580552543972666,0.6408412243296575,0,Instructed
457,57,0,0.610042243540567,0.6555854716168611,0,Instructed
458,58,0,0.9822377901084867,0.6225023719975262,0,Instructed
459,59,0,0.6927531428735763,0.5309356265260882,0,Instructed
460,60,0,0.6397738614935118,0.6378866737246245,0,Instructed
461,61,0,0.5182928618133584,0.6340680874373475,0,Instructed
462,62,0,0.8569622624933202,0.5962968735073771,0,Instructed
463,63,0,0.7792706792691495,0.6058551386321347,0,Instructed
464,64,0,0.885829177233608,0.5953182198291163,0,Instructed
465,65,0,0.2585850152530937,0.5134549060150381,0,Instructed
466,66,0,0.9101978737778772,0.47106276635415834,0,Instructed
467,67,0,0.5522933580706775,0.6889191295464393,0,Instructed
468,68,0,0.5857535070033962,0.8783275729720786,0,Instructed
469,69,0,0.07278147004979374,0.8329696077581354,0,Instructed
470,70,0,0.6088378042131962,0.5602831563462445,0,Instructed
471,71,0,0.4936599659400732,0.6737171529432058,0,Instructed
472,72,0,0.5001228532517243,1.4865898959833745,0,Instructed
473,73,0,0.6835630707560937,0.6586989389308258,0,Instructed
474,74,0,0.49571253298176643,0.9325922939446261,0,Instructed
475,75,0,0.03992388556871445,0.8528752067029022,0,Instructed
476,76,0,0.11459187207956924,0.7439311595092262,0,Instructed
477,77,0,0.31757777440873364,0.4663973418625724,0,Instructed
478,78,0,0.25236258114009763,0.7349782369974249,0,Instructed
479,79,0,0.7654706404140068,0.6123626370807618,0,Instructed
480,80,0,0.7271181866446986,0.49801476561602187,0,Instructed
481,81,0,0.601582301720286,0.5545975573275725,0,Instructed
482,82,0,0.5694206369353237,0.7119492517737225,0,Instructed
483,83,0,0.1957792712855681,0.6372159557982067,0,Instructed
484,84,0,0.3173351011418483,0.541236979374617,0,Instructed
485,85,0,0.8610578121530867,0.4875599382129973,0,Instructed
486,86,0,0.19063780662314916,0.8610094812454927,0,Instructed
487,87,0,0.39360860303801787,0.5791861908967052,0,Instructed
488,88,0,0.7844798092636782,0.5142197854320507,0,Instructed
489,89,0,0.8150096163322108,0.41865767787348973,0,Instructed
490,90,0,0.7918758404066462,0.5475505480035683,0,Instructed
491,91,0,0.16738151370925083,0.7531093785435631,0,Instructed
492,92,0,0.13415222116806988,0.6531962732085115,0,Instructed
493,93,0,0.605779372143846,0.543412179757007,0,Instructed
494,94,0,0.057388133765253216,1.8655825581538836,0,Instructed
495,95,0,0.5014124346245801,0.5605015049956539,0,Instructed
496,96,0,0.3510250807638188,0.42203072420536325,0,Instructed
497,97,0,0.7460640549386913,0.8374497787104742,0,Instructed
498,98,0,0.08023317078333278,0.709915717361433,0,Instructed
499,99,0,0.4348289456570016,0.5204875858567795,0,Instructed
500,100,0,0.38859830259952927,0.6634999147960614,0,Instructed
501,101,0,0.019704519951546255,0.7664964967221729,0,Instructed
502,102,0,0.9211780535093232,0.6847046676849746,0,Instructed
503,103,0,0.23728510655444643,0.9138405481391505,0,Instructed
504,104,0,0.7083221690097771,0.5691147885466439,0,Instructed
505,105,0,0.005718891350887199,0.6809711220522713,0,Instructed
506,106,0,0.9784574210520687,0.3860823431921483,0,Instructed
507,107,0,0.4842060260039443,0.5504683412213264,0,Instructed
508,108,0,0.1739307498526752,0.7031172707391835,0,Instructed
509,109,0,0.7719630112515445,0.4768770157893133,0,Instructed
510,110,0,0.7497356872022507,0.5536778943115556,0,Instructed
511,111,0,0.010676351366417565,0.7244129741812403,0,Instructed
512,112,0,0.6877650562635584,0.8156038405404423,0,Instructed
513,113,0,0.01981442081562608,0.8010126057931097,0,Instructed
514,114,0,0.5145430688157184,0.690628466963705,0,Instructed
515,115,0,0.8094715628327789,0.7772854072724164,0,Instructed
516,116,0,0.2341119374494488,1.072060080020168,0,Instructed
517,117,0,0.874067132184526,0.5465774501714863,0,Instructed
518,118,0,0.45356692821184247,0.668282772215329,0,Instructed
519,119,0,0.2698650873456987,0.7347958949530149,0,Instructed
520,120,0,0.8674664478357965,0.7039892478433782,0,Instructed
521,121,0,0.985725530587093,0.5795073471104655,0,Instructed
522,122,0,0.932725531870139,0.5508900496263156,0,Instructed
523,123,0,0.47547302190882096,0.59391361952534,0,Instructed
524,124,0,0.36102687298651504,0.6898728245144591,0,Instructed
525,125,0,0.5247466569031967,0.6084968247323088,0,Instructed
526,126,0,0.2915665840707515,0.5162319522958961,0,Instructed
527,127,0,0.4652291288944808,0.5556192806672158,0,Instructed
528,128,0,0.9610964042181038,0.6473153267955953,0,Instructed
529,129,0,0.6925800166103656,0.6925442939101039,0,Instructed
530,130,0,0.45515598090363235,0.6804584548816308,0,Instructed
531,131,0,0.5062978749714513,0.38440148791342366,0,Instructed
532,132,0,0.4368830601053041,0.6626325568437429,0,Instructed
533,133,0,0.12421550711659547,0.8137203828505357,0,Instructed
534,134,0,0.9199259079511721,0.5281504343988903,0,Instructed
535,135,0,0.5877800360464376,0.5451678290280003,0,Instructed
536,136,0,0.2756462501528661,0.8108473688833469,0,Instructed
537,137,0,0.1990394633651581,0.6367472928598863,0,Instructed
538,138,0,0.22470640660018193,0.8255889869087217,0,Instructed
539,139,0,0.6073877903550431,0.6352248120094606,0,Instructed
540,140,0,0.4206270790939223,0.7143079461667864,0,Instructed
541,141,0,0.5709055818180926,0.42511969933461324,0,Instructed
542,142,0,0.2895123080399373,0.5839446928136205,0,Instructed
543,143,0,0.4998109017990699,0.5420333605742716,0,Instructed
544,144,0,0.2757869748703827,0.7851594430701089,0,Instructed
545,145,0,0.5328346536778745,0.7324064462539568,0,Instructed
546,146,0,0.4012248794293378,0.7304617953542094,0,Instructed
547,147,0,0.4363991558419469,0.5343358926820073,0,Instructed
548,148,0,0.1527324664880938,0.6061173707019187,0,Instructed
549,149,0,0.55540648746317,0.6139524363664446,0,Instructed
550,150,0,0.5536463923054611,0.7360807921027767,0,Instructed
551,151,0,0.49888272597768196,0.5718205519429298,0,Instructed
552,152,0,0.5748180531329624,0.6101293225071511,0,Instructed
553,153,0,0.7032134738720326,0.4711660111380542,0,Instructed
554,154,0,0.6729288773872772,0.5369981481508639,0,Instructed
555,155,0,0.8087389078383851,0.6141818142126241,0,Instructed
556,156,0,0.6990725440075953,0.7509029139888728,0,Instructed
557,157,0,0.7959064687793055,0.495395500829393,0,Instructed
558,158,0,0.29185461015460573,0.5848165914987655,0,Instructed
559,159,0,0.7350859051514222,0.37329288772937225,0,Instructed
560,160,0,0.4279574879529165,0.7202015878928987,0,Instructed
561,161,0,0.30119227799106785,1.1163931276878691,0,Instructed
562,162,0,0.8853296771086979,0.6966719708976081,0,Instructed
563,163,0,0.34025401089373913,0.6817600122334808,0,Instructed
564,164,0,0.5678308604495966,0.9116667383613253,0,Instructed
565,165,0,0.3347298415423662,0.8514883114009065,0,Instructed
566,166,0,0.3408085307703325,0.526915363952728,0,Instructed
567,167,0,0.02532465958770764,0.8215860077529017,0,Instructed
568,168,0,0.4946205075272811,0.7767174104557021,0,Instructed
569,169,0,0.7163578635561936,0.6436429834432136,0,Instructed
570,170,0,0.4667022879999015,0.5449038236439656,0,Instructed
571,171,0,0.5172457520785232,0.6257275891450249,0,Instructed
572,172,0,0.02677824174266265,0.7187687594135018,0,Instructed
573,173,0,0.3003654066453562,0.9032880421583436,0,Instructed
574,174,0,0.21421227475312496,0.7370513676990701,0,Instructed
575,175,0,0.5048035651333898,0.7609348130992302,0,Instructed
576,176,0,0.1807837358607439,0.7402970362767346,0,Instructed
577,177,0,0.41367438987715355,0.5050946862511708,0,Instructed
578,178,0,0.006624116965138659,0.8385290326782084,0,Instructed
579,179,0,0.0757667131139747,0.7797452341920166,0,Instructed
580,180,0,0.7846980630965203,0.449607297196031,0,Instructed
581,181,0,0.5977511223930074,0.5001668988818984,0,Instructed
582,182,0,0.8617353956055815,0.4629508152480491,0,Instructed
583,183,0,0.12163256079053746,0.45528677239162707,0,Instructed
584,184,0,0.8702668717239197,0.8979655575673894,0,Instructed
585,185,0,0.232206527373292,0.46365007347348475,0,Instructed
586,186,0,0.877817606698057,0.8188004137469266,0,Instructed
587,187,0,0.458787264812333,0.46302515206751294,0,Instructed
588,188,0,0.9729829819874363,0.86449519820641,0,Instructed
589,189,0,0.6271553086935066,0.37460491888010783,0,Instructed
590,190,0,0.6716500229361314,0.8892093594004131,0,Instructed
591,191,0,0.5616619279625905,0.6554268925830209,0,Instructed
592,192,0,0.5228126377055569,0.4667102926874951,0,Instructed
593,193,0,0.7802596911160935,0.935213899709082,0,Instructed
594,194,0,0.3298133456403019,0.9175338582544885,0,Instructed
595,195,0,0.499146632570406,0.5201489766480596,0,Instructed
596,196,0,0.9159618864194885,0.6447028740696625,0,Instructed
597,197,0,0.6642404616044184,0.5017789200990392,0,Instructed
598,198,0,0.9735874153545006,0.700055949759947,0,Instructed
599,199,0,0.5132319503996554,0.7137370631391028,0,Instructed
600,0,0,0.11841549618719632,0.7051027694255072,1,Blocked
601,1,0,0.6780662792975336,0.5860954245908003,1,Blocked
602,2,0,0.9935371811217288,0.6237718901903595,1,Blocked
603,3,0,0.4591429514622332,0.7822669279003047,1,Blocked
604,4,0,0.976843782731398,0.40966025745511087,1,Blocked
605,5,0,0.5050482365304165,0.8434080204317681,1,Blocked
606,6,0,0.9198330654705105,0.5736671727199586,1,Blocked
607,7,0,0.9671143636994572,0.6618571192412743,1,Blocked
608,8,0,0.5078168396034681,0.8088188733294538,1,Blocked
609,9,0,0.9734869556947136,0.5333851364079312,1,Blocked
610,10,0,0.9515758146956339,0.738589981128479,1,Blocked
611,11,0,0.9096338564688775,0.669699608579818,1,Blocked
612,12,0,0.9561329818506057,0.6308565223647817,1,Blocked
613,13,0,0.9959446676291324,0.536554307381693,1,Blocked
614,14,0,0.17730986978407365,0.706159794648153,1,Blocked
615,15,0,0.9166742885546971,0.7138681207918367,1,Blocked
616,16,0,0.009562299736758168,0.8848975267270709,1,Blocked
617,17,0,0.06083802174202012,0.9775868831285193,1,Blocked
618,18,0,0.9991240599220728,0.633921089257388,1,Blocked
619,19,0,0.022008337631331438,0.7533370161546185,1,Blocked
620,20,0,0.07209824740006344,0.8568140354124356,1,Blocked
621,21,0,0.00594401202442861,0.876370882493962,1,Blocked
622,22,0,0.982265345641587,0.8144658189466997,1,Blocked
623,23,0,0.9850610822397463,1.0454900594330336,1,Blocked
624,24,0,0.04455962994753025,0.8612491093263139,1,Blocked
625,25,0,0.36288908886677884,0.6743904393547326,1,Blocked
626,26,0,0.607237789237467,0.5561732717326864,1,Blocked
627,27,0,0.9043753472014846,0.6586890684883706,1,Blocked
628,28,0,0.6130047729070995,0.6675767976244229,1,Blocked
629,29,0,0.9441507617167331,0.6046573168741203,1,Blocked
630,30,0,0.9818521454372503,0.6297059878401347,1,Blocked
631,31,0,0.549298589324963,0.7877270713725282,1,Blocked
632,32,0,0.9363299741720629,0.6666911523289636,1,Blocked
633,33,0,0.6709770738867836,1.7985212364827106,1,Blocked
634,34,0,0.4445449036359331,0.8233334885290359,1,Blocked
635,35,0,0.10274461573780418,0.7618250351063547,1,Blocked
636,36,0,0.004407164819938396,0.9071111154055573,1,Blocked
637,37,0,0.2343247654084324,0.7574203533139641,1,Blocked
638,38,0,0.1018051700873386,0.6513261106894883,1,Blocked
639,39,0,0.9598503062065432,0.42902522148292627,1,Blocked
640,40,0,0.9320213424463697,0.5313742507488248,1,Blocked
641,41,0,0.1058797913896396,0.6072979007356164,1,Blocked
642,42,0,0.519167915476872,0.6186221464338988,1,Blocked
643,43,0,0.6632874294324923,0.559414745026443,1,Blocked
644,44,0,0.34486737458592176,0.5334318628337682,1,Blocked
645,45,0,0.46255962393092975,0.5983845157401853,1,Blocked
646,46,0,0.49891775499770535,0.6347434539131628,1,Blocked
647,47,0,0.5175928745210436,0.9124870309242503,1,Blocked
648,48,0,0.9564439382353054,0.4789016937390574,1,Blocked
649,49,0,0.04803395117792853,0.66666746295775,1,Blocked
650,50,0,0.45440324749234196,0.6163767735757906,1,Blocked
651,51,0,0.6731068484622794,0.7465196337430875,1,Blocked
652,52,0,0.8088156332080921,0.5379817838494415,1,Blocked
653,53,0,0.38175667418512127,0.6062192816226428,1,Blocked
654,54,0,0.8924034579868045,0.6633252930029718,1,Blocked
655,55,0,0.7665527415493136,0.5319046859155256,1,Blocked
656,56,0,0.0743447833408678,0.7857293103011571,1,Blocked
657,57,0,0.7553883494554547,0.5056122546461227,1,Blocked
658,58,0,0.7802276610898509,0.6369989267892038,1,Blocked
659,59,0,0.5015301831993827,0.5843093380913428,1,Blocked
660,60,0,0.03607763395100183,0.7557765320497752,1,Blocked
661,61,0,0.5665441587936629,0.5566722241784546,1,Blocked
662,62,0,0.736571124980975,0.5715048286735028,1,Blocked
663,63,0,0.23071651032555157,0.7496283703409328,1,Blocked
664,64,0,0.14234722755200951,0.6314098085400497,1,Blocked
665,65,0,0.4616549422890736,0.5322219350223993,1,Blocked
666,66,0,0.5503271808901604,0.8681231350104252,1,Blocked
667,67,0,0.6460950078692893,0.8423777743870742,1,Blocked
668,68,0,0.4759372776971867,0.7211660995308242,1,Blocked
669,69,0,0.57120824374074,0.619455826427435,1,Blocked
670,70,0,0.9063909394115546,0.6343425795512887,1,Blocked
671,71,0,0.5952121661518806,0.5631030620680614,1,Blocked
672,72,0,0.5058279976124004,0.524946315426095,1,Blocked
673,73,0,0.4996921759888413,1.0621323727944247,1,Blocked
674,74,0,0.46637832087248265,0.6889901809759964,1,Blocked
675,75,0,0.4736957447010713,0.6927815078175266,1,Blocked
676,76,0,0.43481233591564644,0.5899745908165317,1,Blocked
677,77,0,0.7575732034272189,0.49935013700007674,1,Blocked
678,78,0,0.9993947558688376,1.2016639346152567,1,Blocked
679,79,0,0.19244673002704793,0.5958799330514545,1,Blocked
680,80,0,0.5482479112601668,0.6275983112816222,1,Blocked
681,81,0,0.5022922239773517,0.7461514453936025,1,Blocked
682,82,0,0.9537171690803418,0.779377554339,1,Blocked
683,83,0,0.004238908578981846,0.6425707698030606,1,Blocked
684,84,0,0.9838212545584696,0.5952044607945801,1,Blocked
685,85,0,0.1318569390612549,0.6522994891733377,1,Blocked
686,86,0,0.12673773267780994,0.8277204614620965,1,Blocked
687,87,0,0.4651186651922279,0.7003442813933516,1,Blocked
688,88,0,0.3381290775203298,0.6762564385948049,1,Blocked
689,89,0,0.8414730602062391,0.7509237379591347,1,Blocked
690,90,0,0.5633921020194733,0.6433989615678659,1,Blocked
691,91,0,0.8347782557761445,0.6613978710883561,1,Blocked
692,92,0,0.49522362148099264,0.7518128542985784,1,Blocked
693,93,0,0.25027294237878384,0.5292625613591335,1,Blocked
694,94,0,0.5229859313842664,0.8827233502594147,1,Blocked
695,95,0,0.03978292627791042,0.856636539692526,1,Blocked
696,96,0,0.625970620420955,0.6159113947230894,1,Blocked
697,97,0,0.010367201178054638,1.0120009516228312,1,Blocked
698,98,0,0.01874806767028033,0.7926323469954479,1,Blocked
699,99,0,0.6621254486400474,0.5360634478289655,1,Blocked
700,100,0,0.8929073847226137,0.7313339544903018,1,Blocked
701,101,0,0.8364832016159037,0.5981416387684998,1,Blocked
702,102,0,0.775324902261027,0.4934606083670175,1,Blocked
703,103,0,0.3572440734785948,0.40630693949758356,1,Blocked
704,104,0,0.254379413360585,0.6249028922339127,1,Blocked
705,105,0,0.6017046352516644,0.5988000626394927,1,Blocked
706,106,0,0.0947404325439768,0.544593108598084,1,Blocked
707,107,0,0.5229238276299767,0.5602944093129976,1,Blocked
708,108,0,0.46313731619943155,0.5716421136631297,1,Blocked
709,109,0,0.5794650087750799,1.0290921312235146,1,Blocked
710,110,0,0.6589662152595304,0.7126972170790504,1,Blocked
711,111,0,0.7646863115215041,0.7629835084820347,1,Blocked
712,112,0,0.5277988110502849,0.6292076516978016,1,Blocked
713,113,0,0.8927521628338729,0.5951841306418151,1,Blocked
714,114,0,0.05005648100261183,0.8545535316431787,1,Blocked
715,115,0,0.9900863566855548,0.5615337643001357,1,Blocked
716,116,0,0.8679961583912236,0.38678853619102344,1,Blocked
717,117,0,0.6106842732283513,0.7859430311610962,1,Blocked
718,118,0,0.3049406667769778,0.7321580508969923,1,Blocked
719,119,0,0.9854644710092242,0.3929494972160229,1,Blocked
720,120,0,0.3259191216118628,0.5361091272264774,1,Blocked
721,121,0,0.4363811963446327,0.817741213036623,1,Blocked
722,122,0,0.5103838621598866,0.486557763109158,1,Blocked
723,123,0,0.1299261242626194,0.5376442605479533,1,Blocked
724,124,0,0.5581280704040814,0.7077938686352965,1,Blocked
725,125,0,0.17527920994780852,0.6801678876072139,1,Blocked
726,126,0,0.13286482590926912,0.586901728825677,1,Blocked
727,127,0,0.051095028903186665,0.7205321112369505,1,Blocked
728,128,0,0.0003796990807848812,1.372903911363545,1,Blocked
729,129,0,0.5323617729832701,0.7275580902013072,1,Blocked
730,130,0,0.48041340109986896,0.630230431622834,1,Blocked
731,131,0,0.8175313049623352,0.9102839281178409,1,Blocked
732,132,0,0.6011647116796203,0.7545642927213918,1,Blocked
733,133,0,0.5223570545219475,0.7331004761495445,1,Blocked
734,134,0,0.5324665183629729,0.7468996277310149,1,Blocked
735,135,0,0.44825038280389184,0.8018924781424861,1,Blocked
736,136,0,0.747581647430072,0.6871629562793244,1,Blocked
737,137,0,0.5003515174848181,0.6208633364762635,1,Blocked
738,138,0,0.18583518535372295,0.8052544589390771,1,Blocked
739,139,0,0.621988998952485,0.6130337469673018,1,Blocked
740,140,0,0.956567060730442,0.9436548439318708,1,Blocked
741,141,0,0.38938741025666146,0.5011294506472148,1,Blocked
742,142,0,0.9022221281020707,0.6666739467131805,1,Blocked
743,143,0,0.27613721761253135,0.8278554396374438,1,Blocked
744,144,0,0.11076361837361119,0.6232052171123801,1,Blocked
745,145,0,0.23367048385261338,0.6353687108695745,1,Blocked
746,146,0,0.3049505842826438,0.7498373254417923,1,Blocked
747,147,0,0.4761507987299258,0.668515505365265,1,Blocked
748,148,0,0.4190729404597905,0.6897545461244209,1,Blocked
749,149,0,0.8602828919001843,0.48744968362067226,1,Blocked
750,150,0,0.44659503326704847,0.7552537215537197,1,Blocked
751,151,0,0.8028663559600655,0.5823372218130989,1,Blocked
752,152,0,0.35465428336566746,0.6835752479087409,1,Blocked
753,153,0,0.8996245155810075,0.48694160684339977,1,Blocked
754,154,0,0.5145091052969192,0.6957066271011545,1,Blocked
755,155,0,0.8343017508189917,0.640753054234206,1,Blocked
756,156,0,0.7807969103795396,0.5944651977812592,1,Blocked
757,157,0,0.42270850209588423,0.7082901301665631,1,Blocked
758,158,0,0.5186430378388909,0.8689158680050919,1,Blocked
759,159,0,0.645637305667524,0.520861090717713,1,Blocked
760,160,0,0.4616076698646638,0.5808270538188738,1,Blocked
761,161,0,0.4416179422771037,0.7320627932325388,1,Blocked
762,162,0,0.5697961376765364,0.6887633724611357,1,Blocked
763,163,0,0.9593375403142191,0.7201759941887091,1,Blocked
764,164,0,0.5606819103506018,0.9525953130079658,1,Blocked
765,165,0,0.5943398908566583,0.5025130421232711,1,Blocked
766,166,0,0.7219077375143222,0.6705235539744989,1,Blocked
767,167,0,0.4184843455310255,0.7415556371301235,1,Blocked
768,168,0,0.4802604946937987,0.6769766636154311,1,Blocked
769,169,0,0.3856886145174236,0.5654331060267939,1,Blocked
770,170,0,0.20692022732398707,0.6521235160633898,1,Blocked
771,171,0,0.24545821201913698,0.6862638259642753,1,Blocked
772,172,0,0.0034282824533397437,0.7572788059896548,1,Blocked
773,173,0,0.20291948235553806,0.6272229622775913,1,Blocked
774,174,0,0.17609175568407992,0.7031555357118702,1,Blocked
775,175,0,0.48318747043428545,0.47568658033339384,1,Blocked
776,176,0,0.9295961730254289,0.6326297169636899,1,Blocked
777,177,0,0.7092279066509206,0.6301713727036111,1,Blocked
778,178,0,0.5116591067748304,0.5532892349237335,1,Blocked
779,179,0,0.49363554345584093,0.7877361601592595,1,Blocked
780,180,0,0.6587495880921903,0.5363492907884349,1,Blocked
781,181,0,0.025986880103678785,0.6495498764823141,1,Blocked
782,182,0,0.8208175334335233,0.4800234870955613,1,Blocked
783,183,0,0.2806736902875384,0.7564639118001271,1,Blocked
784,184,0,0.47193284594622875,0.6497129378490479,1,Blocked
785,185,0,0.29250760495686534,0.6370995859291582,1,Blocked
786,186,0,0.1712877789786849,0.5994233235886031,1,Blocked
787,187,0,0.01427835157232815,0.7664191565366542,1,Blocked
788,188,0,0.566099177633025,0.8653850218332444,1,Blocked
789,189,0,0.020025154018058117,0.6791142799383985,1,Blocked
790,190,0,0.5496965664333479,0.8206435486357626,1,Blocked
791,191,0,0.4208662558480571,0.7378432592598876,1,Blocked
792,192,0,0.9269759698265674,0.4643609157447117,1,Blocked
793,193,0,0.2850337338334403,0.7207145206636796,1,Blocked
794,194,0,0.46654871958063415,0.8793364805752791,1,Blocked
795,195,0,0.21160355511950196,0.7352237764436984,1,Blocked
796,196,0,0.7117521709291705,0.4797689472016262,1,Blocked
797,197,0,0.4761442453978081,0.6414190504814726,1,Blocked
798,198,0,0.5518766295410652,0.5995739951998877,1,Blocked
799,199,0,0.7352353865539887,0.4963527570287275,1,Blocked
800,0,0,0.3833915651098614,0.6926858484000533,1,Interleaved
801,1,0,0.24212892578853754,0.6134395000152157,1,Interleaved
802,2,0,0.7355147811295688,0.5494645660922534,1,Interleaved
803,3,0,0.7314429029641616,0.796203736494277,1,Interleaved
804,4,0,0.9580931687419475,0.5613632802900097,1,Interleaved
805,5,0,0.23232273459002856,0.7243215147254585,1,Interleaved
806,6,0,0.5095186814329035,0.5338286035758792,1,Interleaved
807,7,0,0.19182677711999657,0.5246725322947383,1,Interleaved
808,8,0,0.4994629198651803,0.7601240679091077,1,Interleaved
809,9,0,0.6505784511420871,0.7133214236665497,1,Interleaved
810,10,0,0.4679792530384937,0.4915965653395502,1,Interleaved
811,11,0,0.5066420998437327,0.5003652113665141,1,Interleaved
812,12,0,0.40737658656254694,0.6578392701425166,1,Interleaved
813,13,0,0.49554197087475105,0.9826365545047946,1,Interleaved
814,14,0,0.3611311036246155,0.6564770443638787,1,Interleaved
815,15,0,0.0492449238982763,0.9538652343882943,1,Interleaved
816,16,0,0.5295505130298124,0.5940235674872004,1,Interleaved
817,17,0,0.03626519660069339,0.736010411323624,1,Interleaved
818,18,0,0.46924184117152296,0.5376060837405149,1,Interleaved
819,19,0,0.96287403892816,0.539516988880928,1,Interleaved
820,20,0,0.6280911456663074,0.8872396882112665,1,Interleaved
821,21,0,0.3802036393823283,0.6211971351494989,1,Interleaved
822,22,0,0.5022285057888544,0.7366970121889271,1,Interleaved
823,23,0,0.19515712566759902,0.668741879405369,1,Interleaved
824,24,0,0.5108357998380059,0.7803947990386861,1,Interleaved
825,25,0,0.5578162579189514,0.4950794124742932,1,Interleaved
826,26,0,0.5609696258374413,0.5231991363667561,1,Interleaved
827,27,0,0.6003729664681894,0.5203300308831555,1,Interleaved
828,28,0,0.36314841364860406,0.7168599134185218,1,Interleaved
829,29,0,0.8751464029024523,0.44888972316084896,1,Interleaved
830,30,0,0.5058220302045753,0.8869818919540315,1,Interleaved
831,31,0,0.9608101690134179,0.4668231612180287,1,Interleaved
832,32,0,0.45540104753712346,0.7081342271355928,1,Interleaved
833,33,0,0.5306989501668892,0.545177886974894,1,Interleaved
834,34,0,0.44320506148029387,0.5761541907090609,1,Interleaved
835,35,0,0.5280952644165489,0.6335110536528221,1,Interleaved
836,36,0,0.1452365596097032,0.4976768640935736,1,Interleaved
837,37,0,0.23857325037834298,0.5468580444175615,1,Interleaved
838,38,0,0.783779896265149,0.6779808300960876,1,Interleaved
839,39,0,0.5210364219063776,0.37084629150800313,1,Interleaved
840,40,0,0.783606185799337,0.5448784536961178,1,Interleaved
841,41,0,0.25965866572777757,0.6197007887263449,1,Interleaved
842,42,0,0.03662779591348732,0.7411114887766337,1,Interleaved
843,43,0,0.9581869369649869,0.5890584701385438,1,Interleaved
844,44,0,0.5172974174579915,0.6342791325654176,1,Interleaved
845,45,0,0.5298882984998777,0.4803304115200212,1,Interleaved
846,46,0,0.21845017362158575,0.74605893884282,1,Interleaved
847,47,0,0.17454119066005216,0.7529805259097074,1,Interleaved
848,48,0,0.5202926143885028,0.9164503567640556,1,Interleaved
849,49,0,0.39205907235232923,0.6671231450054926,1,Interleaved
850,50,0,0.9887514010115956,0.7678549787218583,1,Interleaved
851,51,0,0.8713094618713892,0.49757307238811754,1,Interleaved
852,52,0,0.5084385602474261,0.5324532447987329,1,Interleaved
853,53,0,0.4537208737508977,0.7296980433267068,1,Interleaved
854,54,0,0.8795508270152999,0.4994636053627613,1,Interleaved
855,55,0,0.3252695916442487,0.7528080648607925,1,Interleaved
856,56,0,0.9142818466061438,0.8856466405863146,1,Interleaved
857,57,0,0.07969875200404908,0.760464983547558,1,Interleaved
858,58,0,0.9610891601581668,1.1516138718180655,1,Interleaved
859,59,0,0.6897771941512849,0.8949126620427237,1,Interleaved
860,60,0,0.3892107773403349,0.8216890193261764,1,Interleaved
861,61,0,0.5259453795906633,0.7571725347527198,1,Interleaved
862,62,0,0.6075949692915842,0.6960829851302592,1,Interleaved
863,63,0,0.9770860325226745,0.45406641937955095,1,Interleaved
864,64,0,0.5265007529656619,0.5941934371439294,1,Interleaved
865,65,0,0.4869448398993841,0.492433657896749,1,Interleaved
866,66,0,0.00943316138223587,1.0901088257841174,1,Interleaved
867,67,0,0.05308020525548511,0.7706683533753593,1,Interleaved
868,68,0,0.7293517271668497,0.4842156880675974,1,Interleaved
869,69,0,0.48807327706700515,0.6235708834685366,1,Interleaved
870,70,0,0.2476032835142793,0.965358001676229,1,Interleaved
871,71,0,0.7892491835158719,0.7380608202744833,1,Interleaved
872,72,0,0.18152764755974238,0.9626660210146754,1,Interleaved
873,73,0,0.5000000000873963,3.254906215109126,1,Interleaved
874,74,0,0.39347446304585787,0.8769816593026751,1,Interleaved
875,75,0,0.21018367939699678,0.8916268149733505,1,Interleaved
876,76,0,0.46687632635928367,0.8513706253539337,1,Interleaved
877,77,0,0.03179724398703953,1.251220689580891,1,Interleaved
878,78,0,0.2778103401287809,0.7556443618262335,1,Interleaved
879,79,0,0.9856291158706736,0.49753073733279257,1,Interleaved
880,80,0,0.5872023792995058,0.6708012376103973,1,Interleaved
881,81,0,0.505856571138382,0.41257101473815816,1,Interleaved
882,82,0,0.025170776263703086,0.7620589886565643,1,Interleaved
883,83,0,0.15370810873726207,0.7193468140255246,1,Interleaved
884,84,0,0.8564677194298669,0.3999975348979937,1,Interleaved
885,85,0,0.4991093442206805,0.7965257392690501,1,Interleaved
886,86,0,0.5513862205332314,0.4523734081008074,1,Interleaved
887,87,0,0.12198119195858356,0.6029415911344175,1,Interleaved
888,88,0,0.730577225311926,0.7395581649028357,1,Interleaved
889,89,0,0.6270556763012929,0.7700468802920684,1,Interleaved
890,90,0,0.5326207837971952,0.5312751860900061,1,Interleaved
891,91,0,0.7972101525300894,0.7168911163293485,1,Interleaved
892,92,0,0.4178666798871305,0.7438913842482529,1,Interleaved
893,93,0,0.6574103055175702,0.4922496433112764,1,Interleaved
894,94,0,0.5071111718011133,2.080542279882075,1,Interleaved
895,95,0,0.31158683935117204,0.8512269640924157,1,Interleaved
896,96,0,0.221298741120129,0.6565276976018015,1,Interleaved
897,97,0,0.9038660328814297,0.7866287246953442,1,Interleaved
898,98,0,0.4513452576382741,0.4938674058714113,1,Interleaved
899,99,0,0.05706284769756465,0.6590600487303665,1,Interleaved
900,100,0,0.8837876662886262,0.7596814200368638,1,Interleaved
901,101,0,0.6783391566221321,0.495892782189048,1,Interleaved
902,102,0,0.40745830296056296,0.5226707444918178,1,Interleaved
903,103,0,0.48498076705030513,0.6163156094226191,1,Interleaved
904,104,0,0.4742031793883311,0.8939746478567479,1,Interleaved
905,105,0,0.26695899940086554,0.6336200364086237,1,Interleaved
906,106,0,0.49718409248671175,0.5176496580897618,1,Interleaved
907,107,0,0.6006873147631151,0.523368795493273,1,Interleaved
908,108,0,0.9024194790097421,0.6606181104995682,1,Interleaved
909,109,0,0.535635750025813,0.7017531000338675,1,Interleaved
910,110,0,0.5199962225948513,0.5970847369114947,1,Interleaved
911,111,0,0.9345935122566957,0.6519498434801773,1,Interleaved
912,112,0,0.38268647933544386,0.6304853533717589,1,Interleaved
913,113,0,0.25496856668030393,0.6175999693661215,1,Interleaved
914,114,0,0.05746141297101953,0.6620948685257914,1,Interleaved
915,115,0,0.441158557093517,0.5831853154442035,1,Interleaved
916,116,0,0.38816369918355065,0.5173791746007844,1,Interleaved
917,117,0,0.7239596489255131,0.4958649359266486,1,Interleaved
918,118,0,0.5491120982464337,0.545269833932348,1,Interleaved
919,119,0,0.9291669187709922,0.7609753517900614,1,Interleaved
920,120,0,0.784002017278252,0.6444957070353029,1,Interleaved
921,121,0,0.5396423277073688,0.6673090220741142,1,Interleaved
922,122,0,0.4145943126527508,0.5998494973945019,1,Interleaved
923,123,0,0.3263679715809981,0.7834188225912653,1,Interleaved
924,124,0,0.5111081795963452,0.6427603456742997,1,Interleaved
925,125,0,0.34383456597633627,0.7368742614178021,1,Interleaved
926,126,0,0.5005967904759264,0.9937093564495468,1,Interleaved
927,127,0,0.46329807996389294,0.5898313028257421,1,Interleaved
928,128,0,0.3375887734575148,0.9668710961464106,1,Interleaved
929,129,0,0.499398162287859,0.7454991482343862,1,Interleaved
930,130,0,0.46688121160172047,0.6050446447490065,1,Interleaved
931,131,0,0.46251800417207767,0.7124461411903905,1,Interleaved
932,132,0,0.21064693179568028,0.8610113245686853,1,Interleaved
933,133,0,0.22539374155989964,0.5113260771417252,1,Interleaved
934,134,0,0.8523937444767273,0.6984734244704653,1,Interleaved
935,135,0,0.029652274992695325,0.7580832011334668,1,Interleaved
936,136,0,0.142824999447623,0.726744603598517,1,Interleaved
937,137,0,0.006246549698225475,0.8429781312834457,1,Interleaved
938,138,0,0.5006772369237943,0.4158378888311276,1,Interleaved
939,139,0,0.1435993073452524,0.9289654063733943,1,Interleaved
940,140,0,0.32791688618556214,0.4771993343858117,1,Interleaved
941,141,0,0.33822686771944316,0.7734295760933833,1,Interleaved
942,142,0,0.989037082097812,0.6184316358140479,1,Interleaved
943,143,0,0.5267602294253296,0.6022744876792573,1,Interleaved
944,144,0,0.4922119511269108,0.7544116104294774,1,Interleaved
945,145,0,0.27687472029771826,0.8406274321923983,1,Interleaved
946,146,0,0.5115699790652408,0.7343280773760842,1,Interleaved
947,147,0,0.5506043220027076,0.5851570828082914,1,Interleaved
948,148,0,0.4980184059872234,0.4399450126262118,1,Interleaved
949,149,0,0.7163644120606443,0.7103940969665801,1,Interleaved
950,150,0,0.5453550006061985,0.5050188531292872,1,Interleaved
951,151,0,0.23878264356793505,0.8023779284613315,1,Interleaved
952,152,0,0.5939130147295669,0.8071964499021904,1,Interleaved
953,153,0,0.3705700789763386,0.560486168142207,1,Interleaved
954,154,0,0.03577038701103966,1.039068655416651,1,Interleaved
955,155,0,0.46894412919669226,0.5467441826172252,1,Interleaved
956,156,0,0.9195983133208918,0.42197857761089563,1,Interleaved
957,157,0,0.5787157224852781,0.5340679744235662,1,Interleaved
958,158,0,0.5157367703088785,0.5280048965628599,1,Interleaved
959,159,0,0.45550273715023687,0.5498857929100531,1,Interleaved
960,160,0,0.7934785471068737,0.5872885827727243,1,Interleaved
961,161,0,0.2984914358662931,0.7723419794710054,1,Interleaved
962,162,0,0.32099902785488443,0.8215932828131254,1,Interleaved
963,163,0,0.40138822139432184,0.641925116685758,1,Interleaved
964,164,0,0.6871305212772928,0.6922890868080009,1,Interleaved
965,165,0,0.4562571956682321,0.6009717155074498,1,Interleaved
966,166,0,0.5258694858015185,0.5383184447263158,1,Interleaved
967,167,0,0.3307389798932292,0.634719282259364,1,Interleaved
968,168,0,0.6106187893570604,0.60287116477639,1,Interleaved
969,169,0,0.5733702652225667,0.6827200846130708,1,Interleaved
970,170,0,0.07516350834312564,0.8157612501085734,1,Interleaved
971,171,0,0.1561773930896685,0.7511270019407508,1,Interleaved
972,172,0,0.9148630912778382,0.46424801508117697,1,Interleaved
973,173,0,0.6385506161218527,0.5201025947577627,1,Interleaved
974,174,0,0.13686135205823713,0.6349110526626623,1,Interleaved
975,175,0,0.7884004700201082,0.6519860213754376,1,Interleaved
976,176,0,0.41245372172109074,0.76690854153285,1,Interleaved
977,177,0,0.02036596477925912,0.8270264967762412,1,Interleaved
978,178,0,0.8457166307500357,0.8239327490479207,1,Interleaved
979,179,0,0.07580742367699256,0.6803765394378269,1,Interleaved
980,180,0,0.19327696909246755,0.7222307082844236,1,Interleaved
981,181,0,0.6425079899374542,0.54081677351438,1,Interleaved
982,182,0,0.9789473665305526,0.42684026777988926,1,Interleaved
983,183,0,0.49269566639865875,0.7818217721514975,1,Interleaved
984,184,0,0.4643161644974138,0.6145513784507881,1,Interleaved
985,185,0,0.05473314381170394,0.7852130044432757,1,Interleaved
986,186,0,0.5808553103839027,0.6180804382937319,1,Interleaved
987,187,0,0.7481673067620144,0.6256422121300355,1,Interleaved
988,188,0,0.9799514408443648,0.566295415982044,1,Interleaved
989,189,0,0.936881148622652,0.8067872119601947,1,Interleaved
990,190,0,0.08279004326994363,0.44477320983205837,1,Interleaved
991,191,0,0.41088468510729753,0.8043032041974084,1,Interleaved
992,192,0,0.1957265987948883,0.7025293103976354,1,Interleaved
993,193,0,0.34385559226998275,0.8913039562130634,1,Interleaved
994,194,0,0.2158238977063591,0.9097611520633142,1,Interleaved
995,195,0,0.6753648463660687,0.5928610700853788,1,Interleaved
996,196,0,0.48165097234802795,0.6267747226703207,1,Interleaved
997,197,0,0.4853641213017331,0.7891619936464214,1,Interleaved
998,198,0,0.3761334075041912,0.8440950924091964,1,Interleaved
999,199,0,0.5031588825719432,0.5382608044988364,1,Interleaved
1000,0,0,0.4857490734270684,0.49528049379747396,1,Instructed
1001,1,0,0.21608815298459366,0.692612712047058,1,Instructed
1002,2,0,0.9970846097653641,0.7238277733825101,1,Instructed
1003,3,0,0.5674377467134414,0.78778532089666,1,Instructed
1004,4,0,0.23362748808282277,0.6144125301163241,1,Instructed
1005,5,0,0.3568710347034144,0.5644838708678606,1,Instructed
1006,6,0,0.48833955987018185,0.78100162910819,1,Instructed
1007,7,0,0.46744165563607215,0.5572868698143099,1,Instructed
1008,8,0,0.218997646558651,0.5410305087775066,1,Instructed
1009,9,0,0.6634999358719881,0.4164418036286719,1,Instructed
1010,10,0,0.2693589718106704,0.47141677001100196,1,Instructed
1011,11,0,0.5291889971010683,0.602595439935123,1,Instructed
1012,12,0,0.2379079852353716,0.5163904077720758,1,Instructed
1013,13,0,0.4975483124715836,0.6699260061926171,1,Instructed
1014,14,0,0.6123309317988853,0.5915313252781809,1,Instructed
1015,15,0,0.270912653829126,0.7801862894219761,1,Instructed
1016,16,0,0.4947197635076588,0.9680986670791463,1,Instructed
1017,17,0,0.9581535349445229,0.5040767917747628,1,Instructed
1018,18,0,0.051737660850115816,0.7023950792439322,1,Instructed
1019,19,0,0.29632590175753437,0.8039699567411991,1,Instructed
1020,20,0,0.9767556419167653,0.8124229697696669,1,Instructed
1021,21,0,0.4334272931683207,0.6347344558424426,1,Instructed
1022,22,0,0.4531564222077347,0.49102899433065217,1,Instructed
1023,23,0,0.38913844258614483,0.6219646393950178,1,Instructed
1024,24,0,0.8805408332635225,0.8294433846673616,1,Instructed
1025,25,0,0.5066940608548502,0.6867276923042287,1,Instructed
1026,26,0,0.7328565530876268,0.38777030058647544,1,Instructed
1027,27,0,0.7461276083149451,0.41710144170937874,1,Instructed
1028,28,0,0.4319419446773999,0.5561439589588361,1,Instructed
1029,29,0,0.9155650660682486,0.5249329085530073,1,Instructed
1030,30,0,0.5840736427715658,0.7884113721371464,1,Instructed
1031,31,0,0.4969871086196755,0.6250378210185284,1,Instructed
1032,32,0,0.24497537381551515,0.47206298062921254,1,Instructed
1033,33,0,0.13177705314189878,0.5979256131108074,1,Instructed
1034,34,0,0.871205808830434,0.6256000941836183,1,Instructed
1035,35,0,0.3011969154295101,0.5808796223179991,1,Instructed
1036,36,0,0.5577399521674334,0.5224318748044362,1,Instructed
1037,37,0,0.5170503775032366,0.6966188782497387,1,Instructed
1038,38,0,0.7193488074513732,0.7708484905925351,1,Instructed
1039,39,0,0.5905933317427796,0.757328907353537,1,Instructed
1040,40,0,0.06209653778626877,0.6234798398554195,1,Instructed
1041,41,0,0.29436311948850014,0.5963066007984226,1,Instructed
1042,42,0,0.5769222771518281,0.802491597114378,1,Instructed
1043,43,0,0.5028832020008102,0.6247971263110705,1,Instructed
1044,44,0,0.954108352810551,0.45440439470904465,1,Instructed
1045,45,0,0.7562207746509291,0.5206348525295851,1,Instructed
1046,46,0,0.0018822541538771526,0.6452482615511053,1,Instructed
1047,47,0,0.48616017945600715,0.617862293858842,1,Instructed
1048,48,0,0.6827809560541286,0.6316102599967717,1,Instructed
1049,49,0,0.5144057745744869,0.5943199732956113,1,Instructed
1050,50,0,0.40993619084124666,0.771573635385012,1,Instructed
1051,51,0,0.5514680190970925,0.5830167028570271,1,Instructed
1052,52,0,0.9430951786283588,0.4771195075201383,1,Instructed
1053,53,0,0.4964385364619839,0.6273180021233489,1,Instructed
1054,54,0,0.24184447193363612,0.7420489073268102,1,Instructed
1055,55,0,0.06373616445672607,0.48444670473667173,1,Instructed
1056,56,0,0.5220450364440096,0.6092855428039967,1,Instructed
1057,57,0,0.9159411421808736,0.5031891793777763,1,Instructed
1058,58,0,0.9726818283978615,0.7260973745205442,1,Instructed
1059,59,0,0.14819733022909737,0.7014721662648731,1,Instructed
1060,60,0,0.9735389552571276,0.833799254424548,1,Instructed
1061,61,0,0.05126461431335471,0.8271520503977856,1,Instructed
1062,62,0,0.40430040737136863,0.8066155006782355,1,Instructed
1063,63,0,0.7083588901521282,0.4899570639781192,1,Instructed
1064,64,0,0.20680684856056164,0.4190102430734932,1,Instructed
1065,65,0,0.7738326597097739,0.696220467176385,1,Instructed
1066,66,0,0.6470899152435952,0.6074046211235868,1,Instructed
1067,67,0,0.5278955608578281,0.5968044171055106,1,Instructed
1068,68,0,0.4149853844940269,0.6556282684113381,1,Instructed
1069,69,0,0.31211342624578137,0.5957915300990408,1,Instructed
1070,70,0,0.4216209520141313,0.5500772951679109,1,Instructed
1071,71,0,0.4956031437935616,0.7762069298826333,1,Instructed
1072,72,0,0.44865382630315903,0.7582090671372292,1,Instructed
1073,73,0,0.5033964815810262,0.7624599170543487,1,Instructed
1074,74,0,0.09869014622546343,0.6007714560055225,1,Instructed
1075,75,0,0.21635269073067231,0.7202616962456023,1,Instructed
1076,76,0,0.6079629290699339,0.45341186211725903,1,Instructed
1077,77,0,0.5897405151934163,0.6669567837573905,1,Instructed
1078,78,0,0.49867911904646783,0.869029382115592,1,Instructed
1079,79,0,0.49152493856761487,0.5698574912522554,1,Instructed
1080,80,0,0.4987806056408695,0.5294839925869878,1,Instructed
1081,81,0,0.8155555839740433,0.38287348142940936,1,Instructed
1082,82,0,0.40008159262572707,0.4333419532513063,1,Instructed
1083,83,0,0.6051925395053743,0.6147058285855488,1,Instructed
1084,84,0,0.3291871568360011,0.8294197925727248,1,Instructed
1085,85,0,0.635205955179194,0.722228534785634,1,Instructed
1086,86,0,0.9440879836673717,0.7383048360485761,1,Instructed
1087,87,0,0.25282492534926715,0.7004906584227539,1,Instructed
1088,88,0,0.6477507161221789,0.5090864945574679,1,Instructed
1089,89,0,0.8845781869005145,0.4907909068727305,1,Instructed
1090,90,0,0.1409522117828997,0.690244298147515,1,Instructed
1091,91,0,0.907857405942451,0.5018864877579785,1,Instructed
1092,92,0,0.041081416618240045,0.7598384343797776,1,Instructed
1093,93,0,0.044362096673290274,0.6414843237230248,1,Instructed
1094,94,0,0.40554876578553484,0.5497697321233667,1,Instructed
1095,95,0,0.7345807007406464,0.45212481975409813,1,Instructed
1096,96,0,0.9517752423143058,0.5809930489466508,1,Instructed
1097,97,0,0.9617612173171004,0.5628605020814121,1,Instructed
1098,98,0,0.5842402786609024,0.6600934251639501,1,Instructed
1099,99,0,0.4284486187694626,0.6512126871594053,1,Instructed
1100,100,0,0.3987310588305546,0.6716143988245695,1,Instructed
1101,101,0,0.14402760120120045,0.7466085735492817,1,Instructed
1102,102,0,0.9721847834990691,0.5754451246321384,1,Instructed
1103,103,0,0.29219736194856366,0.5608495970124241,1,Instructed
1104,104,0,0.5720851097327504,0.5454215091483721,1,Instructed
1105,105,0,0.5035737065851154,0.6488587574436728,1,Instructed
1106,106,0,0.5155244128953193,0.5981213003693246,1,Instructed
1107,107,0,0.9642519972203085,0.6324780800149624,1,Instructed
1108,108,0,0.48708625905286934,0.5496175390576268,1,Instructed
1109,109,0,0.7197809097331656,0.5513426560524255,1,Instructed
1110,110,0,0.5141572237465615,0.4700146490252571,1,Instructed
1111,111,0,0.04385412341324385,0.5980418991943088,1,Instructed
1112,112,0,0.7516293924722186,0.462352748721375,1,Instructed
1113,113,0,0.037996256044379076,0.5991745670503608,1,Instructed
1114,114,0,0.20665429269624966,0.6340783816363645,1,Instructed
1115,115,0,0.34729375238420224,0.5416802733669701,1,Instructed
1116,116,0,0.16538112719567896,0.574237402377661,1,Instructed
1117,117,0,0.459936082948577,0.5255002541045848,1,Instructed
1118,118,0,0.40329681013328245,0.49624024735503985,1,Instructed
1119,119,0,0.01030171975996293,0.5309494173431335,1,Instructed
1120,120,0,0.7735137432724783,0.588452148055787,1,Instructed
1121,121,0,0.32151889945079093,0.6345210407506832,1,Instructed
1122,122,0,0.437793566510831,0.6371627939061055,1,Instructed
1123,123,0,0.4930451932078774,0.8384011660060366,1,Instructed
1124,124,0,0.9513986503938512,0.5158929569445464,1,Instructed
1125,125,0,0.6849878408507947,0.4634597098438078,1,Instructed
1126,126,0,0.0462951474674387,0.7512107456533158,1,Instructed
1127,127,0,0.3172750551726465,0.5896004669021744,1,Instructed
1128,128,0,0.54770973832534,0.5456572454616153,1,Instructed
1129,129,0,0.2647755576294991,0.6050760545637428,1,Instructed
1130,130,0,0.7374963907054113,0.588197280715548,1,Instructed
1131,131,0,0.7365267466788522,0.558572046717081,1,Instructed
1132,132,0,0.051134716125224244,0.5559314927667919,1,Instructed
1133,133,0,0.21513498936422992,0.5777957330312316,1,Instructed
1134,134,0,0.07288123914237343,0.5222689887005489,1,Instructed
1135,135,0,0.5189850068860385,0.4916216483688388,1,Instructed
1136,136,0,0.6859227929032043,0.5601499029751333,1,Instructed
1137,137,0,0.9848373937210974,0.9914045853799531,1,Instructed
1138,138,0,0.5021015694022198,0.685849419029807,1,Instructed
1139,139,0,0.49265904376603126,0.7080014337789226,1,Instructed
1140,140,0,0.5193022404795934,0.5736922074453537,1,Instructed
1141,141,0,0.5294875929367261,0.7328917681746168,1,Instructed
1142,142,0,0.9693290365678205,0.7211172654248448,1,Instructed
1143,143,0,0.4650198101313882,0.8650745187363753,1,Instructed
1144,144,0,0.5650765182020796,0.7011967182084196,1,Instructed
1145,145,0,0.5375829551421114,0.6359712435815019,1,Instructed
1146,146,0,0.49611424843288776,0.723940210765255,1,Instructed
1147,147,0,0.21208223495290063,0.5256886222412837,1,Instructed
1148,148,0,0.03813298084268327,0.6416341764549522,1,Instructed
1149,149,0,0.2513343015538947,0.6812833124810724,1,Instructed
1150,150,0,0.64377711692842,0.5677049907811573,1,Instructed
1151,151,0,0.7979912671969143,0.5512381928689698,1,Instructed
1152,152,0,0.1677951166216779,0.43772412440706776,1,Instructed
1153,153,0,0.05090685553101489,0.6741943214713175,1,Instructed
1154,154,0,0.8816584100958662,0.5112231627993729,1,Instructed
1155,155,0,0.08251007292800275,0.6604506295850749,1,Instructed
1156,156,0,0.5426077094847445,0.7256531856376851,1,Instructed
1157,157,0,0.9164310535832041,0.726729930990452,1,Instructed
1158,158,0,0.44485948346871607,0.9730526139254683,1,Instructed
1159,159,0,0.0808342764485444,0.6834095387505593,1,Instructed
1160,160,0,0.7267108765508419,0.4471127045012421,1,Instructed
1161,161,0,0.11240704779123119,0.6624064143570323,1,Instructed
1162,162,0,0.500258913408623,0.7227676340110076,1,Instructed
1163,163,0,0.8728866013310653,0.7484365018567927,1,Instructed
1164,164,0,0.04620320146114835,0.587544535053652,1,Instructed
1165,165,0,0.18187254229352157,0.40723350977413714,1,Instructed
1166,166,0,0.5794510700011419,0.5991119604131729,1,Instructed
1167,167,0,0.9153623585017574,0.5467490222151968,1,Instructed
1168,168,0,0.34276393383715886,0.8230815675338392,1,Instructed
1169,169,0,0.21833862974614163,0.5442011265758213,1,Instructed
1170,170,0,0.48931581012450953,0.5596281445776282,1,Instructed
1171,171,0,0.5527417790963626,0.49211289646845935,1,Instructed
1172,172,0,0.6952724722496066,0.6157910115420842,1,Instructed
1173,173,0,0.42002523241134765,0.3321159266818728,1,Instructed
1174,174,0,0.4874542896811113,0.6184978363928626,1,Instructed
1175,175,0,0.47646058166572236,0.6437406518923565,1,Instructed
1176,176,0,0.5747580924599859,0.7214080247255219,1,Instructed
1177,177,0,0.490009193920944,0.6629427293641741,1,Instructed
1178,178,0,0.009728260222596931,0.5499385188639239,1,Instructed
1179,179,0,0.6087521087889989,0.5979062142820128,1,Instructed
1180,180,0,0.09941807870839897,0.5192973820605522,1,Instructed
1181,181,0,0.028914476243440908,0.5809711187299638,1,Instructed
1182,182,0,0.4916624735620231,0.7970235315146679,1,Instructed
1183,183,0,0.4511218833378172,0.736882403469947,1,Instructed
1184,184,0,0.9154712599173296,0.6814737877434236,1,Instructed
1185,185,0,0.07049086831176174,0.7716199487141024,1,Instructed
1186,186,0,0.11916419035786588,0.7195228289137505,1,Instructed
1187,187,0,0.5856365585695449,0.3585326877967737,1,Instructed
1188,188,0,0.848263035875945,0.6124867402327405,1,Instructed
1189,189,0,0.47941173998799497,0.6549344072967591,1,Instructed
1190,190,0,0.8130471286198813,0.8220732226754044,1,Instructed
1191,191,0,0.40612948799984194,0.8779930477903611,1,Instructed
1192,192,0,0.6331077174364808,0.5764440852968975,1,Instructed
1193,193,0,0.0616028202218534,0.7416333202221552,1,Instructed
1194,194,0,0.810686706194049,0.44251848315162823,1,Instructed
1195,195,0,0.8389143797296283,0.6986938580443687,1,Instructed
1196,196,0,0.7707036787769399,0.8487211162921289,1,Instructed
1197,197,0,0.07894177958110306,0.616486965766738,1,Instructed
1198,198,0,0.44712514362447464,0.8159967442339178,1,Instructed
1199,199,0,0.9792037087624033,0.7811158145704521,1,Instructed
