,t,e_hat,Accuracy,pe,batch,Condition
0,0,0,0.8809920703403944,0.7709544022215877,0,Blocked
1,1,0,0.8428422234856789,0.7633147693494646,0,Blocked
2,2,0,0.6647559106532679,0.5716859374408203,0,Blocked
3,3,0,0.9270816819263683,0.5646991333913305,0,Blocked
4,4,0,0.1452387074098164,0.6942689941611023,0,Blocked
5,5,0,0.4949905917033624,0.6031278800748643,0,Blocked
6,6,0,0.08889860690397167,0.7940276115249364,0,Blocked
7,7,0,0.4248616321087938,0.5185574715556353,0,Blocked
8,8,0,0.9186471040872151,0.3904037291134088,0,Blocked
9,9,0,0.3447267128348423,0.3687894869884991,0,Blocked
10,10,0,0.5197850841530535,0.4330042338827427,0,Blocked
11,11,0,0.4996001205870819,0.709086622630515,0,Blocked
12,12,0,0.8848690635295986,0.663983656251838,0,Blocked
13,13,0,0.4572316437165443,0.40830547794775474,0,Blocked
14,14,0,0.606867026797409,0.6266821669068849,0,Blocked
15,15,0,0.5781138321935744,0.5174072352848627,0,Blocked
16,16,0,0.40564253799926875,0.5452185740687805,0,Blocked
17,17,0,0.11691369070622888,0.463410604262561,0,Blocked
18,18,0,0.6601265137815905,0.36213485452829874,0,Blocked
19,19,0,0.23073107177000834,0.6998810413552541,0,Blocked
20,20,0,0.7467728397235438,0.5554597128490234,0,Blocked
21,21,0,0.23809539865708956,0.7068222291456996,0,Blocked
22,22,0,0.6056143521006878,0.45918850416481305,0,Blocked
23,23,0,0.10241241311379962,0.6193737117643906,0,Blocked
24,24,0,0.41885714761630893,0.3400070807049983,0,Blocked
25,25,0,0.14725675063041624,0.7809032425367062,0,Blocked
26,26,0,0.421160578093521,0.4899614609649495,0,Blocked
27,27,0,0.7824181289115419,0.5400324862606974,0,Blocked
28,28,0,0.869740546054625,0.5640332888644614,0,Blocked
29,29,0,0.4577807215716898,0.49301929693011204,0,Blocked
30,30,0,0.4525410163183781,0.5252878494336326,0,Blocked
31,31,0,0.6111167559773686,0.5387090242682618,0,Blocked
32,32,0,0.9769232761793927,0.4240404358664677,0,Blocked
33,33,0,0.9413020191384642,0.5518814280376223,0,Blocked
34,34,0,0.5636326652827658,0.4393268654873158,0,Blocked
35,35,0,0.4983497120285903,0.6340857291765358,0,Blocked
36,36,0,0.3356706683578643,0.5046533202454175,0,Blocked
37,37,0,0.47283672544908195,0.7296308751587298,0,Blocked
38,38,0,0.19232631955080914,0.6039693319872472,0,Blocked
39,39,0,0.7032962414479372,0.3083190003507197,0,Blocked
40,40,0,0.11468020937026588,0.6614577855593969,0,Blocked
41,41,0,0.46834258271987483,0.5476219077951532,0,Blocked
42,42,0,0.45659191915205266,0.45033318183797666,0,Blocked
43,43,0,0.5118162932997592,0.6069102994258015,0,Blocked
44,44,0,0.6506447846971865,0.6514867354908517,0,Blocked
45,45,0,0.9334207899671791,0.3826902677717864,0,Blocked
46,46,0,0.7924310303335257,0.5307426290545801,0,Blocked
47,47,0,0.7599195857878918,0.6703407670447769,0,Blocked
48,48,0,0.6532741340765713,0.6815692980309558,0,Blocked
49,49,0,0.6027394552967373,0.6807934479457276,0,Blocked
50,50,0,0.36968772016952745,0.5287491900705547,0,Blocked
51,51,0,0.388409612891247,0.5399799716881704,0,Blocked
52,52,0,0.7934293293219143,0.638724025977612,0,Blocked
53,53,0,0.1910049898611482,0.5635645802271576,0,Blocked
54,54,0,0.1810469267262444,0.5090202302820694,0,Blocked
55,55,0,0.6122939350555578,0.5437934794000381,0,Blocked
56,56,0,0.5940600335401427,0.6146356965678881,0,Blocked
57,57,0,0.6573777518641868,0.5624893745760488,0,Blocked
58,58,0,0.3898605118556085,0.5980328444938026,0,Blocked
59,59,0,0.8429740270190479,0.6068193305745089,0,Blocked
60,60,0,0.16836663298982651,0.6972801825020801,0,Blocked
61,61,0,0.6474494015597463,0.6526650062620616,0,Blocked
62,62,0,0.49379110144956323,0.6185067548118368,0,Blocked
63,63,0,0.4888833386507704,0.6965096028240021,0,Blocked
64,64,0,0.42108682804384767,0.8166513855014356,0,Blocked
65,65,0,0.6752391280768382,0.5536653942741387,0,Blocked
66,66,0,0.4776232341887683,0.6083860079444938,0,Blocked
67,67,0,0.5365891732712378,0.7347688783232096,0,Blocked
68,68,0,0.5822149470022803,0.5053181244873114,0,Blocked
69,69,0,0.515537894513563,0.470172355157254,0,Blocked
70,70,0,0.386463734134187,0.5323066989353804,0,Blocked
71,71,0,0.2874331710925974,0.4236294827467679,0,Blocked
72,72,0,0.9108892272204856,0.7078431155968605,0,Blocked
73,73,0,0.8224695132413561,0.5429100458106215,0,Blocked
74,74,0,0.42545031771985053,0.6261542327665041,0,Blocked
75,75,0,0.582436199484347,0.41297205737239384,0,Blocked
76,76,0,0.5265097431640977,0.7006671665045707,0,Blocked
77,77,0,0.860945922392349,0.5830496817763597,0,Blocked
78,78,0,0.4201376706141588,0.6426484303100438,0,Blocked
79,79,0,0.4556318727290878,0.7897027855246449,0,Blocked
80,80,0,0.6225127987673968,0.6138431337107677,0,Blocked
81,81,0,0.7752661413544384,0.5310741001039176,0,Blocked
82,82,0,0.5804207436033219,0.712947872319518,0,Blocked
83,83,0,0.03858251264506232,0.6018694762153337,0,Blocked
84,84,0,0.07233615424373589,0.48039026414373887,0,Blocked
85,85,0,0.2015149826800617,0.4497490105570784,0,Blocked
86,86,0,0.61469075659124,0.5261158976579567,0,Blocked
87,87,0,0.7687041371424923,0.5635306932666388,0,Blocked
88,88,0,0.9805521540912399,0.5464872134613896,0,Blocked
89,89,0,0.16808458801192988,0.8108018237563738,0,Blocked
90,90,0,0.6723873254567465,0.4181919310378034,0,Blocked
91,91,0,0.4779184950803017,0.7069310447419519,0,Blocked
92,92,0,0.49876139869249286,0.7328438168561604,0,Blocked
93,93,0,0.43757165975696555,0.5912557386185282,0,Blocked
94,94,0,0.5407057171424159,0.46991119910745116,0,Blocked
95,95,0,0.35444166175564584,0.6459253505527847,0,Blocked
96,96,0,0.5451590255992358,0.49714370119531276,0,Blocked
97,97,0,0.42893665495699607,0.5327767445243232,0,Blocked
98,98,0,0.17645217651640543,0.6624058255393828,0,Blocked
99,99,0,0.9010341175110979,0.4821071563681788,0,Blocked
100,100,0,0.6903564944519603,0.5513589299849362,0,Blocked
101,101,0,0.4967825434869621,0.6399523893786359,0,Blocked
102,102,0,0.6612810644793438,0.4955318735769867,0,Blocked
103,103,0,0.8187463160474221,0.3537288069648499,0,Blocked
104,104,0,0.5539083811340519,0.5221291899042406,0,Blocked
105,105,0,0.4784267934680147,0.7909904498798479,0,Blocked
106,106,0,0.6414945180524706,0.4492002044195539,0,Blocked
107,107,0,0.20927842884936426,0.7495144748297464,0,Blocked
108,108,0,0.6081987915020145,0.445754787796326,0,Blocked
109,109,0,0.6320235999137853,0.505535521546652,0,Blocked
110,110,0,0.5805360347035252,0.7049811494008815,0,Blocked
111,111,0,0.4941105448153531,0.4825945145953037,0,Blocked
112,112,0,0.6514756791170513,0.5152645286601096,0,Blocked
113,113,0,0.7828670289097763,0.47405075686222653,0,Blocked
114,114,0,0.8644057836412081,0.40792812650629806,0,Blocked
115,115,0,0.8170392050325676,0.5260210192197061,0,Blocked
116,116,0,0.9974965991661546,0.5117104235724246,0,Blocked
117,117,0,0.9162057225758684,0.39442719339792803,0,Blocked
118,118,0,0.47894583403727714,0.4922116199866078,0,Blocked
119,119,0,0.7798339732921877,0.43420125245671637,0,Blocked
120,120,0,0.5062538315105652,0.5944269645603983,0,Blocked
121,121,0,0.18570711239673043,0.6303702674149932,0,Blocked
122,122,0,0.5780669590400878,0.5714910618165497,0,Blocked
123,123,0,0.5205251670976179,0.5684295833046837,0,Blocked
124,124,0,0.47566713332991034,0.5853333275276638,0,Blocked
125,125,0,0.741713492107737,0.4940435444313749,0,Blocked
126,126,0,0.4016464542773388,0.5366525353867737,0,Blocked
127,127,0,0.2097678501458972,0.6519950576101415,0,Blocked
128,128,0,0.5538299975109812,0.5857768345489434,0,Blocked
129,129,0,0.7919356798906028,0.5440121354710532,0,Blocked
130,130,0,0.7319915929559802,0.47046603439763346,0,Blocked
131,131,0,0.18551015813530458,0.45929685050305674,0,Blocked
132,132,0,0.3834063424619369,0.7191182059653192,0,Blocked
133,133,0,0.49786470318698045,0.4853187134586593,0,Blocked
134,134,0,0.264672832848228,0.5548994415806239,0,Blocked
135,135,0,0.3434581386490002,0.731249328449596,0,Blocked
136,136,0,0.06243216436580412,0.9189892048214081,0,Blocked
137,137,0,0.24496541197719218,0.7104285214543999,0,Blocked
138,138,0,0.1338792572831997,0.6726180596777862,0,Blocked
139,139,0,0.798609283333718,0.5235495119196625,0,Blocked
140,140,0,0.6411839082988422,0.5275286012483383,0,Blocked
141,141,0,0.4410485347211639,0.5999886652443355,0,Blocked
142,142,0,0.5831655905420305,0.4625510733238111,0,Blocked
143,143,0,0.2891379366598005,0.6188222601388331,0,Blocked
144,144,0,0.5050940943651352,0.412283112386386,0,Blocked
145,145,0,0.7658623105587323,0.4528405538140703,0,Blocked
146,146,0,0.9110282418338747,0.3637973859015755,0,Blocked
147,147,0,0.6093611790739397,0.5708171425398567,0,Blocked
148,148,0,0.35030559113402926,0.6117351447234011,0,Blocked
149,149,0,0.661145371787666,0.6189143790081493,0,Blocked
150,150,0,0.3857691322796455,0.7253521484961741,0,Blocked
151,151,0,0.4497464716833451,0.5640709799824964,0,Blocked
152,152,0,0.5403200241289443,0.4633865599650677,0,Blocked
153,153,0,0.44709129704725215,0.5263226435131403,0,Blocked
154,154,0,0.8518941677997951,0.5063082092371042,0,Blocked
155,155,0,0.7353959363959217,0.5886222161305619,0,Blocked
156,156,0,0.7961413667825047,0.5671717414926939,0,Blocked
157,157,0,0.9050063204156218,0.518306369921554,0,Blocked
158,158,0,0.33691501857364387,0.49130044681744667,0,Blocked
159,159,0,0.6194075498936724,0.5102214524168105,0,Blocked
160,160,0,0.4968211679581809,0.5795364119091377,0,Blocked
161,161,0,0.4450335249513077,0.6748020460638839,0,Blocked
162,162,0,0.5279566664681073,0.6981796423421023,0,Blocked
163,163,0,0.709657965677162,0.9960411815300046,0,Blocked
164,164,0,0.8439424787678225,0.42153279906663343,0,Blocked
165,165,0,0.7723251054188262,0.5756916592905356,0,Blocked
166,166,0,0.6468040645357134,0.5814875584807173,0,Blocked
167,167,0,0.4979445810712971,0.6156974000943982,0,Blocked
168,168,0,0.9730900123332752,0.39238131537777254,0,Blocked
169,169,0,0.5893660779530236,0.5089396298012523,0,Blocked
170,170,0,0.32967881866212645,0.45099041284711466,0,Blocked
171,171,0,0.3309142933013964,0.7936027637097843,0,Blocked
172,172,0,0.4946619928034859,0.5608186007424347,0,Blocked
173,173,0,0.505802226215064,0.5434675882453308,0,Blocked
174,174,0,0.4878236558305563,0.4818315685960902,0,Blocked
175,175,0,0.9538025305466993,0.7307554040516137,0,Blocked
176,176,0,0.6154095661273336,0.7918427157411025,0,Blocked
177,177,0,0.49108482154656186,0.48868305888089436,0,Blocked
178,178,0,0.3240973600314457,0.5490760061022211,0,Blocked
179,179,0,0.36881001050586737,0.5405159252143661,0,Blocked
180,180,0,0.609638584103057,0.3558404981472119,0,Blocked
181,181,0,0.15471933705590102,0.5925103064960844,0,Blocked
182,182,0,0.6941325622226837,0.608183149624628,0,Blocked
183,183,0,0.5140364806823945,0.554435275461395,0,Blocked
184,184,0,0.07930298988549114,0.5580106136123816,0,Blocked
185,185,0,0.517263308099997,0.5193483393961744,0,Blocked
186,186,0,0.5221142772989346,0.490617265176017,0,Blocked
187,187,0,0.5470097895903594,0.618712136113994,0,Blocked
188,188,0,0.49687599592473464,0.7138714563939368,0,Blocked
189,189,0,0.5500435748163834,0.5795297372856545,0,Blocked
190,190,0,0.7969661654476987,0.3832236416329978,0,Blocked
191,191,0,0.5516762852855432,0.6841288249121613,0,Blocked
192,192,0,0.46774806764708915,0.5249008713581206,0,Blocked
193,193,0,0.4706117834908337,0.6136059477289095,0,Blocked
194,194,0,0.749936452443916,0.6236388929016404,0,Blocked
195,195,0,0.3991920973018147,0.7538094967858848,0,Blocked
196,196,0,0.9339449709795511,0.5700012120726738,0,Blocked
197,197,0,0.9343885150671417,0.5316554456979383,0,Blocked
198,198,0,0.41270630089850036,0.6658436694805427,0,Blocked
199,199,0,0.23216021759879812,0.6099474676825065,0,Blocked
200,0,0,0.8622166747103297,0.8101163364509808,0,Interleaved
201,1,0,0.5180269364366933,0.6939500656580504,0,Interleaved
202,2,0,0.2573306063359332,0.49029418763454624,0,Interleaved
203,3,0,0.28913234003374017,0.9289545326997883,0,Interleaved
204,4,0,0.6847117625330523,0.4249507360717781,0,Interleaved
205,5,0,0.495020088287778,0.5350720403764428,0,Interleaved
206,6,0,0.39576625111077957,0.47835508760040174,0,Interleaved
207,7,0,0.7378121393528179,0.5169033006738404,0,Interleaved
208,8,0,0.22362178053264858,0.7251929795596921,0,Interleaved
209,9,0,0.4175173739499174,0.47671054022552717,0,Interleaved
210,10,0,0.6640253908719433,0.5458890639891621,0,Interleaved
211,11,0,0.3172608504192532,0.5104391871070029,0,Interleaved
212,12,0,0.8746073784838937,0.7690218243646032,0,Interleaved
213,13,0,0.15005154469601908,0.5359477944515093,0,Interleaved
214,14,0,0.33289413904493714,0.4726119349688872,0,Interleaved
215,15,0,0.19849519818694533,0.5535085227824114,0,Interleaved
216,16,0,0.40873322439948234,0.6038964247492237,0,Interleaved
217,17,0,0.07715401754951051,0.8394797215706081,0,Interleaved
218,18,0,0.5608584584005105,0.7062238677524442,0,Interleaved
219,19,0,0.4976634361392503,0.6330170579954089,0,Interleaved
220,20,0,0.3792668634917691,0.49769425453308286,0,Interleaved
221,21,0,0.6236638120191097,0.47603342601017895,0,Interleaved
222,22,0,0.7977672122070255,0.46603009383131566,0,Interleaved
223,23,0,0.0361644882782064,0.5751819564849883,0,Interleaved
224,24,0,0.7792209021359028,0.4671935860021051,0,Interleaved
225,25,0,0.53252587545361,0.6720084933365624,0,Interleaved
226,26,0,0.5062651378577416,0.645845239877842,0,Interleaved
227,27,0,0.5286413277736142,0.5054718546447773,0,Interleaved
228,28,0,0.4179549745863897,0.5266623713787827,0,Interleaved
229,29,0,0.904478901200615,0.7658941601173144,0,Interleaved
230,30,0,0.8312733900706758,0.4602370973466865,0,Interleaved
231,31,0,0.43474859702145097,0.6372385469679702,0,Interleaved
232,32,0,0.7995340601233281,0.6873144515199741,0,Interleaved
233,33,0,0.3323674952479796,0.6822841848038774,0,Interleaved
234,34,0,0.23443400201170703,0.5484663582637772,0,Interleaved
235,35,0,0.8783071712987869,0.4259321184190015,0,Interleaved
236,36,0,0.2519776063764215,0.5583322709107963,0,Interleaved
237,37,0,0.7409089646349112,0.3954471241990627,0,Interleaved
238,38,0,0.8160884664549202,0.41713860864160035,0,Interleaved
239,39,0,0.029507509316546544,0.6159404559816948,0,Interleaved
240,40,0,0.582812463486103,0.6873633839981524,0,Interleaved
241,41,0,0.31643667436674433,0.7156747906962585,0,Interleaved
242,42,0,0.5734442747877372,0.6228477517568172,0,Interleaved
243,43,0,0.06534644454224665,0.6758335384109624,0,Interleaved
244,44,0,0.9136230913899903,0.6335020613350723,0,Interleaved
245,45,0,0.3296735151357819,0.7623806865010786,0,Interleaved
246,46,0,0.5785146803150003,0.6251084752952045,0,Interleaved
247,47,0,0.6514720501699944,0.5556985918196792,0,Interleaved
248,48,0,0.23297261410825065,0.4438144174459646,0,Interleaved
249,49,0,0.11190737638627932,0.4720020334221619,0,Interleaved
250,50,0,0.7483447192693231,0.4762686434530195,0,Interleaved
251,51,0,0.4337004847672179,0.6677423892203194,0,Interleaved
252,52,0,0.5166507999112702,0.6653322684277361,0,Interleaved
253,53,0,0.10582711246512111,0.6096312707790172,0,Interleaved
254,54,0,0.44878989566785044,0.7103723800458563,0,Interleaved
255,55,0,0.7474591612806194,0.4963002460345605,0,Interleaved
256,56,0,0.7872481692554849,0.5146330828585917,0,Interleaved
257,57,0,0.7139740294673695,0.454229241727626,0,Interleaved
258,58,0,0.8441630365542568,0.7412617169460339,0,Interleaved
259,59,0,0.7074898863423087,1.124155327004646,0,Interleaved
260,60,0,0.3762025705081132,0.6087207352898154,0,Interleaved
261,61,0,0.13036605629156114,0.5942959775408407,0,Interleaved
262,62,0,0.09508110595804818,0.8770675773654149,0,Interleaved
263,63,0,0.6225900278268457,0.5698046633219431,0,Interleaved
264,64,0,0.1570183468467041,0.6267201811346552,0,Interleaved
265,65,0,0.6290923619075972,0.5859686902036285,0,Interleaved
266,66,0,0.08095389010748873,0.6900269439509775,0,Interleaved
267,67,0,0.978629672246243,0.6644026876832524,0,Interleaved
268,68,0,0.48606199316941573,0.641997034382676,0,Interleaved
269,69,0,0.3334349740646771,0.6841702963409244,0,Interleaved
270,70,0,0.5715389251721492,0.3392254237073663,0,Interleaved
271,71,0,0.9638460116963307,0.6797552677037739,0,Interleaved
272,72,0,0.38720235630690786,0.45757190109597234,0,Interleaved
273,73,0,0.3392304175874412,0.5063522834193714,0,Interleaved
274,74,0,0.3785298315299529,0.6070407104312676,0,Interleaved
275,75,0,0.3908244829071809,0.6593192874583491,0,Interleaved
276,76,0,0.15623314678866737,0.8186682355035553,0,Interleaved
277,77,0,0.5164257364154203,0.7020098934124045,0,Interleaved
278,78,0,0.8621961759454332,0.4474001513177066,0,Interleaved
279,79,0,0.16602205691401548,0.5382540356193312,0,Interleaved
280,80,0,0.7648196361011395,0.44048134345755074,0,Interleaved
281,81,0,0.6593561511092598,0.5672265793912525,0,Interleaved
282,82,0,0.21178888987916755,0.6318213178570993,0,Interleaved
283,83,0,0.8843483995104207,0.3851338178928213,0,Interleaved
284,84,0,0.2970279364518497,0.6460456599978179,0,Interleaved
285,85,0,0.08812441651390204,0.6683543893890331,0,Interleaved
286,86,0,0.5540459478793411,0.6990100831993383,0,Interleaved
287,87,0,0.4807560274851664,0.4509904897668282,0,Interleaved
288,88,0,0.7970261013389448,0.6394788952250209,0,Interleaved
289,89,0,0.9129607879346346,0.5117269189333056,0,Interleaved
290,90,0,0.2764664959602871,0.552713999849026,0,Interleaved
291,91,0,0.6752680721122144,0.47411181994119056,0,Interleaved
292,92,0,0.3833014717114468,0.5064355276105131,0,Interleaved
293,93,0,0.24204906441951704,0.5987524652499292,0,Interleaved
294,94,0,0.58850137752478,0.5051363565766662,0,Interleaved
295,95,0,0.1680595518561348,0.601164788810894,0,Interleaved
296,96,0,0.7323516543769462,0.4128493121818395,0,Interleaved
297,97,0,0.057166816754586985,0.7189370181978995,0,Interleaved
298,98,0,0.2943510855385434,0.6336839512190516,0,Interleaved
299,99,0,0.3553576429496157,0.44654651445082166,0,Interleaved
300,100,0,0.17002768661748405,0.556749793303492,0,Interleaved
301,101,0,0.5411252543638948,0.6547635334159558,0,Interleaved
302,102,0,0.5934327828506105,0.4238274913276857,0,Interleaved
303,103,0,0.2245189309993929,0.5704899433835722,0,Interleaved
304,104,0,0.48494976793528777,0.4641265324638686,0,Interleaved
305,105,0,0.7489504400201006,0.666950759396538,0,Interleaved
306,106,0,0.4993857475623682,0.4366902400603412,0,Interleaved
307,107,0,0.9349958376299787,0.47846003784946667,0,Interleaved
308,108,0,0.7522566001750433,0.5773839657146638,0,Interleaved
309,109,0,0.5570433297713433,0.7497881430489663,0,Interleaved
310,110,0,0.42544724431235625,0.560811602211305,0,Interleaved
311,111,0,0.5790867420545509,0.493385124578797,0,Interleaved
312,112,0,0.2132348091961303,0.6368012376463366,0,Interleaved
313,113,0,0.4862469748385482,0.47206784649626854,0,Interleaved
314,114,0,0.07204877084853127,0.7816723180515902,0,Interleaved
315,115,0,0.4504385220046873,0.4770235429443336,0,Interleaved
316,116,0,0.07174717839656787,0.7551288087955165,0,Interleaved
317,117,0,0.052875304309475485,0.5314656334314682,0,Interleaved
318,118,0,0.04768876130427039,0.7399052800628771,0,Interleaved
319,119,0,0.464928989012524,0.6107920347062097,0,Interleaved
320,120,0,0.3727267111017098,0.5992838288506577,0,Interleaved
321,121,0,0.8616607148433142,0.504041293714561,0,Interleaved
322,122,0,0.48284393747817533,0.6183563921964497,0,Interleaved
323,123,0,0.43286770971122934,0.6671461465099535,0,Interleaved
324,124,0,0.6650220704920419,0.49759882713071896,0,Interleaved
325,125,0,0.8068501065368052,0.39900427763259594,0,Interleaved
326,126,0,0.1047101375059773,0.5684114132166869,0,Interleaved
327,127,0,0.5314247176067447,0.3876915025957274,0,Interleaved
328,128,0,0.7634740211052792,0.6353039032085623,0,Interleaved
329,129,0,0.38172754041977497,0.6953894028553582,0,Interleaved
330,130,0,0.6926422450322723,0.43412880813333,0,Interleaved
331,131,0,0.9238704392588275,0.3582203851028024,0,Interleaved
332,132,0,0.8080506558614774,0.7847949995440007,0,Interleaved
333,133,0,0.5159942691745458,0.49084091756813497,0,Interleaved
334,134,0,0.7247343572583079,0.656792920589585,0,Interleaved
335,135,0,0.3872836880854923,0.6134834680762817,0,Interleaved
336,136,0,0.9135139608548144,0.3224313717050908,0,Interleaved
337,137,0,0.35892129311957294,0.6681859518167059,0,Interleaved
338,138,0,0.6523364927284565,0.448088126599315,0,Interleaved
339,139,0,0.018873620445130645,0.8259198580785183,0,Interleaved
340,140,0,0.3629362905424646,0.4422013867771959,0,Interleaved
341,141,0,0.5295502166702355,0.4776829049970799,0,Interleaved
342,142,0,0.6666068572286666,0.4293680468963683,0,Interleaved
343,143,0,0.7808895829975522,0.5047780142069862,0,Interleaved
344,144,0,0.6238471133950403,0.6796631891920974,0,Interleaved
345,145,0,0.05436522966536641,0.5901842631274108,0,Interleaved
346,146,0,0.774931788064332,0.5050456357114164,0,Interleaved
347,147,0,0.07778828973500382,0.709339213148973,0,Interleaved
348,148,0,0.42056814098436035,0.552033485090683,0,Interleaved
349,149,0,0.03325598262373558,0.604166806006853,0,Interleaved
350,150,0,0.7753527793104409,0.5828912344606227,0,Interleaved
351,151,0,0.4788895536413411,0.691956281878884,0,Interleaved
352,152,0,0.5227246202367014,0.6663977420089475,0,Interleaved
353,153,0,0.003271523578683074,0.981620580787923,0,Interleaved
354,154,0,0.5259537996845589,0.6054914514660781,0,Interleaved
355,155,0,0.819518262867271,0.5622773722419782,0,Interleaved
356,156,0,0.17604279731452735,0.6877594536872425,0,Interleaved
357,157,0,0.6990442953964543,0.6476519601911879,0,Interleaved
358,158,0,0.47062225221934595,0.6724107159725283,0,Interleaved
359,159,0,0.12421742671107373,0.7032076806454638,0,Interleaved
360,160,0,0.8399340346809959,0.609511033938781,0,Interleaved
361,161,0,0.44304289758272336,0.7629258874528955,0,Interleaved
362,162,0,0.570711735450057,0.5351913810497261,0,Interleaved
363,163,0,0.15189078691328248,0.8216775465264887,0,Interleaved
364,164,0,0.33734642235007384,0.5692118249681417,0,Interleaved
365,165,0,0.5687513638666645,0.5490945369438924,0,Interleaved
366,166,0,0.53535951404811,0.5082993553356551,0,Interleaved
367,167,0,0.6372631253738215,0.3822589232927936,0,Interleaved
368,168,0,0.8292128616578733,0.5756021391298092,0,Interleaved
369,169,0,0.9715033884455341,0.48186398653966944,0,Interleaved
370,170,0,0.9772139837508939,0.41017412261048314,0,Interleaved
371,171,0,0.6728585067539118,0.6079964180940977,0,Interleaved
372,172,0,0.683681189831036,0.3907289317049089,0,Interleaved
373,173,0,0.38400903696665334,0.6529095702738625,0,Interleaved
374,174,0,0.7081888966434766,0.6816358119143169,0,Interleaved
375,175,0,0.6322224580847384,0.8733838663132065,0,Interleaved
376,176,0,0.9269716191099716,0.7598121384806746,0,Interleaved
377,177,0,0.8126230234569864,0.5788166064661598,0,Interleaved
378,178,0,0.5925763552527064,0.3697046366739847,0,Interleaved
379,179,0,0.6700462791595829,0.3970872097400397,0,Interleaved
380,180,0,0.5566793088716736,0.6684872333551792,0,Interleaved
381,181,0,0.2254384274781354,0.7564795931777155,0,Interleaved
382,182,0,0.6526589268280472,0.6624176930172668,0,Interleaved
383,183,0,0.9897889020049804,0.5171179807370521,0,Interleaved
384,184,0,0.4871911756263884,0.44367329661011473,0,Interleaved
385,185,0,0.4321073886979037,0.6044124346360693,0,Interleaved
386,186,0,0.1535361247653098,0.8570735458568994,0,Interleaved
387,187,0,0.65609161120888,0.41402005176893153,0,Interleaved
388,188,0,0.6884249571670362,0.7112697480058536,0,Interleaved
389,189,0,0.365112312512994,0.609310709743776,0,Interleaved
390,190,0,0.4003354956576611,0.5766917458557114,0,Interleaved
391,191,0,0.40166640680816484,0.7651609812130773,0,Interleaved
392,192,0,0.45752873494231155,0.4040370588921425,0,Interleaved
393,193,0,0.9193953099000192,0.6130112210179925,0,Interleaved
394,194,0,0.7509139924568724,0.5045674079758717,0,Interleaved
395,195,0,0.93193782783121,0.4537872161440366,0,Interleaved
396,196,0,0.44979347690055527,0.5603815350731762,0,Interleaved
397,197,0,0.4779731403287171,0.6024032820047467,0,Interleaved
398,198,0,0.12038818620332982,0.5040959790573303,0,Interleaved
399,199,0,0.5787173770326174,0.4842791212858747,0,Interleaved
400,0,0,0.5727268806769439,0.6482315076225884,0,Instructed
401,1,0,0.5723235328880062,0.5690643848536474,0,Instructed
402,2,0,0.4639335028766486,0.8465988623502841,0,Instructed
403,3,0,0.4838548280793481,0.795647379105479,0,Instructed
404,4,0,0.8811249612111809,0.49904758110503944,0,Instructed
405,5,0,0.7492027758643787,0.5843615666464158,0,Instructed
406,6,0,0.45718894014925227,0.6261738619433095,0,Instructed
407,7,0,0.9221123016809716,0.6231064199077666,0,Instructed
408,8,0,0.34291332503325495,0.7564674682089654,0,Instructed
409,9,0,0.04798504200223862,0.6852990795324203,0,Instructed
410,10,0,0.6869011335933947,0.5365458224814067,0,Instructed
411,11,0,0.802268213275386,0.5975040198572191,0,Instructed
412,12,0,0.892908071915671,0.5164014848220203,0,Instructed
413,13,0,0.9644508856470937,0.5247164181562911,0,Instructed
414,14,0,0.5201380238701764,0.6460588077182766,0,Instructed
415,15,0,0.47262439656760497,0.5828366057658844,0,Instructed
416,16,0,0.14794924238278256,0.6026587500343921,0,Instructed
417,17,0,0.17458082164322386,0.5818269200733824,0,Instructed
418,18,0,0.019041064174886883,0.759464433378563,0,Instructed
419,19,0,0.7498788243052743,0.4596230723822353,0,Instructed
420,20,0,0.9527219105947626,0.6740327804621624,0,Instructed
421,21,0,0.12244791906530925,0.5748381679493236,0,Instructed
422,22,0,0.5842313216717787,0.5135973929954892,0,Instructed
423,23,0,0.9933184835165755,0.8460892653307364,0,Instructed
424,24,0,0.9432562951029125,0.43850242608391093,0,Instructed
425,25,0,0.5757986083291124,0.448104529819813,0,Instructed
426,26,0,0.5684252718087551,0.5585963159773699,0,Instructed
427,27,0,0.4211179633491081,0.6764613752262774,0,Instructed
428,28,0,0.4921765484916433,0.7284008919773718,0,Instructed
429,29,0,0.9646091903265104,0.3472193243997887,0,Instructed
430,30,0,0.9044589799184722,0.6019091616309296,0,Instructed
431,31,0,0.47058584514230617,0.6924599013604184,0,Instructed
432,32,0,0.8990171966205446,0.5496523405320903,0,Instructed
433,33,0,0.637640285208337,0.41902043062641325,0,Instructed
434,34,0,0.41566364126817906,0.6571431327524573,0,Instructed
435,35,0,0.5057632100375823,0.6797468029272629,0,Instructed
436,36,0,0.48207165963175636,0.34063913726085204,0,Instructed
437,37,0,0.7939431966676844,0.5323790178965911,0,Instructed
438,38,0,0.34025147800839634,0.5653573376014316,0,Instructed
439,39,0,0.5658947819063282,0.6594411352772562,0,Instructed
440,40,0,0.3624434912153148,0.518796046455859,0,Instructed
441,41,0,0.9206422784278234,0.4204333708014035,0,Instructed
442,42,0,0.04064403047485726,0.6770668303315153,0,Instructed
443,43,0,0.4557253867404027,0.518711036337929,0,Instructed
444,44,0,0.7152677332068428,0.3696259222099279,0,Instructed
445,45,0,0.37010370942724347,0.43923772638574066,0,Instructed
446,46,0,0.5593215294748135,0.5070648227682736,0,Instructed
447,47,0,0.7308849259487424,0.6389691003388528,0,Instructed
448,48,0,0.6280840611116258,0.5697044108082159,0,Instructed
449,49,0,0.4461465543124294,0.6042384979602475,0,Instructed
450,50,0,0.4760384239092085,0.4563280408205722,0,Instructed
451,51,0,0.2876163072169734,0.6284213908634877,0,Instructed
452,52,0,0.21991240279440435,0.48302375666828185,0,Instructed
453,53,0,0.08760730372290085,0.6472587671482612,0,Instructed
454,54,0,0.20884387433254697,0.6063390476019985,0,Instructed
455,55,0,0.4167444342486246,0.7032266177676458,0,Instructed
456,56,0,0.18901886091544043,0.5628324128331434,0,Instructed
457,57,0,0.2138923653127597,0.7643780172330563,0,Instructed
458,58,0,0.831975569243996,0.554889725046128,0,Instructed
459,59,0,0.7192512467348373,0.5461119777717729,0,Instructed
460,60,0,0.3088094850523213,0.6324763879562577,0,Instructed
461,61,0,0.1662334141714725,0.5013867777759463,0,Instructed
462,62,0,0.49959306270119214,0.6196749094715277,0,Instructed
463,63,0,0.4906672326723474,0.46408849114137996,0,Instructed
464,64,0,0.09028732888886444,0.6401250451824079,0,Instructed
465,65,0,0.15300614277484498,0.7826455600861448,0,Instructed
466,66,0,0.880901409675804,0.48312481964783727,0,Instructed
467,67,0,0.24235902855848163,0.5891925768095403,0,Instructed
468,68,0,0.45490142419394075,0.4263431422665075,0,Instructed
469,69,0,0.5100182714306972,0.6070884705721555,0,Instructed
470,70,0,0.5542184877678816,0.396839089032085,0,Instructed
471,71,0,0.4109114828544094,0.5669457837493923,0,Instructed
472,72,0,0.46222086355636727,0.6535386189532126,0,Instructed
473,73,0,0.5679860918958501,0.5623327912985342,0,Instructed
474,74,0,0.8359968543555262,0.49262546915783123,0,Instructed
475,75,0,0.6338684664838659,0.44568475123284185,0,Instructed
476,76,0,0.5216318093174097,0.885519640712278,0,Instructed
477,77,0,0.4913892352665098,0.5688113181993599,0,Instructed
478,78,0,0.5080647082171692,0.8097868737311358,0,Instructed
479,79,0,0.3828859886206216,0.5384183457454097,0,Instructed
480,80,0,0.5482338812105756,0.46826377767215366,0,Instructed
481,81,0,0.9360801440944053,0.511104474834636,0,Instructed
482,82,0,0.3899506711855849,0.468683426732857,0,Instructed
483,83,0,0.28534970525055425,0.5911387471322034,0,Instructed
484,84,0,0.7990732504919655,0.49014546069296994,0,Instructed
485,85,0,0.4506671134059592,0.5476320954874521,0,Instructed
486,86,0,0.5713638042715047,0.4869844598830644,0,Instructed
487,87,0,0.651876280887868,0.5634221572903789,0,Instructed
488,88,0,0.5196676611778311,0.4341030778474566,0,Instructed
489,89,0,0.9692207440364955,0.5548578205806222,0,Instructed
490,90,0,0.22667034344292672,0.6446654406990753,0,Instructed
491,91,0,0.2152136927001535,0.5959890668027151,0,Instructed
492,92,0,0.06767033312838712,0.6671492134020326,0,Instructed
493,93,0,0.9832623730135224,0.39339696311138994,0,Instructed
494,94,0,0.4148173647872163,0.3565221813147389,0,Instructed
495,95,0,0.4272081072868039,0.5330850242619174,0,Instructed
496,96,0,0.8624174642535776,0.4787908001540273,0,Instructed
497,97,0,0.11593827847810641,0.5440964276326662,0,Instructed
498,98,0,0.421487949236077,0.5763582794438684,0,Instructed
499,99,0,0.5533287420934258,0.417528039426652,0,Instructed
500,100,0,0.5763418751444125,0.431333160033481,0,Instructed
501,101,0,0.25453627231875653,0.6104077656143803,0,Instructed
502,102,0,0.38145743965309437,0.40126474181938937,0,Instructed
503,103,0,0.5486940910273432,0.4453186649336161,0,Instructed
504,104,0,0.6260792315380217,0.5270049232074079,0,Instructed
505,105,0,0.522235333498086,0.5345166819261696,0,Instructed
506,106,0,0.8697206127842902,0.4573149153845023,0,Instructed
507,107,0,0.4688441226764814,0.7019456552355017,0,Instructed
508,108,0,0.408853521868361,0.6293415962031312,0,Instructed
509,109,0,0.5646725849089934,0.4138620422733714,0,Instructed
510,110,0,0.926396224912695,0.32523690724327986,0,Instructed
511,111,0,0.39383694842492817,0.5579614142053162,0,Instructed
512,112,0,0.30497995161716135,0.4105300185064252,0,Instructed
513,113,0,0.41550252899780366,0.4821179209682965,0,Instructed
514,114,0,0.7507577971677136,0.4666329681065688,0,Instructed
515,115,0,0.32123254538396967,0.4354598151880046,0,Instructed
516,116,0,0.09090556999820337,0.581732232236795,0,Instructed
517,117,0,0.3152085592765222,0.6363439418620356,0,Instructed
518,118,0,0.2764690631421586,0.4133382800596923,0,Instructed
519,119,0,0.9405496956825268,0.5360076036663567,0,Instructed
520,120,0,0.08252620474500331,0.4849692688072808,0,Instructed
521,121,0,0.8172083706111215,0.5271792501535089,0,Instructed
522,122,0,0.15180508329295053,0.6050023129369774,0,Instructed
523,123,0,0.7925233205422988,0.6210696963009914,0,Instructed
524,124,0,0.11188736578913373,0.47107350589536756,0,Instructed
525,125,0,0.3152576548705833,0.556640280332673,0,Instructed
526,126,0,0.6600218935368148,0.4041137604516839,0,Instructed
527,127,0,0.335683985512491,0.7901625260769387,0,Instructed
528,128,0,0.28477388166025397,0.5619793511750941,0,Instructed
529,129,0,0.49919227405685734,1.7683807509610818,0,Instructed
530,130,0,0.12699035800901834,0.5418204824174006,0,Instructed
531,131,0,0.2448134571591725,0.6652248193500456,0,Instructed
532,132,0,0.9136123022213571,0.4854398512186653,0,Instructed
533,133,0,0.6197770876874252,0.6764313752141948,0,Instructed
534,134,0,0.7950412534178091,0.6205024401931462,0,Instructed
535,135,0,0.5543010165293942,0.5580401689576522,0,Instructed
536,136,0,0.4574222346054268,0.4428862193076998,0,Instructed
537,137,0,0.16147782800726362,0.6399585585708282,0,Instructed
538,138,0,0.0757120631277437,0.6805903766491027,0,Instructed
539,139,0,0.5092162794294409,0.5356406635317079,0,Instructed
540,140,0,0.05063379948543087,0.8228684810249276,0,Instructed
541,141,0,0.45727019542745295,1.6795741675737947,0,Instructed
542,142,0,0.7559475964260828,0.8661526402042282,0,Instructed
543,143,0,0.896664043244251,0.4586865194494866,0,Instructed
544,144,0,0.2349790856454913,0.7830828496027544,0,Instructed
545,145,0,0.8118742412413229,0.6505733905331725,0,Instructed
546,146,0,0.357414310682806,0.5198072493388552,0,Instructed
547,147,0,0.4821131277548958,0.9790982862743849,0,Instructed
548,148,0,0.9110385307773626,0.704881115646705,0,Instructed
549,149,0,0.49383717631066615,0.5525209972467241,0,Instructed
550,150,0,0.7204125046069547,0.7804730512335338,0,Instructed
551,151,0,0.6287505910451305,0.5894574329127189,0,Instructed
552,152,0,0.4122074252559873,0.5769166818239417,0,Instructed
553,153,0,0.40047690047490037,0.3196211341738123,0,Instructed
554,154,0,0.5054234442065986,0.41810146817669236,0,Instructed
555,155,0,0.6733610791151119,0.7868347479142832,0,Instructed
556,156,0,0.8849698170639813,0.5596577492931719,0,Instructed
557,157,0,0.49098124250782615,0.6978421696036745,0,Instructed
558,158,0,0.588706096572509,0.45404768819525726,0,Instructed
559,159,0,0.4880899783320828,0.3839682245601611,0,Instructed
560,160,0,0.5405388647618783,0.607923407782761,0,Instructed
561,161,0,0.9028811197657161,0.7558799511446812,0,Instructed
562,162,0,0.5466507148342981,0.5205536118112039,0,Instructed
563,163,0,0.3648576408934573,0.5525879105703067,0,Instructed
564,164,0,0.4486101903651574,0.5832050749746118,0,Instructed
565,165,0,0.7432656873009038,0.5953076156765926,0,Instructed
566,166,0,0.05946939453095299,0.5727954323867388,0,Instructed
567,167,0,0.3697576705967294,0.40845071697589297,0,Instructed
568,168,0,0.7404136825051632,0.5310105612915682,0,Instructed
569,169,0,0.5175787052910794,0.46849199065155445,0,Instructed
570,170,0,0.032261811810006605,0.5202147381549838,0,Instructed
571,171,0,0.056020334626852616,0.6426654484077046,0,Instructed
572,172,0,0.2650668934216705,0.6076834603323025,0,Instructed
573,173,0,0.4974219091902252,0.5048598415998774,0,Instructed
574,174,0,0.9395025211988601,0.4091576120992739,0,Instructed
575,175,0,0.6294479243157016,0.42722742948522036,0,Instructed
576,176,0,0.7448401959001321,0.5575866336396416,0,Instructed
577,177,0,0.6142767763076314,0.4073381971105302,0,Instructed
578,178,0,0.5264113016034652,0.6486684034116988,0,Instructed
579,179,0,0.24817853604744483,0.46280465667555504,0,Instructed
580,180,0,0.5674832040541178,0.46051559886828153,0,Instructed
581,181,0,0.25946411635912653,0.4644535052491537,0,Instructed
582,182,0,0.5592303688185204,0.3430073594576698,0,Instructed
583,183,0,0.9414097477136936,0.4520203672896837,0,Instructed
584,184,0,0.5954868759094138,0.6996941642106272,0,Instructed
585,185,0,0.07384031600708854,0.7175224579221547,0,Instructed
586,186,0,0.7055112310717061,0.5904463396382169,0,Instructed
587,187,0,0.946954093205645,0.38293802345052097,0,Instructed
588,188,0,0.294174286578105,0.4494858778560886,0,Instructed
589,189,0,0.7493606659866081,0.6148855107650901,0,Instructed
590,190,0,0.9015903357584919,0.5675585538767948,0,Instructed
591,191,0,0.7081907498209432,0.6107749014973596,0,Instructed
592,192,0,0.13813717097800904,0.673980514415719,0,Instructed
593,193,0,0.3964410295837979,0.5085408302237939,0,Instructed
594,194,0,0.09544611148663373,0.7387610183596327,0,Instructed
595,195,0,0.779693740417204,0.5029209009809759,0,Instructed
596,196,0,0.44512600542979847,0.4454074838638585,0,Instructed
597,197,0,0.42003741766815555,0.3960535431488518,0,Instructed
598,198,0,0.5418778600498463,0.39771127797418304,0,Instructed
599,199,0,0.2760160466162347,0.5595459254165001,0,Instructed
600,0,0,0.36718252491157255,0.504466875330611,1,Blocked
601,1,0,0.6981466913274352,0.5363420147382858,1,Blocked
602,2,0,0.21086683769894995,0.7613611420986544,1,Blocked
603,3,0,0.750712133584891,0.6248221004862786,1,Blocked
604,4,0,0.6511944128292899,0.45717427288405377,1,Blocked
605,5,0,0.13043932198323693,0.6144149514949258,1,Blocked
606,6,0,0.6744224755732072,0.49150385376560585,1,Blocked
607,7,0,0.7041042234424869,0.4642820408327133,1,Blocked
608,8,0,0.3165153787411107,0.536899650847598,1,Blocked
609,9,0,0.5990822048065698,0.4933572336808062,1,Blocked
610,10,0,0.5648434078392117,0.6286191030634616,1,Blocked
611,11,0,0.17327759921529717,0.6358231974773606,1,Blocked
612,12,0,0.537249003922264,0.5691513079667008,1,Blocked
613,13,0,0.8777575447050985,0.5105221683770738,1,Blocked
614,14,0,0.5460399098787193,0.4647445933717209,1,Blocked
615,15,0,0.7369204810257004,0.40282764795873616,1,Blocked
616,16,0,0.12976764688665315,0.5044246386536627,1,Blocked
617,17,0,0.2018108560624933,0.4806654913794337,1,Blocked
618,18,0,0.6416454347341698,0.49733834680452615,1,Blocked
619,19,0,0.6235187210132573,0.6139345123628634,1,Blocked
620,20,0,0.7511221636973369,0.7372878510373333,1,Blocked
621,21,0,0.287918628547143,0.5961482850525934,1,Blocked
622,22,0,0.5227042892798583,0.6127599219574381,1,Blocked
623,23,0,0.2191544869760721,0.9124242047099079,1,Blocked
624,24,0,0.5140906776762935,0.6500722696988903,1,Blocked
625,25,0,0.638771751404755,0.4518472006641049,1,Blocked
626,26,0,0.8422021296371831,0.5973418626581659,1,Blocked
627,27,0,0.5000946439447789,0.941733238096208,1,Blocked
628,28,0,0.2505078002514606,0.596818138230933,1,Blocked
629,29,0,0.9104020284058982,0.4116081231696323,1,Blocked
630,30,0,0.08939023944219374,0.8344735858810826,1,Blocked
631,31,0,0.04795225720889856,0.6583923010671935,1,Blocked
632,32,0,0.4473220722245099,0.3490831046790023,1,Blocked
633,33,0,0.8122125073439246,0.7041043276889465,1,Blocked
634,34,0,0.1215235995955263,0.4956794371991914,1,Blocked
635,35,0,0.9912005758319853,0.6234376509208955,1,Blocked
636,36,0,0.43783085936544763,0.6023162033813689,1,Blocked
637,37,0,0.4999890762644426,1.1181639933781726,1,Blocked
638,38,0,0.40530830331013523,0.5385719606863139,1,Blocked
639,39,0,0.5684549865035332,0.650033025517275,1,Blocked
640,40,0,0.10488705545636533,0.6091113509250172,1,Blocked
641,41,0,0.1507664641722116,0.5392122780830367,1,Blocked
642,42,0,0.9918809700788358,0.45868115065485515,1,Blocked
643,43,0,0.6112209708538006,0.4540143244982907,1,Blocked
644,44,0,0.5653528342133498,0.4902158639601989,1,Blocked
645,45,0,0.9013940341069273,0.5401818797722937,1,Blocked
646,46,0,0.8819333364945909,0.4768231932035727,1,Blocked
647,47,0,0.21538667283172303,0.488785810849331,1,Blocked
648,48,0,0.40877361816091684,0.7735414404500982,1,Blocked
649,49,0,0.2570011224350419,0.5233905130293175,1,Blocked
650,50,0,0.809643813751231,0.5682461106373806,1,Blocked
651,51,0,0.8918892728118906,0.5723844254124304,1,Blocked
652,52,0,0.033902987519316856,0.9029216083073673,1,Blocked
653,53,0,0.17992396037445885,0.5324597791845354,1,Blocked
654,54,0,0.8050285464006626,0.6676240375475903,1,Blocked
655,55,0,0.4075080423045136,0.7165737398711802,1,Blocked
656,56,0,0.3077558843280016,0.7058462341986199,1,Blocked
657,57,0,0.0783677670745397,0.6986649177244094,1,Blocked
658,58,0,0.8945228739352709,0.446582246595502,1,Blocked
659,59,0,0.8891446575056895,0.4608417675363803,1,Blocked
660,60,0,0.43840393535648653,0.6847458993696602,1,Blocked
661,61,0,0.17474115429856196,0.4465220154126755,1,Blocked
662,62,0,0.0208707859326432,0.5837412030586463,1,Blocked
663,63,0,0.3650850528581437,0.4843781638389747,1,Blocked
664,64,0,0.36758341553788265,0.6576551893804081,1,Blocked
665,65,0,0.9514956936902148,0.5348596420940991,1,Blocked
666,66,0,0.9808439964713603,0.4582346038143569,1,Blocked
667,67,0,0.07732815374477474,0.5803004543528402,1,Blocked
668,68,0,0.18924047914566133,0.5814252165424579,1,Blocked
669,69,0,0.1735845911084569,0.5939344040800112,1,Blocked
670,70,0,0.24194857983737475,0.34086754528697494,1,Blocked
671,71,0,0.02116202668392256,0.7389789025564097,1,Blocked
672,72,0,0.6537487054924104,0.6526122207585845,1,Blocked
673,73,0,0.9794482794814148,0.6858180246334564,1,Blocked
674,74,0,0.26264933837375026,0.6602997953337558,1,Blocked
675,75,0,0.5403374946594796,0.7346771048595402,1,Blocked
676,76,0,0.8292751585852192,0.5871922128510121,1,Blocked
677,77,0,0.042277496143712644,0.4607351963002365,1,Blocked
678,78,0,0.9105921853315775,0.5047807585120281,1,Blocked
679,79,0,0.5913187133012843,0.4469210228143659,1,Blocked
680,80,0,0.21073980034343226,0.432120681175794,1,Blocked
681,81,0,0.7348147757858747,0.7346572071621831,1,Blocked
682,82,0,0.27327782997584754,0.4053816600037873,1,Blocked
683,83,0,0.8666744186061881,0.440829202038506,1,Blocked
684,84,0,0.8194427140551066,0.5632492588882987,1,Blocked
685,85,0,0.7098006182114192,0.42070112229116474,1,Blocked
686,86,0,0.026678102420197112,0.7532073783188935,1,Blocked
687,87,0,0.4952858837863848,0.6360683716347977,1,Blocked
688,88,0,0.5170200663582494,0.5283951444673253,1,Blocked
689,89,0,0.0590243957252971,0.624563282915502,1,Blocked
690,90,0,0.010599231380340348,0.798877975970802,1,Blocked
691,91,0,0.5628442629705449,0.4860350100946236,1,Blocked
692,92,0,0.4996833812635557,0.8404683727042215,1,Blocked
693,93,0,0.18712910121397827,0.6849382631821579,1,Blocked
694,94,0,0.3086591124196987,0.5746616726840876,1,Blocked
695,95,0,0.44309612640880364,0.6002921121106957,1,Blocked
696,96,0,0.6353657012469245,0.6449850749537713,1,Blocked
697,97,0,0.010065145238788065,0.6341058520870646,1,Blocked
698,98,0,0.7364659514647878,0.49918715053483426,1,Blocked
699,99,0,0.5021926913717191,0.45224987310592557,1,Blocked
700,100,0,0.5866432737743392,0.5632284133452731,1,Blocked
701,101,0,0.21513795842030684,0.8109423984101312,1,Blocked
702,102,0,0.526546562669875,0.6883934923755974,1,Blocked
703,103,0,0.4741794070492696,0.4562959907234975,1,Blocked
704,104,0,0.33194643991107436,0.6690916690092579,1,Blocked
705,105,0,0.609088361615318,0.6148161859389814,1,Blocked
706,106,0,0.32388293042172794,0.49458599233059586,1,Blocked
707,107,0,0.9586015231889408,0.5488143972779626,1,Blocked
708,108,0,0.13742934117216604,0.5879358297758503,1,Blocked
709,109,0,0.6252533163909514,0.5762890832761135,1,Blocked
710,110,0,0.4955448557685149,0.6789517423485856,1,Blocked
711,111,0,0.5893458524677588,0.5681439694018806,1,Blocked
712,112,0,0.5086374355089279,0.37617452627342485,1,Blocked
713,113,0,0.2147810706557061,0.6856064609521415,1,Blocked
714,114,0,0.4178138978741746,0.6844501613586345,1,Blocked
715,115,0,0.25864459686164565,0.44849694397996315,1,Blocked
716,116,0,0.3845884234366448,0.5525503397248395,1,Blocked
717,117,0,0.22750467312832295,0.5857848413832857,1,Blocked
718,118,0,0.5473630646536424,0.5373296894602,1,Blocked
719,119,0,0.46971298193162286,0.7423308130813746,1,Blocked
720,120,0,0.25706261834244776,0.7648951359673786,1,Blocked
721,121,0,0.0030998243532046606,0.7991828558038039,1,Blocked
722,122,0,0.0021289857474594757,0.7734145342046597,1,Blocked
723,123,0,0.13787037703314475,0.5098283897859014,1,Blocked
724,124,0,0.9628578867519666,0.509222412856098,1,Blocked
725,125,0,0.2371357761155941,0.41066813296117,1,Blocked
726,126,0,0.05408860405386846,0.8028934329390728,1,Blocked
727,127,0,0.7838378455060642,0.4577645588423228,1,Blocked
728,128,0,0.41402824418531603,0.6800740999516746,1,Blocked
729,129,0,0.5025197593372348,0.5311312967953353,1,Blocked
730,130,0,0.9034627301503253,0.4554164974121562,1,Blocked
731,131,0,0.28464842655556644,0.5514517296221335,1,Blocked
732,132,0,0.4710579079054039,0.7402205584060065,1,Blocked
733,133,0,0.2484178795459278,0.5652996047907937,1,Blocked
734,134,0,0.8821286958798971,0.45913289855997674,1,Blocked
735,135,0,0.46557555792427074,0.6602922897642276,1,Blocked
736,136,0,0.48241506918789945,0.6207867090065597,1,Blocked
737,137,0,0.9147164343191319,0.5069151952190218,1,Blocked
738,138,0,0.9642309175553347,0.39669787978149457,1,Blocked
739,139,0,0.9830179328756588,0.600386729616099,1,Blocked
740,140,0,0.5220220724626995,0.5406356135568896,1,Blocked
741,141,0,0.7450380030687329,0.39534842472605425,1,Blocked
742,142,0,0.3171151164554299,0.5202302904830934,1,Blocked
743,143,0,0.31322645183793146,0.5017035335192953,1,Blocked
744,144,0,0.8614943753123705,0.40965249459197145,1,Blocked
745,145,0,0.013297066402747644,0.45077408915747175,1,Blocked
746,146,0,0.03673885995499963,0.5350942438713461,1,Blocked
747,147,0,0.43752400542854347,0.6110929771940643,1,Blocked
748,148,0,0.9102975815294403,0.42116623281388793,1,Blocked
749,149,0,0.8323357691583231,0.5260660919981983,1,Blocked
750,150,0,0.8490482941449791,0.8141482980017227,1,Blocked
751,151,0,0.22664430451664824,0.6239177680944363,1,Blocked
752,152,0,0.09136283293611464,0.8207965774518249,1,Blocked
753,153,0,0.0265789335860948,0.7200422146297802,1,Blocked
754,154,0,0.8989353920550627,0.5007224123898117,1,Blocked
755,155,0,0.2104745039305651,0.6229955300630183,1,Blocked
756,156,0,0.48886248636403984,0.48458809185213436,1,Blocked
757,157,0,0.4843007539392977,0.715839869335509,1,Blocked
758,158,0,0.9580621817397076,0.7207715244046184,1,Blocked
759,159,0,0.9834121508898577,0.47028467287706943,1,Blocked
760,160,0,0.7970602283063779,0.75602359906796,1,Blocked
761,161,0,0.43142707138369113,0.4469099115966476,1,Blocked
762,162,0,0.3956062044665714,0.8332279968271603,1,Blocked
763,163,0,0.7179406656515723,0.6049303655031107,1,Blocked
764,164,0,0.7115687297411228,0.4592065187768537,1,Blocked
765,165,0,0.045628935193402186,0.7576938361314003,1,Blocked
766,166,0,0.4477490406497486,0.6548484584165978,1,Blocked
767,167,0,0.897113315398908,0.4738175142711518,1,Blocked
768,168,0,0.4805948674578342,0.7155893312353556,1,Blocked
769,169,0,0.44784541485629337,0.7112753069904267,1,Blocked
770,170,0,0.8854934368063583,0.5990302454646008,1,Blocked
771,171,0,0.9157124814789227,0.5206553438629162,1,Blocked
772,172,0,0.6858398084561336,0.4432010787140537,1,Blocked
773,173,0,0.7155782495385455,0.4609624975169203,1,Blocked
774,174,0,0.3551124542768171,0.47818983409929716,1,Blocked
775,175,0,0.11073926111932098,0.40995814470780234,1,Blocked
776,176,0,0.03865518121159048,0.5660836563483949,1,Blocked
777,177,0,0.7372118002004142,0.5163624384557051,1,Blocked
778,178,0,0.6705883317816058,0.43283986470098146,1,Blocked
779,179,0,0.17399056632042326,0.8066502823040933,1,Blocked
780,180,0,0.7698771845629278,0.4951698584736619,1,Blocked
781,181,0,0.5309082142210569,0.6338344787908208,1,Blocked
782,182,0,0.6370114777465514,0.4562795921884333,1,Blocked
783,183,0,0.4230631701965357,0.4751263439593495,1,Blocked
784,184,0,0.7953397269493752,0.5145695151844626,1,Blocked
785,185,0,0.5256191178162056,0.4873367662853686,1,Blocked
786,186,0,0.6733777713259992,0.5110262296655479,1,Blocked
787,187,0,0.3013125343902926,0.6651196622726098,1,Blocked
788,188,0,0.551566990813435,0.5534463578260775,1,Blocked
789,189,0,0.6392182041432628,0.4638365646278877,1,Blocked
790,190,0,0.9045417942505947,0.5543765949678865,1,Blocked
791,191,0,0.5725295464620237,0.5455259849468967,1,Blocked
792,192,0,0.6933191127215503,0.45076175763874693,1,Blocked
793,193,0,0.6198951961243846,0.5521744139728055,1,Blocked
794,194,0,0.6608407400149695,0.43003563019829083,1,Blocked
795,195,0,0.7003040842605996,0.7195124355019917,1,Blocked
796,196,0,0.6968343206629284,0.511996641477175,1,Blocked
797,197,0,0.4441368306867378,0.9280998516683463,1,Blocked
798,198,0,0.09688416839997352,0.6098585040988915,1,Blocked
799,199,0,0.8077019625576534,0.4778242751087103,1,Blocked
800,0,0,0.7900247414951506,0.840721625983647,1,Interleaved
801,1,0,0.831823867697788,0.8455601259729322,1,Interleaved
802,2,0,0.03147923052045557,0.7917369252237207,1,Interleaved
803,3,0,0.7206453707184044,0.6049540306691598,1,Interleaved
804,4,0,0.8163326854456187,0.7681931245246476,1,Interleaved
805,5,0,0.11320213188654758,0.5773763571205945,1,Interleaved
806,6,0,0.9069612028728831,0.5841099745304625,1,Interleaved
807,7,0,0.029358950011651785,0.5691658744359445,1,Interleaved
808,8,0,0.6139039691730749,0.5910195435849612,1,Interleaved
809,9,0,0.7372627216601976,0.47671906695036875,1,Interleaved
810,10,0,0.11566792522575604,0.592528555164834,1,Interleaved
811,11,0,0.2230007379371496,0.4500167363423486,1,Interleaved
812,12,0,0.7218796508838974,0.6163800990889341,1,Interleaved
813,13,0,0.8467408988703433,0.6174459866587166,1,Interleaved
814,14,0,0.7003280515077347,0.5221244077685698,1,Interleaved
815,15,0,0.8982827987285011,0.5538126120483733,1,Interleaved
816,16,0,0.6985345873515709,0.6239070075015942,1,Interleaved
817,17,0,0.5195615635064846,0.6627388393888057,1,Interleaved
818,18,0,0.2858310922405098,0.5723658878985081,1,Interleaved
819,19,0,0.3492546002714435,0.7668212524655611,1,Interleaved
820,20,0,0.5054783398329274,0.5868124057388522,1,Interleaved
821,21,0,0.6666377172206501,0.7332880026813886,1,Interleaved
822,22,0,0.9526934758484508,0.39137999295348225,1,Interleaved
823,23,0,0.24899951646299412,0.907927222765985,1,Interleaved
824,24,0,0.8938044178543975,0.5852260869131398,1,Interleaved
825,25,0,0.9023939675600745,0.604140568423615,1,Interleaved
826,26,0,0.716325189939141,0.5372840239226783,1,Interleaved
827,27,0,0.5976184344366844,0.6455278892621734,1,Interleaved
828,28,0,0.8819064524484738,0.6200174304758357,1,Interleaved
829,29,0,0.9881130941756827,0.4752909449929479,1,Interleaved
830,30,0,0.4802855477874107,0.6677426290536564,1,Interleaved
831,31,0,0.36774971002526236,0.6103463084300118,1,Interleaved
832,32,0,0.8668309221559338,0.37182102181419313,1,Interleaved
833,33,0,0.45420945675712254,0.6463718480158236,1,Interleaved
834,34,0,0.2341722264767097,0.6963575042297181,1,Interleaved
835,35,0,0.2874410560317986,0.5145624078727802,1,Interleaved
836,36,0,0.24183629038054327,0.6726810300571007,1,Interleaved
837,37,0,0.4889062197439664,0.6183889251714345,1,Interleaved
838,38,0,0.9909403914667156,0.6948355127997666,1,Interleaved
839,39,0,0.9218248906298527,0.41883954222609143,1,Interleaved
840,40,0,0.28620641936596997,0.7033666559208562,1,Interleaved
841,41,0,0.3229734545530133,0.4239014057017231,1,Interleaved
842,42,0,0.3180032646288472,0.7532832519675725,1,Interleaved
843,43,0,0.8012100714532491,0.5166870226533415,1,Interleaved
844,44,0,0.833761460405869,0.41145347372481933,1,Interleaved
845,45,0,0.5484241085540845,0.6260508242823406,1,Interleaved
846,46,0,0.8375710207469119,0.6212190058163185,1,Interleaved
847,47,0,0.3227947871489105,0.4928714107170218,1,Interleaved
848,48,0,0.6108396224742064,0.46893261179835,1,Interleaved
849,49,0,0.694264853515191,0.5709823902405196,1,Interleaved
850,50,0,0.03292163393447539,0.8282155134506675,1,Interleaved
851,51,0,0.6827360457032762,0.6654151514809722,1,Interleaved
852,52,0,0.44469512262138466,0.5986037158108631,1,Interleaved
853,53,0,0.1550955474648458,0.8177713683188432,1,Interleaved
854,54,0,0.04575546655271574,0.807354775557056,1,Interleaved
855,55,0,0.6349182779694145,0.5085707021749972,1,Interleaved
856,56,0,0.033576955347341196,0.6546211662551552,1,Interleaved
857,57,0,0.5891487879727917,0.38096467921859917,1,Interleaved
858,58,0,0.14621703877990178,0.5143815969883585,1,Interleaved
859,59,0,0.4748206054633068,0.6467153380696935,1,Interleaved
860,60,0,0.010991499497488148,1.3438675039466004,1,Interleaved
861,61,0,0.8696379190404182,0.5385841546355524,1,Interleaved
862,62,0,0.3449056942679999,0.6715302279810009,1,Interleaved
863,63,0,0.011526625998758616,0.7592566047990651,1,Interleaved
864,64,0,0.4613279744306522,0.5601010556629327,1,Interleaved
865,65,0,0.9095487232771273,0.7160950260830078,1,Interleaved
866,66,0,0.6741139815858541,0.4878298533645833,1,Interleaved
867,67,0,0.43752796833792174,0.8690805225415672,1,Interleaved
868,68,0,0.5250431354684718,0.592746440738853,1,Interleaved
869,69,0,0.9648049508858035,0.5213724032061036,1,Interleaved
870,70,0,0.10162287213546334,0.5744592602036648,1,Interleaved
871,71,0,0.3631839352949928,0.4849757455720315,1,Interleaved
872,72,0,0.47637338410426017,0.6019480178134677,1,Interleaved
873,73,0,0.2609833407568415,0.6596256328019261,1,Interleaved
874,74,0,0.48214026110198194,0.5799547047764233,1,Interleaved
875,75,0,0.7043659305571309,0.534570186054846,1,Interleaved
876,76,0,0.6080923768824708,0.5131677015611467,1,Interleaved
877,77,0,0.09537777446635198,0.7138943816123002,1,Interleaved
878,78,0,0.48263532779267215,0.4892539343012282,1,Interleaved
879,79,0,0.3470448798252548,0.39805099503067387,1,Interleaved
880,80,0,0.8965465133483428,0.4134306275344406,1,Interleaved
881,81,0,0.7061122360432525,0.635123950518147,1,Interleaved
882,82,0,0.4621411430476036,0.645768410858071,1,Interleaved
883,83,0,0.9970985386315404,0.5329324652075409,1,Interleaved
884,84,0,0.5213621944781854,0.5442691662125583,1,Interleaved
885,85,0,0.5521358196673098,0.8755038014306264,1,Interleaved
886,86,0,0.7028014169583447,0.378312398738701,1,Interleaved
887,87,0,0.06716843307753581,0.5466265141435356,1,Interleaved
888,88,0,0.5033216121571776,0.5903301830988954,1,Interleaved
889,89,0,0.6038231938616321,0.6028437646548039,1,Interleaved
890,90,0,0.46907218732508604,0.5571557499082442,1,Interleaved
891,91,0,0.2287513586592516,0.5162858081249488,1,Interleaved
892,92,0,0.5025842157503984,0.45616617531617676,1,Interleaved
893,93,0,0.7708830355968687,0.6649633414660554,1,Interleaved
894,94,0,0.5321399384256558,0.5125562636890599,1,Interleaved
895,95,0,0.30661688104386386,0.4831269834985824,1,Interleaved
896,96,0,0.9390849759233375,0.6448424278538362,1,Interleaved
897,97,0,0.32483329816126155,0.539893072510415,1,Interleaved
898,98,0,0.023263350519862606,0.41270564862469594,1,Interleaved
899,99,0,0.3294620646173714,0.7888505114398094,1,Interleaved
900,100,0,0.12916765536125221,0.626725709211362,1,Interleaved
901,101,0,0.20844767125356917,0.5414833707107316,1,Interleaved
902,102,0,0.23835005279935592,0.414076614342715,1,Interleaved
903,103,0,0.3539118589604018,0.5528229244504346,1,Interleaved
904,104,0,0.5358242946829144,0.6962435546052097,1,Interleaved
905,105,0,0.03661480394831956,0.8388001958209887,1,Interleaved
906,106,0,0.22612700241250697,0.3885533733362172,1,Interleaved
907,107,0,0.39521682543061043,0.6721823452955373,1,Interleaved
908,108,0,0.4959640288733337,0.6000265412124092,1,Interleaved
909,109,0,0.9625610142218392,0.5717743375150681,1,Interleaved
910,110,0,0.9887931880003622,0.5281256953200584,1,Interleaved
911,111,0,0.35130633836468106,0.6747264621104014,1,Interleaved
912,112,0,0.8959982914277598,0.7007433669586455,1,Interleaved
913,113,0,0.9471702747935211,0.5147367830794011,1,Interleaved
914,114,0,0.8364246613421324,0.3880018146085071,1,Interleaved
915,115,0,0.4692695076486407,0.46611232180613255,1,Interleaved
916,116,0,0.9508079010425781,0.34205195884298534,1,Interleaved
917,117,0,0.5462250659110167,0.5398435645864356,1,Interleaved
918,118,0,0.38234329293010794,0.48669268221083123,1,Interleaved
919,119,0,0.3969762226468278,0.5472035792678658,1,Interleaved
920,120,0,0.7328878081786365,0.4797096386913251,1,Interleaved
921,121,0,0.0596349791551433,0.6472971861739939,1,Interleaved
922,122,0,0.35734632464991267,0.6539212451737055,1,Interleaved
923,123,0,0.6337892874003859,0.5507607339156484,1,Interleaved
924,124,0,0.6954339384660803,0.5519488698591408,1,Interleaved
925,125,0,0.8264684563916597,0.4355288864906726,1,Interleaved
926,126,0,0.799812528930592,0.5545426463261918,1,Interleaved
927,127,0,0.17878826475684112,0.6189161815006109,1,Interleaved
928,128,0,0.45890182836261206,0.7351568639214665,1,Interleaved
929,129,0,0.2185703720062382,0.4703982363055983,1,Interleaved
930,130,0,0.6336879280810749,0.37068192554133716,1,Interleaved
931,131,0,0.6195748658039057,0.4745608787028027,1,Interleaved
932,132,0,0.41789242674966703,0.7245792001715248,1,Interleaved
933,133,0,0.5757555532302637,0.5417247839868229,1,Interleaved
934,134,0,0.09584580528962389,0.7320034037113946,1,Interleaved
935,135,0,0.12372905444110782,0.4932293016382348,1,Interleaved
936,136,0,0.4786870905506625,0.6677137323392064,1,Interleaved
937,137,0,0.4641642986947327,0.7250311532871587,1,Interleaved
938,138,0,0.8953717059011647,0.5115179466232496,1,Interleaved
939,139,0,0.5430602023103543,0.46595390763880606,1,Interleaved
940,140,0,0.5111643507854526,0.7578504510113508,1,Interleaved
941,141,0,0.49803269811815815,0.4853078256893698,1,Interleaved
942,142,0,0.15287274716563992,0.5962711532802093,1,Interleaved
943,143,0,0.4788618332823414,0.746180919205883,1,Interleaved
944,144,0,0.03771395101935235,0.712624782822269,1,Interleaved
945,145,0,0.5425722339233587,0.8777034707356637,1,Interleaved
946,146,0,0.0740155601973772,0.598919227389867,1,Interleaved
947,147,0,0.7815061027406291,0.567082859524418,1,Interleaved
948,148,0,0.5048215743675432,0.7492505466427635,1,Interleaved
949,149,0,0.4916793243718397,0.8104920949251277,1,Interleaved
950,150,0,0.009830701609819996,0.6554486572356357,1,Interleaved
951,151,0,0.33414683473424045,0.6920584175577613,1,Interleaved
952,152,0,0.499857676223191,0.6299753277748976,1,Interleaved
953,153,0,0.18733400256982474,0.5083845518640658,1,Interleaved
954,154,0,0.827348390268575,0.5644365865545091,1,Interleaved
955,155,0,0.5037886619254465,0.5523628892546592,1,Interleaved
956,156,0,0.02735948560889016,0.6910358247852555,1,Interleaved
957,157,0,0.14919706461681276,0.6186435759949053,1,Interleaved
958,158,0,0.40081027791843654,0.6556197856907862,1,Interleaved
959,159,0,0.6973446851854006,0.7528819694000635,1,Interleaved
960,160,0,0.49765764284364855,0.567610049255748,1,Interleaved
961,161,0,0.2494131755575738,0.5701642421827087,1,Interleaved
962,162,0,0.4598499885872049,0.6643545438058092,1,Interleaved
963,163,0,0.9355310473238879,0.5565097116492299,1,Interleaved
964,164,0,0.27132236941296894,0.6301662284117199,1,Interleaved
965,165,0,0.2677810869804125,0.6607910867271944,1,Interleaved
966,166,0,0.5419855473719043,0.707902062272197,1,Interleaved
967,167,0,0.5205164206985664,0.6108875302389991,1,Interleaved
968,168,0,0.4844651776444314,0.5125003871685423,1,Interleaved
969,169,0,0.30513806339759736,0.7550906074307734,1,Interleaved
970,170,0,0.01945550562868297,0.7533980969338016,1,Interleaved
971,171,0,0.263981817027851,0.7071695963076121,1,Interleaved
972,172,0,0.33096319975360433,0.5318777138405759,1,Interleaved
973,173,0,0.5920592435923993,0.5195658412382408,1,Interleaved
974,174,0,0.8673796005430168,0.5453205477461516,1,Interleaved
975,175,0,0.46158524712099813,0.7640225527168731,1,Interleaved
976,176,0,0.8599222244259425,0.6804784802646957,1,Interleaved
977,177,0,0.3749316802381703,0.7098905276977735,1,Interleaved
978,178,0,0.6409151925899244,0.6300417702041632,1,Interleaved
979,179,0,0.8998093375444834,0.4371664392483159,1,Interleaved
980,180,0,0.5880805716420161,0.6551534454849364,1,Interleaved
981,181,0,0.8860874553379126,0.4501294993934303,1,Interleaved
982,182,0,0.4090078372923314,0.6314220716866139,1,Interleaved
983,183,0,0.5968308579496555,0.33463902029757664,1,Interleaved
984,184,0,0.9649835860097314,0.5839907463945023,1,Interleaved
985,185,0,0.5927579096929758,0.47705784804770746,1,Interleaved
986,186,0,0.9538749441039965,0.41882676918882034,1,Interleaved
987,187,0,0.6313806469567238,0.5641460024062275,1,Interleaved
988,188,0,0.9296727960648851,0.4362595666448116,1,Interleaved
989,189,0,0.8463476977646145,0.4812841553267132,1,Interleaved
990,190,0,0.6531170379719919,0.4260386112360478,1,Interleaved
991,191,0,0.8848613476463985,0.5051208592812829,1,Interleaved
992,192,0,0.9031998730871613,0.4290415489221908,1,Interleaved
993,193,0,0.1284271899808124,0.6364339296712187,1,Interleaved
994,194,0,0.01967435454418276,0.7121304040571665,1,Interleaved
995,195,0,0.9451150952476848,0.7627214135142448,1,Interleaved
996,196,0,0.7049040193382898,0.5610498536278872,1,Interleaved
997,197,0,0.5615989764749318,0.47554265419514863,1,Interleaved
998,198,0,0.24136863751303853,0.573675424279623,1,Interleaved
999,199,0,0.05560437697984057,0.6966849680153182,1,Interleaved
1000,0,0,0.6645822886846975,0.7583565389386846,1,Instructed
1001,1,0,0.5264533220782589,1.693554853356872,1,Instructed
1002,2,0,0.03307847014019607,0.7277691198827428,1,Instructed
1003,3,0,0.41681864678735014,0.6061734612760159,1,Instructed
1004,4,0,0.20598029769803652,0.7684512466527254,1,Instructed
1005,5,0,0.7903754620074481,0.4382106981828663,1,Instructed
1006,6,0,0.5025150422184897,0.7933472922178542,1,Instructed
1007,7,0,0.30879323182671214,0.6672044806364743,1,Instructed
1008,8,0,0.6491419744676106,0.5800080912915065,1,Instructed
1009,9,0,0.6252846311268816,0.3950262617932584,1,Instructed
1010,10,0,0.009653707796169583,0.7775043810673088,1,Instructed
1011,11,0,0.7037968480199575,0.44912818279005234,1,Instructed
1012,12,0,0.49290320736931426,0.5841029698647352,1,Instructed
1013,13,0,0.929085047679759,0.6401866109368863,1,Instructed
1014,14,0,0.07678691758487206,0.6239538082867297,1,Instructed
1015,15,0,0.21745630626250967,0.5548846904460532,1,Instructed
1016,16,0,0.5238060224708623,0.6474249977341127,1,Instructed
1017,17,0,0.5334658896600097,0.48454619384202385,1,Instructed
1018,18,0,0.15638145479117768,0.4706380929824792,1,Instructed
1019,19,0,0.613491842939859,0.5561343386251976,1,Instructed
1020,20,0,0.43734297882069634,0.5112551965104762,1,Instructed
1021,21,0,0.5161245458634018,0.451254383838382,1,Instructed
1022,22,0,0.5268290673804062,0.3699914769762177,1,Instructed
1023,23,0,0.5417816907418205,0.3681894923877776,1,Instructed
1024,24,0,0.6801458040436303,0.2569752627282468,1,Instructed
1025,25,0,0.6807199539185198,0.40473597251881344,1,Instructed
1026,26,0,0.7366219927228214,0.47065213419548363,1,Instructed
1027,27,0,0.4781398568308381,0.6033012134937394,1,Instructed
1028,28,0,0.9608345320928431,0.9721573104562545,1,Instructed
1029,29,0,0.3701510652930631,0.7030396418625924,1,Instructed
1030,30,0,0.9000225953347701,0.47611466794373136,1,Instructed
1031,31,0,0.2568633395319799,1.106010001976013,1,Instructed
1032,32,0,0.4740928797601725,0.44460995064203923,1,Instructed
1033,33,0,0.028812553955242966,0.595375664340406,1,Instructed
1034,34,0,0.7562299207576233,0.6968270959762486,1,Instructed
1035,35,0,0.377145925014164,0.4968623443399329,1,Instructed
1036,36,0,0.21307123485307178,0.5366618640712995,1,Instructed
1037,37,0,0.2591657219430541,0.5392180917024108,1,Instructed
1038,38,0,0.6413947570374039,0.4648518406902857,1,Instructed
1039,39,0,0.5057508950314625,0.8135138210092725,1,Instructed
1040,40,0,0.48093514589928066,0.5381861908081909,1,Instructed
1041,41,0,0.22896058299833577,0.39960132660273306,1,Instructed
1042,42,0,0.5115368190893864,0.4975860763483942,1,Instructed
1043,43,0,0.4681450990895299,0.5584160808828522,1,Instructed
1044,44,0,0.6829323517731157,0.45076657520999197,1,Instructed
1045,45,0,0.6914204953995209,0.47060025745365147,1,Instructed
1046,46,0,0.8497827654302259,0.4214338799946147,1,Instructed
1047,47,0,0.49969764626561497,0.7490895532903805,1,Instructed
1048,48,0,0.346286508388301,0.5709201211946356,1,Instructed
1049,49,0,0.6009048206621209,0.3221521265843016,1,Instructed
1050,50,0,0.263185030545837,0.5826253081792292,1,Instructed
1051,51,0,0.1689442129998556,0.7578142399118939,1,Instructed
1052,52,0,0.8906868055311876,0.4822540017518526,1,Instructed
1053,53,0,0.6348431194758377,0.6683655374193074,1,Instructed
1054,54,0,0.035870358977605,0.584254887916708,1,Instructed
1055,55,0,0.8341360960125546,0.7612929977564994,1,Instructed
1056,56,0,0.4957952899031349,0.42859136613232607,1,Instructed
1057,57,0,0.4847256173145136,0.4699422233573639,1,Instructed
1058,58,0,0.782684921147206,0.5652074428833347,1,Instructed
1059,59,0,0.0644274736923585,0.6064206299557622,1,Instructed
1060,60,0,0.9333929503640197,1.1550997462668784,1,Instructed
1061,61,0,0.4553137681003562,0.5800681994015412,1,Instructed
1062,62,0,0.8904145671490074,0.499050226214309,1,Instructed
1063,63,0,0.5851306721486811,0.7400196456874417,1,Instructed
1064,64,0,0.5070113443318064,0.49823577938141483,1,Instructed
1065,65,0,0.5894005100183832,0.41891691238836726,1,Instructed
1066,66,0,0.4218071269093084,0.7580512526366359,1,Instructed
1067,67,0,0.723407194139061,0.44904765801023355,1,Instructed
1068,68,0,0.6021983173273232,0.5160199281462009,1,Instructed
1069,69,0,0.5838186612904589,0.5950229670501919,1,Instructed
1070,70,0,0.8304954259119532,0.41537329736534345,1,Instructed
1071,71,0,0.36595631912682935,0.33363340713267303,1,Instructed
1072,72,0,0.49483773616698146,0.5083249151271305,1,Instructed
1073,73,0,0.1269178755733385,0.44739099804886306,1,Instructed
1074,74,0,0.047119426744117544,0.5380179205092926,1,Instructed
1075,75,0,0.5183253171545039,0.4567986160306458,1,Instructed
1076,76,0,0.401833018027,0.47917199189967175,1,Instructed
1077,77,0,0.46309695548199087,0.6124419182162981,1,Instructed
1078,78,0,0.7186647959307161,0.5113221978750667,1,Instructed
1079,79,0,0.5717103787991643,0.5891150376809755,1,Instructed
1080,80,0,0.8284644862541692,0.555055190734826,1,Instructed
1081,81,0,0.7083838026176041,0.5801052447112072,1,Instructed
1082,82,0,0.5944614466337637,0.6504243964190981,1,Instructed
1083,83,0,0.2270695319072714,0.5444263539637829,1,Instructed
1084,84,0,0.6803195760100313,0.41555396976400816,1,Instructed
1085,85,0,0.8889521286969668,0.4440724591195263,1,Instructed
1086,86,0,0.20761751920422583,0.5737502745527445,1,Instructed
1087,87,0,0.5122949990226309,0.6443148340098411,1,Instructed
1088,88,0,0.06885595820997197,0.6977018774547876,1,Instructed
1089,89,0,0.47495250695481867,0.794785808208941,1,Instructed
1090,90,0,0.00760664523378673,0.4813067508572456,1,Instructed
1091,91,0,0.7687213682914522,0.42798064570465594,1,Instructed
1092,92,0,0.42107933174632256,0.47114263437064896,1,Instructed
1093,93,0,0.9304928303444984,0.5620523602958524,1,Instructed
1094,94,0,0.9981958486651423,0.503891814732546,1,Instructed
1095,95,0,0.22061203346792477,0.480941688328564,1,Instructed
1096,96,0,0.332869749626492,0.4936038748976843,1,Instructed
1097,97,0,0.08093525722424062,0.5022090781335427,1,Instructed
1098,98,0,0.6306600768076913,0.3791146111853859,1,Instructed
1099,99,0,0.9190296604000499,0.6278304004658743,1,Instructed
1100,100,0,0.7190933761562401,0.5826215722303965,1,Instructed
1101,101,0,0.9585286859834794,0.4974644844782712,1,Instructed
1102,102,0,0.4901059527844289,0.506379929690796,1,Instructed
1103,103,0,0.8884008435766666,0.5276384878820259,1,Instructed
1104,104,0,0.5750916174524904,0.3926208842129291,1,Instructed
1105,105,0,0.5218624871076736,0.3885753623680362,1,Instructed
1106,106,0,0.01474157650924715,0.5758783092176821,1,Instructed
1107,107,0,0.2654594699341134,0.37807863176512896,1,Instructed
1108,108,0,0.5269075484630459,0.516721221832392,1,Instructed
1109,109,0,0.26536703615848534,0.36840337769893566,1,Instructed
1110,110,0,0.6583928922959512,0.4634334587698947,1,Instructed
1111,111,0,0.4726858121563654,0.7277346676606133,1,Instructed
1112,112,0,0.7643608771666462,0.5271517847498006,1,Instructed
1113,113,0,0.501036322120026,0.575481084733075,1,Instructed
1114,114,0,0.0892287013516784,0.4486552032266923,1,Instructed
1115,115,0,0.041808811273290995,0.5258968904983711,1,Instructed
1116,116,0,0.2588575487162078,0.6456348969472192,1,Instructed
1117,117,0,0.4368777598308773,0.49330753337386246,1,Instructed
1118,118,0,0.9050955904957674,0.5467569093265343,1,Instructed
1119,119,0,0.5022854377232917,0.43291414266801764,1,Instructed
1120,120,0,0.029647383443115377,0.4257517400534761,1,Instructed
1121,121,0,0.46741513573165583,0.6694568571053031,1,Instructed
1122,122,0,0.40938976480272915,0.4069554262853761,1,Instructed
1123,123,0,0.6672356178910055,0.40342214575790414,1,Instructed
1124,124,0,0.7372718375282598,0.3076764438915401,1,Instructed
1125,125,0,0.5741144712763645,0.5332345792497593,1,Instructed
1126,126,0,0.7866720518126742,0.46570259736836084,1,Instructed
1127,127,0,0.6929847588532556,0.47200207586974496,1,Instructed
1128,128,0,0.6822068299312879,1.4405947175106544,1,Instructed
1129,129,0,0.41190816433536215,0.39378619802209813,1,Instructed
1130,130,0,0.39465116971410374,0.4798144607194098,1,Instructed
1131,131,0,0.286307859842638,0.33182441035049315,1,Instructed
1132,132,0,0.662390613521705,0.5110705535925277,1,Instructed
1133,133,0,0.9994728714901508,1.251024455617628,1,Instructed
1134,134,0,0.37316881628328313,0.4540877078517641,1,Instructed
1135,135,0,0.5046656620119416,0.6969894048418255,1,Instructed
1136,136,0,0.0475298250456698,0.5308587320757588,1,Instructed
1137,137,0,0.9794080627226709,0.6317774483217593,1,Instructed
1138,138,0,0.9339024895500929,0.4622352733985927,1,Instructed
1139,139,0,0.4658535755813877,0.5227602590418832,1,Instructed
1140,140,0,0.9565706548865167,0.47822516114068614,1,Instructed
1141,141,0,0.9795385154340842,0.5782281919462757,1,Instructed
1142,142,0,0.9554379194564899,0.3610189510686175,1,Instructed
1143,143,0,0.900693928287019,0.5276381221934717,1,Instructed
1144,144,0,0.78572960188276,0.43396558423149534,1,Instructed
1145,145,0,0.8746058231495111,0.5441635549358602,1,Instructed
1146,146,0,0.6663794940415311,0.49919025334104783,1,Instructed
1147,147,0,0.5006998158383918,0.6053038833002158,1,Instructed
1148,148,0,0.2654882030082118,0.3935175063288281,1,Instructed
1149,149,0,0.5315837107723362,0.32517270918521146,1,Instructed
1150,150,0,0.4699929291619521,0.40602460309498867,1,Instructed
1151,151,0,0.928719387487509,0.5574237388674654,1,Instructed
1152,152,0,0.46828078537932755,0.41949270071813205,1,Instructed
1153,153,0,0.8321503881391521,0.5370476279533734,1,Instructed
1154,154,0,0.5311838796819581,0.45742087282519217,1,Instructed
1155,155,0,0.44075325015511474,0.35097926508242017,1,Instructed
1156,156,0,0.004429951488002586,0.6342292931310134,1,Instructed
1157,157,0,0.7475873204615122,0.4486243046693479,1,Instructed
1158,158,0,0.5926868775784645,0.5710559623599754,1,Instructed
1159,159,0,0.029443252058503434,0.5083644142830666,1,Instructed
1160,160,0,0.07544866847919723,0.630843382608677,1,Instructed
1161,161,0,0.3298175175494237,0.5074434416699231,1,Instructed
1162,162,0,0.6908978674871817,0.63667776484714,1,Instructed
1163,163,0,0.13383222214181018,0.5481955491997035,1,Instructed
1164,164,0,0.44467798719061996,0.9669913593543493,1,Instructed
1165,165,0,0.43955526993059013,0.4564593640080603,1,Instructed
1166,166,0,0.9564044205859974,0.8224855138444677,1,Instructed
1167,167,0,0.3960458511477837,0.4396872288844782,1,Instructed
1168,168,0,0.4739975836266459,0.4316455957437772,1,Instructed
1169,169,0,0.9481340502974797,0.6532103457455039,1,Instructed
1170,170,0,0.9725389685338377,0.549613287741074,1,Instructed
1171,171,0,0.7790311294389876,0.5141527224285429,1,Instructed
1172,172,0,0.9957448189257783,0.43924982841009297,1,Instructed
1173,173,0,0.4927256465895289,0.5072811670629364,1,Instructed
1174,174,0,0.1433865155904704,0.29365870034792063,1,Instructed
1175,175,0,0.8776221112369709,0.5779858599486991,1,Instructed
1176,176,0,0.13366650471662264,0.6021946077703912,1,Instructed
1177,177,0,0.4592936552582873,0.3489983697188658,1,Instructed
1178,178,0,0.9619098137547129,0.5623239284233944,1,Instructed
1179,179,0,0.3056175971302949,0.46420616330929454,1,Instructed
1180,180,0,0.18520789359575557,0.788001494192444,1,Instructed
1181,181,0,0.5273527704038987,0.31843353464990176,1,Instructed
1182,182,0,0.08436896259745075,0.4600188722736306,1,Instructed
1183,183,0,0.26926997710559847,0.735361906986988,1,Instructed
1184,184,0,0.6427306686848677,0.4894902317030726,1,Instructed
1185,185,0,0.9769425604556345,0.7927016902820898,1,Instructed
1186,186,0,0.5029489517382428,0.5370702525837282,1,Instructed
1187,187,0,0.5373895860085464,0.5501356776699158,1,Instructed
1188,188,0,0.6141497473323805,0.560280738375649,1,Instructed
1189,189,0,0.6160121491288867,0.5230450438735059,1,Instructed
1190,190,0,0.807128557095395,0.6882678724460457,1,Instructed
1191,191,0,0.4939917752264295,0.4851982036553716,1,Instructed
1192,192,0,0.03515618939288385,0.8688943045965971,1,Instructed
1193,193,0,0.6272904196463308,0.5331534995693477,1,Instructed
1194,194,0,0.3883342798172658,0.4736479165562768,1,Instructed
1195,195,0,0.8122007386666883,0.6225855514717912,1,Instructed
1196,196,0,0.5278141163878767,0.49728185785975765,1,Instructed
1197,197,0,0.4896303452147327,0.6404814025690422,1,Instructed
1198,198,0,0.7102603785177768,0.7390824151298334,1,Instructed
1199,199,0,0.5004341353319924,0.6485496708036552,1,Instructed
