,t,e_hat,Accuracy,pe,batch,Condition
0,0,0,0.8965130201093414,0.45667030413148174,0,Blocked
1,1,0,0.196937420549521,0.5853865226676718,0,Blocked
2,2,0,0.04255775979842921,0.6564524700685439,0,Blocked
3,3,0,0.4504261773381745,0.5647512885033492,0,Blocked
4,4,0,0.8840896155680924,0.6145396105968292,0,Blocked
5,5,0,0.9943247493055911,0.5543240874345342,0,Blocked
6,6,0,0.4266858960471008,0.6783726607385354,0,Blocked
7,7,0,0.20021558596294886,0.5157585916937693,0,Blocked
8,8,0,0.9104230417605863,0.6525877964616502,0,Blocked
9,9,0,0.14334430244606383,0.568976035874627,0,Blocked
10,10,0,0.2610179795183159,0.549549562678709,0,Blocked
11,11,0,0.3697339072674033,0.5929547029213473,0,Blocked
12,12,0,0.5048677341067548,0.6296009841810399,0,Blocked
13,13,0,0.3233866501793863,0.649868085021302,0,Blocked
14,14,0,0.4729257262540869,0.5328006400702592,0,Blocked
15,15,0,0.9728884544864398,0.6609830809886985,0,Blocked
16,16,0,0.9484226126938704,0.5300882731950073,0,Blocked
17,17,0,0.9415495992863232,0.45908716221632073,0,Blocked
18,18,0,0.2171059037925129,0.46524073351359946,0,Blocked
19,19,0,0.42604067085220093,0.7323109776137631,0,Blocked
20,20,0,0.48447588859435897,0.4360298077107442,0,Blocked
21,21,0,0.6560796227099761,0.9149958732202395,0,Blocked
22,22,0,0.1014495185326743,0.6276143756790333,0,Blocked
23,23,0,0.022619266007721968,0.6823248656414436,0,Blocked
24,24,0,0.08079966188292106,0.5884530096185903,0,Blocked
25,25,0,0.46522932848686743,0.5030755387515405,0,Blocked
26,26,0,0.29949015322328226,0.6421508414202868,0,Blocked
27,27,0,0.24496422052277825,0.4473040996643534,0,Blocked
28,28,0,0.5453993140210405,0.5584306762352146,0,Blocked
29,29,0,0.8518307566595377,0.38305009945697444,0,Blocked
30,30,0,0.9406080592142416,0.5247348468774451,0,Blocked
31,31,0,0.9009363051357264,0.5055425395049731,0,Blocked
32,32,0,0.15482857461148608,0.6090093193715738,0,Blocked
33,33,0,0.19867774917569467,0.5071089573733057,0,Blocked
34,34,0,0.5406867285233051,0.5024321486027857,0,Blocked
35,35,0,0.3163842409333814,0.5190180750974287,0,Blocked
36,36,0,0.8933899360197146,0.4284508854866589,0,Blocked
37,37,0,0.49562616445198904,0.49259192882247466,0,Blocked
38,38,0,0.657175286868694,0.5106250334460085,0,Blocked
39,39,0,0.22173735956332705,0.45554006392998964,0,Blocked
40,40,0,0.5803831783371655,0.7671648843631038,0,Blocked
41,41,0,0.4965831649304375,0.3975268932999367,0,Blocked
42,42,0,0.14573142574926912,0.5575475177029541,0,Blocked
43,43,0,0.7772454288298023,0.3506051231141478,0,Blocked
44,44,0,0.13942286464721748,0.5196847725011379,0,Blocked
45,45,0,0.8020896689913888,0.5967554030919748,0,Blocked
46,46,0,0.6405522082452311,0.7146284013762243,0,Blocked
47,47,0,0.2263295447201834,0.6041987848153626,0,Blocked
48,48,0,0.26530620190042936,0.5124717685022024,0,Blocked
49,49,0,0.6295982640945958,0.4718783768983494,0,Blocked
50,50,0,0.7773272934962339,0.4022803331066018,0,Blocked
51,51,0,0.8696351200897934,0.5237381826008016,0,Blocked
52,52,0,0.8503502373208831,0.5427032650520973,0,Blocked
53,53,0,0.14181589908613276,0.7253823422836516,0,Blocked
54,54,0,0.8261202526718312,0.6159475441074784,0,Blocked
55,55,0,0.3937079993225554,0.6341266909747618,0,Blocked
56,56,0,0.48056292778921905,0.5172751292556513,0,Blocked
57,57,0,0.39145456611268503,0.39529703362930324,0,Blocked
58,58,0,0.7470331029933801,0.6481761449509187,0,Blocked
59,59,0,0.6399939900222666,0.4345645329827411,0,Blocked
60,60,0,0.42663230778396155,0.5039409768085548,0,Blocked
61,61,0,0.4836225853884579,0.4240789431226718,0,Blocked
62,62,0,0.2911613611680584,0.7089121181151975,0,Blocked
63,63,0,0.8311123937070215,0.4748775101310967,0,Blocked
64,64,0,0.8443350666358334,0.5254384958827049,0,Blocked
65,65,0,0.1423122156674197,0.5241188461030764,0,Blocked
66,66,0,0.08005199602349816,0.5418818206713465,0,Blocked
67,67,0,0.9168143157509689,0.5917385220223392,0,Blocked
68,68,0,0.2159999591483169,0.6346656350962037,0,Blocked
69,69,0,0.7549976229717159,0.48157468827491806,0,Blocked
70,70,0,0.7148718191125965,0.592682681979793,0,Blocked
71,71,0,0.5999195790755676,0.6014577973266787,0,Blocked
72,72,0,0.8357949630835948,0.4811600600836734,0,Blocked
73,73,0,0.9573214235277905,0.3724427613197252,0,Blocked
74,74,0,0.2574190215086034,0.5134926169695365,0,Blocked
75,75,0,0.884627654391283,0.5560395268342588,0,Blocked
76,76,0,0.5023184099279017,0.390040814172935,0,Blocked
77,77,0,0.6623098301618231,0.6148287153647856,0,Blocked
78,78,0,0.3702421306558257,0.4868494331714952,0,Blocked
79,79,0,0.36183489222929066,0.6468820452650119,0,Blocked
80,80,0,0.38945640689894934,0.438432524138209,0,Blocked
81,81,0,0.08562059039945048,0.7119078451492993,0,Blocked
82,82,0,0.32445782352166697,0.6144863639446201,0,Blocked
83,83,0,0.7429809069743399,0.634741117215363,0,Blocked
84,84,0,0.7391883496833072,0.3351211390004345,0,Blocked
85,85,0,0.8903531451063259,0.5129489332100708,0,Blocked
86,86,0,0.028122917322140728,0.7888335859812683,0,Blocked
87,87,0,0.9074298131150176,0.39647988768248416,0,Blocked
88,88,0,0.3765961188077576,0.5268335795221002,0,Blocked
89,89,0,0.3657922807020598,0.548026222382606,0,Blocked
90,90,0,0.7812769950017961,0.4271721590273655,0,Blocked
91,91,0,0.3442602372001146,0.5631933339683395,0,Blocked
92,92,0,0.48560332895766856,0.4808227499992074,0,Blocked
93,93,0,0.42022828780779936,0.6026237643821624,0,Blocked
94,94,0,0.5580145493760649,0.4688994881536405,0,Blocked
95,95,0,0.5859314627302556,0.510341565073403,0,Blocked
96,96,0,0.1957412191800764,0.5414274711527878,0,Blocked
97,97,0,0.09536052927358227,0.6942827473954511,0,Blocked
98,98,0,0.8163950589818507,0.5016587405118971,0,Blocked
99,99,0,0.7142180559010644,0.4207348807687532,0,Blocked
100,100,0,0.7187649588852586,0.6136228520280309,0,Blocked
101,101,0,0.4363449440634358,0.4469498686390929,0,Blocked
102,102,0,0.44107572733136147,0.34846889839559464,0,Blocked
103,103,0,0.5287820761909798,0.5259670834302452,0,Blocked
104,104,0,0.4300853508771256,0.5373482402289778,0,Blocked
105,105,0,0.6653674558546737,0.42465997790776244,0,Blocked
106,106,0,0.7520730939106728,0.41182834145454467,0,Blocked
107,107,0,0.5946631492240666,0.46423492846621794,0,Blocked
108,108,0,0.6747710445703049,0.5281305976243573,0,Blocked
109,109,0,0.5409253050342177,0.42544431256782134,0,Blocked
110,110,0,0.6974029500158713,0.5583543321535365,0,Blocked
111,111,0,0.7015466246907822,0.782374150100734,0,Blocked
112,112,0,0.7806805391283853,0.4235692153365026,0,Blocked
113,113,0,0.6625584195552737,0.517946435200318,0,Blocked
114,114,0,0.5611707497666001,0.4700540405475681,0,Blocked
115,115,0,0.9954116996094158,0.6660010986218082,0,Blocked
116,116,0,0.9180076579269336,0.3307532130468085,0,Blocked
117,117,0,0.7371395468677164,0.5584271347835347,0,Blocked
118,118,0,0.8636256156288333,0.677364063531674,0,Blocked
119,119,0,0.8764156263823779,0.5958845903023327,0,Blocked
120,120,0,0.44046545753431154,0.43963788537195486,0,Blocked
121,121,0,0.6799612255219246,0.5472292771878687,0,Blocked
122,122,0,0.11798699253169649,0.6432929583648441,0,Blocked
123,123,0,0.10122139490462677,0.49377720812536907,0,Blocked
124,124,0,0.8334711282776446,0.36713657163630453,0,Blocked
125,125,0,0.4443076769704243,0.574477670647237,0,Blocked
126,126,0,0.7419786489773191,0.4139415220242729,0,Blocked
127,127,0,0.6362288692963414,0.6100425467987194,0,Blocked
128,128,0,0.7619666374369671,0.5236591996513463,0,Blocked
129,129,0,0.1799600032986136,0.7436035138011212,0,Blocked
130,130,0,0.17634283151266386,0.5760335469046415,0,Blocked
131,131,0,0.20314986284190922,0.55760557795939,0,Blocked
132,132,0,0.5294967760820068,0.6838850678174568,0,Blocked
133,133,0,0.6489098041818515,0.43470711047942295,0,Blocked
134,134,0,0.21837008695725452,0.7033736539173794,0,Blocked
135,135,0,0.5824330020919262,0.5357404155317773,0,Blocked
136,136,0,0.23503517995289955,0.5834420015837802,0,Blocked
137,137,0,0.955614995064361,0.42048995310208903,0,Blocked
138,138,0,0.9304006198104953,0.5116916112208776,0,Blocked
139,139,0,0.6786639319581267,0.4533372672265715,0,Blocked
140,140,0,0.5191177209517601,0.5583640645605243,0,Blocked
141,141,0,0.5884174509816575,0.45695624111791855,0,Blocked
142,142,0,0.6069966572520402,0.45092631995007537,0,Blocked
143,143,0,0.4423853015346251,0.6004193985443216,0,Blocked
144,144,0,0.3676771418285189,0.6139323485665051,0,Blocked
145,145,0,0.9265516085037384,0.37333004032197487,0,Blocked
146,146,0,0.8519253616590624,0.36726882964479646,0,Blocked
147,147,0,0.49558014384320137,0.6797916776726098,0,Blocked
148,148,0,0.3877378703668059,0.42853380441988503,0,Blocked
149,149,0,0.6834091540926386,0.6656574132537951,0,Blocked
150,150,0,0.5030361977290131,0.7795822470944425,0,Blocked
151,151,0,0.4940207278530518,0.5009917747814217,0,Blocked
152,152,0,0.48296591519142695,0.49485574126852,0,Blocked
153,153,0,0.47210686963131027,0.7160825651511415,0,Blocked
154,154,0,0.5421855656569016,0.6403614871787935,0,Blocked
155,155,0,0.6358558743879132,0.5111556880917671,0,Blocked
156,156,0,0.8656360606558768,0.5835490545136683,0,Blocked
157,157,0,0.3425286798156528,0.6836339377943272,0,Blocked
158,158,0,0.3692772592365704,0.522720003023081,0,Blocked
159,159,0,0.505808250035001,0.7572319580850615,0,Blocked
160,160,0,0.24016627738521662,0.8923821310334228,0,Blocked
161,161,0,0.7302739341746566,0.6429748989644343,0,Blocked
162,162,0,0.05451678865715686,0.6131363255894352,0,Blocked
163,163,0,0.5245285302421856,0.45363808920011917,0,Blocked
164,164,0,0.5540974983740088,0.6082953548603418,0,Blocked
165,165,0,0.6791288701427161,0.5599145981612224,0,Blocked
166,166,0,0.5062010224175463,0.6202680218006856,0,Blocked
167,167,0,0.5090296591231475,0.5889819410535779,0,Blocked
168,168,0,0.5448890490336514,0.8246618424232601,0,Blocked
169,169,0,0.8538571960807497,0.4947912087500842,0,Blocked
170,170,0,0.9739595941116581,0.49421434306287804,0,Blocked
171,171,0,0.41050728878960974,0.7156406804403137,0,Blocked
172,172,0,0.38386744299578646,0.4417943126413958,0,Blocked
173,173,0,0.5250721662104281,0.6650761781544611,0,Blocked
174,174,0,0.7252513289569931,0.4190768012293661,0,Blocked
175,175,0,0.3708885837912489,0.5198048173342773,0,Blocked
176,176,0,0.4084146399380058,0.7968134046706092,0,Blocked
177,177,0,0.5431580064758846,0.41325699179429065,0,Blocked
178,178,0,0.029870750605526485,0.5619000091953521,0,Blocked
179,179,0,0.7916573927112314,0.5268455229765822,0,Blocked
180,180,0,0.8991936477032441,0.34890237401269775,0,Blocked
181,181,0,0.9453820996183894,0.3938899853297436,0,Blocked
182,182,0,0.5180376696887776,0.4517385295468884,0,Blocked
183,183,0,0.9101646480455354,0.4967013757311476,0,Blocked
184,184,0,0.8042657243447429,0.49643955734669853,0,Blocked
185,185,0,0.4012216724079548,0.5326814439741896,0,Blocked
186,186,0,0.5274709459422785,0.5804187219823994,0,Blocked
187,187,0,0.736499225840209,0.5454037170557734,0,Blocked
188,188,0,0.5036904724474017,0.4279230923426469,0,Blocked
189,189,0,0.45167474133859725,0.579967738605907,0,Blocked
190,190,0,0.8683079681099006,0.5167080011776121,0,Blocked
191,191,0,0.27398362598168285,0.5396941728584272,0,Blocked
192,192,0,0.1427848252555566,0.7833089296490379,0,Blocked
193,193,0,0.7914576511654111,0.3852306013485248,0,Blocked
194,194,0,0.5513842012004488,0.4577697306568672,0,Blocked
195,195,0,0.37326901627837755,0.38593516932854194,0,Blocked
196,196,0,0.7020225672654956,0.34531893039458433,0,Blocked
197,197,0,0.4357653071925409,0.5122744118354653,0,Blocked
198,198,0,0.18349916209100425,0.6482773391752408,0,Blocked
199,199,0,0.6832799914470633,0.5686443864834883,0,Blocked
200,0,0,0.479988109165829,0.7650986967001168,0,Interleaved
201,1,0,0.21524758641128744,0.7096261656536687,0,Interleaved
202,2,0,0.7920524584611928,0.6329462238700312,0,Interleaved
203,3,0,0.46911240118327807,1.0591885503849923,0,Interleaved
204,4,0,0.2778991093003821,0.6255408145242766,0,Interleaved
205,5,0,0.9723819953178348,0.5810834560029998,0,Interleaved
206,6,0,0.55094140348831,0.4289938890403442,0,Interleaved
207,7,0,0.11528088559325621,0.6450786220826122,0,Interleaved
208,8,0,0.38165056917255524,0.5513280707595991,0,Interleaved
209,9,0,0.21640829028638234,0.606726203842072,0,Interleaved
210,10,0,0.6303895420531211,0.6531200074970769,0,Interleaved
211,11,0,0.3098158030003115,0.7476288593104143,0,Interleaved
212,12,0,0.8311614703647394,0.5498177631968313,0,Interleaved
213,13,0,0.4521816593647413,0.6233216689095401,0,Interleaved
214,14,0,0.6651668567678662,0.5698584871487077,0,Interleaved
215,15,0,0.6104120002142062,0.5784447693820937,0,Interleaved
216,16,0,0.37660461204239676,0.5757153487592181,0,Interleaved
217,17,0,0.7531845354273712,0.5395841347454642,0,Interleaved
218,18,0,0.5283634863662046,0.5192677711034528,0,Interleaved
219,19,0,0.7612109602524828,0.5315123380127523,0,Interleaved
220,20,0,0.6409980106107792,0.6350294097780564,0,Interleaved
221,21,0,0.4365939711183945,0.7565254455915258,0,Interleaved
222,22,0,0.01870884070013859,0.743628797208052,0,Interleaved
223,23,0,0.48374483983084166,0.5917228949921642,0,Interleaved
224,24,0,0.9284570211836081,0.4966688935681265,0,Interleaved
225,25,0,0.6052971244867362,0.36907072190764034,0,Interleaved
226,26,0,0.5792326964009554,0.46379444350572385,0,Interleaved
227,27,0,0.779943943153554,0.5537913092683453,0,Interleaved
228,28,0,0.20777841302419736,0.5672285113726548,0,Interleaved
229,29,0,0.5873460082591264,0.5248462401262795,0,Interleaved
230,30,0,0.6218015555827549,0.587348438265247,0,Interleaved
231,31,0,0.678340263820529,0.5803976988193636,0,Interleaved
232,32,0,0.5751368619346209,0.5392730705032306,0,Interleaved
233,33,0,0.9291658162377621,0.5902950839537485,0,Interleaved
234,34,0,0.5687924432227236,0.6239726222927263,0,Interleaved
235,35,0,0.13598085762057285,0.6460779730080453,0,Interleaved
236,36,0,0.2165367008956056,0.9378836074033761,0,Interleaved
237,37,0,0.5646533109098836,0.4991367511745305,0,Interleaved
238,38,0,0.3813114219234316,0.6737038912525734,0,Interleaved
239,39,0,0.6966255906152914,0.5542002010135216,0,Interleaved
240,40,0,0.3081548138750482,0.6149584725667105,0,Interleaved
241,41,0,0.30363564417027794,0.48878700194554403,0,Interleaved
242,42,0,0.5219636016423147,0.7480292858277926,0,Interleaved
243,43,0,0.7145263577041141,0.4833195527565802,0,Interleaved
244,44,0,0.43151030999394135,0.569224113889098,0,Interleaved
245,45,0,0.1782694724577702,0.5628000294569767,0,Interleaved
246,46,0,0.4203006045889106,0.6750320873799862,0,Interleaved
247,47,0,0.8331858131366787,0.4260565402149787,0,Interleaved
248,48,0,0.3926445487724539,0.5062356302711546,0,Interleaved
249,49,0,0.16109700219498327,0.5240162156912667,0,Interleaved
250,50,0,0.4911209284898841,0.6214140431535733,0,Interleaved
251,51,0,0.3337247954986075,0.543324238163152,0,Interleaved
252,52,0,0.28721728817725145,0.505687471521137,0,Interleaved
253,53,0,0.6079449915948206,0.5388744499651041,0,Interleaved
254,54,0,0.40818138398749704,0.6838695096292142,0,Interleaved
255,55,0,0.43566712895269966,0.46629374563249576,0,Interleaved
256,56,0,0.8033548599098873,0.5516475670868495,0,Interleaved
257,57,0,0.3717794770386742,0.5710315602438718,0,Interleaved
258,58,0,0.4371943116158995,0.743118880254712,0,Interleaved
259,59,0,0.6272767739478963,0.45772818536689125,0,Interleaved
260,60,0,0.9261756648830715,0.4873258339260016,0,Interleaved
261,61,0,0.5302852035583143,0.5170806915166418,0,Interleaved
262,62,0,0.09843966554895306,0.5643102976980191,0,Interleaved
263,63,0,0.4518136706170553,0.6345460350986597,0,Interleaved
264,64,0,0.3799882803878952,0.6615851961890739,0,Interleaved
265,65,0,0.6027644951204807,0.4698803268208275,0,Interleaved
266,66,0,0.14568918538005676,0.6334483912463307,0,Interleaved
267,67,0,0.30004558557232763,0.5864847432370056,0,Interleaved
268,68,0,0.6620054425589585,0.4980105627957001,0,Interleaved
269,69,0,0.6716045889005864,0.5535335523552068,0,Interleaved
270,70,0,0.5561499531443366,0.491487985162477,0,Interleaved
271,71,0,0.6667861193625801,0.4808722053032265,0,Interleaved
272,72,0,0.5966725714806435,0.5012290991600951,0,Interleaved
273,73,0,0.8688711763276851,0.5472805245322901,0,Interleaved
274,74,0,0.5643242772947943,0.5762299731546214,0,Interleaved
275,75,0,0.14643512057171754,0.5971030432468111,0,Interleaved
276,76,0,0.4734521554356305,0.5658643182570601,0,Interleaved
277,77,0,0.49922693464693774,0.531018603471818,0,Interleaved
278,78,0,0.3102508411127614,0.5663415310904671,0,Interleaved
279,79,0,0.48392691484833816,0.5575081420578212,0,Interleaved
280,80,0,0.7686165977875057,0.4957010502685898,0,Interleaved
281,81,0,0.8633933226865151,0.42510698772970346,0,Interleaved
282,82,0,0.4882551570436158,0.7022169756218224,0,Interleaved
283,83,0,0.05229638215705984,0.759899797190739,0,Interleaved
284,84,0,0.6601829164251553,0.4319375514376232,0,Interleaved
285,85,0,0.6777699465385411,0.5186555805829751,0,Interleaved
286,86,0,0.499933411843931,0.6520511994768924,0,Interleaved
287,87,0,0.13149063084173598,0.6109325748855723,0,Interleaved
288,88,0,0.12973273847853242,0.7171396576690476,0,Interleaved
289,89,0,0.7308227676848297,0.5047463118898668,0,Interleaved
290,90,0,0.49378347306990544,0.609903549073483,0,Interleaved
291,91,0,0.053120548727940115,0.7806140550195806,0,Interleaved
292,92,0,0.42666575519486877,0.6448455989307251,0,Interleaved
293,93,0,0.6822374410360093,0.5216849537631845,0,Interleaved
294,94,0,0.5178010532215636,0.5779347107863813,0,Interleaved
295,95,0,0.2081002151515235,0.6623803448708894,0,Interleaved
296,96,0,0.4537548981868588,0.7065884616405125,0,Interleaved
297,97,0,0.6814918913212666,0.5777895972190321,0,Interleaved
298,98,0,0.3370169661062492,0.5528050498174485,0,Interleaved
299,99,0,0.8835204905310028,0.532032444381636,0,Interleaved
300,100,0,0.5615422258852167,0.5097603778267407,0,Interleaved
301,101,0,0.023232093748301968,0.7256847470355992,0,Interleaved
302,102,0,0.970527016149392,0.6055654070394765,0,Interleaved
303,103,0,0.5978280087232314,0.5541288373073947,0,Interleaved
304,104,0,0.23358037684812785,0.5362169888799025,0,Interleaved
305,105,0,0.6733928094141164,0.4733319501097931,0,Interleaved
306,106,0,0.34668017632841164,0.5388772513459764,0,Interleaved
307,107,0,0.4394186089890053,0.6009992559751127,0,Interleaved
308,108,0,0.4293452282733537,0.5141973705607323,0,Interleaved
309,109,0,0.49053579769362926,0.4659215492295713,0,Interleaved
310,110,0,0.9300485475077751,0.3945039632619458,0,Interleaved
311,111,0,0.5004390225334,0.5770777683882876,0,Interleaved
312,112,0,0.9680361850080916,0.32317561179698684,0,Interleaved
313,113,0,0.5443382062026512,0.44225481399431843,0,Interleaved
314,114,0,0.23599194859272776,0.7860065237559815,0,Interleaved
315,115,0,0.8164550643102233,0.3684541355521571,0,Interleaved
316,116,0,0.8099171012810373,0.5252532471524639,0,Interleaved
317,117,0,0.3152217123407014,0.6538756559099705,0,Interleaved
318,118,0,0.25824997114226916,0.5825122264835899,0,Interleaved
319,119,0,0.5759961542820946,0.5104459826735513,0,Interleaved
320,120,0,0.9298299915752248,0.6268557742513797,0,Interleaved
321,121,0,0.48631726396324415,0.6474842489835979,0,Interleaved
322,122,0,0.9552290279637257,0.35653373418802403,0,Interleaved
323,123,0,0.3547296034552795,0.5248484533743911,0,Interleaved
324,124,0,0.5034761145696087,0.4800328008729602,0,Interleaved
325,125,0,0.2608859686732828,0.5754847756809576,0,Interleaved
326,126,0,0.590407576725318,0.48008038935837766,0,Interleaved
327,127,0,0.5468908252955865,0.49156128159516865,0,Interleaved
328,128,0,0.9488983002163263,0.5862527052420097,0,Interleaved
329,129,0,0.5151867261015771,0.49945240883010134,0,Interleaved
330,130,0,0.04792859472588195,0.6963858751606312,0,Interleaved
331,131,0,0.6153081067340307,0.5232083470530211,0,Interleaved
332,132,0,0.4001890553212799,0.6126546715696697,0,Interleaved
333,133,0,0.7169132073285969,0.371209869684499,0,Interleaved
334,134,0,0.24243934740189044,0.6005811325718037,0,Interleaved
335,135,0,0.28797933381692314,0.6461998223470955,0,Interleaved
336,136,0,0.7513173185950135,0.5385177072025787,0,Interleaved
337,137,0,0.45339946269275944,0.49075364367466023,0,Interleaved
338,138,0,0.29424393562091444,0.5714674030509808,0,Interleaved
339,139,0,0.5563034714423005,0.6325025504257498,0,Interleaved
340,140,0,0.10490351842599506,0.6242405165028782,0,Interleaved
341,141,0,0.6238359408846348,0.6160095622748231,0,Interleaved
342,142,0,0.28885010463759053,0.629526363504347,0,Interleaved
343,143,0,0.7945646916755768,0.617373268664798,0,Interleaved
344,144,0,0.2859957810078735,0.6143706294594007,0,Interleaved
345,145,0,0.468866902249663,0.620410925182934,0,Interleaved
346,146,0,0.11174926144680235,0.5562383335619341,0,Interleaved
347,147,0,0.6016758366258744,0.3975162887051806,0,Interleaved
348,148,0,0.3107364948927031,0.6086654393171951,0,Interleaved
349,149,0,0.8875348520758726,0.5145980134143233,0,Interleaved
350,150,0,0.6062062737866266,0.5274025732341885,0,Interleaved
351,151,0,0.19260700526086644,0.690294347981703,0,Interleaved
352,152,0,0.638554782462301,0.5625064851389735,0,Interleaved
353,153,0,0.4237315606983433,0.6401337438555115,0,Interleaved
354,154,0,0.5808881967024321,0.6614934871951943,0,Interleaved
355,155,0,0.2892773288189089,0.746669389926319,0,Interleaved
356,156,0,0.5779929328838236,0.4832774018206184,0,Interleaved
357,157,0,0.12368098876223438,0.5887056988364849,0,Interleaved
358,158,0,0.48417720040525414,0.8035988067051884,0,Interleaved
359,159,0,0.9035340642624623,0.5015259061091436,0,Interleaved
360,160,0,0.749015588878716,0.7035307576618908,0,Interleaved
361,161,0,0.22508545701050342,0.6231535241260897,0,Interleaved
362,162,0,0.24317518255013634,0.4938053428065525,0,Interleaved
363,163,0,0.44069989550743544,0.5709047966583538,0,Interleaved
364,164,0,0.7446255298635651,0.5140691145784946,0,Interleaved
365,165,0,0.1557660560319895,0.5301008908951271,0,Interleaved
366,166,0,0.1604133724024342,0.6148720840705689,0,Interleaved
367,167,0,0.07120165066304712,0.5427343612305147,0,Interleaved
368,168,0,0.30061280937877327,0.6848671370651067,0,Interleaved
369,169,0,0.6155333261315782,0.6062260105766327,0,Interleaved
370,170,0,0.3598303436654987,0.5956940708522778,0,Interleaved
371,171,0,0.5801053887411315,0.5158675517696364,0,Interleaved
372,172,0,0.4693912109317562,0.4686506132333199,0,Interleaved
373,173,0,0.7558129367687996,0.5670766500642275,0,Interleaved
374,174,0,0.7102453198150148,0.6626112992896421,0,Interleaved
375,175,0,0.7177060349006241,0.4287644763471178,0,Interleaved
376,176,0,0.8004882100013369,0.4892870743220713,0,Interleaved
377,177,0,0.699461523992034,0.48334953167244904,0,Interleaved
378,178,0,0.2056868086830811,0.7955882817124441,0,Interleaved
379,179,0,0.49551513143172815,0.8062200884056381,0,Interleaved
380,180,0,0.471038373500955,0.571302641930711,0,Interleaved
381,181,0,0.08047274544047149,0.6384938780302611,0,Interleaved
382,182,0,0.9206133282565429,0.5602476581378057,0,Interleaved
383,183,0,0.6139366908064123,0.6300593808883213,0,Interleaved
384,184,0,0.6418326197214157,0.632974473894683,0,Interleaved
385,185,0,0.305360408138834,0.7343127229630416,0,Interleaved
386,186,0,0.4148683197730332,0.46457176082759477,0,Interleaved
387,187,0,0.5608209276279892,0.4329583121926088,0,Interleaved
388,188,0,0.6893593087716293,0.4981818325867012,0,Interleaved
389,189,0,0.2889135238556658,0.6078596293074034,0,Interleaved
390,190,0,0.7164295259959259,0.5217995518495484,0,Interleaved
391,191,0,0.2800767753502797,0.5961182596294012,0,Interleaved
392,192,0,0.4864867811062442,0.6767162347751736,0,Interleaved
393,193,0,0.681017606094419,0.5726205275822543,0,Interleaved
394,194,0,0.5002520096424584,0.5187383295811678,0,Interleaved
395,195,0,0.724948636339924,0.4375015643722721,0,Interleaved
396,196,0,0.7140944057972445,0.4582564003145564,0,Interleaved
397,197,0,0.47258020686924285,0.6721332141303898,0,Interleaved
398,198,0,0.24077243090566192,0.659295257013824,0,Interleaved
399,199,0,0.3817640389019876,0.5467248485996784,0,Interleaved
400,0,0,0.6737781318848652,0.5111683400188844,0,Instructed
401,1,0,0.5064271898742843,0.6535528786110051,0,Instructed
402,2,0,0.1927783201192269,0.47433889938013624,0,Instructed
403,3,0,0.08827925527417275,0.5442769782014663,0,Instructed
404,4,0,0.6766465972134081,0.6653797975187916,0,Instructed
405,5,0,0.8791799955215289,0.45546960429105154,0,Instructed
406,6,0,0.8830456037479302,0.4889787131880222,0,Instructed
407,7,0,0.43361698729096204,0.6850324615605858,0,Instructed
408,8,0,0.8035556538595742,0.7071353534855052,0,Instructed
409,9,0,0.07069680241282501,0.47928511418306247,0,Instructed
410,10,0,0.3998558951827066,0.4004652700757369,0,Instructed
411,11,0,0.595223359911968,0.39025418885034147,0,Instructed
412,12,0,0.5270789758479189,0.4643010194421571,0,Instructed
413,13,0,0.02130088101215947,0.5166289636701774,0,Instructed
414,14,0,0.4575483379097483,0.734549843638221,0,Instructed
415,15,0,0.4244071326213804,0.5405264146157438,0,Instructed
416,16,0,0.5319545054632623,0.4985083720873237,0,Instructed
417,17,0,0.8237838380093261,0.5825486908609466,0,Instructed
418,18,0,0.3345202817628494,0.45873584224760167,0,Instructed
419,19,0,0.5284124646475544,0.4096930466491176,0,Instructed
420,20,0,0.8550880275469781,0.37790765219323164,0,Instructed
421,21,0,0.7070673940938467,0.2555477350305466,0,Instructed
422,22,0,0.6256488894939516,0.5672231836352857,0,Instructed
423,23,0,0.11951324526157923,0.5056652313914116,0,Instructed
424,24,0,0.5959684304294856,0.4052677452026838,0,Instructed
425,25,0,0.5707195271529794,0.39075131539582597,0,Instructed
426,26,0,0.09500983858794274,0.6342098162167973,0,Instructed
427,27,0,0.1552408628486216,0.5643431180342442,0,Instructed
428,28,0,0.5039990629464466,0.5306052300356205,0,Instructed
429,29,0,0.5825731892071901,0.4279901707045788,0,Instructed
430,30,0,0.49708387664851583,0.5047917464250766,0,Instructed
431,31,0,0.9582095656758434,0.3777329120215987,0,Instructed
432,32,0,0.2806540451964208,0.47803064378026644,0,Instructed
433,33,0,0.13022384439717452,0.383034394229398,0,Instructed
434,34,0,0.4973578403111717,0.4278876606626484,0,Instructed
435,35,0,0.5918964244938358,0.4943810196783892,0,Instructed
436,36,0,0.2293693883522599,0.5012285614923216,0,Instructed
437,37,0,0.44475911535823615,0.4776143782163913,0,Instructed
438,38,0,0.6985047657351382,0.3898631943843533,0,Instructed
439,39,0,0.16973718947487873,0.4439286572104443,0,Instructed
440,40,0,0.5897993908667385,0.4554575381118036,0,Instructed
441,41,0,0.10214633198969199,0.5044134262630386,0,Instructed
442,42,0,0.8703331839576194,0.4114675654465691,0,Instructed
443,43,0,0.6189802585605387,0.5147462887168721,0,Instructed
444,44,0,0.6988392816553881,0.5034616875036035,0,Instructed
445,45,0,0.7299302960258014,0.3400430435696317,0,Instructed
446,46,0,0.13754200595980295,0.48094766694524516,0,Instructed
447,47,0,0.4659101504945691,0.4362838179839401,0,Instructed
448,48,0,0.6019803206706917,0.49194420851252113,0,Instructed
449,49,0,0.6718842144366269,0.3870446701922986,0,Instructed
450,50,0,0.5341872106526899,0.37996971082551645,0,Instructed
451,51,0,0.7276220950457379,0.47228452361440587,0,Instructed
452,52,0,0.15161878245315305,0.5594271122089446,0,Instructed
453,53,0,0.9421627529770155,0.4323035729428596,0,Instructed
454,54,0,0.5347022290639605,0.3434706230195964,0,Instructed
455,55,0,0.976580237427297,0.2985221228860846,0,Instructed
456,56,0,0.8320484999835088,0.3396010936389164,0,Instructed
457,57,0,0.5524253647674899,0.35923290179783157,0,Instructed
458,58,0,0.9551521654349847,0.4364526166022999,0,Instructed
459,59,0,0.5871940302495355,0.6149867855688886,0,Instructed
460,60,0,0.0360239211119157,0.4670248162419274,0,Instructed
461,61,0,0.45338973237723135,0.42717334263638995,0,Instructed
462,62,0,0.17633080717692573,0.42898763539251955,0,Instructed
463,63,0,0.7474442425605432,0.42007134116930467,0,Instructed
464,64,0,0.7113981508394281,0.4460647678907748,0,Instructed
465,65,0,0.614234261568134,0.543142619136887,0,Instructed
466,66,0,0.0876455491472359,0.45589182239444087,0,Instructed
467,67,0,0.08030008936290325,0.673747457538699,0,Instructed
468,68,0,0.774502723226635,0.2818162847179665,0,Instructed
469,69,0,0.06123610253207697,0.49898669879412033,0,Instructed
470,70,0,0.526011103925911,0.4684130135564868,0,Instructed
471,71,0,0.898518474938359,0.32554560539767174,0,Instructed
472,72,0,0.6270941568099111,0.43469467702190456,0,Instructed
473,73,0,0.596700246108759,0.4270703746267577,0,Instructed
474,74,0,0.23306305289007834,0.37442907005257564,0,Instructed
475,75,0,0.026024976100424185,0.4506811739875086,0,Instructed
476,76,0,0.8125927771835264,0.47795466522564956,0,Instructed
477,77,0,0.539074086751193,0.3676584027711005,0,Instructed
478,78,0,0.8688254108050637,0.5423245422726392,0,Instructed
479,79,0,0.5376606852878576,0.2853620508909892,0,Instructed
480,80,0,0.2414399982929989,0.3494447880612136,0,Instructed
481,81,0,0.6237864408124209,0.33354960426632635,0,Instructed
482,82,0,0.9361796189141371,0.3908664052228969,0,Instructed
483,83,0,0.4586472045418184,0.3639841850075742,0,Instructed
484,84,0,0.7747140089379234,0.4359407739207549,0,Instructed
485,85,0,0.6733595380655208,0.3718365297769056,0,Instructed
486,86,0,0.8864486326719605,0.3565846224671583,0,Instructed
487,87,0,0.051582698386719875,0.5224737727332852,0,Instructed
488,88,0,0.7228579227684025,0.20870410813767434,0,Instructed
489,89,0,0.3743636260608507,0.468992463906198,0,Instructed
490,90,0,0.13448955695604684,0.5949156465368897,0,Instructed
491,91,0,0.27521329737906103,0.4796804649175531,0,Instructed
492,92,0,0.5209950787154726,0.3917010264294695,0,Instructed
493,93,0,0.9880675529766566,0.35762788966373527,0,Instructed
494,94,0,0.6008792722197652,0.38740878251581456,0,Instructed
495,95,0,0.3049389710920104,0.462480788909861,0,Instructed
496,96,0,0.8305551247193087,0.4356610397694644,0,Instructed
497,97,0,0.8172651100757635,0.3524415116022172,0,Instructed
498,98,0,0.3064237801527259,0.31922272775122107,0,Instructed
499,99,0,0.9445553597814789,0.4546318099079383,0,Instructed
500,100,0,0.6774476497901796,0.32588905219762243,0,Instructed
501,101,0,0.8565617203376146,0.46140367991427234,0,Instructed
502,102,0,0.20862260232022162,0.44122712749111936,0,Instructed
503,103,0,0.1668990791697728,0.4898629979365733,0,Instructed
504,104,0,0.7263421890624037,0.4968780166199418,0,Instructed
505,105,0,0.8011657868137902,0.5341311783038387,0,Instructed
506,106,0,0.4518883887154875,0.5046650388384303,0,Instructed
507,107,0,0.07278706811131168,0.6716655146232944,0,Instructed
508,108,0,0.7620214448118459,0.2894380944313064,0,Instructed
509,109,0,0.9185603884130907,0.5374625725875481,0,Instructed
510,110,0,0.5358820636447779,0.5900683057682587,0,Instructed
511,111,0,0.7908197806453037,0.2974306570995655,0,Instructed
512,112,0,0.08688775978318007,0.5445277080911357,0,Instructed
513,113,0,0.2973610815248768,0.5270166987876931,0,Instructed
514,114,0,0.819217859545651,0.3662279579815856,0,Instructed
515,115,0,0.3887717093525451,0.42395299324307495,0,Instructed
516,116,0,0.40858787947779124,0.5659862951533824,0,Instructed
517,117,0,0.7574606907352708,0.45317837616683154,0,Instructed
518,118,0,0.8861206249733264,0.40447633538969335,0,Instructed
519,119,0,0.5201650897164558,0.391469175893532,0,Instructed
520,120,0,0.08661553662609424,0.49368681691752275,0,Instructed
521,121,0,0.4366299984383827,0.4587191240254477,0,Instructed
522,122,0,0.25194840570167454,0.3509728931595919,0,Instructed
523,123,0,0.5344588282983522,0.29912319010082417,0,Instructed
524,124,0,0.6623129727117599,0.3290915716685131,0,Instructed
525,125,0,0.9804416514396987,0.44651817731481924,0,Instructed
526,126,0,0.3642067430559068,0.5675324264782673,0,Instructed
527,127,0,0.9730687721349314,0.5295289560092398,0,Instructed
528,128,0,0.7265201654902247,0.45281572179963203,0,Instructed
529,129,0,0.5632742861681633,0.5352966670972433,0,Instructed
530,130,0,0.36170743464753446,0.6023101164767388,0,Instructed
531,131,0,0.8007189453570646,0.5138265191088865,0,Instructed
532,132,0,0.43325756759097656,0.5291377974868785,0,Instructed
533,133,0,0.4550293289669093,0.4175484756733977,0,Instructed
534,134,0,0.5183291452716181,0.4189060006370156,0,Instructed
535,135,0,0.6756050028196485,0.29639188046038023,0,Instructed
536,136,0,0.2571915603261886,0.39856214208841656,0,Instructed
537,137,0,0.49694470899256094,0.42715276546678094,0,Instructed
538,138,0,0.6334471915780387,0.46342712861427915,0,Instructed
539,139,0,0.14203214939926476,0.41367567464373517,0,Instructed
540,140,0,0.44159044540713327,0.39389757108418355,0,Instructed
541,141,0,0.45435261408910144,0.3954047242306252,0,Instructed
542,142,0,0.7938644035450352,0.4768330577899198,0,Instructed
543,143,0,0.09274263992265706,0.5703439621088987,0,Instructed
544,144,0,0.28480761202693416,0.6266906912015626,0,Instructed
545,145,0,0.5458658908093454,0.48016296078536164,0,Instructed
546,146,0,0.5503925092999318,0.47362124834400654,0,Instructed
547,147,0,0.9915583195244316,0.23214819283558694,0,Instructed
548,148,0,0.4855251241290185,0.4437680938967233,0,Instructed
549,149,0,0.8480571153448464,0.39426357385462696,0,Instructed
550,150,0,0.25228295116711985,0.42566099146699926,0,Instructed
551,151,0,0.3512457699438013,0.40630641399110684,0,Instructed
552,152,0,0.32950004018552265,0.5239811952216638,0,Instructed
553,153,0,0.41768790287439633,0.39597852684905466,0,Instructed
554,154,0,0.4097756258703651,0.463329577306996,0,Instructed
555,155,0,0.8272419695983948,0.4089914549129943,0,Instructed
556,156,0,0.9456589301043177,0.2769494032164473,0,Instructed
557,157,0,0.990600784694217,0.48401450178918565,0,Instructed
558,158,0,0.19148811948473043,0.48292794781816495,0,Instructed
559,159,0,0.6414764820116472,0.48327655440041445,0,Instructed
560,160,0,0.2826803974466226,0.5208056221917019,0,Instructed
561,161,0,0.2830202377790414,0.4919190593285239,0,Instructed
562,162,0,0.2649171538843855,0.3564421692282235,0,Instructed
563,163,0,0.7846871462437295,0.4697506114795241,0,Instructed
564,164,0,0.6357567973628345,0.46347649483028,0,Instructed
565,165,0,0.7378817518955703,0.38254683217017965,0,Instructed
566,166,0,0.9081373072056506,0.2837190723551542,0,Instructed
567,167,0,0.5338509346584812,0.3993278695322696,0,Instructed
568,168,0,0.5455412006858484,0.458606108297519,0,Instructed
569,169,0,0.5737089213668649,0.49377481848187854,0,Instructed
570,170,0,0.6512825382533111,0.42646057692731815,0,Instructed
571,171,0,0.7886051175501649,0.31279362977074565,0,Instructed
572,172,0,0.8329101660167075,0.29986095139951174,0,Instructed
573,173,0,0.7910541018078181,0.410717753306505,0,Instructed
574,174,0,0.535174074807478,0.46531685216581287,0,Instructed
575,175,0,0.35057840191314293,0.5162934625257302,0,Instructed
576,176,0,0.9526919051354061,0.2709768059759533,0,Instructed
577,177,0,0.11948541213905708,0.28090795615740616,0,Instructed
578,178,0,0.11145023679414055,0.42173249929212325,0,Instructed
579,179,0,0.8582568965734692,0.3654679388830868,0,Instructed
580,180,0,0.7767552147209014,0.3208279400006587,0,Instructed
581,181,0,0.6807741986580451,0.4582891309776597,0,Instructed
582,182,0,0.6327635524178631,0.3727368229765171,0,Instructed
583,183,0,0.9137573111384756,0.273692825519752,0,Instructed
584,184,0,0.7735937280926322,0.33586491733233115,0,Instructed
585,185,0,0.8759786156347764,0.30527704014903967,0,Instructed
586,186,0,0.7517192229796748,0.36673910866919246,0,Instructed
587,187,0,0.48075224810511047,0.398467845302528,0,Instructed
588,188,0,0.6125444608219981,0.3155970397507811,0,Instructed
589,189,0,0.7616156047327911,0.3650207527371876,0,Instructed
590,190,0,0.31512207044806484,0.3572735708085445,0,Instructed
591,191,0,0.7059480896007977,0.37074661489037497,0,Instructed
592,192,0,0.4674843695442621,0.46735597179845556,0,Instructed
593,193,0,0.45217738040268496,0.41925611981504873,0,Instructed
594,194,0,0.9777886011683574,0.2977264450494006,0,Instructed
595,195,0,0.9043138831252431,0.390350294507926,0,Instructed
596,196,0,0.16855323944300854,0.46119088973688793,0,Instructed
597,197,0,0.9977728168172593,0.5736189504908755,0,Instructed
598,198,0,0.9557127650008408,0.39568950904356803,0,Instructed
599,199,0,0.4928555750175169,0.5299096910527454,0,Instructed
600,0,0,0.6684707909126918,0.7070852235276632,1,Blocked
601,1,0,0.002595053183147005,0.8089839649234624,1,Blocked
602,2,0,0.6468928177461294,0.4886843704012388,1,Blocked
603,3,0,0.2656664829720906,0.5471118812698366,1,Blocked
604,4,0,0.5218205895442786,0.49394651660717726,1,Blocked
605,5,0,0.623229657858068,0.4769098089143914,1,Blocked
606,6,0,0.21477772357394756,0.6450811522906785,1,Blocked
607,7,0,0.2772882378235096,0.5762194648597165,1,Blocked
608,8,0,0.673086552549898,0.4886983276971473,1,Blocked
609,9,0,0.36436786987247866,0.5500222873678866,1,Blocked
610,10,0,0.5777596230285081,0.4034554520298941,1,Blocked
611,11,0,0.4972262265456257,0.4239209673461665,1,Blocked
612,12,0,0.5184801906637622,0.5210296572856041,1,Blocked
613,13,0,0.9305301103262561,0.3642374638468882,1,Blocked
614,14,0,0.8478526328102006,0.45376022593957677,1,Blocked
615,15,0,0.8085216121476066,0.5918769349962728,1,Blocked
616,16,0,0.8457785471643295,0.5143681405877731,1,Blocked
617,17,0,0.1583101601581839,0.6866417915402221,1,Blocked
618,18,0,0.15305423686703412,0.8066689143388945,1,Blocked
619,19,0,0.37839139601616884,0.5493235699034118,1,Blocked
620,20,0,0.8936267203038757,0.5234423432117978,1,Blocked
621,21,0,0.9041477978859622,0.6199320077825823,1,Blocked
622,22,0,0.7162397816939895,0.5814668600624929,1,Blocked
623,23,0,0.4488683074829878,0.6010131247648304,1,Blocked
624,24,0,0.7695390461467049,0.798449941860293,1,Blocked
625,25,0,0.9621688639458104,0.5150658290921138,1,Blocked
626,26,0,0.06062250630706393,0.6266558946704903,1,Blocked
627,27,0,0.7128804439417258,0.545962386938807,1,Blocked
628,28,0,0.454754968275782,0.5654741867643993,1,Blocked
629,29,0,0.49338510937005375,0.46093993939000033,1,Blocked
630,30,0,0.4544311382967354,0.5848710138615474,1,Blocked
631,31,0,0.47455939612054804,0.5712920098854448,1,Blocked
632,32,0,0.43376966415918544,0.41744099574378124,1,Blocked
633,33,0,0.3224496342268904,0.43011968018653196,1,Blocked
634,34,0,0.819825260786863,0.36088439504696745,1,Blocked
635,35,0,0.45977795974236296,0.3971329341707994,1,Blocked
636,36,0,0.7623535674746214,0.4408630309720214,1,Blocked
637,37,0,0.5365985211399907,0.3605865695391995,1,Blocked
638,38,0,0.9195259350175775,0.6222375985790978,1,Blocked
639,39,0,0.6225323791044923,0.4841653855014598,1,Blocked
640,40,0,0.30909611484864224,0.5373878146682725,1,Blocked
641,41,0,0.23867262860704586,0.5702791409953297,1,Blocked
642,42,0,0.26198446112915513,0.6169583971497193,1,Blocked
643,43,0,0.5511751494849475,0.4818428514675372,1,Blocked
644,44,0,0.2519126457857776,0.6093797390134679,1,Blocked
645,45,0,0.30239635274276633,0.5090587720107931,1,Blocked
646,46,0,0.5273378826938168,0.5018246335160775,1,Blocked
647,47,0,0.4972680252101136,0.39716766753155885,1,Blocked
648,48,0,0.5439363817644528,0.5482650707336941,1,Blocked
649,49,0,0.2909607275056464,0.5072925608316496,1,Blocked
650,50,0,0.21480691717180922,0.5263542505074504,1,Blocked
651,51,0,0.3344685176337328,0.5678192640535874,1,Blocked
652,52,0,0.8212111824708865,0.45915587636729005,1,Blocked
653,53,0,0.14746983941832353,0.4856365688661539,1,Blocked
654,54,0,0.7711704991351891,0.4225699776004309,1,Blocked
655,55,0,0.5348266879785997,0.509316717472656,1,Blocked
656,56,0,0.41902659926674735,0.528647816520221,1,Blocked
657,57,0,0.6471755612754294,0.560521479855137,1,Blocked
658,58,0,0.3427407378061139,0.3451211253671097,1,Blocked
659,59,0,0.7363563994232335,0.44559754096804416,1,Blocked
660,60,0,0.5819816473969581,0.502298972203129,1,Blocked
661,61,0,0.5685015927829908,0.5115661520656721,1,Blocked
662,62,0,0.6303912547314605,0.4043402653966969,1,Blocked
663,63,0,0.7640844970287198,0.5382577538827545,1,Blocked
664,64,0,0.20433273287251755,0.5212397905112259,1,Blocked
665,65,0,0.1643677755441855,0.6292749401952815,1,Blocked
666,66,0,0.30393404714714484,0.6008017438067578,1,Blocked
667,67,0,0.7848958286271055,0.48336668855342557,1,Blocked
668,68,0,0.911730064823175,0.5845573057403338,1,Blocked
669,69,0,0.034041450751645795,0.5120856230888777,1,Blocked
670,70,0,0.1814575033584422,0.4445432571664866,1,Blocked
671,71,0,0.34504885098679045,0.46189165354887735,1,Blocked
672,72,0,0.2698845169182765,0.3516301158797505,1,Blocked
673,73,0,0.4737193055431882,0.47506661921801696,1,Blocked
674,74,0,0.3668587496850444,0.4114659999843845,1,Blocked
675,75,0,0.957216537555168,0.30325092568830864,1,Blocked
676,76,0,0.3008148463946403,0.5663385150926539,1,Blocked
677,77,0,0.900303591846429,0.47513182874527915,1,Blocked
678,78,0,0.4173331896580795,0.5159015632371775,1,Blocked
679,79,0,0.8414749395518674,0.41978354504222626,1,Blocked
680,80,0,0.10712075938524435,0.5422043372674551,1,Blocked
681,81,0,0.5171594178585807,0.3907814658888716,1,Blocked
682,82,0,0.6285142646000283,0.4820993326509975,1,Blocked
683,83,0,0.49216929775327467,0.46992822938246825,1,Blocked
684,84,0,0.46069148070668775,0.5816813046492795,1,Blocked
685,85,0,0.45940715276092503,0.35742486564401615,1,Blocked
686,86,0,0.6024655363748664,0.48543230775233864,1,Blocked
687,87,0,0.3709737114300984,0.6611046238259444,1,Blocked
688,88,0,0.6428359288623666,0.418496635726105,1,Blocked
689,89,0,0.5159849459997132,0.47086806511105317,1,Blocked
690,90,0,0.4941196249320594,0.6772204202264591,1,Blocked
691,91,0,0.4895693992296018,0.58296232001726,1,Blocked
692,92,0,0.5274016391974039,0.47497391153198876,1,Blocked
693,93,0,0.4572001888893996,0.6298968807288445,1,Blocked
694,94,0,0.6047619612335676,0.4257534168692284,1,Blocked
695,95,0,0.4862512327279963,0.45187031370822694,1,Blocked
696,96,0,0.4864379390839891,0.5181914248788128,1,Blocked
697,97,0,0.6272177215575665,0.6333609715520441,1,Blocked
698,98,0,0.43109191333089775,0.5753349172766795,1,Blocked
699,99,0,0.6396840226161767,0.4280808710519274,1,Blocked
700,100,0,0.5077530225243528,0.5764051379595401,1,Blocked
701,101,0,0.7819514065291627,0.5622455598629323,1,Blocked
702,102,0,0.8369637282973805,0.46642551250587655,1,Blocked
703,103,0,0.4275327167661991,0.5390457127292936,1,Blocked
704,104,0,0.8666047721769425,0.4394827999619104,1,Blocked
705,105,0,0.9543870334070308,0.5025730291075051,1,Blocked
706,106,0,0.954019665037812,0.4895338886243019,1,Blocked
707,107,0,0.7071309725429192,0.36725610900400457,1,Blocked
708,108,0,0.4871180383520168,0.5494948903838042,1,Blocked
709,109,0,0.5839777949137892,0.37616261383207267,1,Blocked
710,110,0,0.7755111041881485,0.4042722038411193,1,Blocked
711,111,0,0.8805602760176411,0.5733458530694132,1,Blocked
712,112,0,0.9083623309624073,0.6737967299147658,1,Blocked
713,113,0,0.5283687158219301,0.49792193543692875,1,Blocked
714,114,0,0.5147513249386056,0.5151566949440567,1,Blocked
715,115,0,0.5015000039529445,0.8919137416612939,1,Blocked
716,116,0,0.5220820092587631,0.39582935921304174,1,Blocked
717,117,0,0.5697673586832366,0.5187130572807497,1,Blocked
718,118,0,0.6390378438717258,0.5335726017730023,1,Blocked
719,119,0,0.7821634815223333,0.5075657404776728,1,Blocked
720,120,0,0.015280956749359014,0.6268327906622637,1,Blocked
721,121,0,0.059619472617807534,0.6961366570007343,1,Blocked
722,122,0,0.40700514454002096,0.43838737806253275,1,Blocked
723,123,0,0.09560481285656436,0.5728458933617684,1,Blocked
724,124,0,0.11326739164863057,0.5222011086957525,1,Blocked
725,125,0,0.16873611460010104,0.5694599069390176,1,Blocked
726,126,0,0.5002998791275401,0.531199537185275,1,Blocked
727,127,0,0.07846476887600858,0.33358017194037365,1,Blocked
728,128,0,0.10022150139042699,0.47233590864294644,1,Blocked
729,129,0,0.6884745116147385,0.5278547740659457,1,Blocked
730,130,0,0.4557584548748202,0.5076188596245242,1,Blocked
731,131,0,0.5254631419133726,0.4006814549007125,1,Blocked
732,132,0,0.516067187154336,0.5280757695781753,1,Blocked
733,133,0,0.5353317629987955,0.5507149335679674,1,Blocked
734,134,0,0.2692690942178315,0.4997694862222595,1,Blocked
735,135,0,0.21232436582067143,0.6460273811975688,1,Blocked
736,136,0,0.43932677521363944,0.5050490854038835,1,Blocked
737,137,0,0.16182240227621747,0.33411906992425544,1,Blocked
738,138,0,0.06257021092850967,0.7946553173923863,1,Blocked
739,139,0,0.9127309357647154,0.6113389150702098,1,Blocked
740,140,0,0.7649387299698741,0.5676808109790001,1,Blocked
741,141,0,0.37685052668916086,0.5181602314188636,1,Blocked
742,142,0,0.8520539024738266,0.4392359281461613,1,Blocked
743,143,0,0.17367677579264335,0.5337641354659562,1,Blocked
744,144,0,0.9162790862256485,0.45141880904742104,1,Blocked
745,145,0,0.5561955487052392,0.449305634472286,1,Blocked
746,146,0,0.7687917097047807,0.4405581758063013,1,Blocked
747,147,0,0.8378312986078096,0.3551849238569751,1,Blocked
748,148,0,0.9828205982153128,0.6357701120785824,1,Blocked
749,149,0,0.5103902396567253,0.600900609406219,1,Blocked
750,150,0,0.5704822858967036,0.42952486591871253,1,Blocked
751,151,0,0.7744004572141188,0.5392195650051685,1,Blocked
752,152,0,0.8753455323721051,0.5462570423821869,1,Blocked
753,153,0,0.7750219512070504,0.6369340876865379,1,Blocked
754,154,0,0.38017463614312375,0.5678070653155864,1,Blocked
755,155,0,0.5312204769686866,0.5488461893911711,1,Blocked
756,156,0,0.4763849645607217,0.4949124387888377,1,Blocked
757,157,0,0.5044429547016306,0.5123700592486515,1,Blocked
758,158,0,0.5413102243361506,0.43877910269545994,1,Blocked
759,159,0,0.7721687521699565,0.4396431705222554,1,Blocked
760,160,0,0.5603795827509286,0.4905290149328423,1,Blocked
761,161,0,0.5589322817662352,0.46133273671418484,1,Blocked
762,162,0,0.49475315149758564,0.5125260650855367,1,Blocked
763,163,0,0.18658996871801103,0.4702501846495088,1,Blocked
764,164,0,0.5549286734742441,0.4255361163270329,1,Blocked
765,165,0,0.715072146331749,0.448757470986328,1,Blocked
766,166,0,0.9706598716786499,0.5352221263595862,1,Blocked
767,167,0,0.5656514314844343,0.5220687454917885,1,Blocked
768,168,0,0.07780174668641011,0.5418120890505391,1,Blocked
769,169,0,0.5464930469040049,0.6400021791664852,1,Blocked
770,170,0,0.36655475567108525,0.6302364882806187,1,Blocked
771,171,0,0.5272516692368832,0.7048621488386613,1,Blocked
772,172,0,0.44843477506641727,0.5901648835043432,1,Blocked
773,173,0,0.40302911973367833,0.528774957614895,1,Blocked
774,174,0,0.9973749423901039,0.6044773290317296,1,Blocked
775,175,0,0.9614857111821185,0.6117842276690577,1,Blocked
776,176,0,0.0900292450981554,0.48223618420067277,1,Blocked
777,177,0,0.6166026919869213,0.37660631331076966,1,Blocked
778,178,0,0.4845643011438857,0.5290769462249766,1,Blocked
779,179,0,0.2614759077343022,0.4289992431823729,1,Blocked
780,180,0,0.5391964060880344,0.5496351289755794,1,Blocked
781,181,0,0.6110583937555135,0.4990315595880571,1,Blocked
782,182,0,0.7237299278954584,0.597070891232711,1,Blocked
783,183,0,0.8751504086415225,0.4958795372643812,1,Blocked
784,184,0,0.7332386098813015,0.5283550449470494,1,Blocked
785,185,0,0.5217806213513323,0.6050700089171768,1,Blocked
786,186,0,0.5740130728617504,0.5031563925976028,1,Blocked
787,187,0,0.7681301620220349,0.49163479439528174,1,Blocked
788,188,0,0.7289700273434987,0.3958075306645495,1,Blocked
789,189,0,0.404404025403437,0.45981659072486514,1,Blocked
790,190,0,0.522989529152921,0.3517881383984882,1,Blocked
791,191,0,0.4352185650388095,0.48476346443582014,1,Blocked
792,192,0,0.6055936516456074,0.35127999835037105,1,Blocked
793,193,0,0.6912748111053253,0.46656888630217774,1,Blocked
794,194,0,0.4756341557865528,0.45423034612573826,1,Blocked
795,195,0,0.25783522559483824,0.46129886544523646,1,Blocked
796,196,0,0.31836328103213357,0.48131694935279007,1,Blocked
797,197,0,0.05391518692949235,0.5455020921830032,1,Blocked
798,198,0,0.4726876265828659,0.6361778126641032,1,Blocked
799,199,0,0.1458157309950133,0.49580528044050043,1,Blocked
800,0,0,0.5060795699150945,0.7082304342242662,1,Interleaved
801,1,0,0.5055602810254372,0.6302510145161471,1,Interleaved
802,2,0,0.5389858097008728,0.5448190359223225,1,Interleaved
803,3,0,0.02623953508769112,0.5762828824450513,1,Interleaved
804,4,0,0.2205016330767679,0.6356203689603367,1,Interleaved
805,5,0,0.5168409991439543,0.5724094067839165,1,Interleaved
806,6,0,0.15246154489100855,0.6828395599820476,1,Interleaved
807,7,0,0.37683621095835046,0.5409488671320104,1,Interleaved
808,8,0,0.8736396466834863,0.38986521334833824,1,Interleaved
809,9,0,0.7302360889549177,0.54487741173485,1,Interleaved
810,10,0,0.7284326552165766,0.40495350200692637,1,Interleaved
811,11,0,0.295019817533328,0.6359662470852522,1,Interleaved
812,12,0,0.9279779905191242,0.49762180400271566,1,Interleaved
813,13,0,0.5850231158601885,0.5333574125368705,1,Interleaved
814,14,0,0.9877983792633196,0.46118144215053747,1,Interleaved
815,15,0,0.5374923548206947,0.4176265784561652,1,Interleaved
816,16,0,0.03148768724613389,0.5460236301521137,1,Interleaved
817,17,0,0.49032950768481387,0.4966874601569312,1,Interleaved
818,18,0,0.7287482082480039,0.5459070314181956,1,Interleaved
819,19,0,0.5824255950189448,0.47699804779120514,1,Interleaved
820,20,0,0.7247926794232806,0.5989433209593911,1,Interleaved
821,21,0,0.6301464546416249,0.5764847279993572,1,Interleaved
822,22,0,0.941371840827923,0.5254829494694113,1,Interleaved
823,23,0,0.4777436949970751,0.6328046287842707,1,Interleaved
824,24,0,0.8312646927240968,0.4311331066011165,1,Interleaved
825,25,0,0.8120501481729996,0.4443735976341814,1,Interleaved
826,26,0,0.6862440295318746,0.5031031520128795,1,Interleaved
827,27,0,0.3402382951487972,0.6666741673492874,1,Interleaved
828,28,0,0.9335861314618745,0.4233541012777673,1,Interleaved
829,29,0,0.5035554008956377,0.7527668207780186,1,Interleaved
830,30,0,0.9129900778880338,0.4743933219581293,1,Interleaved
831,31,0,0.5045043870165016,0.5012359075689119,1,Interleaved
832,32,0,0.8204544575432913,0.5317949253852977,1,Interleaved
833,33,0,0.6448151800944462,0.5598042784409399,1,Interleaved
834,34,0,0.8767334365235055,0.5145528901111942,1,Interleaved
835,35,0,0.4008844902669586,0.6966672008019091,1,Interleaved
836,36,0,0.9631953454871254,0.4749495057403821,1,Interleaved
837,37,0,0.5207767830450457,0.5386859841280267,1,Interleaved
838,38,0,0.016816542146839496,0.7056851982435983,1,Interleaved
839,39,0,0.5003658320275038,0.4215169181639984,1,Interleaved
840,40,0,0.9049757974009967,0.5229834947672991,1,Interleaved
841,41,0,0.2999942358284159,0.6478574857448978,1,Interleaved
842,42,0,0.40314385068395003,0.5607022664092989,1,Interleaved
843,43,0,0.8858302027880885,0.403290990483436,1,Interleaved
844,44,0,0.7768073640218273,0.43846601741044056,1,Interleaved
845,45,0,0.6125546254269332,0.5466840820824863,1,Interleaved
846,46,0,0.8665140332046879,0.5590405415194604,1,Interleaved
847,47,0,0.38326669187366036,0.7250373318340564,1,Interleaved
848,48,0,0.9423342063790652,0.5560720092423901,1,Interleaved
849,49,0,0.6091643622338362,0.45998004337038256,1,Interleaved
850,50,0,0.7828533234270979,0.3329688119326254,1,Interleaved
851,51,0,0.79411738270507,0.42292468315419196,1,Interleaved
852,52,0,0.2827607605294517,0.517707528537981,1,Interleaved
853,53,0,0.2696605988481631,0.5211695361521029,1,Interleaved
854,54,0,0.9128137065129468,0.43212850570973543,1,Interleaved
855,55,0,0.43446351633595004,0.7412325946759961,1,Interleaved
856,56,0,0.9833713930508051,0.3457899506797973,1,Interleaved
857,57,0,0.5013461387874054,0.6391525180550766,1,Interleaved
858,58,0,0.9436421366891932,0.5775878042554183,1,Interleaved
859,59,0,0.4692781185398074,0.7409555318634583,1,Interleaved
860,60,0,0.05930284046243705,0.608712671041291,1,Interleaved
861,61,0,0.455774425805474,0.544472604877471,1,Interleaved
862,62,0,0.8329038194336553,0.42004452807163906,1,Interleaved
863,63,0,0.8149097754750196,0.44145247646067354,1,Interleaved
864,64,0,0.5837316776196267,0.42142906452270845,1,Interleaved
865,65,0,0.9261734120865972,0.4027905349890713,1,Interleaved
866,66,0,0.7198116783893598,0.5072257597074863,1,Interleaved
867,67,0,0.6388966262885053,0.4257630583885448,1,Interleaved
868,68,0,0.06414464473512001,0.5459411985936978,1,Interleaved
869,69,0,0.4943060703133201,0.4859807894355649,1,Interleaved
870,70,0,0.8212791392487346,0.5257720174512722,1,Interleaved
871,71,0,0.2057188531048389,0.6782332223367307,1,Interleaved
872,72,0,0.035872985603391076,0.503516135085158,1,Interleaved
873,73,0,0.4953237381503164,0.5381359751031478,1,Interleaved
874,74,0,0.9563473122300886,0.4944804701611316,1,Interleaved
875,75,0,0.6132987088766488,0.4339854852717686,1,Interleaved
876,76,0,0.7607951227050647,0.4879601216468244,1,Interleaved
877,77,0,0.7312581379087033,0.372659064017001,1,Interleaved
878,78,0,0.4760411129984679,0.5651557889792723,1,Interleaved
879,79,0,0.7551488748612185,0.40809015035244667,1,Interleaved
880,80,0,0.18526157493318313,0.3947905887278427,1,Interleaved
881,81,0,0.33881377647872085,0.5582293528136033,1,Interleaved
882,82,0,0.0838462362569607,0.6949194783532454,1,Interleaved
883,83,0,0.26608756719206705,0.5006717282626947,1,Interleaved
884,84,0,0.543094327315609,0.41359351657034776,1,Interleaved
885,85,0,0.1192225011958506,0.5421195554769122,1,Interleaved
886,86,0,0.8721887259007026,0.3851305631844598,1,Interleaved
887,87,0,0.49943083712270087,0.5153452732531525,1,Interleaved
888,88,0,0.9866587905369076,0.465155411392097,1,Interleaved
889,89,0,0.493062395128847,0.47682383519951477,1,Interleaved
890,90,0,0.05004377995708911,0.5366492449519721,1,Interleaved
891,91,0,0.4125818601275761,0.6232436800427177,1,Interleaved
892,92,0,0.23174954888286659,0.5557795865828794,1,Interleaved
893,93,0,0.05923213769893608,0.7610325829446927,1,Interleaved
894,94,0,0.6246754520251372,0.4508636123994342,1,Interleaved
895,95,0,0.5438252832856001,0.618745678343376,1,Interleaved
896,96,0,0.10706464122633208,0.7047499428625909,1,Interleaved
897,97,0,0.4158195881109281,0.48314970774731597,1,Interleaved
898,98,0,0.6747176440913547,0.455419139431759,1,Interleaved
899,99,0,0.21018938328620215,0.5402122719053308,1,Interleaved
900,100,0,0.16595985658184856,0.6326607119876018,1,Interleaved
901,101,0,0.47714160518410453,0.47742803216563495,1,Interleaved
902,102,0,0.8269289347705431,0.40616100176605613,1,Interleaved
903,103,0,0.7502319074959275,0.5715249473777162,1,Interleaved
904,104,0,0.3992762202252284,0.4956459674612316,1,Interleaved
905,105,0,0.7173302778700146,0.4886567344813208,1,Interleaved
906,106,0,0.5611318919538191,0.715475744153403,1,Interleaved
907,107,0,0.3355531278417762,0.4746770237244011,1,Interleaved
908,108,0,0.19436298887065043,0.5812255073412612,1,Interleaved
909,109,0,0.545531956929225,0.5305029390882159,1,Interleaved
910,110,0,0.13455678243895497,0.5013487130293417,1,Interleaved
911,111,0,0.36978326738239126,0.45018746100728413,1,Interleaved
912,112,0,0.714799400097779,0.54204042860195,1,Interleaved
913,113,0,0.6225145042466305,0.46403757472076385,1,Interleaved
914,114,0,0.17891481376559004,0.6177526665107828,1,Interleaved
915,115,0,0.35901149608006544,0.6340629961873834,1,Interleaved
916,116,0,0.2142006707702892,0.6615981508032869,1,Interleaved
917,117,0,0.9335304012854981,0.36325934344037003,1,Interleaved
918,118,0,0.47968107575759694,0.7120159063760034,1,Interleaved
919,119,0,0.16918936513106836,0.5007219395807834,1,Interleaved
920,120,0,0.9759456153062477,0.3664647688565885,1,Interleaved
921,121,0,0.557335334953136,0.43678307158667706,1,Interleaved
922,122,0,0.18166714085812197,0.5830125087069877,1,Interleaved
923,123,0,0.13502095435626935,0.6502406621434493,1,Interleaved
924,124,0,0.49935006013867156,0.34582422826958015,1,Interleaved
925,125,0,0.30670522841127335,0.65235526674181,1,Interleaved
926,126,0,0.722369257294438,0.42439496464764814,1,Interleaved
927,127,0,0.5815837299676612,0.5339159722777413,1,Interleaved
928,128,0,0.06566050926848692,0.542409627456232,1,Interleaved
929,129,0,0.4744409794607764,0.45695311038031183,1,Interleaved
930,130,0,0.9607352474115376,0.46664245598764376,1,Interleaved
931,131,0,0.5129016872372638,0.5348305244984326,1,Interleaved
932,132,0,0.024861383176778665,0.6754923971088885,1,Interleaved
933,133,0,0.46688450100562684,0.5393179149312355,1,Interleaved
934,134,0,0.45722425336164096,0.4264287425218749,1,Interleaved
935,135,0,0.9409982727474884,0.4041853350545128,1,Interleaved
936,136,0,0.5309215802568101,0.504064193396415,1,Interleaved
937,137,0,0.07649689353852121,0.5777785628981544,1,Interleaved
938,138,0,0.648052578785754,0.611273038993789,1,Interleaved
939,139,0,0.5471418141981864,0.4081606556436538,1,Interleaved
940,140,0,0.09875964311695626,0.55395342662336,1,Interleaved
941,141,0,0.13100936838365393,0.5257126095558229,1,Interleaved
942,142,0,0.5212639505867653,0.532395987686617,1,Interleaved
943,143,0,0.5735230225245835,0.45587799356789627,1,Interleaved
944,144,0,0.8604569725562696,0.46623630386480513,1,Interleaved
945,145,0,0.6999131149831451,0.4995733943889863,1,Interleaved
946,146,0,0.8379797112663943,0.5204903155354528,1,Interleaved
947,147,0,0.6253938914478461,0.5278681253754869,1,Interleaved
948,148,0,0.24505583951359108,0.6520256039769599,1,Interleaved
949,149,0,0.6852470851509181,0.46848524788154716,1,Interleaved
950,150,0,0.9063024378958652,0.5192657424190703,1,Interleaved
951,151,0,0.377436102233374,0.7178069938682572,1,Interleaved
952,152,0,0.8809973048947604,0.5645693939584702,1,Interleaved
953,153,0,0.5388748878537476,0.4450705596560549,1,Interleaved
954,154,0,0.9525239512713919,0.5672803898701635,1,Interleaved
955,155,0,0.6934395153139008,0.43027698099150896,1,Interleaved
956,156,0,0.7553397632819525,0.47489828555357483,1,Interleaved
957,157,0,0.8302523394886809,0.45754466815489725,1,Interleaved
958,158,0,0.6734077466202562,0.5474845168584067,1,Interleaved
959,159,0,0.4528155161066202,0.3627154560806072,1,Interleaved
960,160,0,0.9478369422965864,0.5107429121053308,1,Interleaved
961,161,0,0.4754387326259358,0.7114909015021644,1,Interleaved
962,162,0,0.6095762500259733,0.5367788840889761,1,Interleaved
963,163,0,0.31027246958041454,0.4654072851900827,1,Interleaved
964,164,0,0.2025747260737106,0.5222028084231005,1,Interleaved
965,165,0,0.43330851052506425,0.5094141639106802,1,Interleaved
966,166,0,0.3329170659671142,0.5002229392448306,1,Interleaved
967,167,0,0.47665529288770364,0.40601205358611814,1,Interleaved
968,168,0,0.2520244294314096,0.5056010144568872,1,Interleaved
969,169,0,0.6250652225608457,0.4648482637674907,1,Interleaved
970,170,0,0.5711521320283696,0.43148680338016016,1,Interleaved
971,171,0,0.4815553423467278,0.4723415266119355,1,Interleaved
972,172,0,0.4705814873764335,0.4818741253467806,1,Interleaved
973,173,0,0.5177903978780923,0.6149020316485166,1,Interleaved
974,174,0,0.5496105239657147,0.413283203367643,1,Interleaved
975,175,0,0.47511564870860495,0.5354539206111946,1,Interleaved
976,176,0,0.5638386568161838,0.5037344990780749,1,Interleaved
977,177,0,0.7786568003758256,0.43935684131865027,1,Interleaved
978,178,0,0.4440816406943842,0.6702196772201193,1,Interleaved
979,179,0,0.015138101396299558,0.4647611276226773,1,Interleaved
980,180,0,0.9168219671070992,0.436808252361343,1,Interleaved
981,181,0,0.42554129663983287,0.5695663527407606,1,Interleaved
982,182,0,0.7815454492424466,0.5331995319266926,1,Interleaved
983,183,0,0.521085644743728,0.4981880784225451,1,Interleaved
984,184,0,0.9332103548752417,0.5257332483656999,1,Interleaved
985,185,0,0.39716964343127414,0.5613946206179165,1,Interleaved
986,186,0,0.9619609163562584,0.32305578059574824,1,Interleaved
987,187,0,0.1455660730053068,0.6067397041906308,1,Interleaved
988,188,0,0.19647638514875848,0.41260119320004573,1,Interleaved
989,189,0,0.7906457629149015,0.33606500193878075,1,Interleaved
990,190,0,0.5629377163088392,0.40789062468735005,1,Interleaved
991,191,0,0.4707462492777893,0.7268445715822884,1,Interleaved
992,192,0,0.5016278998160246,0.3660578566900808,1,Interleaved
993,193,0,0.0910292000766319,0.650250256408196,1,Interleaved
994,194,0,0.3950168958408793,0.4186489381996351,1,Interleaved
995,195,0,0.6479930388640456,0.36527922364504906,1,Interleaved
996,196,0,0.04974679471419817,0.5030710560521768,1,Interleaved
997,197,0,0.49353711203776907,0.4941608668076861,1,Interleaved
998,198,0,0.5208909249405099,0.6805675098718984,1,Interleaved
999,199,0,0.5060007526152726,0.43345758176802013,1,Interleaved
1000,0,0,0.418633001922081,0.7556028615125283,1,Instructed
1001,1,0,0.38424351997720796,1.052284321959754,1,Instructed
1002,2,0,0.5801494117492149,0.9530772694250362,1,Instructed
1003,3,0,0.02771823460908818,0.7444335727238356,1,Instructed
1004,4,0,0.5457526196007848,0.45187178083768215,1,Instructed
1005,5,0,0.7393559696736345,0.6682204461330048,1,Instructed
1006,6,0,0.40367909468914404,0.6602634430287377,1,Instructed
1007,7,0,0.3384225414904979,0.6249043321467863,1,Instructed
1008,8,0,0.509927107193852,0.4833299673108733,1,Instructed
1009,9,0,0.9568387432251978,0.46765871138957793,1,Instructed
1010,10,0,0.2690136032421172,0.42241978715253625,1,Instructed
1011,11,0,0.5857166723832055,0.4714645656645514,1,Instructed
1012,12,0,0.4374264068969764,0.4489976433808548,1,Instructed
1013,13,0,0.9942947268633077,0.4376820866378083,1,Instructed
1014,14,0,0.5568431720484254,0.4967973710891145,1,Instructed
1015,15,0,0.9646819350040825,0.44928748287946396,1,Instructed
1016,16,0,0.5848853748223886,0.6127265114987621,1,Instructed
1017,17,0,0.12584220911348087,0.39771835468997396,1,Instructed
1018,18,0,0.8004030474228425,0.5714151161315535,1,Instructed
1019,19,0,0.6324222341734043,0.51445932035817,1,Instructed
1020,20,0,0.2181756478512002,0.5469776940041085,1,Instructed
1021,21,0,0.9779390968073245,0.36099698989543727,1,Instructed
1022,22,0,0.5821158683104392,0.41676107625578035,1,Instructed
1023,23,0,0.9907808866093445,0.447061749122727,1,Instructed
1024,24,0,0.27369285026716,0.4244505606016675,1,Instructed
1025,25,0,0.2451049099798332,0.4658913512756955,1,Instructed
1026,26,0,0.571895985838445,0.4234967041023894,1,Instructed
1027,27,0,0.6223004013907094,0.3866182983153191,1,Instructed
1028,28,0,0.42346143678840786,0.4202115735995622,1,Instructed
1029,29,0,0.5728986879009035,0.6579924143492858,1,Instructed
1030,30,0,0.588532110091016,0.4687370702150059,1,Instructed
1031,31,0,0.46620365411231746,0.4663877192238571,1,Instructed
1032,32,0,0.6462892382448392,0.5273653595541341,1,Instructed
1033,33,0,0.673387274449966,0.6030055878374161,1,Instructed
1034,34,0,0.8014411623430668,0.4459126187705821,1,Instructed
1035,35,0,0.9826570379837336,0.2774990287672367,1,Instructed
1036,36,0,0.46959706896839265,0.6237401764275146,1,Instructed
1037,37,0,0.974726478400451,0.3871635319544998,1,Instructed
1038,38,0,0.5147692526474555,0.36428366868780265,1,Instructed
1039,39,0,0.616920883159823,0.4768221786985591,1,Instructed
1040,40,0,0.34605075335696117,0.49627606049629425,1,Instructed
1041,41,0,0.3985193446500668,0.44103718321351315,1,Instructed
1042,42,0,0.5211128572793207,0.5046492516806065,1,Instructed
1043,43,0,0.8446138387368848,0.5568864954607691,1,Instructed
1044,44,0,0.28973686236978397,0.565013578221737,1,Instructed
1045,45,0,0.9215996099397352,0.48688901711513344,1,Instructed
1046,46,0,0.5147337680524623,0.6305750748775474,1,Instructed
1047,47,0,0.8833766842140152,0.5101346599468928,1,Instructed
1048,48,0,0.5302474040607799,0.5265459796557106,1,Instructed
1049,49,0,0.21414285547477022,0.3754861468283821,1,Instructed
1050,50,0,0.5391097342313161,0.39347621072364247,1,Instructed
1051,51,0,0.5525624393468069,0.49670229492628715,1,Instructed
1052,52,0,0.6837728888646691,0.3512519410415342,1,Instructed
1053,53,0,0.8483448695465032,0.29991392936305783,1,Instructed
1054,54,0,0.5796602902081104,0.44062683909875605,1,Instructed
1055,55,0,0.9169800241792276,0.35653731151574264,1,Instructed
1056,56,0,0.7270309491800075,0.37867740668464267,1,Instructed
1057,57,0,0.8281347811808113,0.367593464714554,1,Instructed
1058,58,0,0.6761777900068049,0.630095375663424,1,Instructed
1059,59,0,0.9030249735390881,0.4798720930463548,1,Instructed
1060,60,0,0.6554306526207418,0.28450356852299785,1,Instructed
1061,61,0,0.9873615932745345,0.3702101932603866,1,Instructed
1062,62,0,0.37319583803589884,0.5502689807199501,1,Instructed
1063,63,0,0.9680379192709683,0.5447930724035699,1,Instructed
1064,64,0,0.5094949523629454,0.46335300933530177,1,Instructed
1065,65,0,0.9786201379977506,0.44085623797479134,1,Instructed
1066,66,0,0.46678454308248557,0.6912787205073577,1,Instructed
1067,67,0,0.16342724642282813,0.39458429683520513,1,Instructed
1068,68,0,0.48804099246797217,0.46091848000846736,1,Instructed
1069,69,0,0.746438587756989,0.40906190087695504,1,Instructed
1070,70,0,0.5827254702928367,0.5977365537918583,1,Instructed
1071,71,0,0.790344276075392,0.478984424450949,1,Instructed
1072,72,0,0.39467274344930464,0.3351724131747654,1,Instructed
1073,73,0,0.5366458725776675,0.44657596753648543,1,Instructed
1074,74,0,0.740155411923503,0.3425388309948547,1,Instructed
1075,75,0,0.7852641517281485,0.2750719170955257,1,Instructed
1076,76,0,0.4311369733256859,0.2942332231936159,1,Instructed
1077,77,0,0.4702123984789841,0.4323633085744039,1,Instructed
1078,78,0,0.6126589876529343,0.2872448803818674,1,Instructed
1079,79,0,0.9407010567219214,0.3977387673120907,1,Instructed
1080,80,0,0.4289673447049659,0.42539132514096334,1,Instructed
1081,81,0,0.9215810622548333,0.42110101587673215,1,Instructed
1082,82,0,0.79114145944057,0.4631337091447856,1,Instructed
1083,83,0,0.9977027535729087,0.3265701074037124,1,Instructed
1084,84,0,0.6317806525311789,0.3548244567507855,1,Instructed
1085,85,0,0.15598879683360511,0.6909812321405344,1,Instructed
1086,86,0,0.4406662912614568,0.4309263151667735,1,Instructed
1087,87,0,0.041471561387276645,0.6917389017002784,1,Instructed
1088,88,0,0.5358189740596004,0.5325888163253216,1,Instructed
1089,89,0,0.30135594445265473,0.45348271171768784,1,Instructed
1090,90,0,0.43204780614249527,0.43063713554842975,1,Instructed
1091,91,0,0.03816937615870536,0.46388887865562406,1,Instructed
1092,92,0,0.2597643586624967,0.4262913702496174,1,Instructed
1093,93,0,0.7579855408284794,0.395988899532993,1,Instructed
1094,94,0,0.6035054813935969,0.3490010725413909,1,Instructed
1095,95,0,0.030782555706967214,0.6158669364933702,1,Instructed
1096,96,0,0.7859499922538944,0.36446737674464097,1,Instructed
1097,97,0,0.609186056932526,0.36568816944594074,1,Instructed
1098,98,0,0.302433652327601,0.3733741745768109,1,Instructed
1099,99,0,0.5338811804378307,0.37115324128814176,1,Instructed
1100,100,0,0.42828063850480047,0.4055318533967597,1,Instructed
1101,101,0,0.18990029383071186,0.5890583330739698,1,Instructed
1102,102,0,0.643206651195364,0.40749540667403683,1,Instructed
1103,103,0,0.843114537804341,0.539788520318557,1,Instructed
1104,104,0,0.6142694875268639,0.4309075479707744,1,Instructed
1105,105,0,0.24734053684576893,0.40475535029791787,1,Instructed
1106,106,0,0.8924500524662062,0.49453212678437647,1,Instructed
1107,107,0,0.8064490542695901,0.41875653646748145,1,Instructed
1108,108,0,0.4365771210630885,0.5844611640894404,1,Instructed
1109,109,0,0.8201860434402642,0.5443281331142386,1,Instructed
1110,110,0,0.5777160361929276,0.4676433126935664,1,Instructed
1111,111,0,0.07108804451823132,0.6600671048188564,1,Instructed
1112,112,0,0.5086947802588473,0.24483701396906365,1,Instructed
1113,113,0,0.33996793894084343,0.48452622178740257,1,Instructed
1114,114,0,0.3184520194992607,0.49895201210697676,1,Instructed
1115,115,0,0.745870182198246,0.34017392095877086,1,Instructed
1116,116,0,0.22701137474651922,0.42476751119432665,1,Instructed
1117,117,0,0.9051152369793776,0.5478553974034028,1,Instructed
1118,118,0,0.5864591798373648,0.3381851529161358,1,Instructed
1119,119,0,0.6665256240743218,0.5210630788632452,1,Instructed
1120,120,0,0.5934665835275399,0.431897776229891,1,Instructed
1121,121,0,0.8738690534929672,0.29529027744443315,1,Instructed
1122,122,0,0.6602489732604812,0.3974448761483109,1,Instructed
1123,123,0,0.6516702197749249,0.4296937780139719,1,Instructed
1124,124,0,0.4568500658600325,0.4926301729633821,1,Instructed
1125,125,0,0.5252120020119773,0.44517942356494944,1,Instructed
1126,126,0,0.5069820338906944,0.3801675988702779,1,Instructed
1127,127,0,0.36114236840019875,0.5586767038679816,1,Instructed
1128,128,0,0.7977226311251273,0.34776606991373915,1,Instructed
1129,129,0,0.9545615773449534,0.3627613502187057,1,Instructed
1130,130,0,0.6586547494126298,0.36400434251523067,1,Instructed
1131,131,0,0.2753931062507993,0.3894864412033132,1,Instructed
1132,132,0,0.8095583840119899,0.25767958939783064,1,Instructed
1133,133,0,0.996938846974563,0.32655707171040327,1,Instructed
1134,134,0,0.5429794431515114,0.3940681947130664,1,Instructed
1135,135,0,0.4817032910336766,0.47062742261564694,1,Instructed
1136,136,0,0.5402524676879378,0.602282163699043,1,Instructed
1137,137,0,0.9496367251396427,0.362372470338967,1,Instructed
1138,138,0,0.7377851534140001,0.4538932479205343,1,Instructed
1139,139,0,0.501800504731549,0.38019093355304484,1,Instructed
1140,140,0,0.28147153585050083,0.608134389672726,1,Instructed
1141,141,0,0.6282750276162384,0.5428105911798328,1,Instructed
1142,142,0,0.5643218513309685,0.4311232347920097,1,Instructed
1143,143,0,0.4177005987611263,0.6286483061578236,1,Instructed
1144,144,0,0.8372720328667491,0.501475682682025,1,Instructed
1145,145,0,0.9950014010396452,0.36783102710922283,1,Instructed
1146,146,0,0.4951562295501508,0.5234621906652758,1,Instructed
1147,147,0,0.4194691648954544,0.35842034276472634,1,Instructed
1148,148,0,0.8114985963445339,0.368760733880534,1,Instructed
1149,149,0,0.9459976877177567,0.39824358831207973,1,Instructed
1150,150,0,0.7653195163899701,0.3636924229423515,1,Instructed
1151,151,0,0.9677699157953978,0.4483828266241763,1,Instructed
1152,152,0,0.6134464317577734,0.2906133035190594,1,Instructed
1153,153,0,0.7799490790421366,0.3744901400777096,1,Instructed
1154,154,0,0.779065743214489,0.45769148865838016,1,Instructed
1155,155,0,0.7606691731836388,0.38903012107574764,1,Instructed
1156,156,0,0.8446207715940868,0.3171559367758032,1,Instructed
1157,157,0,0.38136724943913347,0.48466318615859016,1,Instructed
1158,158,0,0.6450763478523787,0.44622783800090293,1,Instructed
1159,159,0,0.2391795387746381,0.44652039182853787,1,Instructed
1160,160,0,0.7631956348007072,0.38684725285795996,1,Instructed
1161,161,0,0.8599138686979315,0.3877975900954852,1,Instructed
1162,162,0,0.9615508571279785,0.49216136631266516,1,Instructed
1163,163,0,0.9867522689402319,0.3315244218857508,1,Instructed
1164,164,0,0.15489763150387337,0.5581494229886962,1,Instructed
1165,165,0,0.8729523493622487,0.5958208141496668,1,Instructed
1166,166,0,0.4469450181850434,0.3955065475253492,1,Instructed
1167,167,0,0.637530159090945,0.5638150239411813,1,Instructed
1168,168,0,0.556107726213853,0.4020807034054465,1,Instructed
1169,169,0,0.7182295565108094,0.6536415056247682,1,Instructed
1170,170,0,0.7152464037881543,0.5418446694615431,1,Instructed
1171,171,0,0.8670742762578788,0.3756410397991933,1,Instructed
1172,172,0,0.8230773919008549,0.35993274803392317,1,Instructed
1173,173,0,0.9318082978505489,0.47193665294746967,1,Instructed
1174,174,0,0.5749055839947175,0.5540280226511323,1,Instructed
1175,175,0,0.2542564068357438,0.6481883745126735,1,Instructed
1176,176,0,0.5365093380420478,0.4215372733688783,1,Instructed
1177,177,0,0.5352913675390717,0.7889928389673255,1,Instructed
1178,178,0,0.03258174140416335,0.3892011984922336,1,Instructed
1179,179,0,0.6050432820805629,0.5781587021809906,1,Instructed
1180,180,0,0.2366805646586861,0.34113233474288085,1,Instructed
1181,181,0,0.8268628161278992,0.5978607860123046,1,Instructed
1182,182,0,0.7989224136149151,0.40929391005520344,1,Instructed
1183,183,0,0.8408951856633959,0.403281492051633,1,Instructed
1184,184,0,0.34245283530808307,0.6178164511602313,1,Instructed
1185,185,0,0.7580880710374626,0.6670071671143125,1,Instructed
1186,186,0,0.9868721863180434,0.5293720380450964,1,Instructed
1187,187,0,0.4998943446516834,0.5104637552338982,1,Instructed
1188,188,0,0.9989386926231224,0.37000178545152895,1,Instructed
1189,189,0,0.4996948077827865,0.38690083121266416,1,Instructed
1190,190,0,0.946149638384896,0.24427884046327666,1,Instructed
1191,191,0,0.9395338638048578,0.31122768739915113,1,Instructed
1192,192,0,0.4517747881301336,0.34034928249031127,1,Instructed
1193,193,0,0.3312328761343649,0.32876132378861633,1,Instructed
1194,194,0,0.7155941490305199,0.48841908505051246,1,Instructed
1195,195,0,0.9039096254283494,0.4963707077658173,1,Instructed
1196,196,0,0.45263601234844286,0.4327615572364608,1,Instructed
1197,197,0,0.36693224597740165,0.4144147818381352,1,Instructed
1198,198,0,0.7630188456905581,0.30128125295429786,1,Instructed
1199,199,0,0.8529088334939663,0.36164100449227926,1,Instructed
