,t,e_hat,Accuracy,pe,batch,Condition
0,0,0,0.10624388711409287,0.7334576526442969,0,Blocked
1,1,0,0.30003168332400587,0.8216212356573409,0,Blocked
2,2,0,0.4690055525993609,0.6084931865139371,0,Blocked
3,3,0,0.6648111704563393,0.5733798434549966,0,Blocked
4,4,0,0.5274025909035616,0.4351286934137475,0,Blocked
5,5,0,0.38062462139089603,0.5967741017103239,0,Blocked
6,6,0,0.39797462707314396,0.6614910973242685,0,Blocked
7,7,0,0.6045676632389027,0.47393758316355117,0,Blocked
8,8,0,0.2528713562146894,0.6372021735217356,0,Blocked
9,9,0,0.6672334012861536,0.4946102215192456,0,Blocked
10,10,0,0.46744054851568406,0.5051639152286336,0,Blocked
11,11,0,0.3518830695281267,0.4981264447169221,0,Blocked
12,12,0,0.7161518724936471,0.4148949600736953,0,Blocked
13,13,0,0.5847512578051197,0.6631965892037288,0,Blocked
14,14,0,0.6624021507294995,0.3944824063244852,0,Blocked
15,15,0,0.646836226026314,0.6408043782215904,0,Blocked
16,16,0,0.7259176241886846,0.4021155209717844,0,Blocked
17,17,0,0.26906739300236526,0.5276141064901103,0,Blocked
18,18,0,0.3350974091219324,0.507681490419471,0,Blocked
19,19,0,0.1985448233022865,0.3854188025410813,0,Blocked
20,20,0,0.656742075845136,0.5466329543156725,0,Blocked
21,21,0,0.606344827278114,0.40886055911091995,0,Blocked
22,22,0,0.5665528538735523,0.3814402902223221,0,Blocked
23,23,0,0.6197955540344354,0.48969938945583374,0,Blocked
24,24,0,0.501273317171959,0.5368912923837843,0,Blocked
25,25,0,0.4439000322667265,0.45157382774535526,0,Blocked
26,26,0,0.5099388121598645,0.5529367173547253,0,Blocked
27,27,0,0.7261621594878306,0.4824430499887452,0,Blocked
28,28,0,0.3065533270838242,0.4295567507963949,0,Blocked
29,29,0,0.43953094719584873,0.4052236643874957,0,Blocked
30,30,0,0.4871731755728972,0.3964803722184096,0,Blocked
31,31,0,0.5852240967546378,0.6320752697884211,0,Blocked
32,32,0,0.5530881764769541,0.3756967517652213,0,Blocked
33,33,0,0.5759925418922307,0.576124825911347,0,Blocked
34,34,0,0.5964816746123471,0.42248864109826506,0,Blocked
35,35,0,0.6929698368985613,0.5453771539255239,0,Blocked
36,36,0,0.3628777496878365,0.4055060009008832,0,Blocked
37,37,0,0.5520952870657612,0.4608512974051503,0,Blocked
38,38,0,0.06262381263921513,0.5986721861347615,0,Blocked
39,39,0,0.9419254328922907,0.27812847757762227,0,Blocked
40,40,0,0.5134305388451431,0.4082835075537035,0,Blocked
41,41,0,0.5628094479340087,0.38588009717893323,0,Blocked
42,42,0,0.41537933469973504,0.3006504431442284,0,Blocked
43,43,0,0.6326380088608856,0.4170707618168287,0,Blocked
44,44,0,0.48830270314350105,0.5521666293015692,0,Blocked
45,45,0,0.7935488787512588,0.49218982325483657,0,Blocked
46,46,0,0.7318938996586657,0.4217950567718639,0,Blocked
47,47,0,0.8903370740148031,0.45787105052275845,0,Blocked
48,48,0,0.46903016131435193,0.5067431095221551,0,Blocked
49,49,0,0.3011507148915894,0.42086742474538674,0,Blocked
50,50,0,0.12164354064888028,0.4967241931160945,0,Blocked
51,51,0,0.6531291472844158,0.4277041931630161,0,Blocked
52,52,0,0.4191349448043241,0.44770520319797735,0,Blocked
53,53,0,0.7183374407889749,0.35662958011021006,0,Blocked
54,54,0,0.6377556534831692,0.34334828395897177,0,Blocked
55,55,0,0.5407994784275816,0.3894426803984523,0,Blocked
56,56,0,0.20594190942970214,0.40166422899395393,0,Blocked
57,57,0,0.33621412340452084,0.47154469081910233,0,Blocked
58,58,0,0.5758894906532137,0.505072011775668,0,Blocked
59,59,0,0.5399776856865067,0.302876886826805,0,Blocked
60,60,0,0.7250136064121676,0.39968730874037806,0,Blocked
61,61,0,0.3088286903964997,0.4684230457907589,0,Blocked
62,62,0,0.7788655040731718,0.3246830518508479,0,Blocked
63,63,0,0.31381763184802797,0.3972770994320981,0,Blocked
64,64,0,0.6955788724781062,0.33007287448437655,0,Blocked
65,65,0,0.5588020515590432,0.2929006273868646,0,Blocked
66,66,0,0.7183930084177196,0.4368398315327786,0,Blocked
67,67,0,0.5325257014223712,0.532399905310492,0,Blocked
68,68,0,0.1878621289808088,0.4691317015359997,0,Blocked
69,69,0,0.616984813642053,0.46197784609908993,0,Blocked
70,70,0,0.19720046466188518,0.3711906882744047,0,Blocked
71,71,0,0.28763878232722256,0.3823428139498842,0,Blocked
72,72,0,0.5536095999985851,0.304529423404428,0,Blocked
73,73,0,0.6907688410401478,0.46738540408764495,0,Blocked
74,74,0,0.8056022423646186,0.3107463831043134,0,Blocked
75,75,0,0.8123979661599485,0.46039136439663747,0,Blocked
76,76,0,0.59022324613743,0.3475004489692083,0,Blocked
77,77,0,0.5936181814978558,0.26157464468849734,0,Blocked
78,78,0,0.4087358521752269,0.5338213668333085,0,Blocked
79,79,0,0.903191109694554,0.2385972954684299,0,Blocked
80,80,0,0.6657030509132056,0.3800257337430197,0,Blocked
81,81,0,0.25636759717280916,0.703669995448408,0,Blocked
82,82,0,0.38978165732733305,0.5288719545773435,0,Blocked
83,83,0,0.4406563133449449,0.41478179145593813,0,Blocked
84,84,0,0.27146281313314524,0.5641661001525136,0,Blocked
85,85,0,0.43604009113427844,0.38958834568946177,0,Blocked
86,86,0,0.47914557645922856,0.46003236089047644,0,Blocked
87,87,0,0.4421913555595406,0.35585989337738466,0,Blocked
88,88,0,0.6314374451856252,0.48531046807872114,0,Blocked
89,89,0,0.49909544439834513,0.43560638462467066,0,Blocked
90,90,0,0.30269114000851605,0.552141177301023,0,Blocked
91,91,0,0.18410392081779203,0.41018308291116284,0,Blocked
92,92,0,0.8285113503495605,0.3611705552906955,0,Blocked
93,93,0,0.3719188068209542,0.323757022019836,0,Blocked
94,94,0,0.028363708945861973,0.5036174704329995,0,Blocked
95,95,0,0.17378659383901257,0.5060064319025629,0,Blocked
96,96,0,0.13315649946720592,0.40117549358193094,0,Blocked
97,97,0,0.36955866275403826,0.41026604751246,0,Blocked
98,98,0,0.4452248217011654,0.3152961593451736,0,Blocked
99,99,0,0.3922697627088996,0.2593969957091245,0,Blocked
100,100,0,0.49640541182889464,0.4023976608678325,0,Blocked
101,101,0,0.5192111430486553,0.5915860991837172,0,Blocked
102,102,0,0.5542068734100561,0.3168891551878369,0,Blocked
103,103,0,0.5187044513302527,0.4229792144356169,0,Blocked
104,104,0,0.20116986299378736,0.28601483867168936,0,Blocked
105,105,0,0.6304855700481263,0.3997396027030742,0,Blocked
106,106,0,0.7573063702049232,0.3580114570687731,0,Blocked
107,107,0,0.8026171520031676,0.3742959781962337,0,Blocked
108,108,0,0.7910708858153881,0.4409359976852121,0,Blocked
109,109,0,0.12615816242646194,0.5011436735592711,0,Blocked
110,110,0,0.3751505641856084,0.41283076570789123,0,Blocked
111,111,0,0.8134548037891681,0.3494709734061292,0,Blocked
112,112,0,0.47011555120092124,0.4912228218682122,0,Blocked
113,113,0,0.4866010675382318,0.3350561842414307,0,Blocked
114,114,0,0.6533934153948403,0.5229218219979916,0,Blocked
115,115,0,0.7333905406935042,0.5983997528063767,0,Blocked
116,116,0,0.3525488978195388,0.42886359372939653,0,Blocked
117,117,0,0.7158903196606922,0.4531482757546913,0,Blocked
118,118,0,0.6749419276643667,0.5154836634996822,0,Blocked
119,119,0,0.6215519089275569,0.4260418353271965,0,Blocked
120,120,0,0.4904012671105083,0.32381775643962574,0,Blocked
121,121,0,0.3481802112590365,0.5562175333658221,0,Blocked
122,122,0,0.5484673863651766,0.4201970174926708,0,Blocked
123,123,0,0.6063644814847475,0.29682648383505095,0,Blocked
124,124,0,0.18600039520203987,0.43722093541981805,0,Blocked
125,125,0,0.6283506838898548,0.305365456748807,0,Blocked
126,126,0,0.5136742192764503,0.42004815957290337,0,Blocked
127,127,0,0.6663182618332335,0.39447708823646077,0,Blocked
128,128,0,0.4444308090064894,0.5224852331442252,0,Blocked
129,129,0,0.5476304834681592,0.33793510616022715,0,Blocked
130,130,0,0.6689576547423264,0.3471356850339766,0,Blocked
131,131,0,0.07593448340642833,0.4352203080123723,0,Blocked
132,132,0,0.48057523795251145,0.40353162789575775,0,Blocked
133,133,0,0.35651036102493294,0.3723681903444822,0,Blocked
134,134,0,0.33559870685703563,0.3641406429783497,0,Blocked
135,135,0,0.4545622015422589,0.40907166251310056,0,Blocked
136,136,0,0.25062577353310145,0.4907949712337752,0,Blocked
137,137,0,0.4064607198981368,0.2938473727725732,0,Blocked
138,138,0,0.2898959624203775,0.2789548872306145,0,Blocked
139,139,0,0.5200711473156251,0.3091939860782899,0,Blocked
140,140,0,0.40189311708122477,0.391798919334313,0,Blocked
141,141,0,0.10724877136748062,0.3520494844565514,0,Blocked
142,142,0,0.26060750905265156,0.3194555587121962,0,Blocked
143,143,0,0.7573682256377996,0.34678024641516547,0,Blocked
144,144,0,0.3671429768380134,0.28633410334891607,0,Blocked
145,145,0,0.6152853112328708,0.36683826764732186,0,Blocked
146,146,0,0.5705263021800298,0.48587205882697526,0,Blocked
147,147,0,0.6350369833128288,0.4396333265837431,0,Blocked
148,148,0,0.4727100693976892,0.43937849302102777,0,Blocked
149,149,0,0.3325739520832178,0.532378336470804,0,Blocked
150,150,0,0.29714318020851144,0.23551866311435177,0,Blocked
151,151,0,0.44207944460738435,0.4807358520885221,0,Blocked
152,152,0,0.6998760679521577,0.4892475469440586,0,Blocked
153,153,0,0.9362278310373835,0.4836866824206855,0,Blocked
154,154,0,0.587478185438026,0.364875344548777,0,Blocked
155,155,0,0.7155521823292647,0.3413163323587016,0,Blocked
156,156,0,0.6293170960386278,0.43815183377569644,0,Blocked
157,157,0,0.6363842335568093,0.4326544068861209,0,Blocked
158,158,0,0.7814813337880921,0.29519951571243647,0,Blocked
159,159,0,0.3316767338189453,0.36401267321994424,0,Blocked
160,160,0,0.8983933178679152,0.32524958891400313,0,Blocked
161,161,0,0.6517885880976806,0.2870270240472739,0,Blocked
162,162,0,0.7590198988871628,0.30852656800678424,0,Blocked
163,163,0,0.3954331211950024,0.35346382099216034,0,Blocked
164,164,0,0.3357971581346906,0.5122647989833574,0,Blocked
165,165,0,0.7576787875518403,0.38162700098270863,0,Blocked
166,166,0,0.5197325541136618,0.4017914819953775,0,Blocked
167,167,0,0.19781575312996436,0.3868862794422023,0,Blocked
168,168,0,0.7736840693697203,0.3232927047735769,0,Blocked
169,169,0,0.6047326305180833,0.32313695221071026,0,Blocked
170,170,0,0.8613086056466442,0.3414335300400932,0,Blocked
171,171,0,0.6928756281966566,0.3245642982523964,0,Blocked
172,172,0,0.5453246380808094,0.4970448616753439,0,Blocked
173,173,0,0.6371058784943194,0.30822459811501796,0,Blocked
174,174,0,0.2937639583709937,0.3990067161536152,0,Blocked
175,175,0,0.5281208776188745,0.4224030247906857,0,Blocked
176,176,0,0.19898476948695384,0.2841216644029431,0,Blocked
177,177,0,0.4996503674187714,0.4713540091471871,0,Blocked
178,178,0,0.7476365501011943,0.24574907369531973,0,Blocked
179,179,0,0.7057796619661203,0.30033084674469573,0,Blocked
180,180,0,0.440610329142503,0.5586586565387479,0,Blocked
181,181,0,0.2077841041971053,0.3066368838962594,0,Blocked
182,182,0,0.1900820427051481,0.40295717426148014,0,Blocked
183,183,0,0.40781799485013104,0.3733836369813679,0,Blocked
184,184,0,0.3598605255734868,0.42569869227493895,0,Blocked
185,185,0,0.5567744816287281,0.2799123573569078,0,Blocked
186,186,0,0.5916970251640958,0.25380897836386773,0,Blocked
187,187,0,0.8480860316448458,0.4499196489981372,0,Blocked
188,188,0,0.2645830078361967,0.34516087958103125,0,Blocked
189,189,0,0.4487169123578783,0.2350460608702446,0,Blocked
190,190,0,0.30450141623349575,0.36137247509567594,0,Blocked
191,191,0,0.4219431275089208,0.3299957096653773,0,Blocked
192,192,0,0.7404192013604103,0.40544576648041963,0,Blocked
193,193,0,0.48131330786130466,0.43004717072091114,0,Blocked
194,194,0,0.5341383992555129,0.29062010546041883,0,Blocked
195,195,0,0.10157980807744472,0.35310318499654725,0,Blocked
196,196,0,0.761749680726918,0.2204075011088948,0,Blocked
197,197,0,0.5490031062463632,0.2314262451721883,0,Blocked
198,198,0,0.6112249120281448,0.30492857147281954,0,Blocked
199,199,0,0.5986156660321598,0.26798036942259823,0,Blocked
200,0,0,0.44992859212050584,0.7150866155365333,0,Interleaved
201,1,0,0.07908233771298157,0.61857946138404,0,Interleaved
202,2,0,0.5311692786148942,0.6194554268118242,0,Interleaved
203,3,0,0.13935604591223466,0.6187842915325024,0,Interleaved
204,4,0,0.3556980574056426,0.779520458564648,0,Interleaved
205,5,0,0.708044907181854,0.3766478130510445,0,Interleaved
206,6,0,0.4301450819303644,0.5869290850772617,0,Interleaved
207,7,0,0.6878952437814054,0.3492668621589794,0,Interleaved
208,8,0,0.6613261223902502,0.4954606330291105,0,Interleaved
209,9,0,0.8044588999536927,0.4603875401743326,0,Interleaved
210,10,0,0.787725024116362,0.5025662491588098,0,Interleaved
211,11,0,0.12391059095922623,0.6688730182729736,0,Interleaved
212,12,0,0.551181706334485,0.47989967105730286,0,Interleaved
213,13,0,0.19359842272121064,0.68205379312572,0,Interleaved
214,14,0,0.6194306461068179,0.5293620287501459,0,Interleaved
215,15,0,0.5961163159278792,0.49694519166634055,0,Interleaved
216,16,0,0.8430582904375037,0.3785705811449914,0,Interleaved
217,17,0,0.5068962573665755,0.44883983925911586,0,Interleaved
218,18,0,0.7914215454093463,0.3790306150179876,0,Interleaved
219,19,0,0.6945704857554499,0.48943860924415705,0,Interleaved
220,20,0,0.1885440713922506,0.5503022829567927,0,Interleaved
221,21,0,0.6887090449894333,0.2869881657609935,0,Interleaved
222,22,0,0.36037712614612255,0.4450520669642065,0,Interleaved
223,23,0,0.336771227625711,0.6377777704892369,0,Interleaved
224,24,0,0.5686096508612968,0.3684047102484246,0,Interleaved
225,25,0,0.3213393937311595,0.5386804152971432,0,Interleaved
226,26,0,0.7397627344926891,0.4343539602969342,0,Interleaved
227,27,0,0.43683048532998475,0.4193567304690423,0,Interleaved
228,28,0,0.08118462218365889,0.5357349020591136,0,Interleaved
229,29,0,0.3619332389477142,0.6056917415237558,0,Interleaved
230,30,0,0.8822854247704355,0.2971247385051246,0,Interleaved
231,31,0,0.4060139332837203,0.40131397021853316,0,Interleaved
232,32,0,0.31660362643674433,0.49316268025710597,0,Interleaved
233,33,0,0.6279166355248034,0.5355151775168847,0,Interleaved
234,34,0,0.5259568257298763,0.41449317465266855,0,Interleaved
235,35,0,0.6640092002517637,0.5041988182851435,0,Interleaved
236,36,0,0.4760252835524586,0.48776384917048277,0,Interleaved
237,37,0,0.904602072022184,0.32062688083386576,0,Interleaved
238,38,0,0.5670088387170612,0.42036126316536715,0,Interleaved
239,39,0,0.7176570070726236,0.37380402245742195,0,Interleaved
240,40,0,0.3715598784225542,0.584608405273362,0,Interleaved
241,41,0,0.7752001983213741,0.3712954547906969,0,Interleaved
242,42,0,0.624273667692858,0.3774397584189437,0,Interleaved
243,43,0,0.7033878489668944,0.3169534786977038,0,Interleaved
244,44,0,0.21846169528166473,0.5277250058643921,0,Interleaved
245,45,0,0.6394496069185053,0.423777409017294,0,Interleaved
246,46,0,0.8989608121991814,0.26916293415856374,0,Interleaved
247,47,0,0.47045474151356625,0.3878451027641504,0,Interleaved
248,48,0,0.2946472858801817,0.43117477807353777,0,Interleaved
249,49,0,0.6130181146720571,0.5135034375206626,0,Interleaved
250,50,0,0.7677450602089829,0.3347738722401517,0,Interleaved
251,51,0,0.5647582215109149,0.49154177882686856,0,Interleaved
252,52,0,0.5795536796443859,0.29725136839349775,0,Interleaved
253,53,0,0.7298370071793707,0.3242820505627874,0,Interleaved
254,54,0,0.3254168772150974,0.43365877023727784,0,Interleaved
255,55,0,0.20610776077619247,0.43966188026563335,0,Interleaved
256,56,0,0.6866742723944796,0.6744405966327324,0,Interleaved
257,57,0,0.01635511873230474,0.4833606253860544,0,Interleaved
258,58,0,0.42773296975879277,0.388750072751347,0,Interleaved
259,59,0,0.8149767423349998,0.30110072212190686,0,Interleaved
260,60,0,0.5868001381151939,0.35178123724123395,0,Interleaved
261,61,0,0.6914502030519204,0.3530379508772359,0,Interleaved
262,62,0,0.3675173161191025,0.3555351702427831,0,Interleaved
263,63,0,0.1812007651243842,0.39757323545794576,0,Interleaved
264,64,0,0.501123585174118,0.4997729612773946,0,Interleaved
265,65,0,0.44702626400390777,0.5292114169946787,0,Interleaved
266,66,0,0.2491918350224073,0.42952786448477454,0,Interleaved
267,67,0,0.1668300594907757,0.31547580488845994,0,Interleaved
268,68,0,0.459938313677159,0.3150875997579151,0,Interleaved
269,69,0,0.7595453821775429,0.269640596767025,0,Interleaved
270,70,0,0.4827395904396753,0.5326656800166631,0,Interleaved
271,71,0,0.39676119045422276,0.3720924914760311,0,Interleaved
272,72,0,0.45515007694191434,0.518084398566802,0,Interleaved
273,73,0,0.19381622025550205,0.4076696820433594,0,Interleaved
274,74,0,0.5765085961181984,0.419052243345379,0,Interleaved
275,75,0,0.6710429073461377,0.4051823223960409,0,Interleaved
276,76,0,0.5060026406098563,0.4324010793343661,0,Interleaved
277,77,0,0.21626031711916788,0.4293979374307083,0,Interleaved
278,78,0,0.3763719020644621,0.3474914980442887,0,Interleaved
279,79,0,0.7880001513317384,0.3817511093083771,0,Interleaved
280,80,0,0.6183189336188761,0.6607483812911046,0,Interleaved
281,81,0,0.5815087686690426,0.48714422465605367,0,Interleaved
282,82,0,0.5439045497492521,0.34825508958933415,0,Interleaved
283,83,0,0.09419141274350104,0.6501151230073422,0,Interleaved
284,84,0,0.4142889284956696,0.4474039711663527,0,Interleaved
285,85,0,0.7974566390299733,0.3634667896274686,0,Interleaved
286,86,0,0.6365542715256063,0.40472940550465564,0,Interleaved
287,87,0,0.6050712574173984,0.27793931057897725,0,Interleaved
288,88,0,0.7555731425562595,0.5940089505854294,0,Interleaved
289,89,0,0.6815319472407513,0.39769807175948496,0,Interleaved
290,90,0,0.5787994395316453,0.4028578821626314,0,Interleaved
291,91,0,0.8182292179685855,0.38263970166256195,0,Interleaved
292,92,0,0.1855260139614882,0.3985666970422467,0,Interleaved
293,93,0,0.7762330006621102,0.3388018340801989,0,Interleaved
294,94,0,0.8925462589600889,0.3230493247579115,0,Interleaved
295,95,0,0.25522783996589693,0.5004166897875002,0,Interleaved
296,96,0,0.640430667857321,0.387993137315651,0,Interleaved
297,97,0,0.4147741623627129,0.3494952199880373,0,Interleaved
298,98,0,0.36236172302486835,0.362757663679218,0,Interleaved
299,99,0,0.49785836451427257,0.37249804444955503,0,Interleaved
300,100,0,0.7747450382148084,0.3234892056300746,0,Interleaved
301,101,0,0.9358149834286019,0.43051483770002724,0,Interleaved
302,102,0,0.44691539865838525,0.3419121047062636,0,Interleaved
303,103,0,0.4237344367267335,0.44860219444312355,0,Interleaved
304,104,0,0.5410648639414171,0.5139314484919628,0,Interleaved
305,105,0,0.5109903074439822,0.30936535408225857,0,Interleaved
306,106,0,0.635568568849543,0.3530403701563607,0,Interleaved
307,107,0,0.4430707427444972,0.35631248251922654,0,Interleaved
308,108,0,0.7753193744710061,0.3555008048472673,0,Interleaved
309,109,0,0.17809066885588815,0.3799098898854387,0,Interleaved
310,110,0,0.29502496263273825,0.3424610003282472,0,Interleaved
311,111,0,0.5854641655220768,0.4601041447561417,0,Interleaved
312,112,0,0.8057924909241325,0.4170033612024451,0,Interleaved
313,113,0,0.4978298384703759,0.3447792750854657,0,Interleaved
314,114,0,0.9016529247211237,0.3123036187843331,0,Interleaved
315,115,0,0.6235293764178782,0.4581733187044139,0,Interleaved
316,116,0,0.9576360461207172,0.49015719242357186,0,Interleaved
317,117,0,0.6228750519197763,0.47474744976386984,0,Interleaved
318,118,0,0.20465199333941958,0.38938045533765836,0,Interleaved
319,119,0,0.8437891082115216,0.2905284707846628,0,Interleaved
320,120,0,0.7013598558503576,0.3694041712605466,0,Interleaved
321,121,0,0.3020379218968263,0.42481084709580913,0,Interleaved
322,122,0,0.37684805692856155,0.38041201604461605,0,Interleaved
323,123,0,0.5783940643934329,0.3647600649854672,0,Interleaved
324,124,0,0.4445765997617709,0.499855225550385,0,Interleaved
325,125,0,0.39951022504599826,0.3773682566408006,0,Interleaved
326,126,0,0.6713521495099969,0.3948033968388099,0,Interleaved
327,127,0,0.5113758795912964,0.27076300605162423,0,Interleaved
328,128,0,0.4842001096954339,0.2693314937000506,0,Interleaved
329,129,0,0.7652837156012879,0.2909022812105778,0,Interleaved
330,130,0,0.8979999911820693,0.29842426296901736,0,Interleaved
331,131,0,0.5752417396598246,0.4407130118262055,0,Interleaved
332,132,0,0.7743989003179446,0.3371326286953811,0,Interleaved
333,133,0,0.2072928962263393,0.37653490907754805,0,Interleaved
334,134,0,0.771539131688886,0.4509278328211238,0,Interleaved
335,135,0,0.9027564638925305,0.3229760190044404,0,Interleaved
336,136,0,0.7682109678824086,0.25939820500086447,0,Interleaved
337,137,0,0.9013800342422464,0.2757175953238998,0,Interleaved
338,138,0,0.595241647795059,0.34348916943471797,0,Interleaved
339,139,0,0.18168159744149392,0.3640954498390726,0,Interleaved
340,140,0,0.8413167284923171,0.2512192343998154,0,Interleaved
341,141,0,0.9235951014168379,0.25227714196209744,0,Interleaved
342,142,0,0.7001147997101613,0.37176942086136855,0,Interleaved
343,143,0,0.6204987443462269,0.37303007745980454,0,Interleaved
344,144,0,0.6438465003786403,0.29373111017342624,0,Interleaved
345,145,0,0.5023638732100666,0.3545812283010259,0,Interleaved
346,146,0,0.6704257060109238,0.49401268122139264,0,Interleaved
347,147,0,0.6162000993662344,0.3027994697016176,0,Interleaved
348,148,0,0.7305010931327002,0.39362344114906694,0,Interleaved
349,149,0,0.173272303051733,0.47740704159085845,0,Interleaved
350,150,0,0.5181906116226314,0.2739019067164984,0,Interleaved
351,151,0,0.5282689601129742,0.4243288644676866,0,Interleaved
352,152,0,0.8993042350667979,0.22765571036846308,0,Interleaved
353,153,0,0.451235601581446,0.37999484544315865,0,Interleaved
354,154,0,0.7854189573190902,0.3502063760470915,0,Interleaved
355,155,0,0.39848323459193025,0.36986072891664845,0,Interleaved
356,156,0,0.4617976141839182,0.498825080319021,0,Interleaved
357,157,0,0.663017088088626,0.4728880907289402,0,Interleaved
358,158,0,0.646295485724719,0.3960333399336673,0,Interleaved
359,159,0,0.6692129032851943,0.3781537342432138,0,Interleaved
360,160,0,0.6647336536784028,0.3269208399508839,0,Interleaved
361,161,0,0.8110344926468411,0.35517418803622613,0,Interleaved
362,162,0,0.6403494067931705,0.2802106919511145,0,Interleaved
363,163,0,0.8172093254186061,0.33444117180962574,0,Interleaved
364,164,0,0.3439488440557682,0.33258808941969803,0,Interleaved
365,165,0,0.7242165588191125,0.3498573079558997,0,Interleaved
366,166,0,0.17153268767590935,0.3175387753603151,0,Interleaved
367,167,0,0.725336713657363,0.28645319754761456,0,Interleaved
368,168,0,0.15645110517294852,0.5044913460081947,0,Interleaved
369,169,0,0.5821423324273544,0.3726736644007135,0,Interleaved
370,170,0,0.5645692014993473,0.3249713866695192,0,Interleaved
371,171,0,0.5480705309144469,0.25904022505834834,0,Interleaved
372,172,0,0.49656810622525926,0.38034525297631594,0,Interleaved
373,173,0,0.925047083424956,0.2651946495946964,0,Interleaved
374,174,0,0.408449243997826,0.34037567794558354,0,Interleaved
375,175,0,0.551900801308229,0.3807976851264875,0,Interleaved
376,176,0,0.5789929152284466,0.30927983247411756,0,Interleaved
377,177,0,0.2188657655750824,0.46204105166402665,0,Interleaved
378,178,0,0.9027715680784818,0.23483053285186722,0,Interleaved
379,179,0,0.5020858819700049,0.358586370277852,0,Interleaved
380,180,0,0.8045394510317534,0.40745338926210994,0,Interleaved
381,181,0,0.9509198029234744,0.267512534014689,0,Interleaved
382,182,0,0.1747078536281269,0.43104564732356815,0,Interleaved
383,183,0,0.9734513165045338,0.30489924891601095,0,Interleaved
384,184,0,0.7897155729481977,0.2986768748139333,0,Interleaved
385,185,0,0.1694873419721176,0.40739893330653254,0,Interleaved
386,186,0,0.7299252214396579,0.2319016794880422,0,Interleaved
387,187,0,0.768714275807777,0.28878181899152766,0,Interleaved
388,188,0,0.7561529309190542,0.3526960441161522,0,Interleaved
389,189,0,0.5704228898833538,0.26029691936037497,0,Interleaved
390,190,0,0.30169954932906384,0.2639884271938886,0,Interleaved
391,191,0,0.527865806085044,0.39418384900949355,0,Interleaved
392,192,0,0.7345832994939481,0.2891611590932268,0,Interleaved
393,193,0,0.6276959265459305,0.2679649650561655,0,Interleaved
394,194,0,0.20179579960828897,0.4500802719053012,0,Interleaved
395,195,0,0.6196414101742145,0.2967329899550707,0,Interleaved
396,196,0,0.7537190028993805,0.3025835001547792,0,Interleaved
397,197,0,0.38954202837327234,0.2856392376531251,0,Interleaved
398,198,0,0.8093021972783794,0.29388779622296257,0,Interleaved
399,199,0,0.36436807760087914,0.32726464078843087,0,Interleaved
400,0,0,0.532086289659105,0.5869426463409444,0,Instructed
401,1,0,0.8833249286991263,0.7742599887534191,0,Instructed
402,2,0,0.5126879097234621,0.6495525154905788,0,Instructed
403,3,0,0.06707237092490057,0.7407838357137722,0,Instructed
404,4,0,0.5972364772371942,0.4433191061618442,0,Instructed
405,5,0,0.6930031855700511,0.6006501115397755,0,Instructed
406,6,0,0.15637714858990356,0.504984741382039,0,Instructed
407,7,0,0.4205191174132332,0.47406686140508525,0,Instructed
408,8,0,0.25902333176646336,0.5208916914448551,0,Instructed
409,9,0,0.46352992819712224,0.4686575520896996,0,Instructed
410,10,0,0.2415496474032183,0.5178314447076031,0,Instructed
411,11,0,0.4863949376729412,0.4743534035195929,0,Instructed
412,12,0,0.6955916458498772,0.45962506709558526,0,Instructed
413,13,0,0.4774146986736022,0.4875750385863728,0,Instructed
414,14,0,0.38655735535422675,0.5441784089129433,0,Instructed
415,15,0,0.6013552789725012,0.3816628318446353,0,Instructed
416,16,0,0.2757795926317192,0.36924199868740853,0,Instructed
417,17,0,0.7711506939814645,0.3288703699291276,0,Instructed
418,18,0,0.24084710750984537,0.4536935749080224,0,Instructed
419,19,0,0.27221720460602905,0.36659980261040964,0,Instructed
420,20,0,0.2463508486537547,0.3949533908559819,0,Instructed
421,21,0,0.42491321329012066,0.4320952916363842,0,Instructed
422,22,0,0.6612102568689386,0.40811688556328996,0,Instructed
423,23,0,0.44552870310455983,0.4033840006574663,0,Instructed
424,24,0,0.387554969239067,0.34291767520347366,0,Instructed
425,25,0,0.3609571494916149,0.5026931151024915,0,Instructed
426,26,0,0.695232345780072,0.5037019917866745,0,Instructed
427,27,0,0.22918850694329074,0.34800083438119467,0,Instructed
428,28,0,0.3618232332683624,0.4210007562720329,0,Instructed
429,29,0,0.23563463344726243,0.467966899424334,0,Instructed
430,30,0,0.4076876529600049,0.35127247266029454,0,Instructed
431,31,0,0.440111091603572,0.42536038429769824,0,Instructed
432,32,0,0.4345909947504745,0.406476699446477,0,Instructed
433,33,0,0.3504250478950349,0.46569276005281024,0,Instructed
434,34,0,0.6187390179819504,0.36563797618046456,0,Instructed
435,35,0,0.47989704614738,0.4121914332838694,0,Instructed
436,36,0,0.6031137030168181,0.4154161916057454,0,Instructed
437,37,0,0.4158918274288977,0.5858117620713482,0,Instructed
438,38,0,0.7724757360996294,0.3217696343064299,0,Instructed
439,39,0,0.517663094136941,0.4878439043871276,0,Instructed
440,40,0,0.8804600956324273,0.37307529635253034,0,Instructed
441,41,0,0.3754258596134102,0.5375630197171054,0,Instructed
442,42,0,0.8355913907652852,0.30303456292504966,0,Instructed
443,43,0,0.3286735799571975,0.529331377608661,0,Instructed
444,44,0,0.351205213998065,0.5066842939090026,0,Instructed
445,45,0,0.5081438331580661,0.40028303016395883,0,Instructed
446,46,0,0.348275395703989,0.34681164055624675,0,Instructed
447,47,0,0.37610392113254915,0.45204939714857595,0,Instructed
448,48,0,0.5086227498604203,0.4297730512170703,0,Instructed
449,49,0,0.4267265858304891,0.5525314454366251,0,Instructed
450,50,0,0.3189874904971749,0.41239159052134283,0,Instructed
451,51,0,0.7636553537783508,0.26448290635088484,0,Instructed
452,52,0,0.4019873662567738,0.39825350650025615,0,Instructed
453,53,0,0.2655222570734336,0.7082536765694465,0,Instructed
454,54,0,0.5514940343188333,0.3386544245789123,0,Instructed
455,55,0,0.4071578054223194,0.41943391311051176,0,Instructed
456,56,0,0.6444036685085707,0.3093158575100103,0,Instructed
457,57,0,0.43896210616683495,0.4865133910483898,0,Instructed
458,58,0,0.3018605608944125,0.4182192391408581,0,Instructed
459,59,0,0.39313521722488354,0.575868192790625,0,Instructed
460,60,0,0.22923177676549694,0.46221019139432334,0,Instructed
461,61,0,0.5024314550765999,0.43817190867191547,0,Instructed
462,62,0,0.6841057065891263,0.4622784403616108,0,Instructed
463,63,0,0.4527423609881527,0.35660918564748667,0,Instructed
464,64,0,0.705104332217201,0.28336774127932585,0,Instructed
465,65,0,0.44786811301132834,0.3610142317700895,0,Instructed
466,66,0,0.5385005830467002,0.4120304815579334,0,Instructed
467,67,0,0.5643810586435192,0.3611649974318293,0,Instructed
468,68,0,0.4777081448097928,0.4329788634151448,0,Instructed
469,69,0,0.5545221115705907,0.40731117350167045,0,Instructed
470,70,0,0.5450531382903859,0.3766799459859994,0,Instructed
471,71,0,0.24938464288689383,0.4906379449845152,0,Instructed
472,72,0,0.39737043869884053,0.4500133991929357,0,Instructed
473,73,0,0.3717338410898938,0.37220383713167543,0,Instructed
474,74,0,0.3748739122876803,0.3812761438896481,0,Instructed
475,75,0,0.4290432291234467,0.3038486965434892,0,Instructed
476,76,0,0.5587373636594754,0.3940536985472342,0,Instructed
477,77,0,0.5704008203489026,0.40102413812571225,0,Instructed
478,78,0,0.6113732760441799,0.47576891273675126,0,Instructed
479,79,0,0.2888748117616987,0.5437153118726166,0,Instructed
480,80,0,0.6068537254697761,0.3098105431622382,0,Instructed
481,81,0,0.5115109807668182,0.3941828006996756,0,Instructed
482,82,0,0.6792870770305914,0.2970098799747686,0,Instructed
483,83,0,0.3942604501203011,0.5055028021809426,0,Instructed
484,84,0,0.6520420745303284,0.4419603333724881,0,Instructed
485,85,0,0.43799487864989056,0.3896764298475977,0,Instructed
486,86,0,0.8052468990763968,0.35543833238889466,0,Instructed
487,87,0,0.4742477838939776,0.4559256078959899,0,Instructed
488,88,0,0.8870125686845833,0.2667704406823803,0,Instructed
489,89,0,0.6259426861683508,0.30258435215000745,0,Instructed
490,90,0,0.10590929488341311,0.46063119043782785,0,Instructed
491,91,0,0.5721587556883936,0.32407273421227245,0,Instructed
492,92,0,0.8936428347683838,0.3153921909098492,0,Instructed
493,93,0,0.6257704550080342,0.4114689397619098,0,Instructed
494,94,0,0.2159117299818224,0.49502052952958,0,Instructed
495,95,0,0.442209994489609,0.33103046163739974,0,Instructed
496,96,0,0.7427445889183164,0.29127736955154565,0,Instructed
497,97,0,0.45391427307883025,0.4641670754644929,0,Instructed
498,98,0,0.7088630047287535,0.49698315975999924,0,Instructed
499,99,0,0.3447715470073152,0.34443211853010874,0,Instructed
500,100,0,0.7262053732720397,0.33900755272374405,0,Instructed
501,101,0,0.47246921791789825,0.33591299598558444,0,Instructed
502,102,0,0.8073672064122142,0.35264242781141575,0,Instructed
503,103,0,0.7087920494688624,0.36608266293845604,0,Instructed
504,104,0,0.35315722220693735,0.3837595971023932,0,Instructed
505,105,0,0.557831603464667,0.4310290049540434,0,Instructed
506,106,0,0.6861910544935363,0.2910065005720589,0,Instructed
507,107,0,0.1794338576548104,0.4756272706595001,0,Instructed
508,108,0,0.757526730888638,0.31940336861457364,0,Instructed
509,109,0,0.5059140610964221,0.38323427568389645,0,Instructed
510,110,0,0.8960751747626878,0.2601612946244414,0,Instructed
511,111,0,0.32309027061170503,0.485378614320815,0,Instructed
512,112,0,0.8777222661569845,0.3466907141283708,0,Instructed
513,113,0,0.634883322918912,0.4398739853054114,0,Instructed
514,114,0,0.27634162912565696,0.5791978652260106,0,Instructed
515,115,0,0.4860622252367748,0.32284951721548855,0,Instructed
516,116,0,0.8359343873282511,0.4005564585455013,0,Instructed
517,117,0,0.569463919123288,0.2858282108580544,0,Instructed
518,118,0,0.16354129035766338,0.43675514824145145,0,Instructed
519,119,0,0.698800713615557,0.3052770783327386,0,Instructed
520,120,0,0.9237963916954641,0.3272746145479519,0,Instructed
521,121,0,0.460086752801317,0.5572184874264274,0,Instructed
522,122,0,0.25899951131358284,0.3683049201581365,0,Instructed
523,123,0,0.4727093266411871,0.3536730799918727,0,Instructed
524,124,0,0.3469521872441975,0.4209288746321861,0,Instructed
525,125,0,0.32001963036284414,0.29873653179106907,0,Instructed
526,126,0,0.8399531702293792,0.3943258197344124,0,Instructed
527,127,0,0.5944671049785442,0.3040772723431031,0,Instructed
528,128,0,0.24942987863716376,0.33819295516610437,0,Instructed
529,129,0,0.5639887971635416,0.44206286700773856,0,Instructed
530,130,0,0.3782998646626601,0.383240096328623,0,Instructed
531,131,0,0.5865093231164838,0.3312063996526573,0,Instructed
532,132,0,0.358774709453483,0.3616926638620227,0,Instructed
533,133,0,0.614951039873487,0.37699825713903595,0,Instructed
534,134,0,0.4571898570768623,0.3771560510427474,0,Instructed
535,135,0,0.6248419947073162,0.32217680413647865,0,Instructed
536,136,0,0.7575699210894666,0.4808337559939311,0,Instructed
537,137,0,0.44594859402639875,0.5538215707313972,0,Instructed
538,138,0,0.8181616053258174,0.3648563235500001,0,Instructed
539,139,0,0.5424402279570631,0.3369523235775553,0,Instructed
540,140,0,0.43795648168400225,0.37010977866519934,0,Instructed
541,141,0,0.6414314312438982,0.21778113382286923,0,Instructed
542,142,0,0.4874796801292512,0.3615400231965775,0,Instructed
543,143,0,0.5979204062061936,0.33468858366792476,0,Instructed
544,144,0,0.43627382220408295,0.37927209486016883,0,Instructed
545,145,0,0.6455784654715366,0.3765108662492006,0,Instructed
546,146,0,0.36529026823265176,0.3083143532176851,0,Instructed
547,147,0,0.6588868014512601,0.3067280630897552,0,Instructed
548,148,0,0.4027654118373847,0.287384868087335,0,Instructed
549,149,0,0.36368957200869195,0.3863695293482421,0,Instructed
550,150,0,0.7941410499741898,0.33945792869966857,0,Instructed
551,151,0,0.281986701876408,0.36151966955671977,0,Instructed
552,152,0,0.5669915216300743,0.3866405954205528,0,Instructed
553,153,0,0.6630622260062653,0.24305480803662416,0,Instructed
554,154,0,0.7157650560613482,0.273672436668559,0,Instructed
555,155,0,0.6198758155679556,0.2380168488336431,0,Instructed
556,156,0,0.4982070632880627,0.3153401635741729,0,Instructed
557,157,0,0.4110213917425457,0.327177873740025,0,Instructed
558,158,0,0.6841193715914857,0.4110022801007181,0,Instructed
559,159,0,0.4435833305793899,0.25843925532560286,0,Instructed
560,160,0,0.6167089237741904,0.3339868658177914,0,Instructed
561,161,0,0.5043863071979002,0.3257325630104221,0,Instructed
562,162,0,0.5336154452613873,0.2964872500568214,0,Instructed
563,163,0,0.41982799947440985,0.378939041262243,0,Instructed
564,164,0,0.7989257800260876,0.3311356358134231,0,Instructed
565,165,0,0.45892126828258106,0.36026932672709305,0,Instructed
566,166,0,0.6363519039698251,0.2546870017915323,0,Instructed
567,167,0,0.7939623569165136,0.20146351116438493,0,Instructed
568,168,0,0.858474392593374,0.33416543786615016,0,Instructed
569,169,0,0.8673120357277821,0.4165081665223613,0,Instructed
570,170,0,0.9440419642519424,0.24928773707143986,0,Instructed
571,171,0,0.6184539945994051,0.35370067752975903,0,Instructed
572,172,0,0.45964005807613867,0.5019039704605055,0,Instructed
573,173,0,0.52890038510504,0.3311593632988402,0,Instructed
574,174,0,0.7956456666720754,0.436055286543789,0,Instructed
575,175,0,0.3720144210355226,0.4102431517565529,0,Instructed
576,176,0,0.5331849669901414,0.31139380865122906,0,Instructed
577,177,0,0.38284378024640375,0.3191643117738225,0,Instructed
578,178,0,0.7002181318940393,0.3345044916200711,0,Instructed
579,179,0,0.7258776810971856,0.3881435584884344,0,Instructed
580,180,0,0.9004620020096232,0.3682814808865795,0,Instructed
581,181,0,0.7650060229071007,0.3514364629706714,0,Instructed
582,182,0,0.598788714224956,0.2532591386603676,0,Instructed
583,183,0,0.3774294327097723,0.5312526149561791,0,Instructed
584,184,0,0.6491030932509361,0.30218721569684087,0,Instructed
585,185,0,0.48482378041689556,0.358071267072113,0,Instructed
586,186,0,0.7227932737189962,0.4344954397206925,0,Instructed
587,187,0,0.3365363544275881,0.4531057752967492,0,Instructed
588,188,0,0.5413726136139921,0.4590646415153176,0,Instructed
589,189,0,0.4599790229229549,0.47075294115505406,0,Instructed
590,190,0,0.434336604128251,0.328398157609847,0,Instructed
591,191,0,0.8074793577221377,0.34014157228195563,0,Instructed
592,192,0,0.5880299058325777,0.2605049210087551,0,Instructed
593,193,0,0.6955295187828013,0.3145317508711208,0,Instructed
594,194,0,0.21549902697389928,0.5528851824639269,0,Instructed
595,195,0,0.38191998432519925,0.2928890509473431,0,Instructed
596,196,0,0.7032865924171205,0.26074248125526406,0,Instructed
597,197,0,0.5234078671470828,0.3087535588949806,0,Instructed
598,198,0,0.22640926236583814,0.3420552617736898,0,Instructed
599,199,0,0.45854783164171886,0.3002168282787825,0,Instructed
600,0,0,0.10677559925975179,0.8901477147766537,1,Blocked
601,1,0,0.973807638675237,0.6097231903873396,1,Blocked
602,2,0,0.06551748455878993,0.5909905022950787,1,Blocked
603,3,0,0.9693966456778733,0.2739358360345924,1,Blocked
604,4,0,0.04481859085942789,0.44069411134795117,1,Blocked
605,5,0,0.02799208700158696,0.5073928588161355,1,Blocked
606,6,0,0.07099219719861022,0.5642530187599419,1,Blocked
607,7,0,0.09092858447160007,0.42690999743437547,1,Blocked
608,8,0,0.8784708323465091,0.3409065838259598,1,Blocked
609,9,0,0.06315829116956767,0.5087002648433258,1,Blocked
610,10,0,0.0913565916666505,0.46482988455384594,1,Blocked
611,11,0,0.23828240131613324,0.4279218032374941,1,Blocked
612,12,0,0.11522348150428262,0.5096102641256194,1,Blocked
613,13,0,0.8061021603746266,0.48775636138319306,1,Blocked
614,14,0,0.8352878004339713,0.3768852650631585,1,Blocked
615,15,0,0.8214317848632373,0.4467596367252522,1,Blocked
616,16,0,0.869747320134409,0.4908152313901424,1,Blocked
617,17,0,0.9464293731206554,0.37012376360520327,1,Blocked
618,18,0,0.016725524660432742,0.4403833776851129,1,Blocked
619,19,0,0.045153408103381774,0.619388157179349,1,Blocked
620,20,0,0.025555658791561617,0.6137796295835489,1,Blocked
621,21,0,0.9438724142278203,0.5447968526134883,1,Blocked
622,22,0,0.08878667812759018,0.3854376228534219,1,Blocked
623,23,0,0.9578685349088611,0.3603603528536079,1,Blocked
624,24,0,0.11790840552363477,0.6155593131891401,1,Blocked
625,25,0,0.9662653890855756,0.5393595919943179,1,Blocked
626,26,0,0.08210714838560976,0.5564643176627393,1,Blocked
627,27,0,0.9536823417728603,0.43789349169395664,1,Blocked
628,28,0,0.9692378822827987,0.38472605438461005,1,Blocked
629,29,0,0.9446622684301753,0.4702748473021845,1,Blocked
630,30,0,0.9567544751760698,0.3868967597888103,1,Blocked
631,31,0,0.9684990333324227,0.3298962564431937,1,Blocked
632,32,0,0.033274720172894526,0.3830427905798012,1,Blocked
633,33,0,0.03957171123743172,0.46999032446765837,1,Blocked
634,34,0,0.06640694473813456,0.5882997383045521,1,Blocked
635,35,0,0.06737826286243233,0.40555406725839216,1,Blocked
636,36,0,0.8545778463654297,0.38090239020599004,1,Blocked
637,37,0,0.2403677346089001,0.41941741768535523,1,Blocked
638,38,0,0.9245735107774786,0.47755327544751164,1,Blocked
639,39,0,0.12710960483713435,0.46385983628427574,1,Blocked
640,40,0,0.5255368602779651,0.46642028616284725,1,Blocked
641,41,0,0.4689154883192733,0.5515197074693592,1,Blocked
642,42,0,0.46284954488841934,0.44465838422088766,1,Blocked
643,43,0,0.5110485013434525,0.5640810826751005,1,Blocked
644,44,0,0.37763121875261085,0.611182942984968,1,Blocked
645,45,0,0.5295753606595417,0.3814902812868959,1,Blocked
646,46,0,0.5498657812946792,0.3557547282733543,1,Blocked
647,47,0,0.47787406425869994,0.49185904301932887,1,Blocked
648,48,0,0.3745085894823314,0.3726582105164485,1,Blocked
649,49,0,0.6960004531027802,0.39065289974433165,1,Blocked
650,50,0,0.4282851081217104,0.3874259178783166,1,Blocked
651,51,0,0.38652494703320356,0.4111750021682655,1,Blocked
652,52,0,0.49005105613850236,0.41524781963657204,1,Blocked
653,53,0,0.4576222953335353,0.35165002290708613,1,Blocked
654,54,0,0.48729334225823484,0.3473650201362749,1,Blocked
655,55,0,0.5063472808628929,0.34850218856663984,1,Blocked
656,56,0,0.548024411237023,0.41367047841765214,1,Blocked
657,57,0,0.4483184032688074,0.4798041300684409,1,Blocked
658,58,0,0.4759363730456767,0.5250450419808521,1,Blocked
659,59,0,0.32576684352552554,0.3372722732063458,1,Blocked
660,60,0,0.46519865482638845,0.48536704870562797,1,Blocked
661,61,0,0.5874812851560531,0.616967533782301,1,Blocked
662,62,0,0.683980084266132,0.45076994927440994,1,Blocked
663,63,0,0.4753257427878358,0.4323011888153081,1,Blocked
664,64,0,0.5235754084592708,0.38004380436043894,1,Blocked
665,65,0,0.1980061688889519,0.5279619571252054,1,Blocked
666,66,0,0.45648905273005463,0.4332834407196362,1,Blocked
667,67,0,0.9488086081593448,0.4427242526507533,1,Blocked
668,68,0,0.6456811551200644,0.3495672729058224,1,Blocked
669,69,0,0.8276448518404974,0.3319534744878909,1,Blocked
670,70,0,0.7241111708651891,0.4758419953252251,1,Blocked
671,71,0,0.6523053090220505,0.3213559570286104,1,Blocked
672,72,0,0.8548186208631395,0.39606201476608516,1,Blocked
673,73,0,0.4860660797915959,0.38919955687327523,1,Blocked
674,74,0,0.47138260739420446,0.5291016944405558,1,Blocked
675,75,0,0.5984597533957807,0.3865637904877079,1,Blocked
676,76,0,0.5706910596414076,0.4109903512596819,1,Blocked
677,77,0,0.7826546664109313,0.3336363187454413,1,Blocked
678,78,0,0.8818233820943598,0.2916278286598334,1,Blocked
679,79,0,0.6283943469079184,0.4432451759226584,1,Blocked
680,80,0,0.7940956848670602,0.3268869346820604,1,Blocked
681,81,0,0.05578702243727532,0.5458852484732393,1,Blocked
682,82,0,0.09304117910386753,0.4323179971117955,1,Blocked
683,83,0,0.06756732592329055,0.35802788318725887,1,Blocked
684,84,0,0.09684966258001532,0.44408224305645205,1,Blocked
685,85,0,0.11216914487938404,0.36592905996043196,1,Blocked
686,86,0,0.7030669079777585,0.3253347457414686,1,Blocked
687,87,0,0.9027119269917785,0.37884943897583667,1,Blocked
688,88,0,0.3204441282734089,0.46114084377028264,1,Blocked
689,89,0,0.7898201724417022,0.24942820468026033,1,Blocked
690,90,0,0.7874313014358347,0.3922221586110478,1,Blocked
691,91,0,0.6164059864659037,0.40364268409989157,1,Blocked
692,92,0,0.7963025151071655,0.3320727184165292,1,Blocked
693,93,0,0.787043335819407,0.3955108128211254,1,Blocked
694,94,0,0.8040212873597689,0.33880683602798956,1,Blocked
695,95,0,0.8730430209347674,0.374001780813091,1,Blocked
696,96,0,0.05782119004010615,0.4648117816638501,1,Blocked
697,97,0,0.9858888072285723,0.3375137176989482,1,Blocked
698,98,0,0.15095126647597004,0.4717674773560238,1,Blocked
699,99,0,0.968794722984332,0.26999666634732783,1,Blocked
700,100,0,0.9191237753436006,0.3095250110786561,1,Blocked
701,101,0,0.9247952519714508,0.3127211068801132,1,Blocked
702,102,0,0.4759259223615456,0.4389156630583917,1,Blocked
703,103,0,0.032803130161217914,0.40925131991866637,1,Blocked
704,104,0,0.9157632099228272,0.27484843993911573,1,Blocked
705,105,0,0.26266064066168615,0.45558041979187824,1,Blocked
706,106,0,0.4758885996209815,0.41400157611968214,1,Blocked
707,107,0,0.5611686501900665,0.4292740286053838,1,Blocked
708,108,0,0.7185486204456726,0.3563767698694153,1,Blocked
709,109,0,0.7907456556119934,0.4188162902602387,1,Blocked
710,110,0,0.3375436890632016,0.401537463588837,1,Blocked
711,111,0,0.4338438162616062,0.38833987189335273,1,Blocked
712,112,0,0.860413108527905,0.42124656145100403,1,Blocked
713,113,0,0.43338454936918186,0.3641879284531689,1,Blocked
714,114,0,0.9525873749437044,0.3412019552376462,1,Blocked
715,115,0,0.024801648558379286,0.36493898697870203,1,Blocked
716,116,0,0.9173484157235637,0.33693414322180415,1,Blocked
717,117,0,0.8831770995598776,0.27252453918389896,1,Blocked
718,118,0,0.9833178944856437,0.3254092055542597,1,Blocked
719,119,0,0.6864956880519104,0.3465006490711633,1,Blocked
720,120,0,0.040827363443764246,0.4462367681947915,1,Blocked
721,121,0,0.40590338430148687,0.410133320592148,1,Blocked
722,122,0,0.5835124706167181,0.2939049575815936,1,Blocked
723,123,0,0.32935026216889823,0.44128819279871867,1,Blocked
724,124,0,0.6724387201347788,0.4217769929736084,1,Blocked
725,125,0,0.5267923211052152,0.32498200602909755,1,Blocked
726,126,0,0.5078231372578907,0.3387927226308203,1,Blocked
727,127,0,0.5080265171703492,0.4294616842573549,1,Blocked
728,128,0,0.5874573192915826,0.29881625248002774,1,Blocked
729,129,0,0.3616731738779467,0.40650300481409574,1,Blocked
730,130,0,0.5577834307923997,0.48189248455203226,1,Blocked
731,131,0,0.6513122209956577,0.42107967343957625,1,Blocked
732,132,0,0.45197467371962935,0.3782159066422831,1,Blocked
733,133,0,0.5416227315981598,0.37157754063209714,1,Blocked
734,134,0,0.46489795563684916,0.4001381590558018,1,Blocked
735,135,0,0.2787494242741913,0.5841136985363001,1,Blocked
736,136,0,0.5749454862008783,0.25979555063911164,1,Blocked
737,137,0,0.5761404914134343,0.2895780019023606,1,Blocked
738,138,0,0.6065312229541548,0.2610847815027157,1,Blocked
739,139,0,0.9208966765007137,0.3362428027502865,1,Blocked
740,140,0,0.5392275055152154,0.3931241826765054,1,Blocked
741,141,0,0.47772170406071207,0.33340736919764247,1,Blocked
742,142,0,0.6674620103071645,0.3587826985914971,1,Blocked
743,143,0,0.8951225097852478,0.32586493793703764,1,Blocked
744,144,0,0.7907168375810839,0.21344872355512043,1,Blocked
745,145,0,0.46506874545299626,0.28478737610326144,1,Blocked
746,146,0,0.9897152915093018,0.2962779601051071,1,Blocked
747,147,0,0.844355410753673,0.2518307513033389,1,Blocked
748,148,0,0.522104939961838,0.47008317339815187,1,Blocked
749,149,0,0.4500466716653337,0.4437924192165529,1,Blocked
750,150,0,0.8738979068208608,0.2406997938597077,1,Blocked
751,151,0,0.8293683863784618,0.5274713574635582,1,Blocked
752,152,0,0.4363422857626505,0.4482572674122922,1,Blocked
753,153,0,0.9687235219866108,0.31046203274188816,1,Blocked
754,154,0,0.8409424776029116,0.43450906467760064,1,Blocked
755,155,0,0.5098779894802132,0.47792193122916493,1,Blocked
756,156,0,0.9735255056579148,0.2810186384919699,1,Blocked
757,157,0,0.5817507186735532,0.44925305939517246,1,Blocked
758,158,0,0.7800279287405003,0.3420994737737644,1,Blocked
759,159,0,0.9179185319495602,0.2798413042730806,1,Blocked
760,160,0,0.6704686854850257,0.5129253984590144,1,Blocked
761,161,0,0.10823471444665302,0.4150113423568809,1,Blocked
762,162,0,0.7205614250303056,0.29116909507421423,1,Blocked
763,163,0,0.10054078603293579,0.42496822726093597,1,Blocked
764,164,0,0.1706986886431987,0.3397862050305095,1,Blocked
765,165,0,0.4518734181316859,0.3680934610939965,1,Blocked
766,166,0,0.39053731929101226,0.3300160854627107,1,Blocked
767,167,0,0.6609590903817852,0.36691030777981287,1,Blocked
768,168,0,0.5687533467895269,0.38113499593519456,1,Blocked
769,169,0,0.5458833833998765,0.2738909797815131,1,Blocked
770,170,0,0.31501714601412323,0.3293729379137369,1,Blocked
771,171,0,0.7259472467851171,0.3533377178091639,1,Blocked
772,172,0,0.5562207299835048,0.30697674527956764,1,Blocked
773,173,0,0.1675073831557428,0.32642555492211434,1,Blocked
774,174,0,0.5567057595474781,0.3884063807976563,1,Blocked
775,175,0,0.5432674638780117,0.3091307647169844,1,Blocked
776,176,0,0.8022592113478972,0.2660968086242857,1,Blocked
777,177,0,0.7265689241453045,0.28118694615904005,1,Blocked
778,178,0,0.7123452178037093,0.5025965046496812,1,Blocked
779,179,0,0.22733261034393754,0.3094763339828859,1,Blocked
780,180,0,0.6936522951451598,0.4156233800019268,1,Blocked
781,181,0,0.8119011669571521,0.27158278719422474,1,Blocked
782,182,0,0.5832519476052338,0.3976152660444709,1,Blocked
783,183,0,0.8823719102053721,0.26210029876197033,1,Blocked
784,184,0,0.7852173469003125,0.31827789400434786,1,Blocked
785,185,0,0.6716970810773196,0.2087721063229459,1,Blocked
786,186,0,0.6635808370590399,0.3000123248023172,1,Blocked
787,187,0,0.9129715812418033,0.18218686073058196,1,Blocked
788,188,0,0.6654011451660136,0.2740161404493924,1,Blocked
789,189,0,0.2930148207758631,0.3590723592215368,1,Blocked
790,190,0,0.7238803490867407,0.33118026461187666,1,Blocked
791,191,0,0.29096365766709975,0.35552278618845073,1,Blocked
792,192,0,0.5732515532668657,0.28755511621803254,1,Blocked
793,193,0,0.5416510800249992,0.31583112890641774,1,Blocked
794,194,0,0.6995270882839137,0.2764700678171854,1,Blocked
795,195,0,0.26376830224452674,0.2903407501604299,1,Blocked
796,196,0,0.4387342994108465,0.32787895547479606,1,Blocked
797,197,0,0.5601720085213091,0.25280609532866277,1,Blocked
798,198,0,0.9050843081168607,0.2783830036391485,1,Blocked
799,199,0,0.5247918632371662,0.41298082795456803,1,Blocked
800,0,0,0.10434722339521593,0.6729994244738072,1,Interleaved
801,1,0,0.37793879942778463,0.5739844619215793,1,Interleaved
802,2,0,0.45225339673409853,0.5137713588415307,1,Interleaved
803,3,0,0.3627951921481734,0.5282091138724756,1,Interleaved
804,4,0,0.6295437218396503,0.3571927434035217,1,Interleaved
805,5,0,0.5437939581312957,0.5243404387156423,1,Interleaved
806,6,0,0.19109873156925367,0.4324348960059704,1,Interleaved
807,7,0,0.4589163528034156,0.6339418878515695,1,Interleaved
808,8,0,0.2043214449087413,0.5072305165951493,1,Interleaved
809,9,0,0.3883060135952183,0.4263527211867617,1,Interleaved
810,10,0,0.7613091685654153,0.43835174981358094,1,Interleaved
811,11,0,0.4688429720116895,0.41208353556828614,1,Interleaved
812,12,0,0.723598528944519,0.592796283581558,1,Interleaved
813,13,0,0.9178345590325988,0.43608704925554764,1,Interleaved
814,14,0,0.5803742305858715,0.4196421428496486,1,Interleaved
815,15,0,0.7982255380171415,0.40237107435464436,1,Interleaved
816,16,0,0.8400065398784284,0.4831524848466473,1,Interleaved
817,17,0,0.5443582617575409,0.523128183326369,1,Interleaved
818,18,0,0.3532740724229673,0.4602519790754249,1,Interleaved
819,19,0,0.9613526350935848,0.4862938651134404,1,Interleaved
820,20,0,0.7380188560680285,0.39095838724902177,1,Interleaved
821,21,0,0.38214541843291305,0.4240646397034208,1,Interleaved
822,22,0,0.7669985797116374,0.45362450083970596,1,Interleaved
823,23,0,0.801391729148957,0.38583072561120646,1,Interleaved
824,24,0,0.6567230430951367,0.38771622478972895,1,Interleaved
825,25,0,0.9502436724504921,0.3965111454549112,1,Interleaved
826,26,0,0.40071339675730994,0.46557983429707017,1,Interleaved
827,27,0,0.9002709576405915,0.37949319708751,1,Interleaved
828,28,0,0.5552716479139851,0.472418821268604,1,Interleaved
829,29,0,0.09032889989204551,0.3834426902575522,1,Interleaved
830,30,0,0.5056061566634243,0.4404726124229709,1,Interleaved
831,31,0,0.5545169489753303,0.599729383304134,1,Interleaved
832,32,0,0.5979884278778635,0.4500925862982412,1,Interleaved
833,33,0,0.3206697187704656,0.4136997514911635,1,Interleaved
834,34,0,0.6998522764232457,0.3918102333169208,1,Interleaved
835,35,0,0.2720274616705236,0.4500214287771398,1,Interleaved
836,36,0,0.4500039571349654,0.41959126904189536,1,Interleaved
837,37,0,0.2895704815974299,0.5506719398315996,1,Interleaved
838,38,0,0.3124728605289218,0.5852117064868246,1,Interleaved
839,39,0,0.6035936412223577,0.450183645703785,1,Interleaved
840,40,0,0.6206793897863306,0.43605608888591507,1,Interleaved
841,41,0,0.5937088244481956,0.5471324603720665,1,Interleaved
842,42,0,0.14835471441539122,0.4394920319950385,1,Interleaved
843,43,0,0.7017595769401738,0.3490219779480621,1,Interleaved
844,44,0,0.4060244883963075,0.4818354543563428,1,Interleaved
845,45,0,0.4930254937694365,0.6693972342286101,1,Interleaved
846,46,0,0.3675668979236162,0.5733772500250596,1,Interleaved
847,47,0,0.7367378358620871,0.49284782834421814,1,Interleaved
848,48,0,0.4729800707264117,0.3707800252900544,1,Interleaved
849,49,0,0.6703400158221573,0.4554048543698788,1,Interleaved
850,50,0,0.5047393316575347,0.3761146458941851,1,Interleaved
851,51,0,0.07592630372902928,0.5092745793715114,1,Interleaved
852,52,0,0.618850238937592,0.412008727425614,1,Interleaved
853,53,0,0.511145854316872,0.40359628763442157,1,Interleaved
854,54,0,0.21303744874177627,0.35429668016366905,1,Interleaved
855,55,0,0.3679473344667821,0.33497701446616523,1,Interleaved
856,56,0,0.15593599477684025,0.34629304054314186,1,Interleaved
857,57,0,0.8658113418117823,0.35091036286208876,1,Interleaved
858,58,0,0.6705098269092563,0.4761005420750309,1,Interleaved
859,59,0,0.30182629843288483,0.3511863777489903,1,Interleaved
860,60,0,0.6532256621991537,0.2929940346878021,1,Interleaved
861,61,0,0.4173618300164146,0.32619871795907085,1,Interleaved
862,62,0,0.4677641857568048,0.35564766885676913,1,Interleaved
863,63,0,0.37920290455911243,0.35603109890322204,1,Interleaved
864,64,0,0.486116189048551,0.376671193298331,1,Interleaved
865,65,0,0.5267735983647648,0.3763544761766977,1,Interleaved
866,66,0,0.34389039940679555,0.467470446551175,1,Interleaved
867,67,0,0.7538444696982352,0.47485563182079626,1,Interleaved
868,68,0,0.6957247796963085,0.385841388972518,1,Interleaved
869,69,0,0.23187598651302532,0.4504747343160669,1,Interleaved
870,70,0,0.6231307714367977,0.43769750032971866,1,Interleaved
871,71,0,0.7118999376511679,0.3268401703886141,1,Interleaved
872,72,0,0.47587824738523726,0.4183179636985861,1,Interleaved
873,73,0,0.8715333777210279,0.32690193155714947,1,Interleaved
874,74,0,0.462473688652978,0.4055350285218076,1,Interleaved
875,75,0,0.5068572709142383,0.42058416871531773,1,Interleaved
876,76,0,0.5299750850292664,0.4267647897135983,1,Interleaved
877,77,0,0.1015623404318908,0.5763671026418615,1,Interleaved
878,78,0,0.5511212620074742,0.41281302373084605,1,Interleaved
879,79,0,0.5804366725623833,0.33385343996054695,1,Interleaved
880,80,0,0.5665389753158818,0.40733553319926347,1,Interleaved
881,81,0,0.7988436416617357,0.32280377322327314,1,Interleaved
882,82,0,0.732474501929048,0.35197414550267997,1,Interleaved
883,83,0,0.3837422734183835,0.4730342160606784,1,Interleaved
884,84,0,0.7428297902760262,0.3082359252179414,1,Interleaved
885,85,0,0.652653594006402,0.3793440945423192,1,Interleaved
886,86,0,0.3588788151594853,0.4142206874478461,1,Interleaved
887,87,0,0.46279775535945966,0.36148721667335093,1,Interleaved
888,88,0,0.6552618394215715,0.3600759199935959,1,Interleaved
889,89,0,0.29544160524789165,0.33970364102050427,1,Interleaved
890,90,0,0.9225757770200895,0.34149518817644975,1,Interleaved
891,91,0,0.5091562231504697,0.298199726175346,1,Interleaved
892,92,0,0.64647769945051,0.3306172698344195,1,Interleaved
893,93,0,0.6272565956935809,0.46228846285007835,1,Interleaved
894,94,0,0.037724570134872966,0.4024261733588071,1,Interleaved
895,95,0,0.40818278683644804,0.312849044678314,1,Interleaved
896,96,0,0.5650199377045465,0.41015579759843457,1,Interleaved
897,97,0,0.4413420539832491,0.39543573635588974,1,Interleaved
898,98,0,0.860387444167899,0.345477027876477,1,Interleaved
899,99,0,0.713149405749012,0.38583127329429423,1,Interleaved
900,100,0,0.5550978090113181,0.38868876070231045,1,Interleaved
901,101,0,0.34173451046829273,0.30135832006077956,1,Interleaved
902,102,0,0.6271865739438371,0.27986656529247067,1,Interleaved
903,103,0,0.5538310948487645,0.32068943376741155,1,Interleaved
904,104,0,0.5926553950090853,0.4737718792221466,1,Interleaved
905,105,0,0.3660655831210991,0.34342849350737825,1,Interleaved
906,106,0,0.4323024667076827,0.2766411131896489,1,Interleaved
907,107,0,0.5146350411722893,0.3264277126096713,1,Interleaved
908,108,0,0.4454839854398419,0.24350736137103707,1,Interleaved
909,109,0,0.4150348074930266,0.37390547834361987,1,Interleaved
910,110,0,0.4955058127867137,0.42510881108880083,1,Interleaved
911,111,0,0.41911605159140913,0.32022001780429254,1,Interleaved
912,112,0,0.4215138314473251,0.357535494696513,1,Interleaved
913,113,0,0.6104686494369251,0.31896836498008774,1,Interleaved
914,114,0,0.6650048882376066,0.48056117954611643,1,Interleaved
915,115,0,0.7654990593851345,0.24639544773303287,1,Interleaved
916,116,0,0.26757256498013215,0.3674629252807393,1,Interleaved
917,117,0,0.49447230573791423,0.49157018167969296,1,Interleaved
918,118,0,0.555439584493768,0.34062767442052,1,Interleaved
919,119,0,0.2677139817474753,0.294855226344344,1,Interleaved
920,120,0,0.7153959641521124,0.3056416409421866,1,Interleaved
921,121,0,0.5760114073741927,0.48929292790515,1,Interleaved
922,122,0,0.3980172753463318,0.28313420513993814,1,Interleaved
923,123,0,0.26932834420112667,0.4078313198748483,1,Interleaved
924,124,0,0.36472849839488464,0.22568924427173243,1,Interleaved
925,125,0,0.7589916604756396,0.3296872481721814,1,Interleaved
926,126,0,0.44542068071530394,0.36212051542092816,1,Interleaved
927,127,0,0.20184711874630093,0.4028729394035403,1,Interleaved
928,128,0,0.058642606403547806,0.3253702783818564,1,Interleaved
929,129,0,0.5903705110155104,0.4647347492864137,1,Interleaved
930,130,0,0.6389006239597421,0.3262421889554042,1,Interleaved
931,131,0,0.6313382393385908,0.4503417528660875,1,Interleaved
932,132,0,0.81480516167953,0.40737760448851645,1,Interleaved
933,133,0,0.9834077741536253,0.3689280215208618,1,Interleaved
934,134,0,0.481162960681756,0.47666330674824553,1,Interleaved
935,135,0,0.9829272610841597,0.32344269762471417,1,Interleaved
936,136,0,0.47669928073988566,0.3602339262473857,1,Interleaved
937,137,0,0.3300690211188497,0.3643725340691376,1,Interleaved
938,138,0,0.6632264063935787,0.41526475134490326,1,Interleaved
939,139,0,0.9139784506149096,0.24007701658024452,1,Interleaved
940,140,0,0.5704604348527548,0.22187910594684507,1,Interleaved
941,141,0,0.7083565215842647,0.4217792671512652,1,Interleaved
942,142,0,0.6794943472318362,0.3493985060225982,1,Interleaved
943,143,0,0.7338691896761763,0.2587472383757886,1,Interleaved
944,144,0,0.5636640121661496,0.36198061065666015,1,Interleaved
945,145,0,0.7999356416268517,0.24675723525034413,1,Interleaved
946,146,0,0.8629721567513278,0.4015491364165539,1,Interleaved
947,147,0,0.9046884562118742,0.37415652326181736,1,Interleaved
948,148,0,0.5074893958484351,0.41649670308242326,1,Interleaved
949,149,0,0.07520793088770869,0.4570239243454074,1,Interleaved
950,150,0,0.6226060703968331,0.31011298756834005,1,Interleaved
951,151,0,0.6993290021506456,0.35049667507558174,1,Interleaved
952,152,0,0.5507021889225745,0.3258632707858431,1,Interleaved
953,153,0,0.5596119067326745,0.27302623739845777,1,Interleaved
954,154,0,0.5147019524628591,0.2933683480896858,1,Interleaved
955,155,0,0.6033752140431652,0.31585984680951573,1,Interleaved
956,156,0,0.6104765653426147,0.2589085794210605,1,Interleaved
957,157,0,0.5306168884771337,0.22887759662843826,1,Interleaved
958,158,0,0.42399718972066747,0.24516673909073672,1,Interleaved
959,159,0,0.259685097201895,0.5487553461192353,1,Interleaved
960,160,0,0.4189243570173381,0.356093011248603,1,Interleaved
961,161,0,0.5847260525795092,0.39085847570991233,1,Interleaved
962,162,0,0.7418937941358055,0.35005858580958604,1,Interleaved
963,163,0,0.4639871246233717,0.3510364152704423,1,Interleaved
964,164,0,0.7416837377662444,0.2851215529216611,1,Interleaved
965,165,0,0.7725787385247037,0.31748724825517327,1,Interleaved
966,166,0,0.3471463546628377,0.3091664773443866,1,Interleaved
967,167,0,0.5694403160420014,0.4627625887824717,1,Interleaved
968,168,0,0.7428221886013497,0.2613137586479093,1,Interleaved
969,169,0,0.769598705694881,0.3669617296873719,1,Interleaved
970,170,0,0.5815989257236583,0.3182605320939271,1,Interleaved
971,171,0,0.7608350462554607,0.3101542782315101,1,Interleaved
972,172,0,0.25317433761076275,0.4377770146158366,1,Interleaved
973,173,0,0.7955699242538818,0.28769889293597267,1,Interleaved
974,174,0,0.36493432503074535,0.3570773380268711,1,Interleaved
975,175,0,0.3124992485222783,0.3986835803760469,1,Interleaved
976,176,0,0.5409254978938344,0.23906888478516253,1,Interleaved
977,177,0,0.6425295043435169,0.31658218389091564,1,Interleaved
978,178,0,0.6101172202471561,0.2860046767629235,1,Interleaved
979,179,0,0.3950835271353726,0.2779399963655792,1,Interleaved
980,180,0,0.7989098850678538,0.302083758740636,1,Interleaved
981,181,0,0.5376828685597559,0.4355834360121137,1,Interleaved
982,182,0,0.3163670588906129,0.42147239724875846,1,Interleaved
983,183,0,0.35874836325889176,0.4517855047397151,1,Interleaved
984,184,0,0.9282841516883085,0.5319185072335886,1,Interleaved
985,185,0,0.4283868086554778,0.342891398566699,1,Interleaved
986,186,0,0.36459185538103606,0.2500400383464741,1,Interleaved
987,187,0,0.6946848721971234,0.34423337891371764,1,Interleaved
988,188,0,0.6139937016538222,0.38047010708868734,1,Interleaved
989,189,0,0.8942264377980012,0.3470450693602962,1,Interleaved
990,190,0,0.5796607674110714,0.30957192274014445,1,Interleaved
991,191,0,0.5878289943859498,0.33245724181980263,1,Interleaved
992,192,0,0.667427059405777,0.30165126511935164,1,Interleaved
993,193,0,0.2700205641180382,0.3804043348387305,1,Interleaved
994,194,0,0.6516953287167662,0.35548342823863416,1,Interleaved
995,195,0,0.9161931909915146,0.3552092825825871,1,Interleaved
996,196,0,0.9321338044887388,0.3297254891473496,1,Interleaved
997,197,0,0.3751144462286483,0.396893684721628,1,Interleaved
998,198,0,0.6452878941785216,0.3716359171332071,1,Interleaved
999,199,0,0.5864063754778991,0.2703978477048111,1,Interleaved
1000,0,0,0.6102338402827451,0.8794958737034213,1,Instructed
1001,1,0,0.18879231297675872,0.721148347726224,1,Instructed
1002,2,0,0.30665169600766157,0.5996103296238604,1,Instructed
1003,3,0,0.25783162581640084,0.4113409739992744,1,Instructed
1004,4,0,0.42472424337265846,0.42973352916678076,1,Instructed
1005,5,0,0.5712544092604375,0.5629756910394259,1,Instructed
1006,6,0,0.3908723750324479,0.5481261461515516,1,Instructed
1007,7,0,0.7518606036363142,0.4046929189803835,1,Instructed
1008,8,0,0.7726388215552356,0.43632509348660403,1,Instructed
1009,9,0,0.6940404900845084,0.5481935599354917,1,Instructed
1010,10,0,0.8477760141922752,0.34006704212683303,1,Instructed
1011,11,0,0.5925114106048176,0.4429585792609825,1,Instructed
1012,12,0,0.7623297560618374,0.2551120602893632,1,Instructed
1013,13,0,0.5456344108912103,0.48369858784869774,1,Instructed
1014,14,0,0.2951980230290982,0.5373135481460937,1,Instructed
1015,15,0,0.3757632938393215,0.35506093836619906,1,Instructed
1016,16,0,0.562201693159183,0.4046344753162061,1,Instructed
1017,17,0,0.2637991684887299,0.35776966176534786,1,Instructed
1018,18,0,0.47808698180367704,0.42544774235242067,1,Instructed
1019,19,0,0.3661066779623964,0.46628663543823357,1,Instructed
1020,20,0,0.46184733084550167,0.37263359495568266,1,Instructed
1021,21,0,0.5788761578100681,0.4281292799021937,1,Instructed
1022,22,0,0.31330617040393893,0.32988809445764455,1,Instructed
1023,23,0,0.6206205024192353,0.36950806730768704,1,Instructed
1024,24,0,0.8189667372453868,0.44182004184121293,1,Instructed
1025,25,0,0.4910224955291422,0.4284649375661065,1,Instructed
1026,26,0,0.13400452737887542,0.5080123784563026,1,Instructed
1027,27,0,0.6514043952445403,0.42373786992257634,1,Instructed
1028,28,0,0.3018185656891578,0.3832369149741521,1,Instructed
1029,29,0,0.705248361444831,0.30871727501665047,1,Instructed
1030,30,0,0.7588273885401735,0.3118708700414632,1,Instructed
1031,31,0,0.6392923699054274,0.4548323965816602,1,Instructed
1032,32,0,0.22791744267077985,0.4467144051312132,1,Instructed
1033,33,0,0.36765171838528216,0.5111268941657102,1,Instructed
1034,34,0,0.7484612462965045,0.24049169955547142,1,Instructed
1035,35,0,0.34769635932151094,0.4005441719339494,1,Instructed
1036,36,0,0.34490728261628645,0.4760800901086826,1,Instructed
1037,37,0,0.36258255593933664,0.3635593718315705,1,Instructed
1038,38,0,0.5517031341658971,0.5020233472774152,1,Instructed
1039,39,0,0.7045260220909966,0.39874757844707176,1,Instructed
1040,40,0,0.33324864147370115,0.4363399756542061,1,Instructed
1041,41,0,0.34945650669252365,0.4543081493736183,1,Instructed
1042,42,0,0.48293213646294314,0.39221778665205453,1,Instructed
1043,43,0,0.6207277552224768,0.31730982797675444,1,Instructed
1044,44,0,0.5396062274165585,0.5391099245930466,1,Instructed
1045,45,0,0.7094759346225101,0.3344899283232359,1,Instructed
1046,46,0,0.5239792050462148,0.38988521932906395,1,Instructed
1047,47,0,0.6426391006492387,0.3921729688995465,1,Instructed
1048,48,0,0.3279845227678546,0.5231631130393176,1,Instructed
1049,49,0,0.3877733753284729,0.421339244757352,1,Instructed
1050,50,0,0.3934148354164399,0.3781945780314808,1,Instructed
1051,51,0,0.3127435370406976,0.42349736267484894,1,Instructed
1052,52,0,0.43458278035948655,0.3708035738986936,1,Instructed
1053,53,0,0.4031954364485827,0.279296745005702,1,Instructed
1054,54,0,0.7189825282926479,0.38501708046293276,1,Instructed
1055,55,0,0.24857902410908603,0.36305910330171487,1,Instructed
1056,56,0,0.6783572779658855,0.4057170767112004,1,Instructed
1057,57,0,0.3282911303078744,0.36206419897357844,1,Instructed
1058,58,0,0.41218011726110293,0.4177047321597055,1,Instructed
1059,59,0,0.5571074978716435,0.45088926150927156,1,Instructed
1060,60,0,0.5040520689229039,0.4283795650023343,1,Instructed
1061,61,0,0.341069752814622,0.3524642614154452,1,Instructed
1062,62,0,0.466004658245305,0.42079279973409256,1,Instructed
1063,63,0,0.5384401711669804,0.3584899025306373,1,Instructed
1064,64,0,0.540581320536721,0.32548825227307876,1,Instructed
1065,65,0,0.4176988907869067,0.4544490075339769,1,Instructed
1066,66,0,0.4634358784511318,0.3793365211397193,1,Instructed
1067,67,0,0.4950646304936016,0.2633215477245533,1,Instructed
1068,68,0,0.6340217550337854,0.491032808357741,1,Instructed
1069,69,0,0.6913022327260347,0.3948746439633333,1,Instructed
1070,70,0,0.4021842308584282,0.5039622481421968,1,Instructed
1071,71,0,0.6906533686945263,0.346185278422274,1,Instructed
1072,72,0,0.7145468956853265,0.340296232815262,1,Instructed
1073,73,0,0.6296581330141302,0.40370234160731433,1,Instructed
1074,74,0,0.6816296900177768,0.39165713882794995,1,Instructed
1075,75,0,0.7081490526392296,0.37157332132300414,1,Instructed
1076,76,0,0.8576639623205407,0.37372049520431666,1,Instructed
1077,77,0,0.3257173833578612,0.38750870799761483,1,Instructed
1078,78,0,0.9404636743779025,0.44293916765498087,1,Instructed
1079,79,0,0.5383910465987144,0.37154540835367744,1,Instructed
1080,80,0,0.07842884551112218,0.44732580161430985,1,Instructed
1081,81,0,0.3041650052744641,0.3485223519024879,1,Instructed
1082,82,0,0.20842966079809427,0.4988954335301431,1,Instructed
1083,83,0,0.46376556156660287,0.35916296891649885,1,Instructed
1084,84,0,0.6798199082092712,0.4180051484035837,1,Instructed
1085,85,0,0.572804064579715,0.3618784062143648,1,Instructed
1086,86,0,0.48605936454080745,0.5212319121670694,1,Instructed
1087,87,0,0.7621169191346651,0.33862737530012077,1,Instructed
1088,88,0,0.7246702996368463,0.42950517281554257,1,Instructed
1089,89,0,0.5788118362461778,0.31260934850824407,1,Instructed
1090,90,0,0.7279208572613431,0.35776436410864143,1,Instructed
1091,91,0,0.5481530965751221,0.43561460349055225,1,Instructed
1092,92,0,0.6184472312969105,0.4219390429904206,1,Instructed
1093,93,0,0.5613984291467143,0.33698011751605095,1,Instructed
1094,94,0,0.21508788754379116,0.3708844394124293,1,Instructed
1095,95,0,0.5531289743069391,0.33764745493045134,1,Instructed
1096,96,0,0.23978683686485203,0.5332760410339578,1,Instructed
1097,97,0,0.6280610227010139,0.4195754100133024,1,Instructed
1098,98,0,0.6154052325100472,0.2975929480515632,1,Instructed
1099,99,0,0.46268181821426874,0.32500222254662514,1,Instructed
1100,100,0,0.80660210001007,0.3137288971961372,1,Instructed
1101,101,0,0.583991024420274,0.3170327886214291,1,Instructed
1102,102,0,0.7857714842351139,0.21962041156156362,1,Instructed
1103,103,0,0.2646568965942142,0.3267738839110589,1,Instructed
1104,104,0,0.6855711677609774,0.3899426097302523,1,Instructed
1105,105,0,0.4204515046846618,0.3428236127241824,1,Instructed
1106,106,0,0.7645607576121771,0.35168850673372243,1,Instructed
1107,107,0,0.49068783836092833,0.3540036056442234,1,Instructed
1108,108,0,0.9298080501884377,0.28171800195756097,1,Instructed
1109,109,0,0.38595250708162465,0.32619348922082514,1,Instructed
1110,110,0,0.8967425816437595,0.21866772878282087,1,Instructed
1111,111,0,0.3212762681175486,0.43971564845097777,1,Instructed
1112,112,0,0.22079023873464035,0.41416733682608603,1,Instructed
1113,113,0,0.41591180001571787,0.3075509786479683,1,Instructed
1114,114,0,0.3058095570650687,0.32484905518313434,1,Instructed
1115,115,0,0.6217457310790903,0.3293250974302395,1,Instructed
1116,116,0,0.580338184888396,0.3306272620194042,1,Instructed
1117,117,0,0.4846960967701305,0.36341792139929685,1,Instructed
1118,118,0,0.7331567004847868,0.398270207914091,1,Instructed
1119,119,0,0.6272446509075632,0.3501075048304873,1,Instructed
1120,120,0,0.8779435528900945,0.2503306105551153,1,Instructed
1121,121,0,0.6285350369067761,0.34739385058321726,1,Instructed
1122,122,0,0.8872576164707908,0.3438441578427721,1,Instructed
1123,123,0,0.503575114800318,0.33057593577691835,1,Instructed
1124,124,0,0.751930956515299,0.23636442329300372,1,Instructed
1125,125,0,0.6752172916180522,0.41283628445707865,1,Instructed
1126,126,0,0.10558002185840944,0.34727376782890956,1,Instructed
1127,127,0,0.4002303814446839,0.2807190216143157,1,Instructed
1128,128,0,0.3380086320661436,0.4418211081998382,1,Instructed
1129,129,0,0.4177283069976139,0.3562482420861218,1,Instructed
1130,130,0,0.5488821657454869,0.35904161441026416,1,Instructed
1131,131,0,0.5739936390190787,0.34477880233911096,1,Instructed
1132,132,0,0.5172833501970714,0.40907246992044716,1,Instructed
1133,133,0,0.6002363467894356,0.30312236069166487,1,Instructed
1134,134,0,0.6961447537255505,0.3619103071171922,1,Instructed
1135,135,0,0.5587660494818867,0.3432126177401401,1,Instructed
1136,136,0,0.6669632803962994,0.36214081299722944,1,Instructed
1137,137,0,0.8948512061454327,0.2861373868023373,1,Instructed
1138,138,0,0.3943707861585089,0.612531338124982,1,Instructed
1139,139,0,0.6348523078971582,0.27342461366078447,1,Instructed
1140,140,0,0.9199194464947634,0.383257057726623,1,Instructed
1141,141,0,0.7644150710627167,0.41051184316558587,1,Instructed
1142,142,0,0.9905994618495182,0.3447239126206564,1,Instructed
1143,143,0,0.5491169646133556,0.36399156553426926,1,Instructed
1144,144,0,0.051570133676010085,0.5186280926192778,1,Instructed
1145,145,0,0.8993951691812789,0.40599909620548963,1,Instructed
1146,146,0,0.8476048838348575,0.25982357225406666,1,Instructed
1147,147,0,0.4891239770401051,0.394890975276456,1,Instructed
1148,148,0,0.3880032959283869,0.33528377878091353,1,Instructed
1149,149,0,0.49936962207396796,0.35191494020186864,1,Instructed
1150,150,0,0.875828204630593,0.3915599783432526,1,Instructed
1151,151,0,0.3768736808498389,0.2550172786168662,1,Instructed
1152,152,0,0.023107035299688043,0.5331871882372372,1,Instructed
1153,153,0,0.5017885802981021,0.3497905041203331,1,Instructed
1154,154,0,0.35217150880925824,0.43203940412268205,1,Instructed
1155,155,0,0.6653404089988042,0.3211416739034251,1,Instructed
1156,156,0,0.7437287001289119,0.518807006419536,1,Instructed
1157,157,0,0.5903661583084037,0.320844543689357,1,Instructed
1158,158,0,0.4791508992443016,0.41152744162358323,1,Instructed
1159,159,0,0.5853194629217144,0.32558001133850756,1,Instructed
1160,160,0,0.8653817251309797,0.2825739628656639,1,Instructed
1161,161,0,0.6075464066794687,0.38382841260334377,1,Instructed
1162,162,0,0.26205861001094477,0.4231449244013744,1,Instructed
1163,163,0,0.23040917026734953,0.40361757832384104,1,Instructed
1164,164,0,0.566406078250395,0.3619655754529981,1,Instructed
1165,165,0,0.6084621230773399,0.4044810855813187,1,Instructed
1166,166,0,0.784778211527279,0.4765524522978922,1,Instructed
1167,167,0,0.4725589776542827,0.36038339102400707,1,Instructed
1168,168,0,0.7278064282479997,0.3914054273363742,1,Instructed
1169,169,0,0.22491919575980684,0.34929392466819353,1,Instructed
1170,170,0,0.6113994289765152,0.3902539999629395,1,Instructed
1171,171,0,0.4743414425790069,0.2666896945441848,1,Instructed
1172,172,0,0.5117186438010342,0.3595908154461802,1,Instructed
1173,173,0,0.3981528421091149,0.2665860894398389,1,Instructed
1174,174,0,0.32912370979991823,0.35954299574881043,1,Instructed
1175,175,0,0.6867388230593099,0.3329204235236811,1,Instructed
1176,176,0,0.6395588411362905,0.3809345666031938,1,Instructed
1177,177,0,0.5746010472546651,0.3202232356407837,1,Instructed
1178,178,0,0.7012515113350636,0.3136864529669931,1,Instructed
1179,179,0,0.8810493961912338,0.37482883668270495,1,Instructed
1180,180,0,0.6587200446115852,0.20979115289465833,1,Instructed
1181,181,0,0.17752151700856394,0.28967434498301836,1,Instructed
1182,182,0,0.9530528183342257,0.26726088734977377,1,Instructed
1183,183,0,0.5728390485039319,0.34399764035490915,1,Instructed
1184,184,0,0.5758025794406049,0.2897775185976576,1,Instructed
1185,185,0,0.9628660706690004,0.24751690575270924,1,Instructed
1186,186,0,0.6927849734217763,0.42806378617821406,1,Instructed
1187,187,0,0.4277726429901644,0.37782772340673965,1,Instructed
1188,188,0,0.5158424742741802,0.284432738673953,1,Instructed
1189,189,0,0.3338067844360851,0.3257641857239364,1,Instructed
1190,190,0,0.5471265624373207,0.35853338292334275,1,Instructed
1191,191,0,0.5900800620809049,0.2821508183466639,1,Instructed
1192,192,0,0.9396485830554937,0.35410227312177533,1,Instructed
1193,193,0,0.47072901102617803,0.29028435403725594,1,Instructed
1194,194,0,0.8310692684270907,0.3547010190325868,1,Instructed
1195,195,0,0.38011563806347726,0.3639867151150413,1,Instructed
1196,196,0,0.523077883549771,0.2790448929042131,1,Instructed
1197,197,0,0.5938903393258221,0.2716323806253542,1,Instructed
1198,198,0,0.5672781012397865,0.3336544613625647,1,Instructed
1199,199,0,0.4261979246970652,0.2725862667412025,1,Instructed
