,t,e_hat,Accuracy,pe,batch,Condition
0,0,0,0.4713396178738464,0.9435821773210962,0,Blocked
1,1,0,0.28937245078095686,0.49557542346521327,0,Blocked
2,2,0,0.015472805632870946,0.6274575212564675,0,Blocked
3,3,0,0.4181208268239269,0.9049525532481789,0,Blocked
4,4,0,0.9838038435090251,0.6502572746023195,0,Blocked
5,5,0,0.8361373465939106,0.7403885865982596,0,Blocked
6,6,0,0.49285450896019123,0.8039417845423198,0,Blocked
7,7,0,0.9605685597399551,0.7317867568639236,0,Blocked
8,8,0,0.3254113927327719,0.8800644116461007,0,Blocked
9,9,0,0.25708229253654064,0.938375447414975,0,Blocked
10,10,0,0.2841762271256753,0.9445122729614706,0,Blocked
11,11,0,0.010540360573302914,0.8154617651743494,0,Blocked
12,12,0,0.9721197191443789,0.6732503196880477,0,Blocked
13,13,0,0.907835724717788,0.5140989214890783,0,Blocked
14,14,0,0.43176702667886324,0.5881716377532233,0,Blocked
15,15,0,0.18576799023579554,0.8529649226449805,0,Blocked
16,16,0,0.04071061548597688,0.8368312709690473,0,Blocked
17,17,0,0.1315752149281556,0.62953901828588,0,Blocked
18,18,0,0.06388544585550568,0.7424515228469819,0,Blocked
19,19,0,0.30950319802895404,0.48545489556879073,0,Blocked
20,20,0,0.5078840431336623,0.553659697636929,0,Blocked
21,21,0,0.6375563390130901,0.5884537046457834,0,Blocked
22,22,0,0.5824801584839083,0.6841931832131543,0,Blocked
23,23,0,0.8893655918003394,1.6351832879161967,0,Blocked
24,24,0,0.8055815522267216,0.7524808470339515,0,Blocked
25,25,0,0.6157708060321104,0.6147520169597678,0,Blocked
26,26,0,0.9070199743153942,0.3028969075783617,0,Blocked
27,27,0,0.738703709897687,0.5712688213257184,0,Blocked
28,28,0,0.0231146741805366,0.7750026946901094,0,Blocked
29,29,0,0.5323694436331499,0.5936686563324507,0,Blocked
30,30,0,0.19319406938533695,0.6835301997533145,0,Blocked
31,31,0,0.6549813525034138,0.5758407679308085,0,Blocked
32,32,0,0.12661955805322894,0.7729249849387301,0,Blocked
33,33,0,0.98847006092344,0.6610608571542242,0,Blocked
34,34,0,0.6937245886275254,0.5032684087157078,0,Blocked
35,35,0,0.7722115992763878,1.0854388511012978,0,Blocked
36,36,0,0.9972863327824434,0.7304325524329258,0,Blocked
37,37,0,0.8346693297826127,0.7727483912470585,0,Blocked
38,38,0,0.9999466316953991,1.4102350212934378,0,Blocked
39,39,0,0.9862844692675456,0.5570517623173474,0,Blocked
40,40,0,0.46411694802784337,0.7126824938248839,0,Blocked
41,41,0,0.14547589694987878,0.7261072406082963,0,Blocked
42,42,0,0.1967957121179603,0.730880153463372,0,Blocked
43,43,0,0.5947064588942456,0.8831206735666197,0,Blocked
44,44,0,0.7121059624579925,0.6028906424740859,0,Blocked
45,45,0,0.1277297166248342,0.6340186307708324,0,Blocked
46,46,0,0.2077079966464875,0.7721859314063528,0,Blocked
47,47,0,0.31822607542781045,0.8127991456463425,0,Blocked
48,48,0,0.8715465135757123,0.8272982440960268,0,Blocked
49,49,0,0.4534735685300974,0.7320013312411024,0,Blocked
50,50,0,0.5319076298460684,0.8386751702866436,0,Blocked
51,51,0,0.4704288686087624,0.884010190138818,0,Blocked
52,52,0,0.4995195930182601,0.9417767675711232,0,Blocked
53,53,0,0.49185205733888476,0.8794871725831759,0,Blocked
54,54,0,0.8439446741781276,0.7286290959443701,0,Blocked
55,55,0,0.486989044393055,0.6072314141842396,0,Blocked
56,56,0,0.5274339459971167,0.5593093042094825,0,Blocked
57,57,0,0.6546174227601831,0.44760201413801903,0,Blocked
58,58,0,0.6822555916152672,0.5153133622419276,0,Blocked
59,59,0,0.5374927164016018,0.8798533798325265,0,Blocked
60,60,0,0.22104846773166995,0.6177258593358455,0,Blocked
61,61,0,0.532783888241063,0.5920241370393698,0,Blocked
62,62,0,0.2571712713803393,0.9673235601266353,0,Blocked
63,63,0,0.005621164427335372,0.8974254866760583,0,Blocked
64,64,0,0.7020243436551384,0.8344643906727229,0,Blocked
65,65,0,0.7571392199348551,0.7551265654723928,0,Blocked
66,66,0,0.6097864124044511,0.7570254107648535,0,Blocked
67,67,0,0.9110692718775327,0.5766155586402368,0,Blocked
68,68,0,0.4886144529716114,0.6185344476928376,0,Blocked
69,69,0,0.6022787155177949,0.7717284397497726,0,Blocked
70,70,0,0.5057155116269061,0.4721477856745229,0,Blocked
71,71,0,0.5209526903652729,0.6882651358064343,0,Blocked
72,72,0,0.5003400189620647,0.6097919094619392,0,Blocked
73,73,0,0.7337137820893349,0.7139582032761197,0,Blocked
74,74,0,0.4196867536384467,0.898552897206923,0,Blocked
75,75,0,0.30514427431502844,0.7281423248480328,0,Blocked
76,76,0,0.31738326891714497,0.6358336121920951,0,Blocked
77,77,0,0.9570778467181238,0.5005349358784021,0,Blocked
78,78,0,0.5131416912790681,0.658251017931433,0,Blocked
79,79,0,0.9842594815807957,0.6622969579290485,0,Blocked
80,80,0,0.20545930237795285,0.5882754597046072,0,Blocked
81,81,0,0.9736225184098642,0.8120375401236364,0,Blocked
82,82,0,0.002748882388312039,0.8324374923525562,0,Blocked
83,83,0,0.5110286585979401,0.6478646199600222,0,Blocked
84,84,0,0.593502802731319,0.6489605642610546,0,Blocked
85,85,0,0.7712692161971539,0.6493245996899515,0,Blocked
86,86,0,0.9823125481148856,0.5006509251394603,0,Blocked
87,87,0,0.9591163158126845,0.57939097791719,0,Blocked
88,88,0,0.9039013982888608,0.5370151857192598,0,Blocked
89,89,0,0.25336102550075085,0.804339511127214,0,Blocked
90,90,0,0.7192235922992041,0.7400533764796873,0,Blocked
91,91,0,0.5518622637386666,0.6630150355132916,0,Blocked
92,92,0,0.5577991761258346,0.9829529446177542,0,Blocked
93,93,0,0.4875207202708621,0.9360469073963112,0,Blocked
94,94,0,0.24754226116137237,0.6920276072247629,0,Blocked
95,95,0,0.6107583910703722,0.6449381489631388,0,Blocked
96,96,0,0.5240012715240726,1.7634209533934782,0,Blocked
97,97,0,0.49836347041241413,0.6827548539489481,0,Blocked
98,98,0,0.9647993048440304,0.7917456644302201,0,Blocked
99,99,0,0.009124585102623045,0.8892197108475667,0,Blocked
100,100,0,0.4850600954680171,0.5671340259575377,0,Blocked
101,101,0,0.4229727807841227,0.5881829883818845,0,Blocked
102,102,0,0.003916091619175253,0.8922446235969737,0,Blocked
103,103,0,0.13144060968629415,0.5665107104580809,0,Blocked
104,104,0,0.9333629172530753,0.4754137716699362,0,Blocked
105,105,0,0.9976109079899519,0.6383740155749422,0,Blocked
106,106,0,0.3547066859595444,0.7355257594094113,0,Blocked
107,107,0,0.833414349343484,0.6538819224699839,0,Blocked
108,108,0,0.8012365153037767,0.6069150796652016,0,Blocked
109,109,0,0.9997372979227157,0.7749597029819221,0,Blocked
110,110,0,0.5006546440416269,1.6181750823416068,0,Blocked
111,111,0,0.46468871476812046,1.0147405062889312,0,Blocked
112,112,0,0.5045316271980297,0.6792981987114171,0,Blocked
113,113,0,0.46655521960111357,0.5003092566249396,0,Blocked
114,114,0,0.9756511316194891,0.6955594432877859,0,Blocked
115,115,0,0.9428411383305795,0.6042006599590364,0,Blocked
116,116,0,0.5337828175306165,0.8154290046735864,0,Blocked
117,117,0,0.8044007098161782,1.0362162912724469,0,Blocked
118,118,0,0.9289893416007896,0.8612434252239359,0,Blocked
119,119,0,0.35590044120518144,0.7558593262332771,0,Blocked
120,120,0,0.40024587483828206,0.834836230132691,0,Blocked
121,121,0,0.5519554050676357,0.6935527742373921,0,Blocked
122,122,0,0.491150860953252,0.6250292708051095,0,Blocked
123,123,0,0.9742418913193682,0.6198310576995906,0,Blocked
124,124,0,0.49297272608088477,0.727809604881595,0,Blocked
125,125,0,0.17605336910087518,0.9140200298649707,0,Blocked
126,126,0,0.5734817471395495,0.7935077852391135,0,Blocked
127,127,0,0.6881745185341286,0.5619975601234939,0,Blocked
128,128,0,0.4778325159860656,0.5149618739253425,0,Blocked
129,129,0,0.4012820386977042,0.6168812493171951,0,Blocked
130,130,0,0.07406193186752077,0.7639388388835738,0,Blocked
131,131,0,0.43102215955028944,0.8321373507433903,0,Blocked
132,132,0,0.0610861829565071,0.9270336333990022,0,Blocked
133,133,0,0.015932764093311673,0.9853952470793563,0,Blocked
134,134,0,0.08813582667162626,0.8661791049355602,0,Blocked
135,135,0,0.042281751589286,0.7980327139775449,0,Blocked
136,136,0,0.4774030110081145,0.705710764437605,0,Blocked
137,137,0,0.5344524545954352,0.5588903021404867,0,Blocked
138,138,0,0.32973555593992404,0.5595515693241392,0,Blocked
139,139,0,0.43219851462855136,0.9328747451304588,0,Blocked
140,140,0,0.21969213265411697,0.9803297218355616,0,Blocked
141,141,0,0.5404940043378412,0.9157832414247313,0,Blocked
142,142,0,0.16419359818231535,0.7952635719514911,0,Blocked
143,143,0,0.8403907964822468,0.45981605480153553,0,Blocked
144,144,0,0.12518533019577097,0.863910552366518,0,Blocked
145,145,0,0.6155518330329672,0.9432955986427284,0,Blocked
146,146,0,0.3895466091621236,0.6728278468860592,0,Blocked
147,147,0,0.5095470549903635,0.649925163094787,0,Blocked
148,148,0,0.044497363279414746,0.6676854692640278,0,Blocked
149,149,0,0.7610354411631959,0.7407635204309404,0,Blocked
150,150,0,0.47989379043010477,0.698542848999655,0,Blocked
151,151,0,0.7674695409582198,0.6712226027854857,0,Blocked
152,152,0,0.6040901771599941,0.5981763247060872,0,Blocked
153,153,0,0.7967288418808046,0.675999357437376,0,Blocked
154,154,0,0.11066315121454352,0.6607417880844052,0,Blocked
155,155,0,0.44984981929164025,0.7926359117057574,0,Blocked
156,156,0,0.9775400708361226,0.7818597101835478,0,Blocked
157,157,0,0.24701428042334986,0.8082757286692475,0,Blocked
158,158,0,0.41486453418909414,0.6179740100205484,0,Blocked
159,159,0,0.4596334596717889,0.5801041987721797,0,Blocked
160,160,0,0.2656196513546294,0.688827321343939,0,Blocked
161,161,0,0.8269904425562642,0.6178605095419865,0,Blocked
162,162,0,0.5660023026035276,0.7527649852705482,0,Blocked
163,163,0,0.6583292546823869,0.7941724121875935,0,Blocked
164,164,0,0.08565483552229054,0.6587575755263227,0,Blocked
165,165,0,0.5272031879574121,0.527014351416286,0,Blocked
166,166,0,0.5016142215495624,0.7566403757829505,0,Blocked
167,167,0,0.5212836025806787,0.7217847541494096,0,Blocked
168,168,0,0.4911865655840882,0.8469994217563308,0,Blocked
169,169,0,0.9240769719352784,0.7751884327726953,0,Blocked
170,170,0,0.5707324694652328,0.7122679726721299,0,Blocked
171,171,0,0.9042973319375033,0.5602257646340691,0,Blocked
172,172,0,0.029903943302735405,0.891435454782066,0,Blocked
173,173,0,0.1392224407821104,0.6400862712754571,0,Blocked
174,174,0,0.5433080797512436,0.540386884038415,0,Blocked
175,175,0,0.40628182758622966,0.7789963744849018,0,Blocked
176,176,0,0.49482725495037494,0.8179645725767335,0,Blocked
177,177,0,0.12937309993314822,0.7681294683103349,0,Blocked
178,178,0,0.6544556035905912,0.6714975066596325,0,Blocked
179,179,0,0.3838947654180755,0.9569555532264656,0,Blocked
180,180,0,0.48648882856362013,0.6254312636814491,0,Blocked
181,181,0,0.868045165808323,0.6108039784007262,0,Blocked
182,182,0,0.6115261715820299,0.5438480868713549,0,Blocked
183,183,0,0.6284446645130353,0.4645162875843162,0,Blocked
184,184,0,0.46198788737789126,0.7284110383725788,0,Blocked
185,185,0,0.7433065054758394,0.5696751032229561,0,Blocked
186,186,0,0.9381270894312937,0.49794566981999067,0,Blocked
187,187,0,0.3281099436281026,0.5287797974770672,0,Blocked
188,188,0,0.3797062444671491,0.6074491432331415,0,Blocked
189,189,0,0.4960443671942639,0.8215264015260209,0,Blocked
190,190,0,0.49994244385518694,0.6982372231324823,0,Blocked
191,191,0,0.947577088618854,0.5648360142282604,0,Blocked
192,192,0,0.9993517861262216,0.5960707271422917,0,Blocked
193,193,0,0.5623124118012819,0.7549232362592389,0,Blocked
194,194,0,0.73574423473395,0.6055547877853893,0,Blocked
195,195,0,0.3632604521307629,0.9864744110259793,0,Blocked
196,196,0,0.1775126185157915,0.7707227516552588,0,Blocked
197,197,0,0.23510293838959895,0.6587744294862832,0,Blocked
198,198,0,0.4596675291050936,0.8742038327363596,0,Blocked
199,199,0,0.5244548316159336,0.6020199674062789,0,Blocked
200,0,0,0.5004474951909161,0.8879770804229716,0,Interleaved
201,1,0,0.0030791213880033003,0.9391865553456396,0,Interleaved
202,2,0,0.49825176098854396,0.8609877022036825,0,Interleaved
203,3,0,0.03169147786698502,0.85770946123057,0,Interleaved
204,4,0,0.5940715771732843,0.6556430756674245,0,Interleaved
205,5,0,0.9794326739984758,0.7240306526438929,0,Interleaved
206,6,0,0.9656848542398546,0.5397097761629223,0,Interleaved
207,7,0,0.871045094177892,0.6176633485260915,0,Interleaved
208,8,0,0.6116606592337678,0.8154684699023043,0,Interleaved
209,9,0,0.44719085065056413,0.5753557041765053,0,Interleaved
210,10,0,0.7198258274493455,0.5779492212354012,0,Interleaved
211,11,0,0.8847030486353809,0.5012698384930737,0,Interleaved
212,12,0,0.22881454513652943,0.925550326863521,0,Interleaved
213,13,0,0.6818412166855669,0.7024588927047393,0,Interleaved
214,14,0,0.8470451660206428,0.4774664338729969,0,Interleaved
215,15,0,0.9247809800228419,0.7323340693373355,0,Interleaved
216,16,0,0.10267958596740472,0.7354294471788382,0,Interleaved
217,17,0,0.8801378059483691,0.6430600528537358,0,Interleaved
218,18,0,0.5098323364018567,0.6772414793855484,0,Interleaved
219,19,0,0.030222494390352798,0.9259069123493983,0,Interleaved
220,20,0,0.49982844200094,0.6271066707217796,0,Interleaved
221,21,0,0.0009615055226372717,1.0081119463963206,0,Interleaved
222,22,0,0.4946432551854276,0.6388415041527415,0,Interleaved
223,23,0,0.761504563849176,0.6495227475078889,0,Interleaved
224,24,0,0.5212144771968913,0.6489182089017007,0,Interleaved
225,25,0,0.24874400077847258,0.8986193163544174,0,Interleaved
226,26,0,0.4959913658106593,0.9961776316208749,0,Interleaved
227,27,0,0.1990230564422688,0.842844770851886,0,Interleaved
228,28,0,0.49194744247564254,0.8544625463126737,0,Interleaved
229,29,0,0.8443236026045827,0.5871360912418366,0,Interleaved
230,30,0,0.43429614393856325,0.8673570229058054,0,Interleaved
231,31,0,0.6692304228055341,0.7673067156599879,0,Interleaved
232,32,0,0.2833599054996526,0.5735679351642599,0,Interleaved
233,33,0,0.7392949734999841,0.7244861028498157,0,Interleaved
234,34,0,0.5124073258243972,0.6324435719451744,0,Interleaved
235,35,0,0.05056350522444292,0.5135823381524479,0,Interleaved
236,36,0,0.4544638097408585,0.7775280168377712,0,Interleaved
237,37,0,0.0729774429275571,0.9697216225684226,0,Interleaved
238,38,0,0.501485972625709,0.9411593288796003,0,Interleaved
239,39,0,0.3881886390609706,0.7006207562674505,0,Interleaved
240,40,0,0.41154454178196015,0.7645325580771327,0,Interleaved
241,41,0,0.42971188881971245,0.5601575852064187,0,Interleaved
242,42,0,0.4975812526207517,0.5909697011428765,0,Interleaved
243,43,0,0.5634154317304836,0.5554911024501524,0,Interleaved
244,44,0,0.07060786596335777,0.7539387436742164,0,Interleaved
245,45,0,0.5558871947243124,0.5216227449686621,0,Interleaved
246,46,0,0.8812456607371157,0.45511790026132537,0,Interleaved
247,47,0,0.9837215720737793,0.704853956246789,0,Interleaved
248,48,0,0.41392245546808254,0.795725867788514,0,Interleaved
249,49,0,0.9737428559370704,0.49326590541875426,0,Interleaved
250,50,0,0.534287123851912,0.5952933049829507,0,Interleaved
251,51,0,0.3872345137454496,0.7657976441787016,0,Interleaved
252,52,0,0.4924079476328474,0.8318529844638973,0,Interleaved
253,53,0,0.9730073177740294,0.8799850605201859,0,Interleaved
254,54,0,0.12739622194109484,1.2035844878797985,0,Interleaved
255,55,0,0.7670321494884866,0.7282362607220003,0,Interleaved
256,56,0,0.36340635178060615,0.510837979753517,0,Interleaved
257,57,0,0.5282728133758483,0.558322301451022,0,Interleaved
258,58,0,0.5157060515793859,0.7883187854246307,0,Interleaved
259,59,0,0.6476615057312229,0.6985077115153482,0,Interleaved
260,60,0,0.5064393477869759,0.6879767219250488,0,Interleaved
261,61,0,0.8453773648141241,0.7197018349918212,0,Interleaved
262,62,0,0.10653795737226797,0.8034889317685598,0,Interleaved
263,63,0,0.9706219954765546,0.7951643087870857,0,Interleaved
264,64,0,0.5931861665218311,0.8573247580602312,0,Interleaved
265,65,0,0.5025141895762925,0.5042987659379452,0,Interleaved
266,66,0,0.5851798452392187,0.6238402372546319,0,Interleaved
267,67,0,0.10156667595864899,0.6771931675688952,0,Interleaved
268,68,0,0.48195762351079197,0.693053804247152,0,Interleaved
269,69,0,0.08051963202543788,0.807383052819375,0,Interleaved
270,70,0,0.5009409078872098,0.7565234651314419,0,Interleaved
271,71,0,0.6108413552777759,0.5839953463031284,0,Interleaved
272,72,0,0.6345196451641919,0.6457701204208505,0,Interleaved
273,73,0,0.9651109659229521,0.8590531877304093,0,Interleaved
274,74,0,0.45242939460968873,0.8879336967792466,0,Interleaved
275,75,0,0.579851714400161,0.7005394005249734,0,Interleaved
276,76,0,0.10777328557680992,0.8814240818113596,0,Interleaved
277,77,0,0.34452863556170343,0.4512354383799848,0,Interleaved
278,78,0,0.6928826998970135,0.5430873218403934,0,Interleaved
279,79,0,0.9995876129136604,0.6377728552898942,0,Interleaved
280,80,0,0.516165506896863,0.7728843729305893,0,Interleaved
281,81,0,0.9799821297955809,0.47433730451667855,0,Interleaved
282,82,0,0.8245455269527506,0.5475901867783445,0,Interleaved
283,83,0,0.21069839266036341,0.7050690702575895,0,Interleaved
284,84,0,0.5047064840183239,0.6576370452343454,0,Interleaved
285,85,0,0.497935978794571,0.8633430107653204,0,Interleaved
286,86,0,0.36665719491842363,0.7780848131747012,0,Interleaved
287,87,0,0.5109105702097476,0.674714693941433,0,Interleaved
288,88,0,0.5003474355791911,0.9509679683244769,0,Interleaved
289,89,0,0.23081967261650885,0.7890364079355412,0,Interleaved
290,90,0,0.9659181323737398,0.525736388199456,0,Interleaved
291,91,0,0.6538143252293045,0.6747088026880654,0,Interleaved
292,92,0,0.8984349035496512,0.8487967363573784,0,Interleaved
293,93,0,0.792177637262875,0.8189691001056115,0,Interleaved
294,94,0,0.39678311915121633,0.7829015103881556,0,Interleaved
295,95,0,0.6325218600853005,0.6885229204503664,0,Interleaved
296,96,0,0.5012092928145958,0.616558260508165,0,Interleaved
297,97,0,0.46709279680859705,0.6550420566644197,0,Interleaved
298,98,0,0.613273412028553,0.5453253913759859,0,Interleaved
299,99,0,0.5236696376776234,0.6516456725397843,0,Interleaved
300,100,0,0.6831308413644316,0.583990433198426,0,Interleaved
301,101,0,0.7303268414623504,0.7380503668572407,0,Interleaved
302,102,0,0.4789857154025885,0.8262861805279641,0,Interleaved
303,103,0,0.898204080844176,0.7788032440871052,0,Interleaved
304,104,0,0.2990075372167705,0.644164187121252,0,Interleaved
305,105,0,0.2154306970458437,0.6712763930259209,0,Interleaved
306,106,0,0.1737797384697379,0.6335086666328202,0,Interleaved
307,107,0,0.4796202227653276,0.8262471540178662,0,Interleaved
308,108,0,0.5060223582601573,0.7052238760967284,0,Interleaved
309,109,0,0.6425835133459726,0.6638664084542316,0,Interleaved
310,110,0,0.5175070554357456,0.5295114551895126,0,Interleaved
311,111,0,0.009814221323333738,0.9371696286207747,0,Interleaved
312,112,0,0.4891188999366195,0.6928282821513931,0,Interleaved
313,113,0,0.8103839396127944,0.6310034308104122,0,Interleaved
314,114,0,0.8530688221678,0.42762609664593204,0,Interleaved
315,115,0,0.09370646815433595,0.5388443857438144,0,Interleaved
316,116,0,0.4609154357398288,0.627901258335569,0,Interleaved
317,117,0,0.010122210894743727,0.7038942511697898,0,Interleaved
318,118,0,0.3455932946276233,0.6620798578943049,0,Interleaved
319,119,0,0.41219773419197125,0.5767034247577909,0,Interleaved
320,120,0,0.6800338789943483,0.5176108297347416,0,Interleaved
321,121,0,0.5715573364519129,0.5782204562460207,0,Interleaved
322,122,0,0.6424576418259279,0.8311074608817596,0,Interleaved
323,123,0,0.9767061875180941,0.6289507875152716,0,Interleaved
324,124,0,0.862273621701653,0.5862609792578224,0,Interleaved
325,125,0,0.3016057168291734,0.6868425707685715,0,Interleaved
326,126,0,0.539367689200013,0.6009827173371629,0,Interleaved
327,127,0,0.3594736864464933,0.6068585936998039,0,Interleaved
328,128,0,0.6401769821883646,1.359281881356424,0,Interleaved
329,129,0,0.627212167589993,0.9075029031163135,0,Interleaved
330,130,0,0.29365407286521933,0.8614189294269441,0,Interleaved
331,131,0,0.028400997557015608,0.7528858296419141,0,Interleaved
332,132,0,0.6081662906707003,0.6014765271451886,0,Interleaved
333,133,0,0.11345220539191608,0.7288067101562696,0,Interleaved
334,134,0,0.6734581852467335,0.5685258725447953,0,Interleaved
335,135,0,0.8005596433892428,0.6724120747351359,0,Interleaved
336,136,0,0.5416085401081905,0.6560032806452463,0,Interleaved
337,137,0,0.1833755876510629,0.7552560021382382,0,Interleaved
338,138,0,0.42006949933961907,0.857872351861266,0,Interleaved
339,139,0,0.6212503045123132,0.8154071230379726,0,Interleaved
340,140,0,0.5313499207441117,0.8578465613420896,0,Interleaved
341,141,0,0.720389152568113,0.8581552855442034,0,Interleaved
342,142,0,0.45298007854217925,0.8242639945472433,0,Interleaved
343,143,0,0.4722592730710591,0.8791067113279865,0,Interleaved
344,144,0,0.5009831397238192,0.882407297468695,0,Interleaved
345,145,0,0.8357604740403479,0.7754329053355473,0,Interleaved
346,146,0,0.36727364840398025,0.748444230484655,0,Interleaved
347,147,0,0.4975944068083302,0.538649894770689,0,Interleaved
348,148,0,0.19454020341089445,0.877799503083426,0,Interleaved
349,149,0,0.8255878834865837,0.7693686569410714,0,Interleaved
350,150,0,0.5054300425559138,0.7440229199000927,0,Interleaved
351,151,0,0.007385465819936939,0.6818052537851249,0,Interleaved
352,152,0,0.5142219158874888,0.7382038724575041,0,Interleaved
353,153,0,0.14744256336183223,0.9367260654840954,0,Interleaved
354,154,0,0.4350592829731652,0.8146838506762755,0,Interleaved
355,155,0,0.9014358169532095,0.5635291093250082,0,Interleaved
356,156,0,0.30559561474593466,0.9141097351161349,0,Interleaved
357,157,0,0.7937126920129134,0.9071921577021107,0,Interleaved
358,158,0,0.14463836438249808,0.7908230526365887,0,Interleaved
359,159,0,0.0333415269429463,0.6711093355769056,0,Interleaved
360,160,0,0.14327437866349982,0.6376339513767941,0,Interleaved
361,161,0,0.9397476296316016,0.639498479369343,0,Interleaved
362,162,0,0.12510809530066985,0.7660803303164788,0,Interleaved
363,163,0,0.5011484031498439,0.6587059890326487,0,Interleaved
364,164,0,0.03618187815673098,0.6631412746851852,0,Interleaved
365,165,0,0.012630749759858144,0.9505946248525088,0,Interleaved
366,166,0,0.5008475323485286,0.9095131169247663,0,Interleaved
367,167,0,0.3703361568717002,0.7758620354248758,0,Interleaved
368,168,0,0.20683957842297843,0.6715250669915171,0,Interleaved
369,169,0,0.7143010656662383,0.6697925273742885,0,Interleaved
370,170,0,0.9544740352723091,0.5975802368106227,0,Interleaved
371,171,0,0.6533779655804758,0.7522464931946482,0,Interleaved
372,172,0,0.48881174919505355,0.6085729745325991,0,Interleaved
373,173,0,0.8287249891001723,0.5541879427031038,0,Interleaved
374,174,0,0.18867668991032138,0.6435767383525031,0,Interleaved
375,175,0,0.13947709840440775,0.7784837800437109,0,Interleaved
376,176,0,0.34615487168251113,0.6491899591873138,0,Interleaved
377,177,0,0.1304803359149229,0.7900581729032383,0,Interleaved
378,178,0,0.34721427733427707,0.6445496641858264,0,Interleaved
379,179,0,0.11505236069353915,0.8332332782574345,0,Interleaved
380,180,0,0.11324585347952325,0.7152006243790433,0,Interleaved
381,181,0,0.4566520741691118,0.6629418489519097,0,Interleaved
382,182,0,0.9931072025638212,0.5433736338452275,0,Interleaved
383,183,0,0.3466102373921137,0.5722317069527667,0,Interleaved
384,184,0,0.517414256975112,0.7716464889360135,0,Interleaved
385,185,0,0.997432500535081,0.9430022853133019,0,Interleaved
386,186,0,0.452459376062643,0.6733675765243217,0,Interleaved
387,187,0,0.5345756110640584,0.5012976395280955,0,Interleaved
388,188,0,0.36251964977627404,0.8412479186536526,0,Interleaved
389,189,0,0.42612179850576926,0.47139450220404,0,Interleaved
390,190,0,0.4777497680679969,0.6117385594728901,0,Interleaved
391,191,0,0.9654740663647124,0.5310589855683772,0,Interleaved
392,192,0,0.6865511462137182,0.5659821203455468,0,Interleaved
393,193,0,0.04045109077222083,0.7469930253960309,0,Interleaved
394,194,0,0.4933506733019094,0.5775414129862456,0,Interleaved
395,195,0,0.8975025375095356,0.3687796733736438,0,Interleaved
396,196,0,0.6607713338858163,0.5442040008838391,0,Interleaved
397,197,0,0.6563833819891285,0.7727611518320482,0,Interleaved
398,198,0,0.1787550438726928,0.6558405449171556,0,Interleaved
399,199,0,0.5904662590414862,0.750878400134409,0,Interleaved
400,0,0,0.21238341150367993,0.8595804023143567,0,Instructed
401,1,0,0.5003135342176426,0.9678549906669909,0,Instructed
402,2,0,0.9992454695767838,0.9905340970781983,0,Instructed
403,3,0,0.5000155201368224,1.6182170794469994,0,Instructed
404,4,0,0.02105883190928037,0.9550421813265833,0,Instructed
405,5,0,0.4999956211167336,1.2003246356645758,0,Instructed
406,6,0,0.4264734011370576,0.7298769207322662,0,Instructed
407,7,0,0.5000183256733757,0.7583301280404715,0,Instructed
408,8,0,0.30133262911470016,0.6957829726267153,0,Instructed
409,9,0,0.5122990507737546,0.7749009627934798,0,Instructed
410,10,0,0.4705087924200245,0.848722637514493,0,Instructed
411,11,0,0.1852587368655693,0.8291071526515594,0,Instructed
412,12,0,0.9997688441675766,0.619756633389031,0,Instructed
413,13,0,0.8479962836049111,0.8989131377726074,0,Instructed
414,14,0,0.3244601857224298,0.7256828246324843,0,Instructed
415,15,0,0.5465857957667534,0.8021434082069498,0,Instructed
416,16,0,0.03608720940748925,1.1063438385375635,0,Instructed
417,17,0,0.9744304267273398,0.7583423316378044,0,Instructed
418,18,0,0.9560246325404538,0.41115419174622064,0,Instructed
419,19,0,0.830219618571664,0.9147597689156597,0,Instructed
420,20,0,0.8376390284432818,0.8408155454605042,0,Instructed
421,21,0,0.3853391263588981,0.819263628904234,0,Instructed
422,22,0,0.10242566748549722,1.0252545069724581,0,Instructed
423,23,0,0.8840496625070957,1.204442908130276,0,Instructed
424,24,0,0.7922001407309166,1.1450903936141574,0,Instructed
425,25,0,0.256726965672753,0.5727457780476506,0,Instructed
426,26,0,0.44878944301849755,0.6728819739521426,0,Instructed
427,27,0,0.33689346482094074,0.7814976598220092,0,Instructed
428,28,0,0.6008127844542366,0.7392713278758447,0,Instructed
429,29,0,0.44692432185694025,0.7674251494046718,0,Instructed
430,30,0,0.40869479568535994,0.8050899373810554,0,Instructed
431,31,0,0.03180738436635422,0.9600878293093253,0,Instructed
432,32,0,0.9919976963749431,0.6662622067072774,0,Instructed
433,33,0,0.349319187020245,0.804263250884138,0,Instructed
434,34,0,0.33179334284976675,0.6983198005301812,0,Instructed
435,35,0,0.5195231413964768,1.0814556654072003,0,Instructed
436,36,0,0.03145469836377486,1.1198246600341566,0,Instructed
437,37,0,0.4630117196967829,0.9659477590048606,0,Instructed
438,38,0,0.34770892000362613,0.7915722121379087,0,Instructed
439,39,0,0.9149623542804832,0.7517263514074133,0,Instructed
440,40,0,0.36293276934010865,0.7933726921117945,0,Instructed
441,41,0,0.8087483679161795,0.7947488265268468,0,Instructed
442,42,0,0.5657866287513349,1.1495675192235102,0,Instructed
443,43,0,0.8215574142294264,0.6001560109167781,0,Instructed
444,44,0,0.9256335825851414,0.6575190971418741,0,Instructed
445,45,0,0.11316655613652682,0.8492517126877654,0,Instructed
446,46,0,0.4570319091185531,0.5448686146508587,0,Instructed
447,47,0,0.5663749467001086,0.659568949165861,0,Instructed
448,48,0,0.49117360635314133,0.5366175920367364,0,Instructed
449,49,0,0.7560673900899886,0.5900420636669168,0,Instructed
450,50,0,0.46458334084956143,0.80132017742463,0,Instructed
451,51,0,0.985052364964937,0.4585533581464891,0,Instructed
452,52,0,0.012967090638267646,0.6047379449751447,0,Instructed
453,53,0,0.729361808175615,0.4706400251098473,0,Instructed
454,54,0,0.8776195832792906,0.5617060877647722,0,Instructed
455,55,0,0.9687628421047978,0.4925416701904326,0,Instructed
456,56,0,0.7538239861758147,0.4988817982086682,0,Instructed
457,57,0,0.01657015024019232,0.5745619837451501,0,Instructed
458,58,0,0.8788200871783283,0.5269894858264893,0,Instructed
459,59,0,0.48905760033621687,1.1030301635931699,0,Instructed
460,60,0,0.4805987752334209,0.47394684273450705,0,Instructed
461,61,0,0.6315583003330381,0.8218717589392899,0,Instructed
462,62,0,0.7057729057716997,0.7926405403035999,0,Instructed
463,63,0,0.624904532753094,0.8098892444827968,0,Instructed
464,64,0,0.7925527795859971,0.6657865800654352,0,Instructed
465,65,0,0.4815555202092846,0.47619512674041614,0,Instructed
466,66,0,0.0325756468690112,0.6013216241568579,0,Instructed
467,67,0,0.13757300992753324,0.7477068267380587,0,Instructed
468,68,0,0.36103274178914624,0.6383853236749966,0,Instructed
469,69,0,0.8930134156213011,0.8656600764753564,0,Instructed
470,70,0,0.8955322941743122,0.915502331973665,0,Instructed
471,71,0,0.016769229213991,1.0051737677421126,0,Instructed
472,72,0,0.9939780928506899,0.6874576386002835,0,Instructed
473,73,0,0.4745007277442743,0.8090000967551898,0,Instructed
474,74,0,0.7537780457537171,0.4714727222272841,0,Instructed
475,75,0,0.5326511716923494,0.9366160478763429,0,Instructed
476,76,0,0.002198083143063609,0.8932177822491078,0,Instructed
477,77,0,0.49557289134310745,0.7198121938082345,0,Instructed
478,78,0,0.11773763799592463,0.6282562724248106,0,Instructed
479,79,0,0.24114176718231065,2.8712607681159676,0,Instructed
480,80,0,0.49855399077563467,0.5435023365891594,0,Instructed
481,81,0,0.7299350049191823,0.566794963807913,0,Instructed
482,82,0,0.4623601094941996,0.683873396341026,0,Instructed
483,83,0,0.8441999322542755,0.8229521835966931,0,Instructed
484,84,0,0.9844279886664643,0.857329138807541,0,Instructed
485,85,0,0.6254498163554945,0.5723211939637036,0,Instructed
486,86,0,0.0743932274772702,0.5252786032163309,0,Instructed
487,87,0,0.7962367926540856,0.7056820547028193,0,Instructed
488,88,0,0.7142538519435134,0.6128046561633418,0,Instructed
489,89,0,0.9261572968322198,0.6840811445758705,0,Instructed
490,90,0,0.7381740874684901,0.6548083971295664,0,Instructed
491,91,0,0.02384318921789041,0.6442206112740573,0,Instructed
492,92,0,0.3918560273906921,0.5951381872119013,0,Instructed
493,93,0,0.44170655700113576,0.7447088086711845,0,Instructed
494,94,0,0.9989580785218983,0.5740045280553547,0,Instructed
495,95,0,0.789231900736725,0.6168534135278086,0,Instructed
496,96,0,0.7165751309411748,0.6894138448535889,0,Instructed
497,97,0,0.5196862780201587,0.630726952415797,0,Instructed
498,98,0,0.04714739393754042,0.8329995318054818,0,Instructed
499,99,0,0.9958216124907548,0.9695229651159617,0,Instructed
500,100,0,0.926266623064049,0.9749167570581505,0,Instructed
501,101,0,0.6142121790982307,0.7921206460626201,0,Instructed
502,102,0,0.5783718188308656,0.5066216894427039,0,Instructed
503,103,0,0.41455779584179386,0.7382865583623934,0,Instructed
504,104,0,0.8501370956817904,0.7269300475172824,0,Instructed
505,105,0,0.1161161946994084,0.781467874403992,0,Instructed
506,106,0,0.526667370202817,0.7529660008300272,0,Instructed
507,107,0,0.38924463581251945,0.954965998230713,0,Instructed
508,108,0,0.08812218946561493,0.7884207457256036,0,Instructed
509,109,0,0.5000599140523155,1.1887480316768486,0,Instructed
510,110,0,0.22743642987016138,0.7690019861864175,0,Instructed
511,111,0,0.48952494203192515,0.9902091208263213,0,Instructed
512,112,0,0.5577653697247447,0.8525539966846432,0,Instructed
513,113,0,0.09187686028499098,1.1768414750228868,0,Instructed
514,114,0,0.4785119614118919,0.8816908020594106,0,Instructed
515,115,0,0.5121897759594385,0.6495801144768766,0,Instructed
516,116,0,0.40041520642288425,0.28937541226878816,0,Instructed
517,117,0,0.5688596762636098,0.6164245131907586,0,Instructed
518,118,0,0.5275633286055605,0.4729499902218566,0,Instructed
519,119,0,0.04348729483464338,0.5315776916868005,0,Instructed
520,120,0,0.4972438598422614,0.46912527453226815,0,Instructed
521,121,0,0.37244084678383377,0.48938585125202194,0,Instructed
522,122,0,0.17376895765847436,0.6945852400602723,0,Instructed
523,123,0,0.8153961191880104,0.634745514388582,0,Instructed
524,124,0,0.7636398841348824,0.4734953295871103,0,Instructed
525,125,0,0.5841608001458016,0.6367978170621345,0,Instructed
526,126,0,0.15447848974932382,0.7251168468591465,0,Instructed
527,127,0,0.4985202438380893,0.6817796212328731,0,Instructed
528,128,0,0.07820702082076504,0.664284779026507,0,Instructed
529,129,0,0.6461559288216594,0.6364289543923769,0,Instructed
530,130,0,0.43285949047043415,0.525099869967498,0,Instructed
531,131,0,0.9954324799994017,0.5633480583802767,0,Instructed
532,132,0,0.4661150911063193,0.6270938402826287,0,Instructed
533,133,0,0.5465241364965701,0.6245880870306176,0,Instructed
534,134,0,0.9024885019949347,0.36526238427534036,0,Instructed
535,135,0,0.005836034914619248,0.6915300667167661,0,Instructed
536,136,0,0.9996588395525837,0.7089995198401706,0,Instructed
537,137,0,0.1463870448575605,0.6909654210525156,0,Instructed
538,138,0,0.0012846807059463674,0.7697823201547789,0,Instructed
539,139,0,0.4955827628146551,0.6823437330745333,0,Instructed
540,140,0,0.1948158516180781,0.6915784453043589,0,Instructed
541,141,0,0.4957696074280935,0.6006936407481152,0,Instructed
542,142,0,0.42976764000338197,0.7789817983221237,0,Instructed
543,143,0,0.5497729424212817,0.9829548396359458,0,Instructed
544,144,0,0.47088504316588503,0.7557589061176405,0,Instructed
545,145,0,0.4984170603007485,0.5680990372721881,0,Instructed
546,146,0,0.28632185691162687,0.39014570527332887,0,Instructed
547,147,0,0.6789472836524495,0.7403206228023652,0,Instructed
548,148,0,0.29167885364752844,0.7982754786751983,0,Instructed
549,149,0,0.22444761668628627,0.9178724699420255,0,Instructed
550,150,0,0.8623624385895162,0.6070348121251288,0,Instructed
551,151,0,0.49489236047269,0.5456001157924499,0,Instructed
552,152,0,0.783654308857666,0.5309943972473046,0,Instructed
553,153,0,0.5579987986243369,0.8555124696003233,0,Instructed
554,154,0,0.4201710775865882,0.6230534536400298,0,Instructed
555,155,0,0.5550360920117363,0.748621088100612,0,Instructed
556,156,0,0.9203106230039564,0.5181476171303799,0,Instructed
557,157,0,0.7484947102219419,0.5973075144584383,0,Instructed
558,158,0,0.054879404217524456,0.7035598035871526,0,Instructed
559,159,0,0.8186812396515718,0.5837273473866815,0,Instructed
560,160,0,0.7296720317820499,0.5789865710472668,0,Instructed
561,161,0,0.5029833140708168,0.5355036627755188,0,Instructed
562,162,0,0.7939246353259977,0.6042650844729784,0,Instructed
563,163,0,0.4823186764256331,0.48174889870259646,0,Instructed
564,164,0,0.43731792387431573,0.6831914919805704,0,Instructed
565,165,0,0.11409382459202297,0.6248858896077601,0,Instructed
566,166,0,0.8096614041465648,0.8983062756554057,0,Instructed
567,167,0,0.4885633621561148,0.7054076774025744,0,Instructed
568,168,0,0.43177999995371596,0.5568344635248138,0,Instructed
569,169,0,0.13085250188846076,0.7788707383082369,0,Instructed
570,170,0,0.8704325440451843,0.8604783779029114,0,Instructed
571,171,0,0.2859351005121489,0.418959391518624,0,Instructed
572,172,0,0.45304120995170205,0.8121684993897569,0,Instructed
573,173,0,0.0125480565704543,0.6454236261839408,0,Instructed
574,174,0,0.5081585581740952,0.5346839100360818,0,Instructed
575,175,0,0.1417526862952582,0.802247315814842,0,Instructed
576,176,0,0.005370607854286877,0.8096641521382738,0,Instructed
577,177,0,0.4458736406705813,0.9440095811460504,0,Instructed
578,178,0,0.02108143657741059,1.054147540294071,0,Instructed
579,179,0,0.16122240062872145,1.5245743821193,0,Instructed
580,180,0,0.4459735678016658,0.542004714843859,0,Instructed
581,181,0,0.40369746511100824,0.5722932725392464,0,Instructed
582,182,0,0.0022434316553399227,0.5394365171712296,0,Instructed
583,183,0,0.49124470508516127,0.6214219522580924,0,Instructed
584,184,0,0.9836193648318338,0.5016195292609302,0,Instructed
585,185,0,0.3483906733433683,0.8638643557913865,0,Instructed
586,186,0,0.38445674653387263,0.9553647357402786,0,Instructed
587,187,0,0.22063160222919329,1.0372985263588588,0,Instructed
588,188,0,0.09228524271470649,0.6459612772263796,0,Instructed
589,189,0,0.015420587683871981,0.40314700404502646,0,Instructed
590,190,0,0.3844809970813885,0.5652700745776758,0,Instructed
591,191,0,0.9903925432448993,0.8103035267899077,0,Instructed
592,192,0,0.507385109436082,0.41632007095794044,0,Instructed
593,193,0,0.5087998325980997,0.9048482975074112,0,Instructed
594,194,0,0.4737198509041049,1.0338011940370693,0,Instructed
595,195,0,0.2606873021912253,0.876132354944684,0,Instructed
596,196,0,0.8305144397140908,0.5871859162244247,0,Instructed
597,197,0,0.2871688319869152,0.6487698589300056,0,Instructed
598,198,0,0.9338172002910632,0.6158578667278398,0,Instructed
599,199,0,0.5657938137107643,0.6895018141237013,0,Instructed
600,0,0,0.454711851932761,1.1756102980778738,1,Blocked
601,1,0,0.12731483338233504,0.6021486911342797,1,Blocked
602,2,0,0.9200140999383589,0.5371269671958804,1,Blocked
603,3,0,0.4644424000652695,0.6090893279548709,1,Blocked
604,4,0,0.5162861382411518,0.5779030662787421,1,Blocked
605,5,0,0.25549282039357235,0.5533339007362388,1,Blocked
606,6,0,0.2592710381643284,0.5379184618371937,1,Blocked
607,7,0,0.3980088322508266,0.44413843204414316,1,Blocked
608,8,0,0.9783391261824257,0.4761492858445592,1,Blocked
609,9,0,0.5027801031517134,0.6111191630627074,1,Blocked
610,10,0,0.6823739191344295,0.5116753550132662,1,Blocked
611,11,0,0.7620365293884788,0.5828132251271588,1,Blocked
612,12,0,0.4631623842983854,0.6305432443318174,1,Blocked
613,13,0,0.6449115485109514,0.5910791829290877,1,Blocked
614,14,0,0.9363720370726265,0.5934852659981449,1,Blocked
615,15,0,0.6117443045713508,0.44170137053398834,1,Blocked
616,16,0,0.6164045978470047,0.6133936948027905,1,Blocked
617,17,0,0.2522567300452463,0.6614742030063638,1,Blocked
618,18,0,0.4841209420245631,0.9049285833444172,1,Blocked
619,19,0,0.5680318176174999,0.7730803449952792,1,Blocked
620,20,0,0.4984222114521526,0.7196846649654387,1,Blocked
621,21,0,0.45554414225612466,0.5574452412203807,1,Blocked
622,22,0,0.4462177671905752,0.39328665647238725,1,Blocked
623,23,0,0.26330414747439806,0.6590852465130111,1,Blocked
624,24,0,0.40822865082023774,0.627310299924374,1,Blocked
625,25,0,0.4516395198594608,0.6156506735982759,1,Blocked
626,26,0,0.6305077858171622,0.8435697977220435,1,Blocked
627,27,0,0.9417112178303271,0.5581107058316231,1,Blocked
628,28,0,0.8581930106263989,0.5895519110261103,1,Blocked
629,29,0,0.4824061774021092,0.5163676476036223,1,Blocked
630,30,0,0.33259384155567456,0.6393051054069081,1,Blocked
631,31,0,0.5234433194892708,0.8309289927533432,1,Blocked
632,32,0,0.49100300448987305,0.825016331867652,1,Blocked
633,33,0,0.44192352343597596,0.7039377845854352,1,Blocked
634,34,0,0.45944147917941996,0.5598992795990495,1,Blocked
635,35,0,0.7140326623090111,0.44937382263145925,1,Blocked
636,36,0,0.6164631645452455,0.5028179440860316,1,Blocked
637,37,0,0.5909106660592024,0.6001730843792339,1,Blocked
638,38,0,0.8890065440974921,0.599212281894372,1,Blocked
639,39,0,0.431909911692912,0.5275578357368793,1,Blocked
640,40,0,0.25982512767573757,0.661285241507026,1,Blocked
641,41,0,0.15527549229150095,0.8841616563279548,1,Blocked
642,42,0,0.9988414259211016,0.5315313824947838,1,Blocked
643,43,0,0.09949974066622096,0.49124377472257025,1,Blocked
644,44,0,0.562497519353246,0.7989906647358143,1,Blocked
645,45,0,2.861779319819655e-05,0.7701831156205353,1,Blocked
646,46,0,0.42610389587325215,0.713774031917694,1,Blocked
647,47,0,0.15093416416405342,0.628463044894259,1,Blocked
648,48,0,0.15534570990731977,0.5693335495761971,1,Blocked
649,49,0,0.8963774806314996,0.7679306763613545,1,Blocked
650,50,0,0.5020882717107276,0.9630794932056889,1,Blocked
651,51,0,0.9993518693847667,0.6016837440659033,1,Blocked
652,52,0,0.5079888194818549,0.8179081531736134,1,Blocked
653,53,0,0.9985378007060131,0.7855129547460605,1,Blocked
654,54,0,0.47128023503451855,0.4740001976601824,1,Blocked
655,55,0,0.5069160328716397,0.5491911384621286,1,Blocked
656,56,0,0.0019127315032679544,0.9180697234016238,1,Blocked
657,57,0,0.9994946304990069,0.7183334043429204,1,Blocked
658,58,0,0.9338262507053114,0.7517137693371336,1,Blocked
659,59,0,0.3561684698470696,0.8315909313178889,1,Blocked
660,60,0,0.7685618917397623,0.6211580470171802,1,Blocked
661,61,0,0.4823726973585291,0.7449953320935816,1,Blocked
662,62,0,0.007962971705679915,0.8020877436161693,1,Blocked
663,63,0,0.32695021608654634,0.6661044074298266,1,Blocked
664,64,0,0.999200168947129,1.3107108524467974,1,Blocked
665,65,0,0.44961708760862923,0.8080845789680644,1,Blocked
666,66,0,0.2204842313599107,0.7610777534973082,1,Blocked
667,67,0,0.196745796625356,1.046448623836,1,Blocked
668,68,0,0.3292314682440289,0.7829685760596636,1,Blocked
669,69,0,0.0200464022012072,0.697679257646447,1,Blocked
670,70,0,0.47146641075875345,0.9000221409756823,1,Blocked
671,71,0,0.9676416231035901,0.6810942952153434,1,Blocked
672,72,0,0.5838106353183325,0.6723340815523027,1,Blocked
673,73,0,0.6517216803520587,0.6894748741462977,1,Blocked
674,74,0,0.230496278768325,0.66733764420868,1,Blocked
675,75,0,0.9214984802944246,0.4810070400597768,1,Blocked
676,76,0,0.191979094842274,0.5212713762423443,1,Blocked
677,77,0,0.06762252747380333,0.8876078934705024,1,Blocked
678,78,0,0.9890474107671468,0.7540878906592053,1,Blocked
679,79,0,0.39064174399289553,0.737408908581787,1,Blocked
680,80,0,0.7697099668038485,0.7349632046457438,1,Blocked
681,81,0,0.7095459529996297,0.5833059355705742,1,Blocked
682,82,0,0.5258842288412694,0.5979888606044145,1,Blocked
683,83,0,0.5755171240081136,0.7100670869435344,1,Blocked
684,84,0,0.4237356058755755,0.615038693515243,1,Blocked
685,85,0,0.4963752172153146,0.6402208404993187,1,Blocked
686,86,0,0.5032703494021117,0.4715377399363711,1,Blocked
687,87,0,0.6738473793544386,0.6711460637142967,1,Blocked
688,88,0,0.5191178077435549,0.5318585248165877,1,Blocked
689,89,0,0.10880181744578267,0.42652979912470923,1,Blocked
690,90,0,0.2801991157359954,0.6624835050570914,1,Blocked
691,91,0,0.08904905422832722,0.6902796060506764,1,Blocked
692,92,0,0.17766020311021186,0.7020111862668692,1,Blocked
693,93,0,0.5014576258892691,0.8519916840316559,1,Blocked
694,94,0,0.547225832874945,0.793949059257915,1,Blocked
695,95,0,0.5427580482497967,0.44500401899970704,1,Blocked
696,96,0,0.7050984563811856,0.6631261424120293,1,Blocked
697,97,0,0.004627910626846211,0.6267816195835383,1,Blocked
698,98,0,0.11207832358655798,0.6527317091673255,1,Blocked
699,99,0,0.46503325725309475,0.8796249390412786,1,Blocked
700,100,0,0.1274924387981227,0.9945538265944665,1,Blocked
701,101,0,0.6416632345868144,0.7008694828507672,1,Blocked
702,102,0,0.8722158870005678,0.5583604511525357,1,Blocked
703,103,0,0.669214319478596,0.5632688899477122,1,Blocked
704,104,0,0.7318669139821742,0.41855607721629945,1,Blocked
705,105,0,0.5099320681984973,0.5427224628040391,1,Blocked
706,106,0,0.565151909767068,0.5891105503363179,1,Blocked
707,107,0,0.28900627760718933,0.5766409523983871,1,Blocked
708,108,0,0.7140486761610048,0.671466086110086,1,Blocked
709,109,0,0.4540120117504034,0.8306489288872649,1,Blocked
710,110,0,0.042178191310024045,1.18995096884359,1,Blocked
711,111,0,0.9131504122632073,0.6236591011395473,1,Blocked
712,112,0,0.2781185326033937,0.6392308080404461,1,Blocked
713,113,0,0.7672094647822332,0.604319162745914,1,Blocked
714,114,0,0.07144789010369226,0.7156069101149436,1,Blocked
715,115,0,0.49096027988525776,0.5982583851710136,1,Blocked
716,116,0,0.46434313458988963,0.6080955002320001,1,Blocked
717,117,0,0.7701529875286492,0.6271963851207443,1,Blocked
718,118,0,0.27898573940420046,0.7518295017071194,1,Blocked
719,119,0,0.17060400183796515,0.7620795714711602,1,Blocked
720,120,0,0.8913243360515571,0.5284670068518091,1,Blocked
721,121,0,0.7032588269172062,0.47787417376732444,1,Blocked
722,122,0,0.9537013685514564,0.6559460096008618,1,Blocked
723,123,0,0.4991811127518028,0.6409858128919461,1,Blocked
724,124,0,0.26585043042037904,0.6195144560579777,1,Blocked
725,125,0,0.030616343945428896,0.7074446752293605,1,Blocked
726,126,0,0.2360453603466537,0.7011236027684584,1,Blocked
727,127,0,0.8686782735740364,0.7610035816669186,1,Blocked
728,128,0,0.21144648674296335,0.7568190346681207,1,Blocked
729,129,0,0.051345413882541754,0.7344208811752552,1,Blocked
730,130,0,0.007353833869778835,0.5660553278312006,1,Blocked
731,131,0,0.9661560130724707,0.5635155481168959,1,Blocked
732,132,0,0.6363022965218523,0.6153878509885293,1,Blocked
733,133,0,0.07595636346266739,0.7256344666020442,1,Blocked
734,134,0,0.9982025998216536,0.5426000048108206,1,Blocked
735,135,0,0.4526610934934238,0.4690376100632737,1,Blocked
736,136,0,0.40829961337879306,0.524415170814007,1,Blocked
737,137,0,0.21706857620616818,0.6127164555132931,1,Blocked
738,138,0,0.8075392837072384,0.5885028704426934,1,Blocked
739,139,0,0.44349092064772805,0.7407527629133548,1,Blocked
740,140,0,0.02241327240404241,0.825225832923006,1,Blocked
741,141,0,0.0061318931395070424,0.8701925644491848,1,Blocked
742,142,0,0.4012634886989703,0.6031596703713423,1,Blocked
743,143,0,0.012728202962277481,0.6321660854180271,1,Blocked
744,144,0,0.12620421013265115,0.7427741051512405,1,Blocked
745,145,0,0.12706957677779088,0.7408525849247989,1,Blocked
746,146,0,0.9876761120752898,0.7086541999853395,1,Blocked
747,147,0,0.21572691232854527,0.5262659629363088,1,Blocked
748,148,0,0.9262620493783057,0.5909614449344075,1,Blocked
749,149,0,0.9980547268194031,0.6689517767057882,1,Blocked
750,150,0,0.40947959763852015,0.7145222433721579,1,Blocked
751,151,0,0.846934548693349,0.7954933072159858,1,Blocked
752,152,0,0.532629473711998,0.6075173922176327,1,Blocked
753,153,0,0.5660195515264619,0.6723318721190126,1,Blocked
754,154,0,0.9831209758981843,0.6859457246444145,1,Blocked
755,155,0,0.54625536812465,0.8517433553660081,1,Blocked
756,156,0,0.0312851414079173,0.7453262497769306,1,Blocked
757,157,0,0.5821932158398783,0.8750860613800089,1,Blocked
758,158,0,0.24424298435646563,0.655537886054659,1,Blocked
759,159,0,0.8703535851680552,0.5924866298359492,1,Blocked
760,160,0,0.6315624745732555,0.48370556206241955,1,Blocked
761,161,0,0.557066902109953,0.6103129576372647,1,Blocked
762,162,0,0.41259769202147495,0.45006391526106837,1,Blocked
763,163,0,0.3186799240533406,0.4545982373480856,1,Blocked
764,164,0,0.9631247017736783,0.6072713975034081,1,Blocked
765,165,0,0.017144867286532146,0.7462594364500275,1,Blocked
766,166,0,0.19595426188954518,0.7164361699174213,1,Blocked
767,167,0,0.996624394309749,0.5127397112556925,1,Blocked
768,168,0,0.23309444038683097,0.6911823216498547,1,Blocked
769,169,0,0.6671294615712915,0.4694766538125885,1,Blocked
770,170,0,0.14741030440059466,0.7111265205569682,1,Blocked
771,171,0,0.024522595529185218,0.8752502111267364,1,Blocked
772,172,0,0.00014028429531005176,0.8362157100657577,1,Blocked
773,173,0,0.5512215589860493,0.5560667111322886,1,Blocked
774,174,0,0.01915376254229098,0.7476841500136906,1,Blocked
775,175,0,0.9981382352076587,0.5204101945820977,1,Blocked
776,176,0,0.45776586108500117,0.5517027014451161,1,Blocked
777,177,0,0.5703156076354586,0.7277759101879794,1,Blocked
778,178,0,0.9330141148715472,0.6650416312337677,1,Blocked
779,179,0,0.5497095763809912,0.778699275126959,1,Blocked
780,180,0,0.17617667100641443,0.7756962514965173,1,Blocked
781,181,0,0.8571112464972119,0.6314508405254733,1,Blocked
782,182,0,0.28906325737278105,0.8382537492399706,1,Blocked
783,183,0,0.49882546500613606,0.8013543069556216,1,Blocked
784,184,0,0.9941599420993754,0.5770593166644693,1,Blocked
785,185,0,0.6397299638403818,0.836208212262664,1,Blocked
786,186,0,0.48695446359217565,1.021492458513964,1,Blocked
787,187,0,0.9759568526576053,0.7867837129182702,1,Blocked
788,188,0,0.6926008138603701,0.5492576106630982,1,Blocked
789,189,0,0.8079574382746,0.7887945432409122,1,Blocked
790,190,0,0.6571176967515542,0.7324870535109438,1,Blocked
791,191,0,0.7686582941626241,0.47186550906193886,1,Blocked
792,192,0,0.2757117130882215,0.5470277757917001,1,Blocked
793,193,0,0.7494613380646591,0.7044958122533369,1,Blocked
794,194,0,0.9862322765656147,0.761766896071504,1,Blocked
795,195,0,0.7028539084326928,0.5356341000412694,1,Blocked
796,196,0,0.2708958167166504,0.4381465730340427,1,Blocked
797,197,0,0.2609215025665383,0.6093567390346097,1,Blocked
798,198,0,0.16165474911302607,0.6975346580982451,1,Blocked
799,199,0,0.2950170635606296,0.7213946459364222,1,Blocked
800,0,0,0.7848250270502051,0.7034487643755205,1,Interleaved
801,1,0,0.4431245923138822,0.6520443472810091,1,Interleaved
802,2,0,0.5963010512136095,0.7915475203093743,1,Interleaved
803,3,0,0.5197730138538806,0.6965940793987346,1,Interleaved
804,4,0,0.01353541117887803,0.7888256475631565,1,Interleaved
805,5,0,0.47138314926851677,0.7638387619738145,1,Interleaved
806,6,0,0.5202327421607436,0.6583286884653083,1,Interleaved
807,7,0,0.4880429958364341,0.9162716050212729,1,Interleaved
808,8,0,0.4249143913114955,0.9049711498270999,1,Interleaved
809,9,0,0.3372981800402354,0.8165702790438322,1,Interleaved
810,10,0,0.6312509801339377,0.682196410234835,1,Interleaved
811,11,0,0.5486609210418089,0.5945981025537851,1,Interleaved
812,12,0,0.038825155333922765,0.8084473869700822,1,Interleaved
813,13,0,0.4364126879360714,0.6783004338217935,1,Interleaved
814,14,0,0.45197002363844224,0.5037601359406787,1,Interleaved
815,15,0,0.4982459742649433,0.9361101185905889,1,Interleaved
816,16,0,0.49913428911488805,0.9174276183879022,1,Interleaved
817,17,0,0.2974184051563881,0.9118436793984062,1,Interleaved
818,18,0,0.3361205152870281,0.6310591381442158,1,Interleaved
819,19,0,0.37791689850438964,0.5336563882703141,1,Interleaved
820,20,0,0.5701084582701477,0.4789336912234206,1,Interleaved
821,21,0,0.8942070466673216,0.6572950195797632,1,Interleaved
822,22,0,0.9595544709572303,0.6845729151175148,1,Interleaved
823,23,0,0.607717096983541,0.53453191712879,1,Interleaved
824,24,0,0.07002776202707398,0.68719081826465,1,Interleaved
825,25,0,0.9870617950877991,0.652027409680527,1,Interleaved
826,26,0,0.9386098334289961,0.6102962596641135,1,Interleaved
827,27,0,0.8175195322246497,0.6402598084244314,1,Interleaved
828,28,0,0.8364087406364464,0.7430448743617142,1,Interleaved
829,29,0,0.9850655652345364,0.3410579976894276,1,Interleaved
830,30,0,0.4261694768556211,0.7442812007152542,1,Interleaved
831,31,0,0.1745975070683252,0.6258338164168566,1,Interleaved
832,32,0,0.5412381823529713,0.42605791601808984,1,Interleaved
833,33,0,0.8216640787461351,0.4660850325907441,1,Interleaved
834,34,0,0.7098600508965471,0.5281483943489601,1,Interleaved
835,35,0,0.0555625903699745,0.616873886528891,1,Interleaved
836,36,0,0.2933519022404979,0.739959043984666,1,Interleaved
837,37,0,0.23904349414849957,0.6599443210259788,1,Interleaved
838,38,0,0.09993312369624378,0.5275885103317826,1,Interleaved
839,39,0,0.7678578093229086,0.47785634780912434,1,Interleaved
840,40,0,0.5907835773397585,0.7025927273243985,1,Interleaved
841,41,0,0.49443585519442224,1.1453293100969448,1,Interleaved
842,42,0,0.202977368278224,0.7712056966869247,1,Interleaved
843,43,0,0.8275260998293736,0.5956030180205529,1,Interleaved
844,44,0,0.5774672755408721,0.4469957458545958,1,Interleaved
845,45,0,0.5391978200245046,0.6742581954437203,1,Interleaved
846,46,0,0.20297505256974788,0.9761722840265443,1,Interleaved
847,47,0,0.49753473637237705,0.5792142173515231,1,Interleaved
848,48,0,0.14841791531177795,0.7628204055902397,1,Interleaved
849,49,0,0.031239058427129762,0.8640146451818294,1,Interleaved
850,50,0,0.5663081242725179,0.9283262137871632,1,Interleaved
851,51,0,0.5370597268130721,0.825254957070902,1,Interleaved
852,52,0,0.4790940587036139,0.6702035884782038,1,Interleaved
853,53,0,0.5845084608935622,0.7200729441636604,1,Interleaved
854,54,0,0.4345988291335324,0.8641942871709771,1,Interleaved
855,55,0,0.7111309161762271,0.632744579543052,1,Interleaved
856,56,0,0.5164596417238871,0.6023100687637212,1,Interleaved
857,57,0,0.644098840106224,0.7708779394726124,1,Interleaved
858,58,0,0.45940003473041596,0.8200904582051605,1,Interleaved
859,59,0,0.34557365305591464,0.5947787154841305,1,Interleaved
860,60,0,0.5876079594902788,0.6919661120541243,1,Interleaved
861,61,0,0.033061274439418066,0.6886373410682023,1,Interleaved
862,62,0,0.5345190137565164,0.8188860095139008,1,Interleaved
863,63,0,0.9596135865249471,0.5811309472652026,1,Interleaved
864,64,0,0.0636053548638478,0.6684503881459649,1,Interleaved
865,65,0,0.5468510169617985,0.35330931619330097,1,Interleaved
866,66,0,0.5654188503196824,0.5560775224388008,1,Interleaved
867,67,0,0.7123413301316299,0.494332728377002,1,Interleaved
868,68,0,0.7686216138784174,0.6178104337306787,1,Interleaved
869,69,0,0.5191877565385045,0.7866655911588787,1,Interleaved
870,70,0,0.8667897679579508,0.421448034268803,1,Interleaved
871,71,0,0.8079558060014587,0.4382592760003137,1,Interleaved
872,72,0,0.9662204531727137,0.7276868007880491,1,Interleaved
873,73,0,0.7710749620913984,0.4916436221092721,1,Interleaved
874,74,0,0.9898362370889624,0.6732873648194035,1,Interleaved
875,75,0,0.13809700879272813,0.5459696492559287,1,Interleaved
876,76,0,0.11045713451303034,0.6861164768492246,1,Interleaved
877,77,0,0.2692028737341062,0.6472299388797327,1,Interleaved
878,78,0,0.6714289196988172,0.6352596624090678,1,Interleaved
879,79,0,0.5951251819531165,0.6278302677368072,1,Interleaved
880,80,0,0.5408019882089896,0.641321471077072,1,Interleaved
881,81,0,0.011619867441335759,0.9406612587292257,1,Interleaved
882,82,0,0.49550094567307573,0.6653804269450942,1,Interleaved
883,83,0,0.498186604058223,0.6986492642422697,1,Interleaved
884,84,0,0.04857330309817198,1.862935973254665,1,Interleaved
885,85,0,0.48878878560508493,0.871772758148206,1,Interleaved
886,86,0,0.5233082916194749,0.5275405046846029,1,Interleaved
887,87,0,0.4533360531407027,0.8085206628649746,1,Interleaved
888,88,0,0.45649584465083953,0.6608791356625926,1,Interleaved
889,89,0,0.180469076815019,0.6860998942181729,1,Interleaved
890,90,0,0.9831156630562616,0.5215086083862598,1,Interleaved
891,91,0,0.3841026179970897,0.7254055263074835,1,Interleaved
892,92,0,0.7090691527731254,0.6254396138581839,1,Interleaved
893,93,0,0.4567987397453919,0.7650515064004046,1,Interleaved
894,94,0,0.8999427578227717,0.7733550741371067,1,Interleaved
895,95,0,0.9758239031244996,0.6469596059721225,1,Interleaved
896,96,0,0.00648532454792169,0.6762362826717421,1,Interleaved
897,97,0,0.007361324028143251,0.6473618930130228,1,Interleaved
898,98,0,0.6470655171517992,0.5290769103142146,1,Interleaved
899,99,0,0.23386582995271415,0.8125410441395486,1,Interleaved
900,100,0,0.6719082952229452,0.7823231324215527,1,Interleaved
901,101,0,0.9725243885896628,0.6683181665120319,1,Interleaved
902,102,0,0.41914023779529475,0.8778927829078771,1,Interleaved
903,103,0,0.4243330074703014,0.6273148124734763,1,Interleaved
904,104,0,0.7098065091862895,0.6945889426108788,1,Interleaved
905,105,0,0.4997722035492862,0.5472206200384598,1,Interleaved
906,106,0,0.8623796336998125,0.39585924824991775,1,Interleaved
907,107,0,0.5320983955501901,0.7851503242004654,1,Interleaved
908,108,0,0.6117428035363672,1.3907568480435546,1,Interleaved
909,109,0,0.3656232467254488,0.867439675371682,1,Interleaved
910,110,0,0.019021289327202186,0.9485113680330407,1,Interleaved
911,111,0,0.1764891008850399,0.8500214440415457,1,Interleaved
912,112,0,0.011347527406291668,0.8726418938622242,1,Interleaved
913,113,0,0.49217038853699635,0.7103086206594603,1,Interleaved
914,114,0,0.153061659465517,0.8000935996151628,1,Interleaved
915,115,0,0.38106340252669146,0.6178086566583864,1,Interleaved
916,116,0,0.3191353907197599,0.7541863164691401,1,Interleaved
917,117,0,0.7135355422731791,0.4105579132990294,1,Interleaved
918,118,0,0.5581587881556687,0.48086148849304516,1,Interleaved
919,119,0,0.36670335525655023,0.6276696034388153,1,Interleaved
920,120,0,0.3971269195754976,0.7474165721456428,1,Interleaved
921,121,0,0.5006804048449901,0.5711346575381518,1,Interleaved
922,122,0,0.04601089656353041,0.5778931888814617,1,Interleaved
923,123,0,0.905118566799951,0.7265821796997548,1,Interleaved
924,124,0,0.06116604092801417,0.8582563975027504,1,Interleaved
925,125,0,0.9037998913940248,0.6573913411508822,1,Interleaved
926,126,0,0.9914422069705318,0.6806520660359989,1,Interleaved
927,127,0,0.5032965156470831,0.7600767356817937,1,Interleaved
928,128,0,0.8748863500969555,0.741243527598475,1,Interleaved
929,129,0,0.7177084652674367,0.7155062780110878,1,Interleaved
930,130,0,0.032211569720946666,0.6388430760079389,1,Interleaved
931,131,0,0.5320811032864294,0.6201659311690042,1,Interleaved
932,132,0,0.35966861089258423,0.5087659716997317,1,Interleaved
933,133,0,0.48129727159074326,0.48581214833461217,1,Interleaved
934,134,0,0.024998570474767216,0.7280954364242456,1,Interleaved
935,135,0,0.274323084179731,0.716262050581359,1,Interleaved
936,136,0,0.9806688175099203,0.6997770193513362,1,Interleaved
937,137,0,0.5344362190968863,0.6159506944843598,1,Interleaved
938,138,0,0.7011225718235902,0.6799512335024795,1,Interleaved
939,139,0,0.9177277777009722,0.5186425707772568,1,Interleaved
940,140,0,0.5140091859540622,0.448825589800702,1,Interleaved
941,141,0,0.05632947854864952,0.6757388778549953,1,Interleaved
942,142,0,0.11276962511952424,0.44108416293199626,1,Interleaved
943,143,0,0.1413036983179075,1.426510261891862,1,Interleaved
944,144,0,0.5903348297690526,0.7438413635252608,1,Interleaved
945,145,0,0.5164685901031203,0.7661785791846152,1,Interleaved
946,146,0,0.7474941840596745,0.4544719565510543,1,Interleaved
947,147,0,0.09855747832635886,0.48626529571076477,1,Interleaved
948,148,0,0.3879168083755617,0.5217611735645311,1,Interleaved
949,149,0,0.524367064199778,0.5838632668168885,1,Interleaved
950,150,0,0.23576096698446938,0.6949004111930599,1,Interleaved
951,151,0,0.03563321320052715,0.639243651910253,1,Interleaved
952,152,0,0.5761520393520713,0.6462613677240423,1,Interleaved
953,153,0,0.7065469027007573,0.6988968901141759,1,Interleaved
954,154,0,0.1665671081408504,0.7646356314881144,1,Interleaved
955,155,0,0.5103223065677239,0.5286085690124014,1,Interleaved
956,156,0,0.4516790187303392,0.43211035948520005,1,Interleaved
957,157,0,0.04913704420588892,0.775088131398487,1,Interleaved
958,158,0,0.0028141436796887205,0.8749448920544367,1,Interleaved
959,159,0,0.08152246660482951,0.6863056857797837,1,Interleaved
960,160,0,0.4648204002613362,0.5229009221206719,1,Interleaved
961,161,0,0.5642775819465413,0.6251471932527299,1,Interleaved
962,162,0,0.12016577848723303,0.8109647053714903,1,Interleaved
963,163,0,0.5035346393809266,0.7670617163821252,1,Interleaved
964,164,0,0.5444522797418074,0.5687889288095229,1,Interleaved
965,165,0,0.6591168889819315,0.4745325944482929,1,Interleaved
966,166,0,0.07994517504407014,0.8529950208723823,1,Interleaved
967,167,0,0.3690733431056503,0.7379222347296952,1,Interleaved
968,168,0,0.07802072412463154,0.8039939034143684,1,Interleaved
969,169,0,0.8653845489398472,0.4347375487852272,1,Interleaved
970,170,0,0.4946252307677836,0.7145735125076675,1,Interleaved
971,171,0,0.0791267561334762,0.6883011855317853,1,Interleaved
972,172,0,0.9819951391637787,0.7354001443498801,1,Interleaved
973,173,0,0.949570650267001,0.44365349166024204,1,Interleaved
974,174,0,0.33056737430544125,0.5379142115224961,1,Interleaved
975,175,0,0.0855154273463113,0.6671761621260898,1,Interleaved
976,176,0,0.3484584759146059,0.7317239671972122,1,Interleaved
977,177,0,0.8435449301006286,0.82203669301922,1,Interleaved
978,178,0,0.967855753772819,0.7865747902599487,1,Interleaved
979,179,0,0.5254610431946883,0.6853402528023828,1,Interleaved
980,180,0,0.9349887132391811,0.6721736700950693,1,Interleaved
981,181,0,0.05028612873573844,0.8428597442463864,1,Interleaved
982,182,0,0.04990945387211424,0.9174139743830072,1,Interleaved
983,183,0,0.5320630122685545,1.0762936333448385,1,Interleaved
984,184,0,0.4943650466235515,0.7307310753175225,1,Interleaved
985,185,0,0.9817851239668312,0.776174419516603,1,Interleaved
986,186,0,0.2666131428077542,0.6122827544949843,1,Interleaved
987,187,0,0.5412574672243645,0.7251653910633731,1,Interleaved
988,188,0,0.4117125909884535,0.5904931760588508,1,Interleaved
989,189,0,0.39869581642467744,0.7397511624508595,1,Interleaved
990,190,0,0.9915043839374493,0.6393417818408926,1,Interleaved
991,191,0,0.31512384525445025,0.5546611115584406,1,Interleaved
992,192,0,0.5136153147460103,0.6652983055132,1,Interleaved
993,193,0,0.9840478646538775,0.6884600831875265,1,Interleaved
994,194,0,0.5410402298760962,0.75114782278857,1,Interleaved
995,195,0,0.4916410084803051,0.792255289525639,1,Interleaved
996,196,0,0.4902618049384868,0.7341597397879039,1,Interleaved
997,197,0,0.9037796991115477,0.3549306230043944,1,Interleaved
998,198,0,0.8564314742138944,0.7243891430618464,1,Interleaved
999,199,0,0.46935757779509124,0.8335646681155031,1,Interleaved
1000,0,0,0.0646489696537313,0.9199139185570707,1,Instructed
1001,1,0,0.7272930162265321,1.4000657474881617,1,Instructed
1002,2,0,0.0013346836841051039,1.5512724986020912,1,Instructed
1003,3,0,0.9354662694564722,0.9457673898934083,1,Instructed
1004,4,0,0.8735647085220232,0.7484822648880095,1,Instructed
1005,5,0,0.9311887413823128,0.871633863869606,1,Instructed
1006,6,0,0.3488824944408798,1.1783699156864862,1,Instructed
1007,7,0,0.2593761161637741,0.8977888148118919,1,Instructed
1008,8,0,0.2763909541525361,0.8386406931251462,1,Instructed
1009,9,0,0.3640575730546407,0.7845916473873076,1,Instructed
1010,10,0,0.9923852046348943,1.0329408186178481,1,Instructed
1011,11,0,0.6257590493279688,0.740947455830416,1,Instructed
1012,12,0,0.4875269382000368,0.9148773305221144,1,Instructed
1013,13,0,0.0202763790724176,0.7677613032986477,1,Instructed
1014,14,0,0.004825159415621048,0.85197354748662,1,Instructed
1015,15,0,0.4590073218547126,0.6454168422659365,1,Instructed
1016,16,0,0.44740439875377663,0.5809365143438222,1,Instructed
1017,17,0,0.4990864318996995,0.7805634951284901,1,Instructed
1018,18,0,0.47905679968205944,0.810888704866356,1,Instructed
1019,19,0,0.5001218175434644,0.8018199371176595,1,Instructed
1020,20,0,0.5162947223423532,0.8621055167138073,1,Instructed
1021,21,0,0.9753567241970433,0.6904556018693305,1,Instructed
1022,22,0,0.8685924194265305,0.5030354474762317,1,Instructed
1023,23,0,0.9637138948210229,0.5884911835466486,1,Instructed
1024,24,0,0.06704451855271745,0.9825335793934762,1,Instructed
1025,25,0,0.5951898962047659,1.148950488195689,1,Instructed
1026,26,0,0.49753353077960805,1.1300688180184082,1,Instructed
1027,27,0,0.6252531055268814,0.5967625276219318,1,Instructed
1028,28,0,0.7425131586378476,0.7162040215468141,1,Instructed
1029,29,0,0.5090176398491505,0.636796492634162,1,Instructed
1030,30,0,0.3557027710216154,0.8332849441433099,1,Instructed
1031,31,0,0.05392000145181952,0.7258381541361909,1,Instructed
1032,32,0,0.9961356796402203,0.7520318586591992,1,Instructed
1033,33,0,0.7234744476593694,0.7421968156815939,1,Instructed
1034,34,0,0.5769432611345681,0.741892966402041,1,Instructed
1035,35,0,0.06213372302192827,0.8217748119259171,1,Instructed
1036,36,0,0.4008939633759717,0.7768333792949716,1,Instructed
1037,37,0,0.39672045430481906,0.5302635218197026,1,Instructed
1038,38,0,0.8439201012257245,0.5993678165770304,1,Instructed
1039,39,0,0.6728364354222505,0.6730614158057477,1,Instructed
1040,40,0,0.7710862275133907,0.6268019698419982,1,Instructed
1041,41,0,0.8461854273126962,0.5085976813338513,1,Instructed
1042,42,0,0.8692764955910406,0.6996996764347245,1,Instructed
1043,43,0,0.06802941406965653,0.6582523729722659,1,Instructed
1044,44,0,0.675690915324059,0.6290373443333652,1,Instructed
1045,45,0,0.4180120726995601,0.6288485806956079,1,Instructed
1046,46,0,0.7163502905587577,0.6970286251271194,1,Instructed
1047,47,0,0.5158953972878979,0.7286511414447601,1,Instructed
1048,48,0,0.11589002548406807,0.9271785041256699,1,Instructed
1049,49,0,0.5020640391299559,0.8363462545988736,1,Instructed
1050,50,0,0.7323123215718039,0.6403928036862139,1,Instructed
1051,51,0,0.21195579810872797,0.7503736122904399,1,Instructed
1052,52,0,0.8623292222798133,0.7726919460975029,1,Instructed
1053,53,0,0.20985834591377553,0.7353870895861134,1,Instructed
1054,54,0,0.01095295890770415,0.647332093096782,1,Instructed
1055,55,0,0.8157284129007665,0.5713154834066116,1,Instructed
1056,56,0,0.4970486822585719,0.6145569077029073,1,Instructed
1057,57,0,0.8962243613355012,0.6681386816862105,1,Instructed
1058,58,0,0.0427186539289276,0.8289641560576468,1,Instructed
1059,59,0,0.49924618525591163,0.642293171678729,1,Instructed
1060,60,0,0.1909257061550689,0.6018741395838931,1,Instructed
1061,61,0,0.2285198661958063,0.5995168993991399,1,Instructed
1062,62,0,0.9694379137550448,0.8030633281027626,1,Instructed
1063,63,0,0.21521282142719544,0.912343472273438,1,Instructed
1064,64,0,0.4759777925710983,0.8301881426126145,1,Instructed
1065,65,0,0.7298365391115313,0.668431214920132,1,Instructed
1066,66,0,0.44861594192987403,0.5212758332435689,1,Instructed
1067,67,0,0.06402362975258827,0.6861359651980432,1,Instructed
1068,68,0,0.5388248519950096,0.7346023166980431,1,Instructed
1069,69,0,0.5093071522480623,0.7528174770820018,1,Instructed
1070,70,0,0.12106669850911603,0.9186006236080997,1,Instructed
1071,71,0,0.5006242383701659,0.5964252635364287,1,Instructed
1072,72,0,0.7453137615561404,0.40077447076309547,1,Instructed
1073,73,0,0.11655538054619671,0.4353308729952954,1,Instructed
1074,74,0,0.9946061232208294,0.4231126080535223,1,Instructed
1075,75,0,0.6240624715814409,0.5640644145117262,1,Instructed
1076,76,0,0.5555568918627511,0.6426707598514669,1,Instructed
1077,77,0,0.9697728327577884,0.6133364516866557,1,Instructed
1078,78,0,0.6955651418266678,0.5630286865543368,1,Instructed
1079,79,0,0.573742911453256,0.8377069205313885,1,Instructed
1080,80,0,0.35368700476521847,0.8915011920226584,1,Instructed
1081,81,0,0.0006041931088755243,0.8298489798078774,1,Instructed
1082,82,0,0.16644369995171762,0.7244036818761577,1,Instructed
1083,83,0,0.9980299529000936,0.5563602933670003,1,Instructed
1084,84,0,0.9858022568572486,0.7131846770302284,1,Instructed
1085,85,0,0.4469168415680989,0.5866913454454721,1,Instructed
1086,86,0,0.04380458925503001,0.5621456120652348,1,Instructed
1087,87,0,0.2682856959641755,0.7480706437258817,1,Instructed
1088,88,0,0.7654107885902632,1.005675383801175,1,Instructed
1089,89,0,0.6823018943747237,1.1792444384130665,1,Instructed
1090,90,0,0.9946832366969907,0.5221776565774726,1,Instructed
1091,91,0,0.6367270532471426,0.7373478550482031,1,Instructed
1092,92,0,0.33763488752811255,0.7728008880868317,1,Instructed
1093,93,0,0.7407535007809665,0.7033610706742126,1,Instructed
1094,94,0,0.5719673268679792,0.4324995672473828,1,Instructed
1095,95,0,0.6330540280294025,0.3978033526706137,1,Instructed
1096,96,0,0.7542655119091569,0.48172867127012736,1,Instructed
1097,97,0,0.8498499762341261,0.6245223286665857,1,Instructed
1098,98,0,0.713398537968301,0.5838427867489608,1,Instructed
1099,99,0,0.5132877039474479,0.6623357853304621,1,Instructed
1100,100,0,0.9339106768210772,0.4784008995499368,1,Instructed
1101,101,0,0.7899254103592152,0.4121858353337622,1,Instructed
1102,102,0,0.688020939631707,0.4519202746695129,1,Instructed
1103,103,0,0.46464154492721577,0.6595123199969192,1,Instructed
1104,104,0,0.38103308251246953,0.5901510032202237,1,Instructed
1105,105,0,0.45773049493177426,0.8258611769967508,1,Instructed
1106,106,0,0.9852976851557731,0.7116516700036856,1,Instructed
1107,107,0,0.08041057422648398,0.7391624705873688,1,Instructed
1108,108,0,0.9991224623699317,0.6424652614392321,1,Instructed
1109,109,0,0.5200978979591925,0.7347158479172039,1,Instructed
1110,110,0,0.014262522725510467,0.886292143200344,1,Instructed
1111,111,0,0.4996752885847785,0.7451623276903475,1,Instructed
1112,112,0,0.03613050085607913,0.5905974744045814,1,Instructed
1113,113,0,0.8406690516475883,0.6045650690510531,1,Instructed
1114,114,0,0.9526219021731739,0.8594631837334159,1,Instructed
1115,115,0,0.9884516399720585,0.7561522178922346,1,Instructed
1116,116,0,0.9496090941728408,0.6768959424172194,1,Instructed
1117,117,0,0.7025897058295905,0.5750219285139413,1,Instructed
1118,118,0,0.2237025069307418,0.799487733588231,1,Instructed
1119,119,0,0.49995353035420514,1.0278713527480765,1,Instructed
1120,120,0,0.5870696953538682,1.1528637396944206,1,Instructed
1121,121,0,0.9806061755257545,0.7611423975533591,1,Instructed
1122,122,0,0.48459627883267153,0.656184241658351,1,Instructed
1123,123,0,0.9438511044579061,0.5315196847608308,1,Instructed
1124,124,0,0.7785756300447157,0.6129289006105318,1,Instructed
1125,125,0,0.014142923342049153,0.72803022999816,1,Instructed
1126,126,0,0.43636621234584083,0.5046247867404571,1,Instructed
1127,127,0,0.9985145562537532,0.9391414592575567,1,Instructed
1128,128,0,0.9213596744270973,0.6604632295379556,1,Instructed
1129,129,0,0.4961547107376268,0.6612113009204821,1,Instructed
1130,130,0,0.6478115994970689,0.6610449695667644,1,Instructed
1131,131,0,0.49790425832374646,0.924690684297221,1,Instructed
1132,132,0,0.45791000072506605,0.9949487772980634,1,Instructed
1133,133,0,0.8602023635251306,0.7530451953764117,1,Instructed
1134,134,0,0.48275806803414373,0.796471407019949,1,Instructed
1135,135,0,0.9999982855119031,1.2910022363259785,1,Instructed
1136,136,0,0.9702356292106602,0.6692372368816046,1,Instructed
1137,137,0,0.8191685900882391,0.7589372438098961,1,Instructed
1138,138,0,0.7374524313116093,0.666280161026372,1,Instructed
1139,139,0,0.9854165772068235,0.6308687037787023,1,Instructed
1140,140,0,0.5306717698088614,0.9012574690093774,1,Instructed
1141,141,0,0.5010095439901334,1.00789857793362,1,Instructed
1142,142,0,0.09665864205514668,0.7188021284341672,1,Instructed
1143,143,0,0.8775808465785591,0.5600180997925841,1,Instructed
1144,144,0,0.462340310297656,0.966960685459496,1,Instructed
1145,145,0,0.012209651262300274,0.6656694262820027,1,Instructed
1146,146,0,0.20354956910795402,0.7101722369789731,1,Instructed
1147,147,0,0.45347875466719245,0.5542549086459312,1,Instructed
1148,148,0,0.8060195737885523,0.5752641906112257,1,Instructed
1149,149,0,0.9252062990595641,0.6646297729795989,1,Instructed
1150,150,0,0.19253545793701454,0.587839661448572,1,Instructed
1151,151,0,0.4610806330439148,0.41805525170845437,1,Instructed
1152,152,0,0.19859155011571167,0.7271087721538154,1,Instructed
1153,153,0,0.8618465903804156,0.6509803269011935,1,Instructed
1154,154,0,0.1951279852642991,0.5972901700207085,1,Instructed
1155,155,0,0.2363744310605498,0.5005798132199084,1,Instructed
1156,156,0,0.43566279060280716,0.5890236367868191,1,Instructed
1157,157,0,0.49467540020008044,0.4986554898841128,1,Instructed
1158,158,0,0.2748664174082816,0.7039703278299585,1,Instructed
1159,159,0,0.48490257428335237,0.7086989982209999,1,Instructed
1160,160,0,0.0768379604518918,0.5950633657914837,1,Instructed
1161,161,0,0.0015100750712868979,0.6844105532053528,1,Instructed
1162,162,0,0.01511034144220714,0.7401617346948473,1,Instructed
1163,163,0,0.7289047076783493,0.4355165797846384,1,Instructed
1164,164,0,0.49012072078795044,0.507338023096224,1,Instructed
1165,165,0,0.9685209674843889,0.8265113831937352,1,Instructed
1166,166,0,0.4188491457887153,0.9328142815782681,1,Instructed
1167,167,0,0.05378785725878436,0.7616268168163216,1,Instructed
1168,168,0,0.6323194592870491,0.6364583670357962,1,Instructed
1169,169,0,0.9011967721669394,0.7939551378148999,1,Instructed
1170,170,0,0.42708065925536076,0.45184541908860243,1,Instructed
1171,171,0,0.9980692114664919,0.5870236660789763,1,Instructed
1172,172,0,0.504965910533795,0.5988204168106952,1,Instructed
1173,173,0,0.3941486730184296,0.6386741669744957,1,Instructed
1174,174,0,0.6410876146765032,0.9664904403966882,1,Instructed
1175,175,0,0.8519817856124199,0.704041366083379,1,Instructed
1176,176,0,0.49961062210694596,0.611701694361606,1,Instructed
1177,177,0,0.268154382327163,0.7114303373721099,1,Instructed
1178,178,0,0.45599367082181413,0.7359564535991666,1,Instructed
1179,179,0,0.10768034442179963,0.7593916217408461,1,Instructed
1180,180,0,0.3555088537130907,0.8494339954737601,1,Instructed
1181,181,0,0.4804532924088824,0.9335022726032467,1,Instructed
1182,182,0,0.9863203648090256,0.8073649580823231,1,Instructed
1183,183,0,0.6320627594090206,0.6286804260143808,1,Instructed
1184,184,0,0.9883555829806927,0.5995880190889705,1,Instructed
1185,185,0,0.1588602106182467,0.7521721893092905,1,Instructed
1186,186,0,0.8080431159684698,0.6162981382812627,1,Instructed
1187,187,0,0.9999997908226617,2.0713174402181953,1,Instructed
1188,188,0,0.48986854421960707,0.8904121287092486,1,Instructed
1189,189,0,0.5861772597631514,0.5699622069145097,1,Instructed
1190,190,0,0.009525503194203037,0.7063671679768044,1,Instructed
1191,191,0,0.5590936819042485,0.7485619258366287,1,Instructed
1192,192,0,0.3007624167663637,1.017904181461012,1,Instructed
1193,193,0,0.36574253298108056,1.040903880965201,1,Instructed
1194,194,0,0.4731127837286737,0.7517030683672697,1,Instructed
1195,195,0,0.41994971821758753,0.6793613727798877,1,Instructed
1196,196,0,0.47977704358588946,0.787923396309085,1,Instructed
1197,197,0,0.9925683042865994,0.7904124666188801,1,Instructed
1198,198,0,0.9332581332278131,0.9489739261428735,1,Instructed
1199,199,0,0.6090893920098536,0.7417871872783848,1,Instructed
