,t,e_hat,Accuracy,pe,batch,Condition
0,0,0,0.5353587073819823,0.5824346680975819,0,Blocked
1,1,0,0.48432092062994825,0.7028163392204216,0,Blocked
2,2,0,0.1257478883784509,0.6839612239918296,0,Blocked
3,3,0,0.6573613498179653,0.5184611244629376,0,Blocked
4,4,0,0.4840912111128496,0.7015517937251141,0,Blocked
5,5,0,0.24026212605233463,0.7511690283788464,0,Blocked
6,6,0,0.5867499487928785,0.5881024897206011,0,Blocked
7,7,0,0.2366548533778975,0.5518930559167011,0,Blocked
8,8,0,0.8330740898093711,0.42588912355051467,0,Blocked
9,9,0,0.2924506117044482,0.6780675838529866,0,Blocked
10,10,0,0.9190280887738533,0.5242678756715213,0,Blocked
11,11,0,0.46910921323328125,0.6132751244507793,0,Blocked
12,12,0,0.4976349386669136,0.46510569656153655,0,Blocked
13,13,0,0.7445579254697408,0.49226693063220023,0,Blocked
14,14,0,0.4178391428151026,0.5543499759322166,0,Blocked
15,15,0,0.37587189339497373,0.5515950164020773,0,Blocked
16,16,0,0.6295814253790741,0.5763588453478719,0,Blocked
17,17,0,0.3654939841543158,0.6019985231493337,0,Blocked
18,18,0,0.7272644790316052,0.3796604125979338,0,Blocked
19,19,0,0.9686271902854964,0.5665412198583404,0,Blocked
20,20,0,0.37181097259230955,0.5929249987882201,0,Blocked
21,21,0,0.4752285530937525,0.5528909054056279,0,Blocked
22,22,0,0.6707997713980034,0.4343698644451973,0,Blocked
23,23,0,0.2957255880148053,0.6236019453502022,0,Blocked
24,24,0,0.30374651455883867,0.5306015822882474,0,Blocked
25,25,0,0.6733519562100581,0.47867582203577197,0,Blocked
26,26,0,0.5466707208012891,0.5028344567340374,0,Blocked
27,27,0,0.18289811241149828,0.5211346647656503,0,Blocked
28,28,0,0.41010585537457434,0.6556077308960675,0,Blocked
29,29,0,0.6795719731680963,0.4413689610081666,0,Blocked
30,30,0,0.6629781107331124,0.45378518383810595,0,Blocked
31,31,0,0.14262139723205802,0.592766351189961,0,Blocked
32,32,0,0.4677387294683637,0.5062976804309443,0,Blocked
33,33,0,0.6244203479116766,0.462888543319579,0,Blocked
34,34,0,0.5373253895131964,0.5561825740967209,0,Blocked
35,35,0,0.6175857927293877,0.48809268680971996,0,Blocked
36,36,0,0.9054658865016614,0.5370629784674149,0,Blocked
37,37,0,0.49868644344223967,0.6140091268226104,0,Blocked
38,38,0,0.5803243038615229,0.6343744363456892,0,Blocked
39,39,0,0.7535606852978283,0.6787654174567983,0,Blocked
40,40,0,0.20924085092624453,0.4480418205070331,0,Blocked
41,41,0,0.8574280894981191,0.41727842844316826,0,Blocked
42,42,0,0.006163999746787007,0.4563761729425547,0,Blocked
43,43,0,0.9406749444152376,0.4784966550203462,0,Blocked
44,44,0,0.9307384885441656,0.28511927788288216,0,Blocked
45,45,0,0.8770556580292558,0.4305944447866812,0,Blocked
46,46,0,0.9790842483083165,0.4914776667642184,0,Blocked
47,47,0,0.07083722750395273,0.5747485687016334,0,Blocked
48,48,0,0.9167063900177945,0.2888871739204789,0,Blocked
49,49,0,0.7369904151037407,0.40595453515135066,0,Blocked
50,50,0,0.0229905171035827,0.5412335785969944,0,Blocked
51,51,0,0.08173682603468599,0.7266135390987831,0,Blocked
52,52,0,0.47074386299885695,0.4494675288051677,0,Blocked
53,53,0,0.4195809437488297,0.7442258829391084,0,Blocked
54,54,0,0.05584548558259758,0.6302617402820095,0,Blocked
55,55,0,0.3454354026999171,0.4931400688323712,0,Blocked
56,56,0,0.3298715096461524,0.6450332571851999,0,Blocked
57,57,0,0.24853903365868235,0.5493984258844015,0,Blocked
58,58,0,0.7223916619490349,0.4140843179470542,0,Blocked
59,59,0,0.6091855894818727,0.36687215398265177,0,Blocked
60,60,0,0.6135309156273763,0.5964847660162692,0,Blocked
61,61,0,0.6129445417717149,0.5463823127111991,0,Blocked
62,62,0,0.2478477470756098,0.37544655088524403,0,Blocked
63,63,0,0.20473492148729222,0.5485557503737517,0,Blocked
64,64,0,0.09704616214281442,0.5186468383485558,0,Blocked
65,65,0,0.36157345362203025,0.6279286924141332,0,Blocked
66,66,0,0.49623749309937437,0.45997088848852585,0,Blocked
67,67,0,0.3640616260258473,0.5029500764822179,0,Blocked
68,68,0,0.4580150243820745,0.33359696045855936,0,Blocked
69,69,0,0.49273330971753215,0.5414465580740669,0,Blocked
70,70,0,0.48953527337423564,0.407321316661208,0,Blocked
71,71,0,0.15737014490509726,0.787116508764196,0,Blocked
72,72,0,0.8189359021775977,0.5639695174937187,0,Blocked
73,73,0,0.4628832189357254,0.4443460319398341,0,Blocked
74,74,0,0.49297605633556013,0.633410594905524,0,Blocked
75,75,0,0.6022075130373367,0.2833692505150749,0,Blocked
76,76,0,0.5296542664932381,0.4616644026846486,0,Blocked
77,77,0,0.7811456820660776,0.5296276357634074,0,Blocked
78,78,0,0.852393148631667,0.4891012834695847,0,Blocked
79,79,0,0.8337597029979509,0.5231652225280214,0,Blocked
80,80,0,0.022026844557351856,0.8389656262176877,0,Blocked
81,81,0,0.6490754657924057,0.5972476098974939,0,Blocked
82,82,0,0.30382583244707395,0.5767514559764473,0,Blocked
83,83,0,0.47070602241705034,0.5023426348983443,0,Blocked
84,84,0,0.3603521894434623,0.4126318794532796,0,Blocked
85,85,0,0.6734671242102598,0.4198572667910224,0,Blocked
86,86,0,0.4290988741784253,0.6188969032219003,0,Blocked
87,87,0,0.5880052148558066,0.6783422078950965,0,Blocked
88,88,0,0.7162410154096667,0.4776888654719007,0,Blocked
89,89,0,0.09400799848975071,0.45772370494541076,0,Blocked
90,90,0,0.8185687200390391,0.6164482611336304,0,Blocked
91,91,0,0.908392612505404,0.43230918332938184,0,Blocked
92,92,0,0.8800872819509808,0.2278711568974801,0,Blocked
93,93,0,0.7248524249555196,0.4531467811031008,0,Blocked
94,94,0,0.08976170356128281,0.497372147133276,0,Blocked
95,95,0,0.10612036431235215,0.421750775796889,0,Blocked
96,96,0,0.3082344415292208,0.4943160430176167,0,Blocked
97,97,0,0.5482642198496457,0.3557162707962379,0,Blocked
98,98,0,0.5096897175052679,0.40733664574753203,0,Blocked
99,99,0,0.6919172469570816,0.460998887741181,0,Blocked
100,100,0,0.8459561530334954,0.32075204880389246,0,Blocked
101,101,0,0.08649229984913341,0.3995883252884046,0,Blocked
102,102,0,0.9306163404915164,0.5125408460033949,0,Blocked
103,103,0,0.9103306840962002,0.41829624365738616,0,Blocked
104,104,0,0.9385973237978094,0.5132078600525338,0,Blocked
105,105,0,0.1633522020600944,0.6734136244715986,0,Blocked
106,106,0,0.7972084665684688,0.343725951157018,0,Blocked
107,107,0,0.5933947244705824,0.39887833437170284,0,Blocked
108,108,0,0.4788923144887044,0.41817367517850135,0,Blocked
109,109,0,0.44226767975443015,0.37031631440081414,0,Blocked
110,110,0,0.41519460819485604,0.426242639441765,0,Blocked
111,111,0,0.8816922543086565,0.3718051753382221,0,Blocked
112,112,0,0.6402920024946324,0.598145559646029,0,Blocked
113,113,0,0.49601491220047045,0.4963003316379626,0,Blocked
114,114,0,0.7648503291317714,0.4393019634624843,0,Blocked
115,115,0,0.210699140554287,0.4614738191117125,0,Blocked
116,116,0,0.34350234953667513,0.3953893966439708,0,Blocked
117,117,0,0.5317086094807353,0.3884160495070726,0,Blocked
118,118,0,0.6243668911799836,0.42121758868151815,0,Blocked
119,119,0,0.8135799977976388,0.42766365214618574,0,Blocked
120,120,0,0.3589058373073809,0.5435222934797267,0,Blocked
121,121,0,0.9513340574550686,0.40565069363021644,0,Blocked
122,122,0,0.008011922905676429,0.5312312038012048,0,Blocked
123,123,0,0.5464098354245743,0.5449596840184845,0,Blocked
124,124,0,0.1807933835186691,0.6392656240332701,0,Blocked
125,125,0,0.47208860320373824,0.4507194305034725,0,Blocked
126,126,0,0.541623499840785,0.531069516005194,0,Blocked
127,127,0,0.7211082542084881,0.5612273532014636,0,Blocked
128,128,0,0.016518548784981806,0.6314421054614867,0,Blocked
129,129,0,0.9439417828876905,0.5567830245340222,0,Blocked
130,130,0,0.030792106777359052,0.621104968081453,0,Blocked
131,131,0,0.22902583533365697,0.5592082392258451,0,Blocked
132,132,0,0.4171068700234488,0.4736926470717927,0,Blocked
133,133,0,0.6343238566546651,0.5879278451426078,0,Blocked
134,134,0,0.07859726684148895,0.64861530278038,0,Blocked
135,135,0,0.21816782296679338,0.6343869234880686,0,Blocked
136,136,0,0.35057680645270256,0.7295983635722272,0,Blocked
137,137,0,0.37655234254118275,0.5054551775938171,0,Blocked
138,138,0,0.8949123971029509,0.3446169606838242,0,Blocked
139,139,0,0.3722584165815541,0.5352074992993906,0,Blocked
140,140,0,0.48956176534135853,0.6721026314045819,0,Blocked
141,141,0,0.7313869078720557,0.36170631927632596,0,Blocked
142,142,0,0.893970663062165,0.5349597712085848,0,Blocked
143,143,0,0.6101825968298675,0.37339732035959317,0,Blocked
144,144,0,0.5947463545897366,0.6398047895645964,0,Blocked
145,145,0,0.9891444730775141,0.5260298302930269,0,Blocked
146,146,0,0.12146237673689957,0.38124863958043687,0,Blocked
147,147,0,0.022474788259654047,0.477038355583409,0,Blocked
148,148,0,0.6386572140569529,0.2855351618099716,0,Blocked
149,149,0,0.2460657980088901,0.395821740233382,0,Blocked
150,150,0,0.6270423671120555,0.4244280867222231,0,Blocked
151,151,0,0.7492588821291093,0.32135620601024867,0,Blocked
152,152,0,0.7249746341090453,0.4090880190061044,0,Blocked
153,153,0,0.37473309328167254,0.5289257249310128,0,Blocked
154,154,0,0.31142540575602573,0.3672633340583339,0,Blocked
155,155,0,0.8348380581863695,0.4086074069234792,0,Blocked
156,156,0,0.45149561151923545,0.31330352212268625,0,Blocked
157,157,0,0.6249460060409509,0.33733455277399393,0,Blocked
158,158,0,0.5082751308452764,0.32759202794447195,0,Blocked
159,159,0,0.5371757601460756,0.3611860767630949,0,Blocked
160,160,0,0.2849128935483104,0.5957817175510234,0,Blocked
161,161,0,0.17969498171872,0.5055789367406118,0,Blocked
162,162,0,0.386792006207177,0.5248269049994558,0,Blocked
163,163,0,0.21798589835814547,0.5241461024974249,0,Blocked
164,164,0,0.9430267305616915,0.32098922103982996,0,Blocked
165,165,0,0.38070892165623293,0.4644614051978072,0,Blocked
166,166,0,0.8296861530341799,0.35664984522385323,0,Blocked
167,167,0,0.4158928963575105,0.4554307553515582,0,Blocked
168,168,0,0.5847453435455157,0.3620006662721337,0,Blocked
169,169,0,0.7039342883580872,0.5091472322034721,0,Blocked
170,170,0,0.8189141935245782,0.5409262746814089,0,Blocked
171,171,0,0.9575881294927739,0.5078685275989057,0,Blocked
172,172,0,0.48907870144086246,0.4845100691031566,0,Blocked
173,173,0,0.4598357711516902,0.39637529233662316,0,Blocked
174,174,0,0.15460449979200447,0.5379943437782216,0,Blocked
175,175,0,0.4287067453744304,0.6939357330213396,0,Blocked
176,176,0,0.13839824314129895,0.5914065932041859,0,Blocked
177,177,0,0.44550778535656604,0.48158125108183336,0,Blocked
178,178,0,0.4355759088410058,0.5300694889556904,0,Blocked
179,179,0,0.29630353988149705,0.3246034108683621,0,Blocked
180,180,0,0.4477888782564167,0.45048483813027984,0,Blocked
181,181,0,0.7295165803828128,0.5256563342422867,0,Blocked
182,182,0,0.3538075364790893,0.5629912083822359,0,Blocked
183,183,0,0.6817535594081394,0.4409866323204492,0,Blocked
184,184,0,0.37048363053010586,0.46659936494943466,0,Blocked
185,185,0,0.06423532445808477,0.48247708434387127,0,Blocked
186,186,0,0.2343800238227375,0.4666656130156013,0,Blocked
187,187,0,0.30981092391598375,0.4645401262267542,0,Blocked
188,188,0,0.18128676263416899,0.44819057174100596,0,Blocked
189,189,0,0.043881391851446266,0.5999444124120181,0,Blocked
190,190,0,0.6594706418062046,0.32316457064594983,0,Blocked
191,191,0,0.4020154940219994,0.41544151785084427,0,Blocked
192,192,0,0.5618463221555898,0.48836247854987486,0,Blocked
193,193,0,0.5286832778631115,0.5376115489599891,0,Blocked
194,194,0,0.40355839831173707,0.4003467231480645,0,Blocked
195,195,0,0.4940479154656504,0.33694028408675647,0,Blocked
196,196,0,0.5020273857364508,0.3714367665531062,0,Blocked
197,197,0,0.5234111324596554,0.37215981586905467,0,Blocked
198,198,0,0.5361912910640548,0.41284751126047453,0,Blocked
199,199,0,0.07327704592796784,0.4222617707544256,0,Blocked
200,0,0,0.7705412861752372,0.868593507466735,0,Interleaved
201,1,0,0.17940359478576987,0.5544433081169389,0,Interleaved
202,2,0,0.49021289002492785,0.6881459904314464,0,Interleaved
203,3,0,0.4493386146286705,0.5958827758527714,0,Interleaved
204,4,0,0.625015133425151,0.5041099206205769,0,Interleaved
205,5,0,0.7732967374373161,0.5939291673421163,0,Interleaved
206,6,0,0.5674590824132955,0.5449412189589107,0,Interleaved
207,7,0,0.15820925381411644,0.5859790882982048,0,Interleaved
208,8,0,0.7928735111425735,0.5712282719840309,0,Interleaved
209,9,0,0.38083849424253624,0.6902871437810028,0,Interleaved
210,10,0,0.045800191818912706,0.6675734618212916,0,Interleaved
211,11,0,0.40036806399398883,0.6082093446266019,0,Interleaved
212,12,0,0.5280281965945262,0.7036621594402693,0,Interleaved
213,13,0,0.8698947891942757,0.4465751925097108,0,Interleaved
214,14,0,0.4755513083059185,0.47100705162820056,0,Interleaved
215,15,0,0.7539596586997581,0.5486557181543427,0,Interleaved
216,16,0,0.4774760533613492,0.629287838994588,0,Interleaved
217,17,0,0.5666634591369125,0.6279909244112616,0,Interleaved
218,18,0,0.12917816030818433,0.5239362484139556,0,Interleaved
219,19,0,0.33160400582230465,0.5785508598102458,0,Interleaved
220,20,0,0.7706016564665941,0.45892679606984454,0,Interleaved
221,21,0,0.498034523867177,0.5872960229217454,0,Interleaved
222,22,0,0.5433016845209672,0.36710554909699933,0,Interleaved
223,23,0,0.9746770626360692,0.4469381394094919,0,Interleaved
224,24,0,0.48894560021124955,0.5515701242418876,0,Interleaved
225,25,0,0.19823187878303933,0.5233310916423392,0,Interleaved
226,26,0,0.8958967978143608,0.6032802163256927,0,Interleaved
227,27,0,0.4653150106973667,0.563328644765749,0,Interleaved
228,28,0,0.6360849351143095,0.5855067202125817,0,Interleaved
229,29,0,0.13739246867439076,0.5197967838357883,0,Interleaved
230,30,0,0.7769516795423104,0.5972381874733852,0,Interleaved
231,31,0,0.7026424084293961,0.32574983925567347,0,Interleaved
232,32,0,0.6714625501352776,0.5198389826668268,0,Interleaved
233,33,0,0.815037904380134,0.5428934620591652,0,Interleaved
234,34,0,0.676816028572718,0.4346372918252796,0,Interleaved
235,35,0,0.1980754481114793,0.6298919775201947,0,Interleaved
236,36,0,0.7955051419640932,0.39560936052079165,0,Interleaved
237,37,0,0.05677443963796365,0.5706499863597733,0,Interleaved
238,38,0,0.5567245305937936,0.4949673845531356,0,Interleaved
239,39,0,0.5598145428172514,0.45844549379702,0,Interleaved
240,40,0,0.4531361813055953,0.5970216808169355,0,Interleaved
241,41,0,0.828661263989639,0.577084323988438,0,Interleaved
242,42,0,0.5013116603748677,0.6101857734741704,0,Interleaved
243,43,0,0.018148664848051728,0.4029223461790221,0,Interleaved
244,44,0,0.46059075717816766,0.43758238575505204,0,Interleaved
245,45,0,0.9367515483683901,0.5489286164680562,0,Interleaved
246,46,0,0.4203432277067613,0.43894365093716736,0,Interleaved
247,47,0,0.8580477171211123,0.4302470005002131,0,Interleaved
248,48,0,0.43429214604722244,0.5347884957469209,0,Interleaved
249,49,0,0.9466515708755149,0.23253200709127184,0,Interleaved
250,50,0,0.5681450709841345,0.4807026019864655,0,Interleaved
251,51,0,0.762773632979163,0.4743683372549516,0,Interleaved
252,52,0,0.8573838508998289,0.5340710405439764,0,Interleaved
253,53,0,0.36489317843267643,0.35902456670566574,0,Interleaved
254,54,0,0.7605242435897333,0.7029294397967731,0,Interleaved
255,55,0,0.1962421771859882,0.6127864796337446,0,Interleaved
256,56,0,0.7181117239489709,0.5514628127197676,0,Interleaved
257,57,0,0.3225563546637063,0.45655739039488574,0,Interleaved
258,58,0,0.875392123991805,0.5252510205583022,0,Interleaved
259,59,0,0.7487663063580654,0.4421859659966735,0,Interleaved
260,60,0,0.3006612872966392,0.6776788265728613,0,Interleaved
261,61,0,0.8778786069939815,0.6267060806999005,0,Interleaved
262,62,0,0.33247040273209416,0.5083475523791446,0,Interleaved
263,63,0,0.059386437015121064,0.48769307255331884,0,Interleaved
264,64,0,0.6005327807480069,0.421080107480543,0,Interleaved
265,65,0,0.09910503639257495,0.5360201073986036,0,Interleaved
266,66,0,0.5340823856557833,0.5037512785938456,0,Interleaved
267,67,0,0.27880064786441766,0.4955586752380265,0,Interleaved
268,68,0,0.03531324556386142,0.759450059781981,0,Interleaved
269,69,0,0.32462621590241497,0.5862738986570966,0,Interleaved
270,70,0,0.7617685662089493,0.5585092528564983,0,Interleaved
271,71,0,0.15162735384950704,0.571003384643182,0,Interleaved
272,72,0,0.34922164940705136,0.5462288561220274,0,Interleaved
273,73,0,0.35464296592444544,0.5858489856903586,0,Interleaved
274,74,0,0.07104905797969831,0.5120497029463501,0,Interleaved
275,75,0,0.5323933443563436,0.5577751039655414,0,Interleaved
276,76,0,0.3673853336469086,0.6205300761285943,0,Interleaved
277,77,0,0.07003711094783287,0.5816087899774554,0,Interleaved
278,78,0,0.5233160910753524,0.5371073038375218,0,Interleaved
279,79,0,0.4204665866362826,0.3650440211661574,0,Interleaved
280,80,0,0.640247531225201,0.4651559056435699,0,Interleaved
281,81,0,0.553650639235077,0.40326627392554343,0,Interleaved
282,82,0,0.3809977999174597,0.4759695950935249,0,Interleaved
283,83,0,0.18350865871607197,0.5805012699177009,0,Interleaved
284,84,0,0.34203866973967595,0.44152688209080326,0,Interleaved
285,85,0,0.8313506670085353,0.59687366199899,0,Interleaved
286,86,0,0.6077106467195875,0.5413307400581975,0,Interleaved
287,87,0,0.16351211836440338,0.48455026762032394,0,Interleaved
288,88,0,0.0384742095152856,0.558750598672251,0,Interleaved
289,89,0,0.593505769256562,0.5318603266860568,0,Interleaved
290,90,0,0.47464149199612066,0.5258987914416736,0,Interleaved
291,91,0,0.19745168992537648,0.6804963231871672,0,Interleaved
292,92,0,0.5440824406019257,0.4768964101432912,0,Interleaved
293,93,0,0.23367090811406613,0.4973996156560357,0,Interleaved
294,94,0,0.8914338076232834,0.5505447229771987,0,Interleaved
295,95,0,0.329902289972725,0.6244724971790965,0,Interleaved
296,96,0,0.4898670861474844,0.44141536185530805,0,Interleaved
297,97,0,0.950092024577144,0.5766910868561153,0,Interleaved
298,98,0,0.5070122474642694,0.6286573591672999,0,Interleaved
299,99,0,0.9600296161920401,0.30657836803586913,0,Interleaved
300,100,0,0.2617286272599751,0.5230200547568116,0,Interleaved
301,101,0,0.5343017606525621,0.4730474048808527,0,Interleaved
302,102,0,0.7825820089445361,0.38716460916122564,0,Interleaved
303,103,0,0.038422451003522706,0.445227649518822,0,Interleaved
304,104,0,0.4647811752619902,0.4795374468225587,0,Interleaved
305,105,0,0.7680086256773446,0.46356061982169816,0,Interleaved
306,106,0,0.47310604668397344,0.48234810187363975,0,Interleaved
307,107,0,0.06671906266438618,0.6309989172080878,0,Interleaved
308,108,0,0.5811270615425368,0.5177170925401384,0,Interleaved
309,109,0,0.906771573528471,0.5205675743140739,0,Interleaved
310,110,0,0.623253547221478,0.4540984131598301,0,Interleaved
311,111,0,0.1729145161449101,0.4246634959965828,0,Interleaved
312,112,0,0.3705877346343145,0.4140888984117489,0,Interleaved
313,113,0,0.7097258685679134,0.4690290604903443,0,Interleaved
314,114,0,0.8090621780040452,0.3087906924821531,0,Interleaved
315,115,0,0.939131495864618,0.49443757083870676,0,Interleaved
316,116,0,0.5071163161098206,0.5177846904311871,0,Interleaved
317,117,0,0.8279145177184717,0.34969234943430433,0,Interleaved
318,118,0,0.19425528052418908,0.491663349303471,0,Interleaved
319,119,0,0.1200153903361744,0.5025345631113594,0,Interleaved
320,120,0,0.41375650473701775,0.6102634126230341,0,Interleaved
321,121,0,0.12288709449185752,0.5786836007029736,0,Interleaved
322,122,0,0.5741819609158042,0.34924574715184165,0,Interleaved
323,123,0,0.9205725477406057,0.41894702795103533,0,Interleaved
324,124,0,0.6571420366756702,0.43618648161954376,0,Interleaved
325,125,0,0.5846773425183105,0.5257950892567247,0,Interleaved
326,126,0,0.8033159662184068,0.49932323295153846,0,Interleaved
327,127,0,0.5324211884311235,0.5034872094826045,0,Interleaved
328,128,0,0.36674324100587957,0.5221563852757354,0,Interleaved
329,129,0,0.11465446282188269,0.4694166492180254,0,Interleaved
330,130,0,0.43885023760325814,0.4176114541355995,0,Interleaved
331,131,0,0.8780937392841657,0.5445651031315693,0,Interleaved
332,132,0,0.49626836989704465,0.4509080354550559,0,Interleaved
333,133,0,0.014596781888418038,0.7464655574248849,0,Interleaved
334,134,0,0.19060072490343843,0.6178046152157843,0,Interleaved
335,135,0,0.024746880540451426,0.5506964914333592,0,Interleaved
336,136,0,0.40913054226985734,0.481167649022751,0,Interleaved
337,137,0,0.8482970646220613,0.6070217904376856,0,Interleaved
338,138,0,0.6267034508448373,0.43258727793856744,0,Interleaved
339,139,0,0.35598125566853633,0.6668542691335002,0,Interleaved
340,140,0,0.3416484976735808,0.5351830175383125,0,Interleaved
341,141,0,0.1380706096347491,0.5274760469903591,0,Interleaved
342,142,0,0.5417908149697501,0.5186408670000263,0,Interleaved
343,143,0,0.310620607124385,0.4344075508395847,0,Interleaved
344,144,0,0.6466774142776437,0.3696377990072832,0,Interleaved
345,145,0,0.37972853119735805,0.3429505305311443,0,Interleaved
346,146,0,0.559625031489011,0.5071492076127896,0,Interleaved
347,147,0,0.7097932511245246,0.40567983551525355,0,Interleaved
348,148,0,0.8845316610483066,0.5362126123724501,0,Interleaved
349,149,0,0.4111597354214856,0.57933708520635,0,Interleaved
350,150,0,0.7110705084155965,0.4809237429219113,0,Interleaved
351,151,0,0.9738740042586789,0.2660894017848873,0,Interleaved
352,152,0,0.3972787835444691,0.5840681811741671,0,Interleaved
353,153,0,0.781550942685612,0.38605759574194687,0,Interleaved
354,154,0,0.3803494369295724,0.47805178569507556,0,Interleaved
355,155,0,0.1270064136893549,0.5355503925446672,0,Interleaved
356,156,0,0.32068856263231926,0.45719234957991073,0,Interleaved
357,157,0,0.4921411381023138,0.35736973153380897,0,Interleaved
358,158,0,0.7791407853670491,0.6709732959839627,0,Interleaved
359,159,0,0.7882619261175362,0.4790643371565757,0,Interleaved
360,160,0,0.30106261069664736,0.38278144709829853,0,Interleaved
361,161,0,0.5269123680678297,0.46584590259866565,0,Interleaved
362,162,0,0.7049957876548557,0.4954546173123747,0,Interleaved
363,163,0,0.8159315257421818,0.3037831807907669,0,Interleaved
364,164,0,0.4875333891785836,0.45618969020960315,0,Interleaved
365,165,0,0.08682730152552118,0.5082033211983459,0,Interleaved
366,166,0,0.263906043898634,0.46498922765937095,0,Interleaved
367,167,0,0.5207224851284369,0.45917623381697314,0,Interleaved
368,168,0,0.45901829317812937,0.5129464885997224,0,Interleaved
369,169,0,0.5690843839248285,0.46343869279668337,0,Interleaved
370,170,0,0.32572096685546864,0.5380226455062014,0,Interleaved
371,171,0,0.5512523375391651,0.39638546010117726,0,Interleaved
372,172,0,0.8605303376700058,0.42367907211767813,0,Interleaved
373,173,0,0.3642334606224979,0.5622312753041614,0,Interleaved
374,174,0,0.33177592499592706,0.48123586627884785,0,Interleaved
375,175,0,0.1942063473564702,0.5964157824082765,0,Interleaved
376,176,0,0.573661747394245,0.5708101348584981,0,Interleaved
377,177,0,0.5348448106400983,0.4594995275691367,0,Interleaved
378,178,0,0.46451188083448847,0.3816714708543938,0,Interleaved
379,179,0,0.6976067861248212,0.5120821985576304,0,Interleaved
380,180,0,0.43836219515736136,0.45679943764484743,0,Interleaved
381,181,0,0.4949652402610536,0.7711238759634678,0,Interleaved
382,182,0,0.37513733238165325,0.45177848301696344,0,Interleaved
383,183,0,0.20758208509393478,0.6052781076862662,0,Interleaved
384,184,0,0.4617961146990387,0.3924962081945863,0,Interleaved
385,185,0,0.6138937411783192,0.6358154993063291,0,Interleaved
386,186,0,0.5670953865842803,0.47306840007829354,0,Interleaved
387,187,0,0.08664704078442977,0.5468166630170868,0,Interleaved
388,188,0,0.543445261440279,0.4138685124416293,0,Interleaved
389,189,0,0.07441593964579105,0.5039317707670017,0,Interleaved
390,190,0,0.33345446785380406,0.5159318417643819,0,Interleaved
391,191,0,0.6418394468358316,0.5624643909175799,0,Interleaved
392,192,0,0.8897088182571345,0.32376245691345845,0,Interleaved
393,193,0,0.5979457486043145,0.4253141942619971,0,Interleaved
394,194,0,0.043382302658833735,0.5469495571836027,0,Interleaved
395,195,0,0.5806136315011732,0.28396205582190853,0,Interleaved
396,196,0,0.46490813866228464,0.5026134538577496,0,Interleaved
397,197,0,0.784247722803419,0.3981114905093384,0,Interleaved
398,198,0,0.5309028006055279,0.38209449555051495,0,Interleaved
399,199,0,0.5537159708508286,0.4797909303837497,0,Interleaved
400,0,0,0.31389913775732614,0.8254988351070526,0,Instructed
401,1,0,0.5862837451101853,0.753951112000562,0,Instructed
402,2,0,0.36881274133002157,0.7253462952377363,0,Instructed
403,3,0,0.6835195642982559,0.49359705456840186,0,Instructed
404,4,0,0.39390915977194213,0.3897261064737966,0,Instructed
405,5,0,0.400021867023604,0.3458871405991474,0,Instructed
406,6,0,0.6726152290076763,0.48601935284233194,0,Instructed
407,7,0,0.7993860653314246,0.3365331102218637,0,Instructed
408,8,0,0.6595876967634827,0.5525489423478739,0,Instructed
409,9,0,0.6472601172214207,0.3970759575579975,0,Instructed
410,10,0,0.6185217603974441,0.4689259924836481,0,Instructed
411,11,0,0.7727237447843343,0.4516163203057617,0,Instructed
412,12,0,0.09133839910780298,0.4494042530777281,0,Instructed
413,13,0,0.10625013132509341,0.49302015760962414,0,Instructed
414,14,0,0.8995708388727943,0.3737195847626803,0,Instructed
415,15,0,0.2655139955476846,0.5707270558755773,0,Instructed
416,16,0,0.8557936577900422,0.4931773596451341,0,Instructed
417,17,0,0.7561447000141468,0.3498143596435572,0,Instructed
418,18,0,0.6454775717026006,0.4009720310099526,0,Instructed
419,19,0,0.9381028507560687,0.33570632401149514,0,Instructed
420,20,0,0.9813053000103712,0.414758800914956,0,Instructed
421,21,0,0.9018486849169935,0.4252236535489688,0,Instructed
422,22,0,0.7464518072260011,0.4432077082485375,0,Instructed
423,23,0,0.019645524686950386,0.7621206044313129,0,Instructed
424,24,0,0.05803962145668095,0.5177875616349861,0,Instructed
425,25,0,0.7024212530198786,0.4262507022767812,0,Instructed
426,26,0,0.6175526775792546,0.4812272296694714,0,Instructed
427,27,0,0.2780974293081326,0.5500269347716402,0,Instructed
428,28,0,0.8106096327226637,0.36704659409585083,0,Instructed
429,29,0,0.02723348619487885,0.5097942831091661,0,Instructed
430,30,0,0.04042694496634471,0.6272712166902081,0,Instructed
431,31,0,0.4094426421082507,0.574814601757505,0,Instructed
432,32,0,0.5120817925670004,0.45698613858230563,0,Instructed
433,33,0,0.40493931346432466,0.5157611571402866,0,Instructed
434,34,0,0.2769236857300879,0.5355294866249203,0,Instructed
435,35,0,0.8580832428318333,0.3730638608961977,0,Instructed
436,36,0,0.46850260814848665,0.29005750654636797,0,Instructed
437,37,0,0.9528172008842217,0.461919553528799,0,Instructed
438,38,0,0.40330720143439275,0.4239761722712979,0,Instructed
439,39,0,0.9821678544839949,0.5032955356452063,0,Instructed
440,40,0,0.4371657967401874,0.5225871501193088,0,Instructed
441,41,0,0.13819207833703723,0.5047215092975557,0,Instructed
442,42,0,0.9433853387529776,0.4672035754157086,0,Instructed
443,43,0,0.08590842964491653,0.45467610793642527,0,Instructed
444,44,0,0.9761636788068748,0.441052961578825,0,Instructed
445,45,0,0.7772529348620999,0.4954142326445749,0,Instructed
446,46,0,0.09971290561439813,0.46964780821650676,0,Instructed
447,47,0,0.03165548144961686,0.5211865850755184,0,Instructed
448,48,0,0.3616635032104415,0.40869400926782745,0,Instructed
449,49,0,0.4728519438857003,0.36300112697230114,0,Instructed
450,50,0,0.8058494729572294,0.5289731029464658,0,Instructed
451,51,0,0.48443717582564366,0.47144066320484923,0,Instructed
452,52,0,0.7994162115880307,0.35189744816949786,0,Instructed
453,53,0,0.6110805406448973,0.3379353660566773,0,Instructed
454,54,0,0.9230009072695201,0.3655928771217395,0,Instructed
455,55,0,0.9180026640777066,0.3924334386991437,0,Instructed
456,56,0,0.9917500499982227,0.4296895612676611,0,Instructed
457,57,0,0.9094677141004409,0.3436772040217422,0,Instructed
458,58,0,0.9516282121164363,0.3926356869002433,0,Instructed
459,59,0,0.811315681704422,0.38753153246020566,0,Instructed
460,60,0,0.021144906518401473,0.5560375927802462,0,Instructed
461,61,0,0.987983226604424,0.30913691965644063,0,Instructed
462,62,0,0.4855192519564769,0.3899396901629074,0,Instructed
463,63,0,0.9127812940133677,0.42042167581711753,0,Instructed
464,64,0,0.7522383715778955,0.5192351649371042,0,Instructed
465,65,0,0.957362716035249,0.42109561914985955,0,Instructed
466,66,0,0.04201657323357366,0.5780449032507289,0,Instructed
467,67,0,0.8181859605945025,0.490563350324113,0,Instructed
468,68,0,0.3771431285416301,0.48870965302259295,0,Instructed
469,69,0,0.9220139876443991,0.36857744477063775,0,Instructed
470,70,0,0.8856045299032329,0.3116517637247864,0,Instructed
471,71,0,0.4789047092027703,0.4248654946728715,0,Instructed
472,72,0,0.7841947285606445,0.31899336800694833,0,Instructed
473,73,0,0.5899818508505131,0.33976932123787595,0,Instructed
474,74,0,0.988944861557816,0.5066626286639252,0,Instructed
475,75,0,0.24117173942186537,0.4627447173723528,0,Instructed
476,76,0,0.9560620410595537,0.2647622528090031,0,Instructed
477,77,0,0.9442640645256577,0.4083113387917148,0,Instructed
478,78,0,0.039013834833429024,0.4357345789734583,0,Instructed
479,79,0,0.8594095529818623,0.2710519857716497,0,Instructed
480,80,0,0.28676464230398596,0.4321803862289365,0,Instructed
481,81,0,0.919375529247324,0.37476370021290556,0,Instructed
482,82,0,0.6201750638258499,0.6676660213342084,0,Instructed
483,83,0,0.4416622984869189,0.36874178970492466,0,Instructed
484,84,0,0.9172776089458783,0.4663797667906724,0,Instructed
485,85,0,0.3098696055356066,0.47095109168798,0,Instructed
486,86,0,0.9431646645838111,0.41975092339893433,0,Instructed
487,87,0,0.2296856417199445,0.449544468200775,0,Instructed
488,88,0,0.9701929593120431,0.41112949306718327,0,Instructed
489,89,0,0.6518005948552348,0.47921074098460925,0,Instructed
490,90,0,0.06367686229084206,0.45588737341899876,0,Instructed
491,91,0,0.03664402053233223,0.6317706633439106,0,Instructed
492,92,0,0.9416205490783053,0.3954027921827516,0,Instructed
493,93,0,0.8632160275214489,0.3707200161829526,0,Instructed
494,94,0,0.9996667144915456,0.38384309320330445,0,Instructed
495,95,0,0.7360836646327036,0.34835416434990124,0,Instructed
496,96,0,0.1811062836381175,0.6337054407358078,0,Instructed
497,97,0,0.41867016026621784,0.3541830252633317,0,Instructed
498,98,0,0.8628364020415742,0.43664111201727507,0,Instructed
499,99,0,0.4263159006459025,0.53223617977655,0,Instructed
500,100,0,0.7058673632695978,0.39064997965124765,0,Instructed
501,101,0,0.25762050651101587,0.5731398148617636,0,Instructed
502,102,0,0.6114541194855563,0.4449583485116737,0,Instructed
503,103,0,0.424311601552374,0.6531828484883226,0,Instructed
504,104,0,0.7366850229404116,0.4095762946089728,0,Instructed
505,105,0,0.2857653480908575,0.5446762516501984,0,Instructed
506,106,0,0.22217530634422664,0.4100791673380754,0,Instructed
507,107,0,0.5122668469584662,0.35885107055485543,0,Instructed
508,108,0,0.061288855890189536,0.5399488525988787,0,Instructed
509,109,0,0.366263548992969,0.6018918369517596,0,Instructed
510,110,0,0.5480441068051354,0.47284284932797827,0,Instructed
511,111,0,0.40010276842819165,0.3680738683164279,0,Instructed
512,112,0,0.9777160243738912,0.5480727044366892,0,Instructed
513,113,0,0.5966779158011548,0.5521841935235363,0,Instructed
514,114,0,0.9927896403353875,0.31356877433285096,0,Instructed
515,115,0,0.6191435625202866,0.39863425180715695,0,Instructed
516,116,0,0.08123275543286311,0.4678941392507123,0,Instructed
517,117,0,0.9093004328616867,0.27955495605584657,0,Instructed
518,118,0,0.6406486279006477,0.5360023566437323,0,Instructed
519,119,0,0.2872056933917053,0.4109062609065318,0,Instructed
520,120,0,0.9929280710573836,0.44003805163366005,0,Instructed
521,121,0,0.8607227326663547,0.2758286438911499,0,Instructed
522,122,0,0.2544536446935121,0.46899358799173085,0,Instructed
523,123,0,0.8799789344564499,0.32494274146415447,0,Instructed
524,124,0,0.8568411142424289,0.44035010439921973,0,Instructed
525,125,0,0.3466047357254427,0.4779135298600762,0,Instructed
526,126,0,0.3282324390222803,0.4794553089039349,0,Instructed
527,127,0,0.8423016683182818,0.38196149151511394,0,Instructed
528,128,0,0.7487803611834678,0.46050860235095903,0,Instructed
529,129,0,0.40223480666104455,0.3962228227595748,0,Instructed
530,130,0,0.9470123666120626,0.2775237926795308,0,Instructed
531,131,0,0.45898110836892,0.33672494031375966,0,Instructed
532,132,0,0.16516148943510106,0.4137266449696339,0,Instructed
533,133,0,0.6124354581938496,0.3503156460560585,0,Instructed
534,134,0,0.858384997371162,0.3577222295317944,0,Instructed
535,135,0,0.5813440816613361,0.43073579357057823,0,Instructed
536,136,0,0.7779326594217614,0.43327743689663484,0,Instructed
537,137,0,0.9862782999612043,0.2835083746475746,0,Instructed
538,138,0,0.9881975437609667,0.43745223396432753,0,Instructed
539,139,0,0.5064391101385982,0.5854068564940058,0,Instructed
540,140,0,0.9807363891909968,0.48829886038813863,0,Instructed
541,141,0,0.7827029537016891,0.5219072047740849,0,Instructed
542,142,0,0.9362203784130223,0.4046946303432018,0,Instructed
543,143,0,0.557943603278053,0.56594480581841,0,Instructed
544,144,0,0.7266705355184132,0.5238996346653862,0,Instructed
545,145,0,0.7856277765703292,0.4205481393958857,0,Instructed
546,146,0,0.32013538574661904,0.5103787223151905,0,Instructed
547,147,0,0.9256709835636878,0.3465822073936162,0,Instructed
548,148,0,0.9141718607093434,0.4835130713612875,0,Instructed
549,149,0,0.37312922499890383,0.46192190493257973,0,Instructed
550,150,0,0.19166401069606948,0.502194109433782,0,Instructed
551,151,0,0.5939228860788974,0.4920010336858194,0,Instructed
552,152,0,0.9371713930517769,0.37570764951516544,0,Instructed
553,153,0,0.10869138395935923,0.5213437432059935,0,Instructed
554,154,0,0.12465985363916783,0.4448122250535117,0,Instructed
555,155,0,0.4110144239398409,0.41585786633558974,0,Instructed
556,156,0,0.4529787249596279,0.49914684196718584,0,Instructed
557,157,0,0.958997501626647,0.4186270817488986,0,Instructed
558,158,0,0.4792915365071169,0.4654181887850313,0,Instructed
559,159,0,0.9671293797349243,0.34916975306496856,0,Instructed
560,160,0,0.14268186425757026,0.3616028098410271,0,Instructed
561,161,0,0.9037200614000035,0.3120561314470719,0,Instructed
562,162,0,0.7222955762986856,0.34774847513356777,0,Instructed
563,163,0,0.8152377244198687,0.32244435412727834,0,Instructed
564,164,0,0.46180488331299396,0.30435546915620915,0,Instructed
565,165,0,0.2181170619665026,0.401815330778127,0,Instructed
566,166,0,0.8310441883990104,0.4827264664705342,0,Instructed
567,167,0,0.6822477601708992,0.5281015375309377,0,Instructed
568,168,0,0.5879579979046041,0.5546236715063211,0,Instructed
569,169,0,0.7515710051978779,0.41883638120141,0,Instructed
570,170,0,0.40871471641453705,0.6074416397356907,0,Instructed
571,171,0,0.6991539851360136,0.38646205789721255,0,Instructed
572,172,0,0.9273224106311039,0.4460651677184566,0,Instructed
573,173,0,0.7810579843780683,0.3801921157552986,0,Instructed
574,174,0,0.9869522018675141,0.33338369084132713,0,Instructed
575,175,0,0.6041524732765676,0.5363246184361443,0,Instructed
576,176,0,0.5300028083644335,0.3462762850354386,0,Instructed
577,177,0,0.7266404923765644,0.39772974937057937,0,Instructed
578,178,0,0.5643318419461133,0.3479431350622996,0,Instructed
579,179,0,0.9641417753117912,0.21960709993399763,0,Instructed
580,180,0,0.9657842566544224,0.37868614641944665,0,Instructed
581,181,0,0.0376013503637535,0.39525717153700113,0,Instructed
582,182,0,0.3913188872560407,0.41196128490170825,0,Instructed
583,183,0,0.8801551426647714,0.34415070200855163,0,Instructed
584,184,0,0.9704081626562499,0.3360280223654203,0,Instructed
585,185,0,0.9145160542001813,0.2807316286021928,0,Instructed
586,186,0,0.5854330305486932,0.3631800195734419,0,Instructed
587,187,0,0.8962389342170931,0.4168733423029851,0,Instructed
588,188,0,0.9958743993915362,0.3032075637249305,0,Instructed
589,189,0,0.35199806234485376,0.4214709716971049,0,Instructed
590,190,0,0.891662712633748,0.401089808456369,0,Instructed
591,191,0,0.8522909801135761,0.32907792066385566,0,Instructed
592,192,0,0.6409672682457115,0.3383954841373274,0,Instructed
593,193,0,0.4623152094032704,0.4082508353194425,0,Instructed
594,194,0,0.5871628827872031,0.3594869107608384,0,Instructed
595,195,0,0.6705251985515575,0.4642790313978068,0,Instructed
596,196,0,0.9734080758797606,0.3890008895582545,0,Instructed
597,197,0,0.33229356739989707,0.48225065921707433,0,Instructed
598,198,0,0.6339373366633813,0.4315180384947159,0,Instructed
599,199,0,0.8350780891379248,0.408454643666893,0,Instructed
600,0,0,0.3362886547085079,0.5837934063962014,1,Blocked
601,1,0,0.49033745059085276,0.6177934668352509,1,Blocked
602,2,0,0.6751045165958498,0.6281595505590436,1,Blocked
603,3,0,0.9612056076935138,0.5772360685946298,1,Blocked
604,4,0,0.5070832580665268,0.5717643837579693,1,Blocked
605,5,0,0.5411217136534107,0.5931613489214229,1,Blocked
606,6,0,0.31239539949527284,0.4440686552971259,1,Blocked
607,7,0,0.5147236749936563,0.6054298476814698,1,Blocked
608,8,0,0.6721561768508941,0.5712740406894714,1,Blocked
609,9,0,0.39956537021336425,0.5977957094043256,1,Blocked
610,10,0,0.5110765471725491,0.4813457968420642,1,Blocked
611,11,0,0.7637180815267006,0.43767639053421153,1,Blocked
612,12,0,0.463752652628196,0.8436754254221306,1,Blocked
613,13,0,0.9679619304771991,0.49176760182043755,1,Blocked
614,14,0,0.18787009800273505,0.6939955188920954,1,Blocked
615,15,0,0.4871198610207435,0.575230390247264,1,Blocked
616,16,0,0.7645828852769295,0.5154488582040392,1,Blocked
617,17,0,0.813497017692066,0.5600126801454907,1,Blocked
618,18,0,0.9869415303308653,0.5550438376767364,1,Blocked
619,19,0,0.9639081442924802,0.4830018395781194,1,Blocked
620,20,0,0.9891203012808226,0.522958550718306,1,Blocked
621,21,0,0.46095471314646613,0.6035854059747365,1,Blocked
622,22,0,0.6207047842506973,0.44992828121492945,1,Blocked
623,23,0,0.4053750072878839,0.40704066684171025,1,Blocked
624,24,0,0.4725502661919649,0.4236838731800643,1,Blocked
625,25,0,0.776107265472095,0.39675987872616814,1,Blocked
626,26,0,0.6364215997501783,0.42093905283461397,1,Blocked
627,27,0,0.5184237543641083,0.5367898570384532,1,Blocked
628,28,0,0.7678154961281027,0.4991998724420983,1,Blocked
629,29,0,0.6443877766432994,0.5431648047389821,1,Blocked
630,30,0,0.8383736505576652,0.48240903889646397,1,Blocked
631,31,0,0.5884008383615772,0.39770225278072757,1,Blocked
632,32,0,0.8554199268619329,0.5129250052538,1,Blocked
633,33,0,0.598358435486227,0.6856963838458292,1,Blocked
634,34,0,0.9295236387315886,0.36261863975196995,1,Blocked
635,35,0,0.3891903169072602,0.503826846970809,1,Blocked
636,36,0,0.963203640175953,0.3967015070870803,1,Blocked
637,37,0,0.9475405269164772,0.43083900032937533,1,Blocked
638,38,0,0.9598685686700726,0.4284631758678975,1,Blocked
639,39,0,0.9075989439456413,0.40309353665419456,1,Blocked
640,40,0,0.46107972229559707,0.48773241415086466,1,Blocked
641,41,0,0.2749139604653151,0.3562690100434771,1,Blocked
642,42,0,0.10268502780422811,0.5693423498863944,1,Blocked
643,43,0,0.39916317789869116,0.5032276158362357,1,Blocked
644,44,0,0.5809979235461472,0.42026847196328476,1,Blocked
645,45,0,0.788106205926584,0.31875415638714943,1,Blocked
646,46,0,0.344363493244413,0.4847725352569716,1,Blocked
647,47,0,0.8421819721449144,0.5076455491260452,1,Blocked
648,48,0,0.37978949459279165,0.5714414554679914,1,Blocked
649,49,0,0.73921160715165,0.35178176894263596,1,Blocked
650,50,0,0.6331909153034021,0.5061343378947631,1,Blocked
651,51,0,0.9014309577475372,0.40697846852626224,1,Blocked
652,52,0,0.9774530057419977,0.5868105446266141,1,Blocked
653,53,0,0.4603051389451634,0.6562914291582241,1,Blocked
654,54,0,0.44197184238700393,0.44448306717456876,1,Blocked
655,55,0,0.9248800138269386,0.5376038329087763,1,Blocked
656,56,0,0.07950226684778952,0.4759473954995067,1,Blocked
657,57,0,0.3543270577154094,0.49280788901703637,1,Blocked
658,58,0,0.7467173404805509,0.527763845104678,1,Blocked
659,59,0,0.5522907483213378,0.46560252029149396,1,Blocked
660,60,0,0.6992464567931393,0.3396582950252487,1,Blocked
661,61,0,0.5149299850263738,0.46978265890717213,1,Blocked
662,62,0,0.8941680127355032,0.5395410064532487,1,Blocked
663,63,0,0.4484200781441539,0.46762831429933865,1,Blocked
664,64,0,0.9348525184691596,0.3782308795976851,1,Blocked
665,65,0,0.7189683586059361,0.4688024702186986,1,Blocked
666,66,0,0.9311370248728044,0.4235211099473888,1,Blocked
667,67,0,0.35689115317206743,0.4186390431082775,1,Blocked
668,68,0,0.7955858555053725,0.46129497300639577,1,Blocked
669,69,0,0.7462173117782112,0.5226874663445518,1,Blocked
670,70,0,0.6588221694969894,0.5291445697113707,1,Blocked
671,71,0,0.8898874391543037,0.5012109694614721,1,Blocked
672,72,0,0.7748414649304478,0.4042811340737964,1,Blocked
673,73,0,0.9991772951937452,0.40892034368845537,1,Blocked
674,74,0,0.8934900197394551,0.40848385033377677,1,Blocked
675,75,0,0.39142410854627474,0.43901756747289145,1,Blocked
676,76,0,0.6320998307830183,0.38688327111938337,1,Blocked
677,77,0,0.9005207167892936,0.3703909546337507,1,Blocked
678,78,0,0.45124549676148706,0.4362976648805075,1,Blocked
679,79,0,0.7790909082928406,0.6614045267371966,1,Blocked
680,80,0,0.4803222613683962,0.4478742511903623,1,Blocked
681,81,0,0.49029813105627235,0.48778447680795645,1,Blocked
682,82,0,0.22642913054678318,0.462525333421017,1,Blocked
683,83,0,0.09845595413626756,0.5735579943474106,1,Blocked
684,84,0,0.5653267223802787,0.3782055872693625,1,Blocked
685,85,0,0.5387851553699734,0.46432195846930846,1,Blocked
686,86,0,0.24987878602725835,0.3088888176344049,1,Blocked
687,87,0,0.8959406019259175,0.38593426017124555,1,Blocked
688,88,0,0.49802566193421804,0.4137324612711779,1,Blocked
689,89,0,0.5259399652995949,0.4048167643826379,1,Blocked
690,90,0,0.5170232784665973,0.429898001658804,1,Blocked
691,91,0,0.2938736275687894,0.5415393467071388,1,Blocked
692,92,0,0.6048926214809708,0.47967963592340973,1,Blocked
693,93,0,0.7727046970854515,0.34429337966863316,1,Blocked
694,94,0,0.34307591264151405,0.4388573316019321,1,Blocked
695,95,0,0.611041085015025,0.4885799991096713,1,Blocked
696,96,0,0.7879548985979941,0.4780393386274344,1,Blocked
697,97,0,0.47866176808248484,0.528862821218389,1,Blocked
698,98,0,0.833443208462356,0.4115118118724281,1,Blocked
699,99,0,0.5538557199269951,0.41205238814164385,1,Blocked
700,100,0,0.5102996362157716,0.32017065519398713,1,Blocked
701,101,0,0.861780894042286,0.4336524422154292,1,Blocked
702,102,0,0.8898831117997607,0.4616047664153724,1,Blocked
703,103,0,0.47133074763118166,0.50444702880985,1,Blocked
704,104,0,0.9037654593193302,0.5985256171175557,1,Blocked
705,105,0,0.8558621570583458,0.412302753457652,1,Blocked
706,106,0,0.8220362728364696,0.4208171455378539,1,Blocked
707,107,0,0.991038556639259,0.3778946117053904,1,Blocked
708,108,0,0.3122475317502451,0.5756877671613867,1,Blocked
709,109,0,0.6646000944205488,0.5679192262566726,1,Blocked
710,110,0,0.8638055429999136,0.35477415461209183,1,Blocked
711,111,0,0.5778987402192166,0.5395280093560461,1,Blocked
712,112,0,0.9144653914707871,0.4324846326705811,1,Blocked
713,113,0,0.8417855837938197,0.35922522331133977,1,Blocked
714,114,0,0.6864940179865904,0.3100476951965333,1,Blocked
715,115,0,0.8327715220287122,0.4950551071774522,1,Blocked
716,116,0,0.5538221079211747,0.41425157633400544,1,Blocked
717,117,0,0.8900660231288484,0.4443182250205523,1,Blocked
718,118,0,0.997384693272656,0.5408952968632526,1,Blocked
719,119,0,0.9600031050218725,0.3952922781723013,1,Blocked
720,120,0,0.05878722376631036,0.583144431582603,1,Blocked
721,121,0,0.4745821531200654,0.5452083150631564,1,Blocked
722,122,0,0.468097079519326,0.5391495132492308,1,Blocked
723,123,0,0.7975194820326218,0.41987263509503636,1,Blocked
724,124,0,0.7880186182496882,0.42373734070505353,1,Blocked
725,125,0,0.4924207943981714,0.5664692183998901,1,Blocked
726,126,0,0.0494606493367345,0.387905064899958,1,Blocked
727,127,0,0.9316240612811117,0.4383340167041808,1,Blocked
728,128,0,0.2621105547618615,0.5016295864159459,1,Blocked
729,129,0,0.4501146665025239,0.3602344666551768,1,Blocked
730,130,0,0.8638249944066733,0.5259084669351498,1,Blocked
731,131,0,0.30007954507401297,0.4996434891414525,1,Blocked
732,132,0,0.8177538664523105,0.3810580135879744,1,Blocked
733,133,0,0.9022075172372301,0.36843502071389045,1,Blocked
734,134,0,0.9880142264791183,0.4479751804027402,1,Blocked
735,135,0,0.9788882802514918,0.48860856199780006,1,Blocked
736,136,0,0.2165024483867713,0.8390951256147388,1,Blocked
737,137,0,0.6507333492735506,0.565998911573026,1,Blocked
738,138,0,0.6892824157044724,0.6085367073699057,1,Blocked
739,139,0,0.6114857394337068,0.3782613276470552,1,Blocked
740,140,0,0.9402773651226519,0.516983375878062,1,Blocked
741,141,0,0.8421620526664775,0.38230518084431186,1,Blocked
742,142,0,0.5956095692064933,0.5643337771845098,1,Blocked
743,143,0,0.631871963637555,0.3152764960530703,1,Blocked
744,144,0,0.7380424226431433,0.4087925348372698,1,Blocked
745,145,0,0.8316440042915358,0.2789237178281643,1,Blocked
746,146,0,0.9066300917167376,0.45159605598519026,1,Blocked
747,147,0,0.926063585288292,0.5582969381279481,1,Blocked
748,148,0,0.07033522728090733,0.36997661013614314,1,Blocked
749,149,0,0.9903457863034797,0.4902396300470291,1,Blocked
750,150,0,0.5991475110804966,0.45539721225091767,1,Blocked
751,151,0,0.5586173507421647,0.4455864331483613,1,Blocked
752,152,0,0.9836405604309144,0.395060407835344,1,Blocked
753,153,0,0.5192563615769692,0.4517639648751874,1,Blocked
754,154,0,0.9854767471678687,0.4421654398040079,1,Blocked
755,155,0,0.715138624244922,0.43816099801262176,1,Blocked
756,156,0,0.7480510056450367,0.2898533074562415,1,Blocked
757,157,0,0.9010763595871645,0.4970767512708541,1,Blocked
758,158,0,0.57561866560271,0.35592417211162014,1,Blocked
759,159,0,0.9431663054156303,0.43682665330718257,1,Blocked
760,160,0,0.045300539511591395,0.6495089017261574,1,Blocked
761,161,0,0.5060490710643468,0.5684386047186178,1,Blocked
762,162,0,0.369960826858362,0.5238491753824602,1,Blocked
763,163,0,0.6099960859910921,0.49095369689500884,1,Blocked
764,164,0,0.47797775204284204,0.5432208872703946,1,Blocked
765,165,0,0.2888009652388882,0.4362362876915875,1,Blocked
766,166,0,0.537652664230416,0.453678867628315,1,Blocked
767,167,0,0.4795630458726996,0.46126577942786606,1,Blocked
768,168,0,0.8058853127301246,0.40916590827682897,1,Blocked
769,169,0,0.47239984141392055,0.5254900975989184,1,Blocked
770,170,0,0.19158838332691197,0.3642166067366575,1,Blocked
771,171,0,0.039799433979353434,0.5778048016772015,1,Blocked
772,172,0,0.055396392697360616,0.5131505968017612,1,Blocked
773,173,0,0.5521693378961465,0.46568951066130326,1,Blocked
774,174,0,0.5028585111563655,0.541446103640073,1,Blocked
775,175,0,0.8814350989939557,0.4122060947305983,1,Blocked
776,176,0,0.22647760490686858,0.44889339805008577,1,Blocked
777,177,0,0.6521019102616288,0.5560429013347885,1,Blocked
778,178,0,0.7243951581610185,0.45837142711391016,1,Blocked
779,179,0,0.5122893594015117,0.3799941209728096,1,Blocked
780,180,0,0.9734347719120775,0.44807622153105287,1,Blocked
781,181,0,0.11018787584949649,0.5735640411307682,1,Blocked
782,182,0,0.37014773311574,0.517567322356069,1,Blocked
783,183,0,0.2277771005428012,0.5601966633467922,1,Blocked
784,184,0,0.21958194627624664,0.5954485351863005,1,Blocked
785,185,0,0.7735240050910006,0.4162169262031341,1,Blocked
786,186,0,0.5093229213174523,0.45351421069774844,1,Blocked
787,187,0,0.5924705689695557,0.3708701549865929,1,Blocked
788,188,0,0.08295153306894629,0.49695815303331137,1,Blocked
789,189,0,0.6433441354717488,0.4776484102211652,1,Blocked
790,190,0,0.3711437870644686,0.5085015824879171,1,Blocked
791,191,0,0.6085348504509321,0.6194045253933912,1,Blocked
792,192,0,0.6993746751294175,0.3653756246079585,1,Blocked
793,193,0,0.8842846035219825,0.37155618887357145,1,Blocked
794,194,0,0.15699051265599814,0.4734554331578571,1,Blocked
795,195,0,0.8021674699073139,0.22208143602038072,1,Blocked
796,196,0,0.39859412621380935,0.40187645865444244,1,Blocked
797,197,0,0.7744090921242599,0.5277415508705452,1,Blocked
798,198,0,0.4176176934915253,0.6539644005946558,1,Blocked
799,199,0,0.5945351291861178,0.5146091088755768,1,Blocked
800,0,0,0.18970933723500077,1.0008663757886997,1,Interleaved
801,1,0,0.48919198475875303,0.5006519725880648,1,Interleaved
802,2,0,0.9415352253837155,0.4898660078379503,1,Interleaved
803,3,0,0.5396175950688777,0.6406530077155065,1,Interleaved
804,4,0,0.8782539058629584,0.7735032995577157,1,Interleaved
805,5,0,0.8464417261122361,0.5034187077828147,1,Interleaved
806,6,0,0.8311090947209321,0.518383567344651,1,Interleaved
807,7,0,0.4510993805421114,0.6938469787854246,1,Interleaved
808,8,0,0.03764430137741394,0.5793495932114862,1,Interleaved
809,9,0,0.43883870291196114,0.5792910167945823,1,Interleaved
810,10,0,0.43383527154976376,0.576499539169535,1,Interleaved
811,11,0,0.5788821792135953,0.5599273836191392,1,Interleaved
812,12,0,0.7246836636286227,0.4500731561335162,1,Interleaved
813,13,0,0.3799701996700996,0.6793329579562786,1,Interleaved
814,14,0,0.7608210598376619,0.45573985094606084,1,Interleaved
815,15,0,0.4556805697561704,0.5337757894588401,1,Interleaved
816,16,0,0.7795799677822772,0.4413136522689567,1,Interleaved
817,17,0,0.4159698758916186,0.552400643303202,1,Interleaved
818,18,0,0.7983896633539385,0.5094020350701942,1,Interleaved
819,19,0,0.3811187915408377,0.6480738805458585,1,Interleaved
820,20,0,0.009784987552007803,0.6819075716640646,1,Interleaved
821,21,0,0.4311761469011719,0.4538096313432495,1,Interleaved
822,22,0,0.37102538220667947,0.6523784794989509,1,Interleaved
823,23,0,0.7820637325305015,0.48870194837854747,1,Interleaved
824,24,0,0.7430944344262698,0.4734611172769755,1,Interleaved
825,25,0,0.21986336367360845,0.6184502033032335,1,Interleaved
826,26,0,0.39745261803780485,0.6002538791284868,1,Interleaved
827,27,0,0.5353876796024793,0.46743094179218614,1,Interleaved
828,28,0,0.663104363233902,0.4221687419184615,1,Interleaved
829,29,0,0.751288310645382,0.38207057424680924,1,Interleaved
830,30,0,0.31353102318299286,0.4455840539977859,1,Interleaved
831,31,0,0.4112757624447226,0.47360950933100965,1,Interleaved
832,32,0,0.4860055282127506,0.5807153205883486,1,Interleaved
833,33,0,0.39678668212862483,0.5409184813868639,1,Interleaved
834,34,0,0.11926389101785825,0.5718731779904321,1,Interleaved
835,35,0,0.5545097028826177,0.8468114969371231,1,Interleaved
836,36,0,0.0642105439822187,0.647913287985507,1,Interleaved
837,37,0,0.243826743785599,0.5564315763310168,1,Interleaved
838,38,0,0.5133924912901464,0.7393753736071468,1,Interleaved
839,39,0,0.49919392845472293,0.4979143955202221,1,Interleaved
840,40,0,0.866285603939088,0.4028891303405574,1,Interleaved
841,41,0,0.3848143888816353,0.6326911484210963,1,Interleaved
842,42,0,0.23004030810468684,0.5148049561028005,1,Interleaved
843,43,0,0.5088130674478274,0.6334876393130513,1,Interleaved
844,44,0,0.029574424921755313,0.7171426492987425,1,Interleaved
845,45,0,0.49793579969327506,0.7134662038003587,1,Interleaved
846,46,0,0.5045727278079607,0.5872734086795419,1,Interleaved
847,47,0,0.5662890433754784,0.3526266027415432,1,Interleaved
848,48,0,0.939258161764718,0.5126604109993774,1,Interleaved
849,49,0,0.3389193714098542,0.49983957868991136,1,Interleaved
850,50,0,0.16546290353762733,0.5333216341161966,1,Interleaved
851,51,0,0.47102645606798765,0.5403008042542463,1,Interleaved
852,52,0,0.28755321633305003,0.46988173061895094,1,Interleaved
853,53,0,0.3179446816237317,0.5517071849074717,1,Interleaved
854,54,0,0.2844246273328209,0.6611740762039618,1,Interleaved
855,55,0,0.577732010175709,0.4670971598645408,1,Interleaved
856,56,0,0.9220170730108813,0.5145509112318758,1,Interleaved
857,57,0,0.36624196859094266,0.5639509362101881,1,Interleaved
858,58,0,0.622145488016699,0.38914640120247007,1,Interleaved
859,59,0,0.299863920212782,0.48285797324978563,1,Interleaved
860,60,0,0.6633850728045607,0.47587101706369705,1,Interleaved
861,61,0,0.41275555133470954,0.5847240899134553,1,Interleaved
862,62,0,0.6360176042198371,0.4595653954481495,1,Interleaved
863,63,0,0.5348853980495741,0.5034239249130535,1,Interleaved
864,64,0,0.4514930977758387,0.5238366085702347,1,Interleaved
865,65,0,0.66419370890051,0.4527802880464379,1,Interleaved
866,66,0,0.6241605425888298,0.5049825147039215,1,Interleaved
867,67,0,0.6449935853591637,0.5197108645469933,1,Interleaved
868,68,0,0.8256454258971533,0.3866439716508594,1,Interleaved
869,69,0,0.7899644978507845,0.6882859939304683,1,Interleaved
870,70,0,0.49833082632241776,0.571180397253088,1,Interleaved
871,71,0,0.6003496913117367,0.6865917052968082,1,Interleaved
872,72,0,0.6579362533043117,0.5562239780585985,1,Interleaved
873,73,0,0.4663650783379001,0.4475094587979833,1,Interleaved
874,74,0,0.273784411842932,0.5645902395177027,1,Interleaved
875,75,0,0.7360827158521412,0.47737009493118887,1,Interleaved
876,76,0,0.3059428283441892,0.507484292680388,1,Interleaved
877,77,0,0.6985528554317062,0.4480894029662831,1,Interleaved
878,78,0,0.8627302809050077,0.5638747030842053,1,Interleaved
879,79,0,0.682979714753853,0.47128920146089326,1,Interleaved
880,80,0,0.243123951866463,0.6421159949193576,1,Interleaved
881,81,0,0.8164875692676257,0.4233566854579982,1,Interleaved
882,82,0,0.6915764729532832,0.7108824646818173,1,Interleaved
883,83,0,0.5089295610952016,0.4775148019516246,1,Interleaved
884,84,0,0.6374741343777882,0.5655450083147447,1,Interleaved
885,85,0,0.4210956141233538,0.6534398735318401,1,Interleaved
886,86,0,0.3521216318119393,0.37435722855632114,1,Interleaved
887,87,0,0.5483048507657782,0.5693585651598947,1,Interleaved
888,88,0,0.8425225184234342,0.491374566863542,1,Interleaved
889,89,0,0.47811869239971455,0.5357500881899304,1,Interleaved
890,90,0,0.8417271160586194,0.36303480506878294,1,Interleaved
891,91,0,0.2600711190955636,0.5290524198883975,1,Interleaved
892,92,0,0.46068659406739587,0.5313397704973871,1,Interleaved
893,93,0,0.35514028955546045,0.45024095999370883,1,Interleaved
894,94,0,0.724856289740651,0.5437688434003218,1,Interleaved
895,95,0,0.575385586457047,0.5522217194045449,1,Interleaved
896,96,0,0.26096711143020773,0.5900561712009184,1,Interleaved
897,97,0,0.5434293888194013,0.47394756907499314,1,Interleaved
898,98,0,0.8395500271103863,0.5081404235000461,1,Interleaved
899,99,0,0.26027836333047105,0.5026822963828106,1,Interleaved
900,100,0,0.8739658474973895,0.3570020844926183,1,Interleaved
901,101,0,0.41929105513244996,0.40291556148292085,1,Interleaved
902,102,0,0.9698241532489018,0.45717105451785056,1,Interleaved
903,103,0,0.44265780884780453,0.465597598149029,1,Interleaved
904,104,0,0.10292728855679334,0.43996424739388285,1,Interleaved
905,105,0,0.5128027537385311,0.43239023144329236,1,Interleaved
906,106,0,0.621840107700104,0.6027632290479978,1,Interleaved
907,107,0,0.6603030562630252,0.5032900175901001,1,Interleaved
908,108,0,0.4120017497902718,0.5401077682664782,1,Interleaved
909,109,0,0.32757791536960096,0.556695783323042,1,Interleaved
910,110,0,0.34488281009616917,0.5719512966320777,1,Interleaved
911,111,0,0.5246108246063433,0.6962207665594784,1,Interleaved
912,112,0,0.8587556613405471,0.3949985648090837,1,Interleaved
913,113,0,0.643226956000405,0.4919424116053144,1,Interleaved
914,114,0,0.5233409745024731,0.5791159707372862,1,Interleaved
915,115,0,0.7752642791180613,0.43688421679106226,1,Interleaved
916,116,0,0.8070101880536482,0.40971095980741057,1,Interleaved
917,117,0,0.6112074510017819,0.5876135667872678,1,Interleaved
918,118,0,0.684736167318698,0.4460504511120291,1,Interleaved
919,119,0,0.47989972601990294,0.6387886086438528,1,Interleaved
920,120,0,0.4225912618149432,0.5010202904103016,1,Interleaved
921,121,0,0.4161951354283927,0.5423891580929482,1,Interleaved
922,122,0,0.26161659652687386,0.45698006069562225,1,Interleaved
923,123,0,0.7974120560342686,0.4406645790524296,1,Interleaved
924,124,0,0.8417067069479629,0.47485581861012494,1,Interleaved
925,125,0,0.5641141264836659,0.4437673284169668,1,Interleaved
926,126,0,0.8748790229714529,0.546136982752407,1,Interleaved
927,127,0,0.5058251447353584,0.4546892071384052,1,Interleaved
928,128,0,0.05869806449273089,0.36530237008722033,1,Interleaved
929,129,0,0.4146166851615266,0.44474749240063066,1,Interleaved
930,130,0,0.6781554489334907,0.4239177949181844,1,Interleaved
931,131,0,0.36806056386195385,0.36339901599640645,1,Interleaved
932,132,0,0.812912487231592,0.42796617253708646,1,Interleaved
933,133,0,0.47894583449575817,0.47844751280354214,1,Interleaved
934,134,0,0.07903148670359725,0.42581177649545837,1,Interleaved
935,135,0,0.5280267753402841,0.42399148380340945,1,Interleaved
936,136,0,0.2334874555724984,0.45530424805477787,1,Interleaved
937,137,0,0.33801876268043746,0.5247841252646217,1,Interleaved
938,138,0,0.4196322054594573,0.5183135257754319,1,Interleaved
939,139,0,0.5250504996378599,0.5497186748654043,1,Interleaved
940,140,0,0.4988820321125472,0.5107044164896098,1,Interleaved
941,141,0,0.3648559922896788,0.6134584524303297,1,Interleaved
942,142,0,0.28118906526719795,0.6058461047394433,1,Interleaved
943,143,0,0.4133542205791683,0.3963727760034313,1,Interleaved
944,144,0,0.78340983419031,0.5250689673888392,1,Interleaved
945,145,0,0.3911493761383988,0.5725669543831355,1,Interleaved
946,146,0,0.05188902318115483,0.7256125889947429,1,Interleaved
947,147,0,0.5369593062483591,0.45856798541913546,1,Interleaved
948,148,0,0.23591143596963857,0.48194513621145196,1,Interleaved
949,149,0,0.39976639424223215,0.5034333672210317,1,Interleaved
950,150,0,0.500885837020095,0.406460883539353,1,Interleaved
951,151,0,0.47625726127274215,0.5135218969813479,1,Interleaved
952,152,0,0.37167822650512816,0.46345209481390814,1,Interleaved
953,153,0,0.5073107728229754,0.4237829413177454,1,Interleaved
954,154,0,0.8735466434400289,0.28473842200308624,1,Interleaved
955,155,0,0.767218997412614,0.38388110301190265,1,Interleaved
956,156,0,0.554564413154176,0.5368791782848821,1,Interleaved
957,157,0,0.327544936365949,0.5128917814459756,1,Interleaved
958,158,0,0.797326658481222,0.4777988828109745,1,Interleaved
959,159,0,0.4839732915536062,0.6945267457855064,1,Interleaved
960,160,0,0.2610428809727391,0.531810697918127,1,Interleaved
961,161,0,0.8632433214263993,0.48022732422222997,1,Interleaved
962,162,0,0.4664931323353854,0.5483657005494269,1,Interleaved
963,163,0,0.9998229021555759,0.7757897516606009,1,Interleaved
964,164,0,0.5807373427360087,0.5065935179006281,1,Interleaved
965,165,0,0.6428623527437218,0.3869297061343834,1,Interleaved
966,166,0,0.47715253886087466,0.489697931633696,1,Interleaved
967,167,0,0.7610511879170246,0.4598257587810586,1,Interleaved
968,168,0,0.5334172500776706,0.37164386292323737,1,Interleaved
969,169,0,0.5761292731914849,0.6045988145493989,1,Interleaved
970,170,0,0.7151325623568165,0.46749071564359235,1,Interleaved
971,171,0,0.5292650123591761,0.5431837824226583,1,Interleaved
972,172,0,0.6945954422607393,0.5388003718210158,1,Interleaved
973,173,0,0.48143073435890127,0.5908482554457981,1,Interleaved
974,174,0,0.6453055709368603,0.4762227415445072,1,Interleaved
975,175,0,0.5415338426456646,0.41258523740947367,1,Interleaved
976,176,0,0.5091664687424869,0.5763619892056979,1,Interleaved
977,177,0,0.1973907444254503,0.584927405563705,1,Interleaved
978,178,0,0.7704933847694181,0.5662772852095335,1,Interleaved
979,179,0,0.5331646295024327,0.31665128021093303,1,Interleaved
980,180,0,0.39583842821573084,0.4211589604257846,1,Interleaved
981,181,0,0.5764718593056483,0.46533156322307734,1,Interleaved
982,182,0,0.8710459668880292,0.511426512296745,1,Interleaved
983,183,0,0.6120094883540065,0.3547333183536302,1,Interleaved
984,184,0,0.6484639184543268,0.3852586505697535,1,Interleaved
985,185,0,0.9393364242388396,0.3559009077313222,1,Interleaved
986,186,0,0.8784478657514591,0.5119541240038875,1,Interleaved
987,187,0,0.2905379407663644,0.5820467801466243,1,Interleaved
988,188,0,0.5412499023447095,0.6011339578488549,1,Interleaved
989,189,0,0.7932211965432292,0.439746765255981,1,Interleaved
990,190,0,0.5217581066630105,0.7017551419008401,1,Interleaved
991,191,0,0.5898441211428397,0.4634926330310463,1,Interleaved
992,192,0,0.7546939186812069,0.3268225392713511,1,Interleaved
993,193,0,0.844821637056009,0.48718846197662324,1,Interleaved
994,194,0,0.5025804097145264,0.6445323417584845,1,Interleaved
995,195,0,0.8640547842493216,0.4826858674741062,1,Interleaved
996,196,0,0.9435847968237523,0.38652585779896154,1,Interleaved
997,197,0,0.8550290539294123,0.7177389994754272,1,Interleaved
998,198,0,0.05643919887133041,0.7096862096159491,1,Interleaved
999,199,0,0.3996547422912938,0.4737467107001012,1,Interleaved
1000,0,0,0.1803621341209938,0.8259686441385452,1,Instructed
1001,1,0,0.5712367660860519,1.0392465298650384,1,Instructed
1002,2,0,0.7103018906504116,0.7891492593643161,1,Instructed
1003,3,0,0.45644383391357873,0.6206569305217668,1,Instructed
1004,4,0,0.4129262381279437,1.0221705148953018,1,Instructed
1005,5,0,0.2652424011714329,0.6286377976448541,1,Instructed
1006,6,0,0.7112852080931358,0.6088728514792264,1,Instructed
1007,7,0,0.39770923619242987,0.8184228672161111,1,Instructed
1008,8,0,0.7051194437877537,0.5032033902025628,1,Instructed
1009,9,0,0.5674064988991548,0.49595229250077444,1,Instructed
1010,10,0,0.7868419247295653,0.5370640152487224,1,Instructed
1011,11,0,0.10050397099641503,0.5793440754709829,1,Instructed
1012,12,0,0.7653638409310581,0.6034763295543569,1,Instructed
1013,13,0,0.5867611155011079,0.5127100672678082,1,Instructed
1014,14,0,0.26299924596929414,0.36392523851416314,1,Instructed
1015,15,0,0.6750113013169137,0.593921958396326,1,Instructed
1016,16,0,0.1479607530224777,0.4236610998267897,1,Instructed
1017,17,0,0.39193307159279733,0.4455040877115094,1,Instructed
1018,18,0,0.3266797735850516,0.5005109701137158,1,Instructed
1019,19,0,0.4582363813728075,0.3415932266518579,1,Instructed
1020,20,0,0.9499027081895934,0.5570595688796536,1,Instructed
1021,21,0,0.32123542056271914,0.4269209018256985,1,Instructed
1022,22,0,0.1744992546466524,0.5601000127004947,1,Instructed
1023,23,0,0.6059602944087945,0.41752287460896365,1,Instructed
1024,24,0,0.028361008915524382,0.503507851644496,1,Instructed
1025,25,0,0.14729317798583452,0.38965508346210653,1,Instructed
1026,26,0,0.5232670184136166,0.46602979764702895,1,Instructed
1027,27,0,0.576376341613941,0.3379192211844325,1,Instructed
1028,28,0,0.030265862459539945,0.5116123647226507,1,Instructed
1029,29,0,0.8289908073442981,0.5278319999506687,1,Instructed
1030,30,0,0.8572139097143507,0.44092396491577845,1,Instructed
1031,31,0,0.2940115936884371,0.3795066492207446,1,Instructed
1032,32,0,0.43128751320463726,0.6343193408227539,1,Instructed
1033,33,0,0.5594909494690354,0.5050381784220577,1,Instructed
1034,34,0,0.017512797018988772,0.7105566135333982,1,Instructed
1035,35,0,0.6330057594784158,0.5641404131873882,1,Instructed
1036,36,0,0.9105881780337179,0.40556795320676536,1,Instructed
1037,37,0,0.14341704305600797,0.5958264143617671,1,Instructed
1038,38,0,0.34384648070994317,0.3700825301338738,1,Instructed
1039,39,0,0.7425496215402644,0.42262013418875394,1,Instructed
1040,40,0,0.5106596484378505,0.5166297795867529,1,Instructed
1041,41,0,0.5154247270241752,0.4417247751048095,1,Instructed
1042,42,0,0.942872448858308,0.45121569139201756,1,Instructed
1043,43,0,0.3896839988367076,0.3715998050351042,1,Instructed
1044,44,0,0.4247891988802035,0.5479511954281842,1,Instructed
1045,45,0,0.5459286410237301,0.4056816197034024,1,Instructed
1046,46,0,0.8268096058981304,0.2973147700209765,1,Instructed
1047,47,0,0.11216405037240543,0.5022687466228923,1,Instructed
1048,48,0,0.3374126282740455,0.3766592155610946,1,Instructed
1049,49,0,0.5004741543079281,0.3036956578734696,1,Instructed
1050,50,0,0.6838236412951295,0.518501402728283,1,Instructed
1051,51,0,0.6772899672579982,0.4433470525572622,1,Instructed
1052,52,0,0.596361192086288,0.5790832520940528,1,Instructed
1053,53,0,0.4990575941955261,0.5046633317820833,1,Instructed
1054,54,0,0.6388645704119229,0.3925401772626763,1,Instructed
1055,55,0,0.20625394277688924,0.5724330071554435,1,Instructed
1056,56,0,0.2786934679331207,0.4095838282977846,1,Instructed
1057,57,0,0.7765851335301417,0.42604280996979127,1,Instructed
1058,58,0,0.4511669104021727,0.6196145337258414,1,Instructed
1059,59,0,0.8650472243504965,0.3975776088833677,1,Instructed
1060,60,0,0.6422491277336052,0.47200581124738383,1,Instructed
1061,61,0,0.34094468693235824,0.48134442562779345,1,Instructed
1062,62,0,0.10448877528271051,0.32150191398138134,1,Instructed
1063,63,0,0.49416042162721147,0.4450926766832345,1,Instructed
1064,64,0,0.6051737637827831,0.4996829637798286,1,Instructed
1065,65,0,0.08641811492204196,0.576827482774608,1,Instructed
1066,66,0,0.134227634858698,0.5441434194810317,1,Instructed
1067,67,0,0.5367741961792898,0.45776546166629917,1,Instructed
1068,68,0,0.5168408671541181,0.24721855471815088,1,Instructed
1069,69,0,0.714662443784675,0.5281794366476416,1,Instructed
1070,70,0,0.15415312338734982,0.49616906889840184,1,Instructed
1071,71,0,0.5090389133724735,0.3244846240637513,1,Instructed
1072,72,0,0.34828887348103066,0.5936894989281134,1,Instructed
1073,73,0,0.49324413586567883,0.5828107308831147,1,Instructed
1074,74,0,0.5558759781675889,0.5317921636777716,1,Instructed
1075,75,0,0.9157848444860033,0.5028805453491244,1,Instructed
1076,76,0,0.40929068279842945,0.3446733450204452,1,Instructed
1077,77,0,0.1641143620646125,0.4778740558255321,1,Instructed
1078,78,0,0.7617006574264772,0.3587851514148934,1,Instructed
1079,79,0,0.6696378027386938,0.5345406815689009,1,Instructed
1080,80,0,0.3602009367070106,0.4043519019752574,1,Instructed
1081,81,0,0.697126216153669,0.439210098457787,1,Instructed
1082,82,0,0.5439060879728863,0.2767082115248718,1,Instructed
1083,83,0,0.4294001126605973,0.4661647819928888,1,Instructed
1084,84,0,0.16098406588112427,0.5413391619901501,1,Instructed
1085,85,0,0.33352337777477603,0.5448597787919705,1,Instructed
1086,86,0,0.005020754244226701,0.8366573073916559,1,Instructed
1087,87,0,0.48422030646081055,0.46296420566733226,1,Instructed
1088,88,0,0.019214234568185745,0.6907870710821341,1,Instructed
1089,89,0,0.863314771049832,0.459985762977647,1,Instructed
1090,90,0,0.9080779112465944,0.3773185872094745,1,Instructed
1091,91,0,0.5763593150534676,0.44839365194789776,1,Instructed
1092,92,0,0.4236841759100772,0.7413809935948823,1,Instructed
1093,93,0,0.505979610877251,0.5026923320111025,1,Instructed
1094,94,0,0.565416897841523,0.5316979580875157,1,Instructed
1095,95,0,0.6649812642978462,0.5128574440435165,1,Instructed
1096,96,0,0.7789330518630355,0.27867293030202855,1,Instructed
1097,97,0,0.4883000358741557,0.6176677451228413,1,Instructed
1098,98,0,0.17340375791346613,0.2538634069335125,1,Instructed
1099,99,0,0.5235302906840016,0.43552091110136726,1,Instructed
1100,100,0,0.979713720149432,0.42870146595813163,1,Instructed
1101,101,0,0.3496144503925914,0.4350254297178069,1,Instructed
1102,102,0,0.0888895329569037,0.4791141393673043,1,Instructed
1103,103,0,0.38857864016581195,0.33050292728809266,1,Instructed
1104,104,0,0.36523477831834955,0.4140936697462449,1,Instructed
1105,105,0,0.5779010876745131,0.36981766426310186,1,Instructed
1106,106,0,0.6817377605120337,0.3162909120866934,1,Instructed
1107,107,0,0.30014187892211863,0.4386484595069978,1,Instructed
1108,108,0,0.6997639623559151,0.29125331024574863,1,Instructed
1109,109,0,0.46074922102137694,0.5016532266354934,1,Instructed
1110,110,0,0.7139493265412404,0.33091650279324253,1,Instructed
1111,111,0,0.2687554431948949,0.3633041439875696,1,Instructed
1112,112,0,0.6834441373426386,0.4374668772518767,1,Instructed
1113,113,0,0.17801659922048296,0.34430920215986527,1,Instructed
1114,114,0,0.8122396123963587,0.3985411604632182,1,Instructed
1115,115,0,0.3474759656194065,0.42287535653787756,1,Instructed
1116,116,0,0.10986562323797337,0.538578385856279,1,Instructed
1117,117,0,0.32649849015902177,0.44563945957490303,1,Instructed
1118,118,0,0.7049570634305621,0.4508572920249059,1,Instructed
1119,119,0,0.9024410506836874,0.29931081224173295,1,Instructed
1120,120,0,0.4897024332013882,0.5735743363531325,1,Instructed
1121,121,0,0.7657987694604955,0.5972079690848677,1,Instructed
1122,122,0,0.019422498018573018,0.5035379239452328,1,Instructed
1123,123,0,0.6162899161682868,0.45267277054523647,1,Instructed
1124,124,0,0.41989983741649356,0.4210703750207557,1,Instructed
1125,125,0,0.3293088711776464,0.3823428162331153,1,Instructed
1126,126,0,0.38519912631360276,0.5394931727646011,1,Instructed
1127,127,0,0.5088716359187357,0.5001297987035862,1,Instructed
1128,128,0,0.9766800950723891,0.34710660233677926,1,Instructed
1129,129,0,0.3666280460802525,0.3821778739230657,1,Instructed
1130,130,0,0.07689020340054999,0.6034076330503344,1,Instructed
1131,131,0,0.6245797250076339,0.49080741908069336,1,Instructed
1132,132,0,0.4177645919217062,0.3491097378320507,1,Instructed
1133,133,0,0.9432375705600708,0.5052258198110195,1,Instructed
1134,134,0,0.9377797802901815,0.497016395641672,1,Instructed
1135,135,0,0.3364074280173187,0.5514769358698173,1,Instructed
1136,136,0,0.932173094336778,0.34421900052627685,1,Instructed
1137,137,0,0.49139530362333805,0.4482803022695976,1,Instructed
1138,138,0,0.46902257253029234,0.4293004551033569,1,Instructed
1139,139,0,0.6331405546337551,0.2335569309014747,1,Instructed
1140,140,0,0.9722054601949268,0.35936726204465863,1,Instructed
1141,141,0,0.0770322480528077,0.43401312893999133,1,Instructed
1142,142,0,0.7031857249895448,0.4635788636794529,1,Instructed
1143,143,0,0.5272572365272301,0.5095870894973786,1,Instructed
1144,144,0,0.04246098110901403,0.5354118417534709,1,Instructed
1145,145,0,0.5032261141993164,0.45562862593826325,1,Instructed
1146,146,0,0.030357380450390877,0.6902760646309977,1,Instructed
1147,147,0,0.4900864303803949,0.5018788628922622,1,Instructed
1148,148,0,0.9781167174928548,0.33295082427479916,1,Instructed
1149,149,0,0.5092792371374275,0.4709522739119255,1,Instructed
1150,150,0,0.45593067664959314,0.34292801897479974,1,Instructed
1151,151,0,0.6400298300318636,0.4112051484175542,1,Instructed
1152,152,0,0.605861431569009,0.37327778823278623,1,Instructed
1153,153,0,0.3645102997115581,0.4500815137126849,1,Instructed
1154,154,0,0.8623904982809103,0.5319601149691378,1,Instructed
1155,155,0,0.4747384308704588,0.4295933177461153,1,Instructed
1156,156,0,0.683065282956361,0.3596914962983908,1,Instructed
1157,157,0,0.740362597011577,0.4662103060810823,1,Instructed
1158,158,0,0.6967658423842492,0.3605448758264508,1,Instructed
1159,159,0,0.5532070160788578,0.5300421860308682,1,Instructed
1160,160,0,0.24703587985375788,0.4590119118781212,1,Instructed
1161,161,0,0.7220475391770877,0.3528977590482902,1,Instructed
1162,162,0,0.6076072243215911,0.4177225258238415,1,Instructed
1163,163,0,0.6223388153885652,0.45442323596978984,1,Instructed
1164,164,0,0.5431304805013009,0.4218269195190107,1,Instructed
1165,165,0,0.1390291597366871,0.5504620945265508,1,Instructed
1166,166,0,0.5321448048391226,0.311271535756429,1,Instructed
1167,167,0,0.654861391243992,0.3140148454189448,1,Instructed
1168,168,0,0.4729158826571418,0.30678392022364687,1,Instructed
1169,169,0,0.21938663202204392,0.43801507926787475,1,Instructed
1170,170,0,0.4025911590540747,0.28257491714350746,1,Instructed
1171,171,0,0.4681292722361644,0.3531706522659538,1,Instructed
1172,172,0,0.599342564121802,0.3322427514606993,1,Instructed
1173,173,0,0.2950042000521096,0.4310751394348041,1,Instructed
1174,174,0,0.43632374200973323,0.2757755045250403,1,Instructed
1175,175,0,0.3658922857500022,0.5243546909464862,1,Instructed
1176,176,0,0.413966133832713,0.37776233752044064,1,Instructed
1177,177,0,0.6569551743080368,0.2664027553307783,1,Instructed
1178,178,0,0.8557218858502287,0.4675673715736812,1,Instructed
1179,179,0,0.6013472311019108,0.2741953557926172,1,Instructed
1180,180,0,0.4538519070689251,0.33004338436481695,1,Instructed
1181,181,0,0.5242943589345289,0.4030665836137697,1,Instructed
1182,182,0,0.803542264718386,0.4987776315858847,1,Instructed
1183,183,0,0.29805219010352013,0.39192177015459534,1,Instructed
1184,184,0,0.6113310686187563,0.3323129576936612,1,Instructed
1185,185,0,0.7535676956231834,0.3516124226962121,1,Instructed
1186,186,0,0.5215374735552789,0.5021564704860286,1,Instructed
1187,187,0,0.6222280038764638,0.4259969084689528,1,Instructed
1188,188,0,0.5162855065520722,0.38695780192747226,1,Instructed
1189,189,0,0.9311555653144644,0.43632928905077994,1,Instructed
1190,190,0,0.612400426049494,0.5551341037424691,1,Instructed
1191,191,0,0.39571203195066057,0.34969147206109896,1,Instructed
1192,192,0,0.7290768851082916,0.4362762557899843,1,Instructed
1193,193,0,0.12969459180647916,0.4683639623041862,1,Instructed
1194,194,0,0.9441784426106452,0.307983769488395,1,Instructed
1195,195,0,0.0624595770597232,0.6111135193699913,1,Instructed
1196,196,0,0.5616572632412631,0.37211241370094283,1,Instructed
1197,197,0,0.06662032891981481,0.5455952539730755,1,Instructed
1198,198,0,0.5828321627871931,0.4449696625164957,1,Instructed
1199,199,0,0.8079876413979794,0.5004781492744205,1,Instructed
