,t,e_hat,Accuracy,pe,batch,Condition
0,0,0,0.633474456370974,0.5167868576261664,0,Blocked
1,1,0,0.9423764890003595,0.5565586613975338,0,Blocked
2,2,0,0.5429666954704513,0.7222376081557927,0,Blocked
3,3,0,0.8768237418959376,0.6440877164990266,0,Blocked
4,4,0,0.6229599305372163,0.37089732864429875,0,Blocked
5,5,0,0.2357227372496451,0.5109160300705158,0,Blocked
6,6,0,0.4928600140053441,0.5330790188481103,0,Blocked
7,7,0,0.027324211733330064,0.6550420384873477,0,Blocked
8,8,0,0.5166507064471405,0.4677497042888143,0,Blocked
9,9,0,0.8958918421915433,0.4167466562061134,0,Blocked
10,10,0,0.6858043251351588,0.5768692033079328,0,Blocked
11,11,0,0.7522029431839126,0.5819810292159604,0,Blocked
12,12,0,0.4032091948455022,0.7549701095780772,0,Blocked
13,13,0,0.5000046546688297,1.1065800610686378,0,Blocked
14,14,0,0.4676537458642654,0.8005990103838008,0,Blocked
15,15,0,0.8739857057430764,0.4087562257047334,0,Blocked
16,16,0,0.5438605117404612,0.4763931510012214,0,Blocked
17,17,0,0.459816110110348,0.45395909839520054,0,Blocked
18,18,0,0.4999202356151214,0.51673817964565,0,Blocked
19,19,0,0.40115564006173576,0.8775909699549296,0,Blocked
20,20,0,0.5372441054070451,0.8799759442086322,0,Blocked
21,21,0,0.5960730713878641,0.4823637466670258,0,Blocked
22,22,0,0.5538583309287475,0.4636838769154892,0,Blocked
23,23,0,0.4824572152983593,0.7585117693543983,0,Blocked
24,24,0,0.2081500984442812,0.6836496023057188,0,Blocked
25,25,0,0.6742495615292262,0.5939434997662159,0,Blocked
26,26,0,0.49197405745116435,0.6697875109426872,0,Blocked
27,27,0,0.4993146371587226,0.6628209303881185,0,Blocked
28,28,0,0.5832328672891721,0.6549276221893099,0,Blocked
29,29,0,0.5000058257919263,1.3382664671836297,0,Blocked
30,30,0,0.3447205651493949,0.8414702616466729,0,Blocked
31,31,0,0.4074958882806026,0.8991093663637852,0,Blocked
32,32,0,0.9128449805348309,0.5919378040211073,0,Blocked
33,33,0,0.21020212924178344,0.5402349720497774,0,Blocked
34,34,0,0.20477125265150845,0.7424145704681114,0,Blocked
35,35,0,0.4020510197474101,0.7766312182189541,0,Blocked
36,36,0,0.581414713972567,1.122793448315842,0,Blocked
37,37,0,0.5032190508982416,0.6415621383491753,0,Blocked
38,38,0,0.5025232558583813,0.9084633995804534,0,Blocked
39,39,0,0.8988654563482756,0.6657395876804201,0,Blocked
40,40,0,0.6869725093305418,0.45777219715910855,0,Blocked
41,41,0,0.5433930851572228,0.5631084851486059,0,Blocked
42,42,0,0.5002616581622992,1.3808766481104002,0,Blocked
43,43,0,0.15369884410715282,0.9643505763190655,0,Blocked
44,44,0,0.765964567382449,0.7859280552629165,0,Blocked
45,45,0,0.9079146840739045,0.799964844797865,0,Blocked
46,46,0,0.45999244440933795,0.5442591282184432,0,Blocked
47,47,0,0.8630956541557824,0.4700201096456792,0,Blocked
48,48,0,0.07794466734465638,0.6265630887313787,0,Blocked
49,49,0,0.4341987237404938,0.5932919266576727,0,Blocked
50,50,0,0.9442094580832039,0.5938773212075552,0,Blocked
51,51,0,0.6363798140963878,0.6362249656542253,0,Blocked
52,52,0,0.2024502229935669,0.5961199106624717,0,Blocked
53,53,0,0.7701240605101772,0.5988397582630482,0,Blocked
54,54,0,0.9272248481535166,0.5361156363072659,0,Blocked
55,55,0,0.1879528743105883,0.6696818891892475,0,Blocked
56,56,0,0.5396636980242171,0.4610306453644324,0,Blocked
57,57,0,0.32580485612867954,0.5476036856176224,0,Blocked
58,58,0,0.9730348942357204,0.5457438122730731,0,Blocked
59,59,0,0.9363356543236088,0.690543094696435,0,Blocked
60,60,0,0.8746727874597873,0.7287489181664042,0,Blocked
61,61,0,0.934547073564224,0.5563219701425725,0,Blocked
62,62,0,0.4405362709815876,0.6860729628748723,0,Blocked
63,63,0,0.9980547070103221,0.7869338278896578,0,Blocked
64,64,0,0.5018066876720735,0.5439676241367091,0,Blocked
65,65,0,0.13552209256493816,0.7198363936151605,0,Blocked
66,66,0,0.49826591354285504,0.5111950214466989,0,Blocked
67,67,0,0.1802571929167293,0.6033365275421926,0,Blocked
68,68,0,0.2353310771668603,0.6891664365541952,0,Blocked
69,69,0,0.11135170290742899,0.666202011009139,0,Blocked
70,70,0,0.03513083844671217,0.9088081266770311,0,Blocked
71,71,0,0.9388593044467699,0.6151040472044325,0,Blocked
72,72,0,0.09523730318275907,0.5138329756210929,0,Blocked
73,73,0,0.23579714976647176,0.6859216458296727,0,Blocked
74,74,0,0.4480616326936482,0.8786935687106467,0,Blocked
75,75,0,0.9874603491196661,0.45368740921855133,0,Blocked
76,76,0,0.9802707114113901,0.5745346319276723,0,Blocked
77,77,0,0.04440622713623307,0.6220537102832933,0,Blocked
78,78,0,0.99448532517296,0.48079477263515313,0,Blocked
79,79,0,0.9812864801481915,0.5447479643692797,0,Blocked
80,80,0,0.43294961064420795,0.8377358786911155,0,Blocked
81,81,0,0.49995516247051813,0.7101027885677385,0,Blocked
82,82,0,0.4145602640784708,0.7171737829508621,0,Blocked
83,83,0,0.27671809872798686,0.7321293647118372,0,Blocked
84,84,0,0.6107060737995595,0.4704278574551401,0,Blocked
85,85,0,0.5022215620004952,0.8925293486048536,0,Blocked
86,86,0,0.4992496434250999,0.8331016099015569,0,Blocked
87,87,0,0.5081625763799319,0.9500840251194967,0,Blocked
88,88,0,0.46251862829220447,0.7451853238160268,0,Blocked
89,89,0,0.3014891951790004,0.49689560507143277,0,Blocked
90,90,0,0.2797615937149389,0.6276954728288553,0,Blocked
91,91,0,0.40060124553262977,0.6073226125679673,0,Blocked
92,92,0,0.6125275723640858,0.4280963781348588,0,Blocked
93,93,0,0.49088978490119584,0.7763825027585531,0,Blocked
94,94,0,0.5393539965544949,0.6644612082266245,0,Blocked
95,95,0,0.5249110889172103,0.42724169978348436,0,Blocked
96,96,0,0.6798504265027097,0.6355262541271907,0,Blocked
97,97,0,0.5689207033140475,0.7199298487978674,0,Blocked
98,98,0,0.627936208862394,0.8652145340470878,0,Blocked
99,99,0,0.06904962624510144,0.7081716640245324,0,Blocked
100,100,0,0.9651895190887596,0.3876741632074884,0,Blocked
101,101,0,0.9643506801973626,0.47504009742265796,0,Blocked
102,102,0,0.8128855280218287,0.4161836764195267,0,Blocked
103,103,0,0.5056776388136444,0.6383853319534414,0,Blocked
104,104,0,0.7124695789916856,0.5901316501982465,0,Blocked
105,105,0,0.5134384844670513,0.7348618044094757,0,Blocked
106,106,0,0.622756370060348,0.606203393586173,0,Blocked
107,107,0,0.37851966237828116,0.5579292233602646,0,Blocked
108,108,0,0.3927521313536274,0.46552043342996163,0,Blocked
109,109,0,0.5934228905355988,0.5826356588633372,0,Blocked
110,110,0,0.485905038665851,0.6216213898135623,0,Blocked
111,111,0,0.5265494311753903,0.4326699030310658,0,Blocked
112,112,0,0.5391410960121213,0.4455372076018868,0,Blocked
113,113,0,0.5203686804835858,0.5114475775766973,0,Blocked
114,114,0,0.6216896975423313,0.581605122890974,0,Blocked
115,115,0,0.5000081834234319,1.0796014351926475,0,Blocked
116,116,0,0.49787479352341335,0.8573881442147588,0,Blocked
117,117,0,0.507650341206238,0.6354400221785442,0,Blocked
118,118,0,0.47667737335746896,0.500253439582329,0,Blocked
119,119,0,0.8446713266147048,0.5688644638030586,0,Blocked
120,120,0,0.15973626517077238,0.36608457355596924,0,Blocked
121,121,0,0.5373998850717139,0.5756418028634821,0,Blocked
122,122,0,0.011375503678026675,0.7288698954221264,0,Blocked
123,123,0,0.5996955526252021,0.7441043622132633,0,Blocked
124,124,0,0.1626149188599553,0.7707732035448887,0,Blocked
125,125,0,0.3142832228872313,1.0458573098984054,0,Blocked
126,126,0,0.47432672685048505,1.0798122154749803,0,Blocked
127,127,0,0.0602259140694353,0.7613831760700815,0,Blocked
128,128,0,0.29593681950937,0.4922073800846616,0,Blocked
129,129,0,0.8369512363039189,0.7267024255714523,0,Blocked
130,130,0,0.9225099840459028,0.47290533084015074,0,Blocked
131,131,0,0.5841027514811235,0.5138692638477498,0,Blocked
132,132,0,0.9807151244225887,0.7501201186460946,0,Blocked
133,133,0,0.5098493996438336,0.7788754657249172,0,Blocked
134,134,0,0.2371794316365593,0.7898128702969476,0,Blocked
135,135,0,0.5056804318464531,0.7404804967731784,0,Blocked
136,136,0,0.021992744779723038,0.719564115416104,0,Blocked
137,137,0,0.9986332370826392,0.6041793315640629,0,Blocked
138,138,0,0.9794562242399586,0.5140616032471811,0,Blocked
139,139,0,0.49922324630976356,0.6347830418777837,0,Blocked
140,140,0,0.6527596000886469,0.5401581933956747,0,Blocked
141,141,0,0.9734456607775797,0.6601014623066599,0,Blocked
142,142,0,0.991175915983673,0.689535467994868,0,Blocked
143,143,0,0.13303554869615347,0.7772343495764703,0,Blocked
144,144,0,0.9999999924731009,1.1778806259174306,0,Blocked
145,145,0,0.9118547348889992,0.8740460729966283,0,Blocked
146,146,0,0.3168604552497515,0.7648639508996877,0,Blocked
147,147,0,0.8852658413924359,0.5110724800925952,0,Blocked
148,148,0,0.7695805615163267,0.5172666104205617,0,Blocked
149,149,0,0.023876622827191343,0.5011728719552019,0,Blocked
150,150,0,0.2409891610627638,0.546418014895278,0,Blocked
151,151,0,0.17096199813676277,0.636540142493452,0,Blocked
152,152,0,0.3893194884033702,0.7690233342914241,0,Blocked
153,153,0,0.08953260044531057,0.7309223790183835,0,Blocked
154,154,0,0.6637692001928086,0.9908482102034157,0,Blocked
155,155,0,0.7062249827316125,0.7304469431908457,0,Blocked
156,156,0,0.9967733750180903,0.5035318750360414,0,Blocked
157,157,0,0.763576524391908,0.5256765442991991,0,Blocked
158,158,0,0.7560126368963684,0.7390777349997439,0,Blocked
159,159,0,0.1352411042144372,0.6431996706700029,0,Blocked
160,160,0,0.6338732728983429,0.4059206710695339,0,Blocked
161,161,0,0.9827182796748541,0.41982348283835813,0,Blocked
162,162,0,0.7644329413093027,0.5550977066083467,0,Blocked
163,163,0,0.4863251981109871,0.6052958349616065,0,Blocked
164,164,0,0.5066179339290677,0.6006051617260834,0,Blocked
165,165,0,0.4984390083661022,0.7155314497180854,0,Blocked
166,166,0,0.4997194829943988,0.5151560233650586,0,Blocked
167,167,0,0.5656588827831747,0.6092892363705762,0,Blocked
168,168,0,0.033157014840954596,0.879715816788149,0,Blocked
169,169,0,0.49904895838549657,0.7031180737095293,0,Blocked
170,170,0,0.07238638205923635,0.8340245255638261,0,Blocked
171,171,0,0.4959442639286505,0.8000797646418629,0,Blocked
172,172,0,0.46709119990134884,0.8107034365377576,0,Blocked
173,173,0,0.4730721311422651,0.7027044311775389,0,Blocked
174,174,0,0.5436519394705538,0.582611505831642,0,Blocked
175,175,0,0.9699204283323724,0.6020768175222031,0,Blocked
176,176,0,0.1472792009100021,0.641733490810791,0,Blocked
177,177,0,0.9285040721266993,0.6526098001259144,0,Blocked
178,178,0,0.9591583493722622,0.8976872299226524,0,Blocked
179,179,0,0.9982067891756097,0.7049472863346911,0,Blocked
180,180,0,0.5632742322323824,0.6041801815216709,0,Blocked
181,181,0,0.025237907012232844,0.8783862372181344,0,Blocked
182,182,0,0.9989129038082347,0.7496857653368919,0,Blocked
183,183,0,0.24291024240802664,0.6552572438234416,0,Blocked
184,184,0,0.7139870054722155,0.7324332161335871,0,Blocked
185,185,0,0.9969840702262528,0.7767895364839591,0,Blocked
186,186,0,0.45340961252256406,1.4423755242484035,0,Blocked
187,187,0,0.4991504124700886,0.4363018641199815,0,Blocked
188,188,0,0.9128450633639733,0.3750901154386279,0,Blocked
189,189,0,0.055414849099757524,0.6829851512436135,0,Blocked
190,190,0,0.7537467805974511,0.7668684564522077,0,Blocked
191,191,0,0.49789293847945587,0.5922134416842849,0,Blocked
192,192,0,0.30974830830718303,0.8137266520869845,0,Blocked
193,193,0,0.4760536696386514,0.7221669301865117,0,Blocked
194,194,0,0.5859301244605486,0.6675486315173823,0,Blocked
195,195,0,0.15234626239864102,0.7821360157200175,0,Blocked
196,196,0,0.4359021159969099,0.8548922717234798,0,Blocked
197,197,0,0.0001788232417935295,0.8499050137742944,0,Blocked
198,198,0,0.3714027563883894,0.5612566733984738,0,Blocked
199,199,0,0.8839548576734896,0.45360898392134635,0,Blocked
200,0,0,0.8663450903268726,0.5649544370814066,0,Interleaved
201,1,0,0.4275996468501116,0.8831924789638813,0,Interleaved
202,2,0,0.8532669099931751,0.678887320758818,0,Interleaved
203,3,0,0.4991556845241012,0.7238300205487984,0,Interleaved
204,4,0,0.11145106051381783,0.7009324364335622,0,Interleaved
205,5,0,0.4974665474579389,0.6254591101223987,0,Interleaved
206,6,0,0.49554891119815664,0.7173762430715734,0,Interleaved
207,7,0,0.4848054491563564,0.5184526643028115,0,Interleaved
208,8,0,0.5966672046671307,0.516936083909303,0,Interleaved
209,9,0,0.5157503133140567,0.698075453507632,0,Interleaved
210,10,0,0.8879831564928145,0.56383796642743,0,Interleaved
211,11,0,0.5009887544382245,0.5370836843257412,0,Interleaved
212,12,0,0.17943861578318662,0.7442357585399427,0,Interleaved
213,13,0,0.5262286748083725,0.647793737760914,0,Interleaved
214,14,0,0.8417567470148517,0.4017069757832893,0,Interleaved
215,15,0,0.08508825795534279,0.7044681644071902,0,Interleaved
216,16,0,0.49669735889855726,0.5637523822980919,0,Interleaved
217,17,0,0.4957779031229765,0.6289475985318569,0,Interleaved
218,18,0,0.486932960246691,0.9007638672729162,0,Interleaved
219,19,0,0.5069011803099043,0.5402942290003019,0,Interleaved
220,20,0,0.09155021964593661,0.7943743580913981,0,Interleaved
221,21,0,0.4716296741524341,0.7412615950642121,0,Interleaved
222,22,0,0.3205635358480517,0.9548994853492278,0,Interleaved
223,23,0,0.7217980639687447,0.8557345375607552,0,Interleaved
224,24,0,0.9447095654710944,0.650997227019749,0,Interleaved
225,25,0,0.6582278512927567,0.6799427369580087,0,Interleaved
226,26,0,0.12575462768778412,0.6951883537893615,0,Interleaved
227,27,0,0.5600150516356894,0.6372378431085566,0,Interleaved
228,28,0,0.8795487373474129,0.5966528623232439,0,Interleaved
229,29,0,0.49888834528878967,0.6583318064763525,0,Interleaved
230,30,0,0.37504334194288036,0.685571431799232,0,Interleaved
231,31,0,0.8078911421650066,0.5214349543463228,0,Interleaved
232,32,0,0.6483965090019238,0.6341734114709561,0,Interleaved
233,33,0,0.6792054554433605,0.7273247572056829,0,Interleaved
234,34,0,0.0060474056106667295,0.8263661850650431,0,Interleaved
235,35,0,0.7213102026304776,0.5075444190139838,0,Interleaved
236,36,0,0.8840264488058449,0.5417709967279853,0,Interleaved
237,37,0,0.47945691624440334,0.5118225938777996,0,Interleaved
238,38,0,0.13958153416455554,0.6259474264635607,0,Interleaved
239,39,0,0.7381923992360974,0.5854918471900072,0,Interleaved
240,40,0,0.7674339756904809,0.461746275860201,0,Interleaved
241,41,0,0.48448647224854824,0.4716698921807304,0,Interleaved
242,42,0,0.14469307721572458,0.6449097911274017,0,Interleaved
243,43,0,0.3082840355921974,0.6638751370818536,0,Interleaved
244,44,0,0.6746885450591474,0.820392535122785,0,Interleaved
245,45,0,0.8518112562957193,0.8525954481047473,0,Interleaved
246,46,0,0.44698913177339106,0.7592512949792493,0,Interleaved
247,47,0,0.6692933606268937,0.8258851743050408,0,Interleaved
248,48,0,0.4961340188960343,0.7340187942736501,0,Interleaved
249,49,0,0.9866512524700479,0.5760922896968645,0,Interleaved
250,50,0,0.8461523305237155,0.6313247266455029,0,Interleaved
251,51,0,0.5546307095197206,0.9493925465698774,0,Interleaved
252,52,0,0.0344117258339103,0.8537370761352175,0,Interleaved
253,53,0,0.07602301437081108,0.8540344088602421,0,Interleaved
254,54,0,0.48996618416090887,0.6249591745291541,0,Interleaved
255,55,0,0.500603568967134,0.6336781436413649,0,Interleaved
256,56,0,0.5308986874283717,0.4718285871693941,0,Interleaved
257,57,0,0.12068933995810699,0.6620049347334918,0,Interleaved
258,58,0,0.8910569725110159,0.7583446104099247,0,Interleaved
259,59,0,0.7046503893076912,0.44308740255090395,0,Interleaved
260,60,0,0.9687485973537735,0.38602624045845757,0,Interleaved
261,61,0,0.7361305018311497,0.4714020400490418,0,Interleaved
262,62,0,0.8905081023609466,0.7402276378261351,0,Interleaved
263,63,0,0.9832196102778519,0.5215023556069097,0,Interleaved
264,64,0,0.02106787691527693,0.6726996317506867,0,Interleaved
265,65,0,0.8390506691687188,0.858851319132053,0,Interleaved
266,66,0,0.011994176091099274,1.0635587505626904,0,Interleaved
267,67,0,0.28025788001591206,1.0016272674836308,0,Interleaved
268,68,0,0.41111834537553954,0.7402690923123273,0,Interleaved
269,69,0,0.378682339129885,0.6634088742804071,0,Interleaved
270,70,0,0.04393246315666679,0.759955326061017,0,Interleaved
271,71,0,0.49446611980528776,0.5681150233769827,0,Interleaved
272,72,0,0.0958767549264633,0.5703739939360364,0,Interleaved
273,73,0,0.46825772734843163,0.5738518738357709,0,Interleaved
274,74,0,0.872321480793791,0.5921179462843598,0,Interleaved
275,75,0,0.267640705984711,0.6071185832168702,0,Interleaved
276,76,0,0.046704368176425405,0.8912469974440596,0,Interleaved
277,77,0,0.4876029351375242,0.7791754406871314,0,Interleaved
278,78,0,0.061171828144407615,0.8699697021469128,0,Interleaved
279,79,0,0.1039279972484682,0.6252449727060752,0,Interleaved
280,80,0,0.4676127200432718,0.5594367349106659,0,Interleaved
281,81,0,0.36160627974969745,0.8743318425946542,0,Interleaved
282,82,0,0.42437058247628767,0.7885849839651784,0,Interleaved
283,83,0,0.4999911803631728,0.9711863642651687,0,Interleaved
284,84,0,0.8347928278072934,0.6976958637324442,0,Interleaved
285,85,0,0.488982446674637,0.6427806835745891,0,Interleaved
286,86,0,0.02358931472769942,0.5239913107839709,0,Interleaved
287,87,0,0.3299163632729092,0.3894584856333575,0,Interleaved
288,88,0,0.8876285908286605,0.474196838986221,0,Interleaved
289,89,0,0.4924152946712791,0.6464681416531578,0,Interleaved
290,90,0,0.3074335882088966,0.9457228983719167,0,Interleaved
291,91,0,0.7053587190698866,0.7859244140407411,0,Interleaved
292,92,0,0.6085561362634486,0.7788950978221806,0,Interleaved
293,93,0,0.5084944016325087,0.7284408855869358,0,Interleaved
294,94,0,0.5268151500217171,0.8511049420096974,0,Interleaved
295,95,0,0.9305880233379712,0.989384196142976,0,Interleaved
296,96,0,0.5309935503810955,0.7095370295547174,0,Interleaved
297,97,0,0.5150224643398408,0.6439377911672073,0,Interleaved
298,98,0,0.39694348425997833,0.903281662568655,0,Interleaved
299,99,0,0.4792816150290576,0.947143969192282,0,Interleaved
300,100,0,0.2669537894507598,1.002254915953846,0,Interleaved
301,101,0,0.4899989109618972,0.8068657669893552,0,Interleaved
302,102,0,0.06693681178451309,0.7004430864095613,0,Interleaved
303,103,0,0.38209759787642017,0.6482796262993644,0,Interleaved
304,104,0,0.5584805784430853,0.7845048650235698,0,Interleaved
305,105,0,0.8764642006984198,0.6759952397785922,0,Interleaved
306,106,0,0.0007144670861428205,0.6928119411601865,0,Interleaved
307,107,0,0.5210391972733636,0.7024312124025818,0,Interleaved
308,108,0,0.9932303901645556,0.4564837497450246,0,Interleaved
309,109,0,0.47837547527759944,0.5388045738955547,0,Interleaved
310,110,0,0.9590421774687021,0.529761759632954,0,Interleaved
311,111,0,0.48701665045701914,0.6441969780638095,0,Interleaved
312,112,0,0.9227664875656376,0.46900220219588146,0,Interleaved
313,113,0,0.4768195517144427,0.7507077321244418,0,Interleaved
314,114,0,0.9855196137228719,0.6080968383931806,0,Interleaved
315,115,0,0.3810619852007719,0.926644090203649,0,Interleaved
316,116,0,0.22156379396002204,1.302739281440053,0,Interleaved
317,117,0,0.02671826487403702,0.9219925588375234,0,Interleaved
318,118,0,0.44487106333454196,0.7041812973743967,0,Interleaved
319,119,0,0.3070808516330719,0.6965996182810457,0,Interleaved
320,120,0,0.9205812453697726,0.681191924324946,0,Interleaved
321,121,0,0.40936741299695006,0.545310747956981,0,Interleaved
322,122,0,0.9381649846497235,0.5462332895694642,0,Interleaved
323,123,0,0.4871728126350146,0.6899444868976626,0,Interleaved
324,124,0,0.7610057409706503,0.6957844097225441,0,Interleaved
325,125,0,0.10426528380015057,0.7147654954516591,0,Interleaved
326,126,0,0.9313260757811921,0.5732638826979948,0,Interleaved
327,127,0,0.6366196861452321,0.7027454311561019,0,Interleaved
328,128,0,0.002146437045067043,0.9626170302819357,0,Interleaved
329,129,0,0.4609312451318794,0.8095229481355246,0,Interleaved
330,130,0,0.002056187493516624,1.0377994734480251,0,Interleaved
331,131,0,0.8387741492883567,0.7960024639274326,0,Interleaved
332,132,0,0.05962200210546012,0.7483510223011672,0,Interleaved
333,133,0,0.1673560429315357,0.9380848822220852,0,Interleaved
334,134,0,0.9985973673341126,0.4020574347227698,0,Interleaved
335,135,0,0.46482149524730343,0.7378819771250036,0,Interleaved
336,136,0,0.0550408150657431,0.7622686069199232,0,Interleaved
337,137,0,0.1822104619446842,0.5072750727129967,0,Interleaved
338,138,0,0.9944266335680395,0.5403899124967835,0,Interleaved
339,139,0,0.4392666013560888,0.6985878417173745,0,Interleaved
340,140,0,0.9667450879849055,0.6561353512699568,0,Interleaved
341,141,0,0.4454935893388948,0.8461304415039093,0,Interleaved
342,142,0,0.005273330942362543,1.0104310563470462,0,Interleaved
343,143,0,0.3000857294679656,0.9387435416670644,0,Interleaved
344,144,0,0.08155785219156549,0.9928709169804676,0,Interleaved
345,145,0,0.4707151835538052,0.7586037086291639,0,Interleaved
346,146,0,0.042133495047220644,1.0292952813532217,0,Interleaved
347,147,0,0.6966051760211187,0.4689121224765298,0,Interleaved
348,148,0,0.8027316850956265,0.4609832035226129,0,Interleaved
349,149,0,0.5784390321160436,0.6490042063254817,0,Interleaved
350,150,0,0.8950131045687592,0.6615065319448141,0,Interleaved
351,151,0,0.4985719385307978,0.6696191820888842,0,Interleaved
352,152,0,0.3761690185233388,0.5925632854965212,0,Interleaved
353,153,0,0.37627425617486604,0.6618153357048241,0,Interleaved
354,154,0,0.9771265829234865,0.48418413035173247,0,Interleaved
355,155,0,0.2930888491415491,0.728274321139712,0,Interleaved
356,156,0,0.6469066709760014,0.5332904668100693,0,Interleaved
357,157,0,0.5696202295997501,0.5782720870351622,0,Interleaved
358,158,0,0.17976472055922915,0.5760348975353242,0,Interleaved
359,159,0,0.5060260541641481,0.8579951746113383,0,Interleaved
360,160,0,0.6916512600707366,1.0042858815219193,0,Interleaved
361,161,0,0.9258070499422997,0.4867724327271577,0,Interleaved
362,162,0,0.9715601469076235,0.5142507588485273,0,Interleaved
363,163,0,0.5267702157200358,0.6668796212110215,0,Interleaved
364,164,0,0.9974181310320765,0.5105248846972061,0,Interleaved
365,165,0,0.46104548013461927,0.6624564550455152,0,Interleaved
366,166,0,0.44607608947714195,0.7984566153714048,0,Interleaved
367,167,0,0.9743097750275459,0.48813388330410457,0,Interleaved
368,168,0,0.789947016517409,0.5923687704380437,0,Interleaved
369,169,0,0.29341607851792173,0.8319610132346831,0,Interleaved
370,170,0,0.9809537196666878,0.5445969606127613,0,Interleaved
371,171,0,0.47634068617552605,0.4726860635130582,0,Interleaved
372,172,0,0.9949099824856972,0.5794396297884797,0,Interleaved
373,173,0,0.1957004392392026,0.9309588173183228,0,Interleaved
374,174,0,0.6132009695844218,0.6791801442020786,0,Interleaved
375,175,0,0.9025381615195631,0.6131957592060042,0,Interleaved
376,176,0,0.9654720239174233,0.38483946558220944,0,Interleaved
377,177,0,0.9140394733614231,0.5347327650755254,0,Interleaved
378,178,0,0.5283450053108952,0.722823736773095,0,Interleaved
379,179,0,0.6179352949324867,0.6230922646167862,0,Interleaved
380,180,0,0.8940890307252534,0.453991172521352,0,Interleaved
381,181,0,0.49730837429105146,0.7156546483967183,0,Interleaved
382,182,0,0.4177966673474373,0.7437029473229264,0,Interleaved
383,183,0,0.9568902856522894,0.6247699567596351,0,Interleaved
384,184,0,0.5098971029645226,0.8198214708205613,0,Interleaved
385,185,0,0.0640011462264714,0.6177078588926509,0,Interleaved
386,186,0,0.4307613372337493,0.6328055050177774,0,Interleaved
387,187,0,0.038094042561825366,0.9259396729264099,0,Interleaved
388,188,0,0.47547958599954054,0.7913178900590957,0,Interleaved
389,189,0,0.5008783001443868,0.9091212610258796,0,Interleaved
390,190,0,0.9485852027754879,0.759143954821635,0,Interleaved
391,191,0,0.08944744164102729,0.8131122691501658,0,Interleaved
392,192,0,0.10889193324235226,0.9966919313279782,0,Interleaved
393,193,0,0.5458518119468729,0.7362046107577096,0,Interleaved
394,194,0,0.9260879594528499,0.7000598156981077,0,Interleaved
395,195,0,0.4932389701407655,0.6596107441094594,0,Interleaved
396,196,0,0.16532598985296726,0.7070107323359263,0,Interleaved
397,197,0,0.488275437758553,0.6511046249370934,0,Interleaved
398,198,0,0.5036739787321951,0.5989505427470241,0,Interleaved
399,199,0,0.6895999573235005,0.5764929098488901,0,Interleaved
400,0,0,0.07405540453058428,0.576775542718992,0,Instructed
401,1,0,0.3684454842393585,1.0086866425484051,0,Instructed
402,2,0,0.5596889547004888,1.0023775009817342,0,Instructed
403,3,0,0.038131898987340956,1.3285719938592209,0,Instructed
404,4,0,0.3898616656059142,0.9288296678931025,0,Instructed
405,5,0,0.9984178006849295,0.8199852366562659,0,Instructed
406,6,0,0.3190415059284986,0.8698774494291599,0,Instructed
407,7,0,0.5122704789445345,0.8079597960663397,0,Instructed
408,8,0,0.6762400382850249,0.48971930629123894,0,Instructed
409,9,0,0.618908295592538,0.639173230310282,0,Instructed
410,10,0,0.17236533787206226,0.7389849546652871,0,Instructed
411,11,0,0.20470247950157724,0.8395157539272008,0,Instructed
412,12,0,0.490133032141599,0.7751754798807355,0,Instructed
413,13,0,0.9493424184864877,0.586559065072738,0,Instructed
414,14,0,0.5557707916193368,0.503975138517726,0,Instructed
415,15,0,0.08211898126458349,0.8766780401566511,0,Instructed
416,16,0,0.011657134168881426,1.1375762440611084,0,Instructed
417,17,0,0.24493313943044928,0.9460866579066505,0,Instructed
418,18,0,0.7068386881406582,0.6081308878642777,0,Instructed
419,19,0,0.11171672642835898,0.817081310026069,0,Instructed
420,20,0,0.5715767406127922,0.581780803721527,0,Instructed
421,21,0,0.4530004625639826,0.6548389524266267,0,Instructed
422,22,0,0.0737840278677773,0.9043604064217685,0,Instructed
423,23,0,0.34236212371873187,0.8486229311792082,0,Instructed
424,24,0,0.5004448427916699,0.6269386298205972,0,Instructed
425,25,0,0.014333856556326612,0.7765770323015204,0,Instructed
426,26,0,0.19816725106428282,0.9237238152452372,0,Instructed
427,27,0,0.9051950614127733,0.9174449931223043,0,Instructed
428,28,0,0.5229892254562964,0.5074544997013135,0,Instructed
429,29,0,0.5186701810573651,0.44771020765650743,0,Instructed
430,30,0,0.5130339795497931,0.6374889056144912,0,Instructed
431,31,0,0.6077440349254241,0.7033361754082325,0,Instructed
432,32,0,0.5289578546070434,0.5396340602691578,0,Instructed
433,33,0,0.0359583472274638,0.8219268451539239,0,Instructed
434,34,0,0.4795689358711781,0.5880325910519564,0,Instructed
435,35,0,0.4906252110790371,0.7261566503795066,0,Instructed
436,36,0,0.2515419309274474,0.6938602151668679,0,Instructed
437,37,0,0.6855671251101003,0.5753794805403465,0,Instructed
438,38,0,0.4627201946910499,0.7819738966470827,0,Instructed
439,39,0,0.8592966062723137,0.7484101616945893,0,Instructed
440,40,0,0.3593979603335965,0.6511509377616062,0,Instructed
441,41,0,0.07090937183859185,0.7385453146486098,0,Instructed
442,42,0,0.22561325964676143,0.7221111472741761,0,Instructed
443,43,0,0.9471330621316347,1.039082981516093,0,Instructed
444,44,0,0.47019628261351054,0.803631677942296,0,Instructed
445,45,0,0.00010428453557167205,1.26313860093178,0,Instructed
446,46,0,0.4957760002749192,0.6915957134992603,0,Instructed
447,47,0,0.9993740281017502,0.867833122119954,0,Instructed
448,48,0,0.7129297593881132,0.49153761987572064,0,Instructed
449,49,0,0.9749160345914425,0.6569290639242406,0,Instructed
450,50,0,0.984447110737335,0.6021650122450793,0,Instructed
451,51,0,0.9831107070123244,0.6471900433259516,0,Instructed
452,52,0,0.9259207365226514,0.8182351554095297,0,Instructed
453,53,0,0.9910620157274013,0.9297071979019553,0,Instructed
454,54,0,0.8617059896523092,0.7608565250237125,0,Instructed
455,55,0,0.8915171157536355,0.506895399966589,0,Instructed
456,56,0,0.27101655410607345,0.8130684397406995,0,Instructed
457,57,0,0.30965453841855706,0.9245709355876921,0,Instructed
458,58,0,0.4970035106746359,0.8571212682804945,0,Instructed
459,59,0,0.4447742996434965,0.8930901973015455,0,Instructed
460,60,0,0.4254916509037113,0.689795682377293,0,Instructed
461,61,0,0.7990619600139223,0.6369160639133824,0,Instructed
462,62,0,0.121827245902688,0.6268705543253803,0,Instructed
463,63,0,0.9812014333757639,0.5109555848400943,0,Instructed
464,64,0,0.8449730459902186,0.4812167835655575,0,Instructed
465,65,0,0.4347725621433098,0.895400244764856,0,Instructed
466,66,0,0.655481044676104,0.8862770737060608,0,Instructed
467,67,0,0.11498783788429989,0.849508494919957,0,Instructed
468,68,0,0.047595558250315056,0.6120514969914541,0,Instructed
469,69,0,0.44763946357658674,0.6577060001212183,0,Instructed
470,70,0,0.6395885342169396,0.9294060750532797,0,Instructed
471,71,0,0.49087695133013165,0.8480431836679174,0,Instructed
472,72,0,0.5515507477910605,1.048587101803553,0,Instructed
473,73,0,0.5061527021828552,0.6851369268141754,0,Instructed
474,74,0,0.7381091425431194,0.5373179809686461,0,Instructed
475,75,0,0.3333398004322701,0.7597307751787963,0,Instructed
476,76,0,0.6082849597323408,0.7145728451432196,0,Instructed
477,77,0,0.28847835840464453,0.7179076492109815,0,Instructed
478,78,0,0.4657476546919709,0.5794600610577063,0,Instructed
479,79,0,0.45833289378642655,0.6370480447122233,0,Instructed
480,80,0,0.4930925432107259,0.8664631121876151,0,Instructed
481,81,0,0.3024922569028602,0.7776846736784112,0,Instructed
482,82,0,0.4968530884324447,0.9928409418461044,0,Instructed
483,83,0,0.6209818952023548,0.5852885140260912,0,Instructed
484,84,0,0.4381048145835045,0.48864923561964013,0,Instructed
485,85,0,0.2892673451631019,0.5973696244794091,0,Instructed
486,86,0,0.4865571362998613,0.6571302527108285,0,Instructed
487,87,0,0.00023369466972596512,0.9997566404601081,0,Instructed
488,88,0,0.5787976709670156,0.9236711804968614,0,Instructed
489,89,0,0.1529829998048623,0.7046930665234508,0,Instructed
490,90,0,0.018190259492248007,0.6462862220288552,0,Instructed
491,91,0,0.27835605740749714,0.7334758464732307,0,Instructed
492,92,0,0.5424977565363046,0.48809581694815385,0,Instructed
493,93,0,0.8671302593471623,0.47310245222543745,0,Instructed
494,94,0,0.6009927277581945,0.6633559483951676,0,Instructed
495,95,0,0.5735637482493959,0.7421239944430924,0,Instructed
496,96,0,0.6609302823941224,0.738893877296074,0,Instructed
497,97,0,0.6858218000907879,0.5522947601549334,0,Instructed
498,98,0,0.11032614146322729,0.7397083627395871,0,Instructed
499,99,0,0.3128362596883478,0.5208528260661202,0,Instructed
500,100,0,0.6516871247380172,0.4891970982774707,0,Instructed
501,101,0,0.2785980824788117,0.48919773357257723,0,Instructed
502,102,0,0.40372282193847764,0.7286087630850608,0,Instructed
503,103,0,0.5602511772691484,0.7356003245564777,0,Instructed
504,104,0,0.4617443403152079,0.6433332564251948,0,Instructed
505,105,0,0.7755866392890849,0.7596384565923882,0,Instructed
506,106,0,0.8840642139882295,0.9758162644997506,0,Instructed
507,107,0,0.6939061727742465,1.148480294441102,0,Instructed
508,108,0,0.5521535897905413,0.8817989013272772,0,Instructed
509,109,0,0.300065445161061,1.1491774224856601,0,Instructed
510,110,0,0.6693723511249245,0.8847529873354554,0,Instructed
511,111,0,0.11158731176460264,0.6281883089478983,0,Instructed
512,112,0,0.09960417541750305,0.6917788386568766,0,Instructed
513,113,0,0.729171182968762,1.0316524921636456,0,Instructed
514,114,0,0.008802888390002268,1.5133140341193663,0,Instructed
515,115,0,0.4267758002631977,0.9224502717517257,0,Instructed
516,116,0,0.020053390218857856,0.8043502643354727,0,Instructed
517,117,0,0.4999999844832334,1.223682049277082,0,Instructed
518,118,0,0.7940418001410546,0.5809861797253161,0,Instructed
519,119,0,0.004553186139060498,0.8195879609785646,0,Instructed
520,120,0,0.8493799359331637,0.7580058977172367,0,Instructed
521,121,0,0.9825009506765866,0.629098522977392,0,Instructed
522,122,0,0.3978377296561784,0.6038744119226397,0,Instructed
523,123,0,0.17752101747230162,0.6944163257655556,0,Instructed
524,124,0,0.46700067228880787,0.5636658552884634,0,Instructed
525,125,0,0.955428511193209,0.7181066605509732,0,Instructed
526,126,0,0.4649085317454595,0.7370080958983194,0,Instructed
527,127,0,0.5097572970129572,0.7383972884989851,0,Instructed
528,128,0,0.2582814749912792,0.7906459319391994,0,Instructed
529,129,0,0.5157132972238274,0.6276418671316456,0,Instructed
530,130,0,0.4693129946377233,0.6256157047836949,0,Instructed
531,131,0,0.9923125982221073,0.8980426068019632,0,Instructed
532,132,0,0.0816529325176044,0.7007306972316302,0,Instructed
533,133,0,0.6846062841463825,0.7214680951260617,0,Instructed
534,134,0,0.8384504734257062,0.7531825406068062,0,Instructed
535,135,0,0.5455483688931229,0.6271505374939166,0,Instructed
536,136,0,0.8587042962108662,0.6373497830876012,0,Instructed
537,137,0,0.04084058169315761,0.8700787868752884,0,Instructed
538,138,0,0.4873180425889517,0.8610024188201548,0,Instructed
539,139,0,0.44054072624611185,0.5525544649477423,0,Instructed
540,140,0,0.36459862074625093,0.7349170023654414,0,Instructed
541,141,0,0.5399335443024726,0.7146871502003118,0,Instructed
542,142,0,0.6708676440698917,0.8652461391132497,0,Instructed
543,143,0,0.1122088416977873,1.0998553979120915,0,Instructed
544,144,0,0.4899121409179132,0.7702447416999527,0,Instructed
545,145,0,0.2847798005476858,0.8618299324403885,0,Instructed
546,146,0,0.206057456475443,0.8310062065466359,0,Instructed
547,147,0,0.49841546825340655,0.8618058970724113,0,Instructed
548,148,0,0.24270935615159359,0.5216699475175814,0,Instructed
549,149,0,0.5250148037882965,0.615709380560932,0,Instructed
550,150,0,0.8262865677830857,0.5781110179281841,0,Instructed
551,151,0,0.3002106332986774,0.6232524999151927,0,Instructed
552,152,0,0.6564098684979713,0.6653158037136901,0,Instructed
553,153,0,0.5321899392169621,0.9049099283139279,0,Instructed
554,154,0,0.7291219307216428,0.7407043737435203,0,Instructed
555,155,0,0.9043411177483716,0.8297407643257353,0,Instructed
556,156,0,0.3495927579794064,0.7677855048092628,0,Instructed
557,157,0,0.6926814966318086,0.8714036533855007,0,Instructed
558,158,0,0.46033597799473847,0.6703598239506605,0,Instructed
559,159,0,0.1915473568228878,0.6417429655824143,0,Instructed
560,160,0,0.7928923355574518,0.4947147668399018,0,Instructed
561,161,0,0.9320041548881703,0.6662955717493717,0,Instructed
562,162,0,0.2654335257302659,0.5481586704229049,0,Instructed
563,163,0,0.9299132187546999,0.939584554369153,0,Instructed
564,164,0,0.5313302694658341,0.7915137360815561,0,Instructed
565,165,0,0.9371467938230083,0.6832179877949593,0,Instructed
566,166,0,0.511519579625115,0.7438295235564178,0,Instructed
567,167,0,0.3925272635939897,0.5495169583484603,0,Instructed
568,168,0,0.3825415786535902,1.0245435395642843,0,Instructed
569,169,0,0.4531921032663282,0.5790265785685118,0,Instructed
570,170,0,0.3397517173495817,0.6489387348652718,0,Instructed
571,171,0,0.15831031911508683,0.49489549549562817,0,Instructed
572,172,0,0.3485674138576103,0.6406191079623569,0,Instructed
573,173,0,0.010570309607010683,0.6376584101916023,0,Instructed
574,174,0,0.1893063642359651,0.6846347046204164,0,Instructed
575,175,0,0.05840628162748246,0.49074638137910953,0,Instructed
576,176,0,0.2988634642718333,0.5113210638966801,0,Instructed
577,177,0,0.47387473738819846,0.9223544383048949,0,Instructed
578,178,0,0.4342846443573308,1.0699544680306117,0,Instructed
579,179,0,0.7352053725193692,0.6198159358969586,0,Instructed
580,180,0,0.15597474045024248,0.610804217878076,0,Instructed
581,181,0,0.42234842395650507,0.8568192314721425,0,Instructed
582,182,0,0.5035514420222484,0.8159939182425565,0,Instructed
583,183,0,0.6846703128975524,0.7986147808397266,0,Instructed
584,184,0,0.44348291363396153,0.6330387097353276,0,Instructed
585,185,0,0.7115363010580713,0.596661714208617,0,Instructed
586,186,0,0.09028813314906758,0.8196054209890087,0,Instructed
587,187,0,0.06357528979598553,0.71055413706855,0,Instructed
588,188,0,0.09856839167534635,0.6488579200735888,0,Instructed
589,189,0,0.7686824962534581,0.3694072484654891,0,Instructed
590,190,0,0.9869321762317682,0.8058934877070921,0,Instructed
591,191,0,0.5033691398170734,0.8961685435841045,0,Instructed
592,192,0,0.18367342277992862,0.489067036273692,0,Instructed
593,193,0,0.2640592229409729,0.800347133996476,0,Instructed
594,194,0,0.17667139595548031,0.5415895292118904,0,Instructed
595,195,0,0.4697921081358451,0.9992373670727264,0,Instructed
596,196,0,0.24962828073286733,0.6723654280512807,0,Instructed
597,197,0,0.24274056845054898,0.7896969420910325,0,Instructed
598,198,0,0.9945325880916422,0.46671745456825753,0,Instructed
599,199,0,0.888527536247535,0.7797080446571384,0,Instructed
600,0,0,0.5444860534087633,0.7126736634030169,1,Blocked
601,1,0,0.24157874333650314,0.6152257199808916,1,Blocked
602,2,0,0.31304723605388796,0.6196556464127772,1,Blocked
603,3,0,0.596750111525403,0.625196340377086,1,Blocked
604,4,0,0.5011489210494356,0.7339125654008891,1,Blocked
605,5,0,0.8255234365305286,0.628620836475978,1,Blocked
606,6,0,0.010461177107964757,0.8029173217231664,1,Blocked
607,7,0,0.028574508812840575,0.7342880445382944,1,Blocked
608,8,0,0.007800265915122644,0.6367635272944494,1,Blocked
609,9,0,0.5521306219917037,0.4971308231682557,1,Blocked
610,10,0,0.16379995190938323,0.5586660503876351,1,Blocked
611,11,0,0.7210957226822172,0.6221673910165761,1,Blocked
612,12,0,0.4008858021048828,0.7853143054157562,1,Blocked
613,13,0,0.9977147574795892,0.6016901710215041,1,Blocked
614,14,0,0.5496159647271722,0.6502909879059309,1,Blocked
615,15,0,0.6059106865528452,0.6859254790144332,1,Blocked
616,16,0,0.5019186235007841,0.8501121724884941,1,Blocked
617,17,0,0.9962775338602641,0.7186262134472031,1,Blocked
618,18,0,0.7878865884039196,0.7723434535108873,1,Blocked
619,19,0,0.39024446806027785,0.8080827140741491,1,Blocked
620,20,0,0.9960718658751841,0.608863176678818,1,Blocked
621,21,0,0.07792170229417396,0.7926959059456584,1,Blocked
622,22,0,0.929821909203138,0.7235073888319186,1,Blocked
623,23,0,0.19799478832244788,0.5680662463609847,1,Blocked
624,24,0,0.708600787713371,0.5162635557611677,1,Blocked
625,25,0,0.2867255097225907,0.7016878268326017,1,Blocked
626,26,0,0.8192909616075497,0.5746585188386379,1,Blocked
627,27,0,0.502175364106554,0.544835067956676,1,Blocked
628,28,0,0.6188247709763913,0.38184659665895215,1,Blocked
629,29,0,0.7704257328775144,0.5940172440296116,1,Blocked
630,30,0,0.5012284155825397,1.5697624308720743,1,Blocked
631,31,0,0.9761071298667818,0.39274141467240176,1,Blocked
632,32,0,0.18123233219339444,0.779602027613528,1,Blocked
633,33,0,0.6082726816964777,0.8210595353742425,1,Blocked
634,34,0,0.5084674580113797,0.7868381890571521,1,Blocked
635,35,0,0.39717999344598903,0.645459122928222,1,Blocked
636,36,0,0.9825062572787205,0.6792236622823242,1,Blocked
637,37,0,0.4527881778637802,0.8936464000017313,1,Blocked
638,38,0,0.364938536723189,0.6842229399391582,1,Blocked
639,39,0,0.9712692645060215,0.5896126638616599,1,Blocked
640,40,0,0.4957333589678864,0.7676897836257999,1,Blocked
641,41,0,0.6273389540905169,0.49349464849364055,1,Blocked
642,42,0,0.02802641498415045,0.8069908643854329,1,Blocked
643,43,0,0.5707322379104314,0.812891266227982,1,Blocked
644,44,0,0.9942274254776959,0.7830319690614795,1,Blocked
645,45,0,0.054961007922468004,0.8918896452318668,1,Blocked
646,46,0,0.5067755614041699,0.6998929510755647,1,Blocked
647,47,0,0.43965626018765736,0.6751166702020315,1,Blocked
648,48,0,0.5138878690837021,0.6241161384886955,1,Blocked
649,49,0,0.2687032309929552,0.5247051492734025,1,Blocked
650,50,0,0.7382517499975558,0.7117331422945783,1,Blocked
651,51,0,0.9925154263249479,1.758063763173488,1,Blocked
652,52,0,0.5035379684928185,0.7675733955048382,1,Blocked
653,53,0,0.4821592269346305,0.8063506371731282,1,Blocked
654,54,0,0.054928861648834294,0.9776042900731299,1,Blocked
655,55,0,0.7099533336345166,0.7750703202096214,1,Blocked
656,56,0,0.5041086326140902,0.7626148953904774,1,Blocked
657,57,0,0.9800302570917531,0.6002702538323508,1,Blocked
658,58,0,0.7503855946327052,0.7589239207278953,1,Blocked
659,59,0,0.7040429423352483,0.676702081680153,1,Blocked
660,60,0,0.6949001152186994,0.4990799724049031,1,Blocked
661,61,0,0.5206938154457427,0.921054436572347,1,Blocked
662,62,0,0.9942516199886418,0.6313155831381123,1,Blocked
663,63,0,0.5156445587553469,0.94149278365416,1,Blocked
664,64,0,0.954033811604452,0.7614505688668209,1,Blocked
665,65,0,0.7379895942482992,0.6657740939403037,1,Blocked
666,66,0,0.9996266331367476,0.5458616302424018,1,Blocked
667,67,0,0.9816107848012889,0.7209718648367758,1,Blocked
668,68,0,0.9924629902747917,0.8688644451048819,1,Blocked
669,69,0,0.32285546550289135,0.8056852565928561,1,Blocked
670,70,0,0.9869390316566086,0.5146790271473286,1,Blocked
671,71,0,0.4132426412990285,0.7584499723347632,1,Blocked
672,72,0,0.5004968344677495,0.8502279269363782,1,Blocked
673,73,0,0.5629047117085296,0.7382748614723984,1,Blocked
674,74,0,0.022586919652611167,0.7628240169734751,1,Blocked
675,75,0,0.13254339826373518,0.6004341708065994,1,Blocked
676,76,0,0.008014079427842997,0.7519418268239545,1,Blocked
677,77,0,0.2655337782814009,0.7290425979250631,1,Blocked
678,78,0,0.04477489901980973,0.7541488533261299,1,Blocked
679,79,0,0.6563115238240305,0.5991018159304184,1,Blocked
680,80,0,0.3682820133471529,0.7686323992398241,1,Blocked
681,81,0,0.6227277161760183,0.5111696462501509,1,Blocked
682,82,0,0.3201906867031118,0.7542744526393804,1,Blocked
683,83,0,0.001839017980954143,1.1804895199124978,1,Blocked
684,84,0,0.78797343964969,0.8174470273889957,1,Blocked
685,85,0,0.07383778576586275,1.3631921483953273,1,Blocked
686,86,0,0.9991701954401244,1.0945294066994133,1,Blocked
687,87,0,0.4928507332246957,0.7408834939169386,1,Blocked
688,88,0,0.6037687965280407,0.625935854646532,1,Blocked
689,89,0,0.43295540278538475,0.668010369690244,1,Blocked
690,90,0,0.9449874585526338,0.4720429892511862,1,Blocked
691,91,0,0.38758837331566676,0.6316452406417516,1,Blocked
692,92,0,0.4160104748402709,0.6597323076920377,1,Blocked
693,93,0,0.5705575575628823,0.6226143044670301,1,Blocked
694,94,0,0.7500175256243561,0.5709726008156377,1,Blocked
695,95,0,0.9900534092835744,0.6578415139217402,1,Blocked
696,96,0,0.5048861588462479,0.620290509959842,1,Blocked
697,97,0,0.8800938751715168,0.7601383085057662,1,Blocked
698,98,0,0.5814267980494556,0.6093300074394252,1,Blocked
699,99,0,0.43771583539021824,0.7090842780499773,1,Blocked
700,100,0,0.5730284635373238,0.48432402152020243,1,Blocked
701,101,0,0.8019573762674785,0.5749700405376184,1,Blocked
702,102,0,0.39793444415945195,0.825365702240072,1,Blocked
703,103,0,0.4933623880858378,0.5103078750511761,1,Blocked
704,104,0,0.7462897757532903,0.4663384203697942,1,Blocked
705,105,0,0.6998729593911631,0.6256628880976067,1,Blocked
706,106,0,0.24966688239847934,0.8415161252151269,1,Blocked
707,107,0,0.8382712102215321,0.5354487612856687,1,Blocked
708,108,0,0.5147219826761577,0.6434913606621611,1,Blocked
709,109,0,0.445593412152384,0.7381156214607975,1,Blocked
710,110,0,0.16281408563361252,0.7411988467415006,1,Blocked
711,111,0,0.9842859626845364,0.5887925392807476,1,Blocked
712,112,0,0.3562376284004818,0.7512030952053215,1,Blocked
713,113,0,0.21484249226780303,0.9134384876826203,1,Blocked
714,114,0,0.9177544377109689,0.6211374480657144,1,Blocked
715,115,0,0.6611102820958883,0.7805348804649772,1,Blocked
716,116,0,0.2365547176009373,0.686865412820346,1,Blocked
717,117,0,0.47701818897998627,0.6538220595718658,1,Blocked
718,118,0,0.4500934751831582,0.6921222912673055,1,Blocked
719,119,0,0.8276429884967605,0.3510559340802149,1,Blocked
720,120,0,0.00717243975830233,0.5676979328095493,1,Blocked
721,121,0,0.6111491139608317,0.4380582205052108,1,Blocked
722,122,0,0.36857772572122116,0.8347188177061493,1,Blocked
723,123,0,0.6933510765964609,0.7985980414198248,1,Blocked
724,124,0,0.011180675086806929,1.0099662387163093,1,Blocked
725,125,0,0.23399945536485217,0.780131733078993,1,Blocked
726,126,0,0.9893102995914539,0.6442836370174834,1,Blocked
727,127,0,0.9841106781948914,0.5096704033084187,1,Blocked
728,128,0,0.25687115511902375,0.5836126465240028,1,Blocked
729,129,0,0.4456647799798806,0.6082215405588935,1,Blocked
730,130,0,0.9901922615713153,0.6934421331881583,1,Blocked
731,131,0,0.989883100314026,0.9216098552482992,1,Blocked
732,132,0,0.2659262523676992,0.9252430955303362,1,Blocked
733,133,0,0.5771297635932714,1.4250211150164445,1,Blocked
734,134,0,0.49477255230473716,0.8996472744855153,1,Blocked
735,135,0,0.11295034919243006,0.6324192609987069,1,Blocked
736,136,0,0.9752701697807975,0.5392091982005734,1,Blocked
737,137,0,0.9996243633753858,0.4817185773859143,1,Blocked
738,138,0,0.9902188043510562,0.8371003311257326,1,Blocked
739,139,0,0.5462681973047273,0.6633062248187513,1,Blocked
740,140,0,0.0013948401443017306,1.0600763995572091,1,Blocked
741,141,0,0.9864567950603808,0.6544220057670054,1,Blocked
742,142,0,0.8186601077450046,0.42883666030595136,1,Blocked
743,143,0,0.008684519938136293,0.7736534847206938,1,Blocked
744,144,0,0.4475287728761151,0.571029834286432,1,Blocked
745,145,0,0.32047870855858895,0.677011476547867,1,Blocked
746,146,0,0.3838689337726227,0.9329878919001559,1,Blocked
747,147,0,0.9898753211378856,0.5728509504995112,1,Blocked
748,148,0,0.8637012822831432,0.30497384547374845,1,Blocked
749,149,0,0.9500971905478457,0.4277030102965398,1,Blocked
750,150,0,0.9342190945063678,0.5214539707370414,1,Blocked
751,151,0,0.9933977940710069,0.5225636831180218,1,Blocked
752,152,0,0.6401713222896872,0.6027820739903433,1,Blocked
753,153,0,0.6193687356670543,0.4701299511840492,1,Blocked
754,154,0,0.02965969526597062,0.5486420483560976,1,Blocked
755,155,0,0.9890138019235579,0.48906831539468576,1,Blocked
756,156,0,0.03265852193850805,0.7510138113297036,1,Blocked
757,157,0,0.1527197430551183,0.7845324153168602,1,Blocked
758,158,0,0.49573101040809403,1.1854416211809446,1,Blocked
759,159,0,0.5277746349377253,0.9471423668200907,1,Blocked
760,160,0,0.5350518949776416,0.9889288246823833,1,Blocked
761,161,0,0.18527845749859465,0.7807618056015663,1,Blocked
762,162,0,0.9246559057042609,0.6721825819222994,1,Blocked
763,163,0,0.9153153767782007,0.6130237061042273,1,Blocked
764,164,0,0.5341294001648998,0.7424732808116064,1,Blocked
765,165,0,0.9993364313351545,0.8118919688886184,1,Blocked
766,166,0,0.6484428696405995,0.5125314572688369,1,Blocked
767,167,0,0.5909014580156169,0.5661819044659931,1,Blocked
768,168,0,0.5177220853706018,0.6002806949645054,1,Blocked
769,169,0,0.27387635509835384,0.5359794785439415,1,Blocked
770,170,0,0.998424127806331,0.5418884130159007,1,Blocked
771,171,0,0.007225744981742319,0.7786549883724013,1,Blocked
772,172,0,0.3333481518510102,0.8893064738441303,1,Blocked
773,173,0,0.500177614945236,1.909683309126443,1,Blocked
774,174,0,0.7848084610285817,0.8727930600037337,1,Blocked
775,175,0,0.7218635449870281,0.7169792163674915,1,Blocked
776,176,0,0.5608740585766229,0.6071689512285986,1,Blocked
777,177,0,0.5417545840608794,0.6251510177126529,1,Blocked
778,178,0,0.9679883265469054,0.711442859312001,1,Blocked
779,179,0,0.9477653197662366,0.5877341086518912,1,Blocked
780,180,0,0.9705895216588079,0.5789948249196616,1,Blocked
781,181,0,0.06594632486160275,0.9430749424750051,1,Blocked
782,182,0,0.9868925729274232,0.6158710224981818,1,Blocked
783,183,0,0.27465937256659495,0.4723019181749718,1,Blocked
784,184,0,0.012295997950372922,0.7490894173649083,1,Blocked
785,185,0,0.4704180735161298,0.4679914165925849,1,Blocked
786,186,0,0.34283395551252904,0.6380667421575799,1,Blocked
787,187,0,0.7068286981685216,0.4362446644075884,1,Blocked
788,188,0,0.17141924266552952,0.6416905109118349,1,Blocked
789,189,0,0.8247879540703131,0.7586012028823138,1,Blocked
790,190,0,0.9707858557623725,0.5828186074187633,1,Blocked
791,191,0,0.4026858091968788,0.749576965939771,1,Blocked
792,192,0,0.5624193337838861,0.5284833010568022,1,Blocked
793,193,0,0.5045642706830112,0.6131374305151063,1,Blocked
794,194,0,0.21648548947945717,0.4619433568994019,1,Blocked
795,195,0,0.8774096621666692,0.5922036934887236,1,Blocked
796,196,0,0.025671492037568234,0.6411759434566456,1,Blocked
797,197,0,0.7665256803045991,0.6482478398160478,1,Blocked
798,198,0,0.5062013279400528,0.6726305129140144,1,Blocked
799,199,0,0.9960897870610628,0.7604391571204743,1,Blocked
800,0,0,0.2770631759124671,0.5086325379240377,1,Interleaved
801,1,0,0.7228783604163103,0.5770131891853494,1,Interleaved
802,2,0,0.500863874604051,0.7154250321209401,1,Interleaved
803,3,0,0.18939064897473423,0.9664590567639504,1,Interleaved
804,4,0,0.9410053517460497,0.9508178274509769,1,Interleaved
805,5,0,0.9943570475615702,0.5221900129261312,1,Interleaved
806,6,0,0.5015497225435431,0.8207319212071842,1,Interleaved
807,7,0,0.38597161970716204,0.8214699117858666,1,Interleaved
808,8,0,0.5250150432223708,0.6479544463059049,1,Interleaved
809,9,0,0.005988063314053693,0.6120320300820337,1,Interleaved
810,10,0,0.40179704805465905,0.6704789470662047,1,Interleaved
811,11,0,0.6293184896555111,0.6060520826073019,1,Interleaved
812,12,0,0.5935613628472154,0.46881352886516287,1,Interleaved
813,13,0,0.4948955030725192,0.6543613315922516,1,Interleaved
814,14,0,0.427574616768157,0.8240197217957157,1,Interleaved
815,15,0,0.5139788454676848,0.6567644868944826,1,Interleaved
816,16,0,0.38811635034846004,0.6591394537501083,1,Interleaved
817,17,0,0.5175389706269258,0.5817764929010726,1,Interleaved
818,18,0,0.8041661815090724,0.5133197539670926,1,Interleaved
819,19,0,0.5336142597785735,0.7198429626657352,1,Interleaved
820,20,0,0.016541862713874533,0.8650046757921999,1,Interleaved
821,21,0,0.5593933201938555,0.47282509757821234,1,Interleaved
822,22,0,0.9841434649542373,0.5298423211943109,1,Interleaved
823,23,0,0.01053668609136853,0.6948964862118783,1,Interleaved
824,24,0,0.5925036145618684,0.7523500789413546,1,Interleaved
825,25,0,0.3995069726929418,0.5492566223158715,1,Interleaved
826,26,0,0.2317232527790399,0.7589695101353754,1,Interleaved
827,27,0,0.45907855864026914,0.6885509919991761,1,Interleaved
828,28,0,0.7770752506895917,0.5340343756831887,1,Interleaved
829,29,0,0.6590858440536344,0.5404422538410079,1,Interleaved
830,30,0,0.501097690230302,0.843936454774337,1,Interleaved
831,31,0,0.6212298475295637,0.7118039451207103,1,Interleaved
832,32,0,0.9052227601068512,0.5046811925632507,1,Interleaved
833,33,0,0.5022885053731583,0.6520264013983083,1,Interleaved
834,34,0,0.4906488993646977,0.6654558137833522,1,Interleaved
835,35,0,0.942839940905163,0.5519937612602133,1,Interleaved
836,36,0,0.8841768422173828,0.6692447769212579,1,Interleaved
837,37,0,0.4705723280557732,0.9037516898913842,1,Interleaved
838,38,0,0.8505863652931436,0.715622386767073,1,Interleaved
839,39,0,0.5345438317598977,0.6779705389563228,1,Interleaved
840,40,0,0.0006029207606079979,0.8531749796599728,1,Interleaved
841,41,0,0.47477936264007087,0.7667107170786429,1,Interleaved
842,42,0,0.4953436260119957,0.9652988833358488,1,Interleaved
843,43,0,0.08291946860872598,0.7508232016995209,1,Interleaved
844,44,0,0.5247831130690583,0.6823338361870315,1,Interleaved
845,45,0,0.5114338207162532,0.8422792045384793,1,Interleaved
846,46,0,0.6503869347059963,0.6354191589152991,1,Interleaved
847,47,0,0.5285530582431508,0.38800316774899896,1,Interleaved
848,48,0,0.5013859889686677,0.48905418410548185,1,Interleaved
849,49,0,0.9528842055958835,0.5977011841107274,1,Interleaved
850,50,0,0.9500409329084208,0.8454158350780498,1,Interleaved
851,51,0,0.5206039998795395,0.9614057278874912,1,Interleaved
852,52,0,0.54100173552007,0.6236998433597517,1,Interleaved
853,53,0,0.44565864334508837,0.5910917868894556,1,Interleaved
854,54,0,0.887846026826566,0.6234468545563154,1,Interleaved
855,55,0,0.6433443999294542,0.7505720528125921,1,Interleaved
856,56,0,0.36199401628878436,0.9309086617817341,1,Interleaved
857,57,0,0.500056800993167,0.8181048475162135,1,Interleaved
858,58,0,0.39321991317737826,0.5417121847596067,1,Interleaved
859,59,0,0.7908893275587277,0.8992771495506435,1,Interleaved
860,60,0,0.0010989080548606612,1.030945317555474,1,Interleaved
861,61,0,0.6482565200036576,0.6970674960674935,1,Interleaved
862,62,0,0.18516284865125673,0.5474219519635973,1,Interleaved
863,63,0,0.6542434743507388,0.5333201822161966,1,Interleaved
864,64,0,0.15985884614192808,0.577593394254833,1,Interleaved
865,65,0,0.4325296078197052,0.5754817063599516,1,Interleaved
866,66,0,0.4757652793653346,0.7973525323631787,1,Interleaved
867,67,0,0.9763791596673225,0.7661399358128317,1,Interleaved
868,68,0,0.2801831365778231,1.1072435269193175,1,Interleaved
869,69,0,0.48287845142972263,0.8994041506732439,1,Interleaved
870,70,0,0.04853902848762394,0.5639765240273003,1,Interleaved
871,71,0,0.0013759317188306824,1.015674109326441,1,Interleaved
872,72,0,0.23461309298801805,0.8540188500142267,1,Interleaved
873,73,0,0.5256713694795957,0.6995939290510355,1,Interleaved
874,74,0,0.22441900777516788,0.6535550073941205,1,Interleaved
875,75,0,0.7419390576229804,0.6016147009637905,1,Interleaved
876,76,0,0.5580193316175472,0.5509311199854102,1,Interleaved
877,77,0,0.499978657919867,2.290442895254803,1,Interleaved
878,78,0,0.3772824313503064,0.9039896434952628,1,Interleaved
879,79,0,0.8005209249855776,0.44492213648801393,1,Interleaved
880,80,0,0.8094821404904957,0.5652831374520461,1,Interleaved
881,81,0,0.5610277912960298,0.8960431960903119,1,Interleaved
882,82,0,0.10282544075185698,0.7495843929905832,1,Interleaved
883,83,0,0.2041512811683078,0.5239808148026563,1,Interleaved
884,84,0,0.6455870252598651,0.6058119757176308,1,Interleaved
885,85,0,0.9786996024229351,0.599538793822417,1,Interleaved
886,86,0,0.028037136068786404,0.7940616983450852,1,Interleaved
887,87,0,0.49940880182422187,0.7895327674685008,1,Interleaved
888,88,0,0.5003579500682397,0.42165261607939936,1,Interleaved
889,89,0,0.002056440646171745,0.5492646852264713,1,Interleaved
890,90,0,0.9815813976734267,0.5189898606071235,1,Interleaved
891,91,0,0.49979126052235,1.1494341493109008,1,Interleaved
892,92,0,0.4932248131409602,1.754145727259354,1,Interleaved
893,93,0,0.9273573417767138,0.7658974335939656,1,Interleaved
894,94,0,0.23935323790021623,0.8105820549889826,1,Interleaved
895,95,0,0.5092759630649104,0.5864976726434714,1,Interleaved
896,96,0,0.5454082601230632,0.5394083692468232,1,Interleaved
897,97,0,0.48488059517761317,0.6172924365181213,1,Interleaved
898,98,0,0.9979766892688762,0.7012254324094582,1,Interleaved
899,99,0,0.040471184767740795,0.9161150667937596,1,Interleaved
900,100,0,0.6359737699228897,1.0331092245839049,1,Interleaved
901,101,0,0.9960569648131656,0.8710292030167522,1,Interleaved
902,102,0,0.027782372054748095,0.981260265256859,1,Interleaved
903,103,0,0.5937617863800803,0.793486578553068,1,Interleaved
904,104,0,0.15176963689161435,0.9159392670065448,1,Interleaved
905,105,0,0.4999259595863499,0.8148761861321845,1,Interleaved
906,106,0,0.9759316225934356,0.821645502077216,1,Interleaved
907,107,0,0.39775631752786794,0.7728666001431435,1,Interleaved
908,108,0,0.482110117523719,0.8355654059902218,1,Interleaved
909,109,0,0.9741588984343703,0.7454229719594829,1,Interleaved
910,110,0,0.9001203622547271,0.8144214328552364,1,Interleaved
911,111,0,0.5815868956147818,0.7321201700850062,1,Interleaved
912,112,0,0.004192704606155723,0.8033840904664638,1,Interleaved
913,113,0,0.022292710169042655,0.7219296178385739,1,Interleaved
914,114,0,0.9734875867648176,0.865891619165136,1,Interleaved
915,115,0,0.03870961285683523,0.6652820663397436,1,Interleaved
916,116,0,0.002955703890755817,0.8626898167553965,1,Interleaved
917,117,0,0.18815999722569035,0.8747547200163734,1,Interleaved
918,118,0,0.4831299025869787,0.8887894908776286,1,Interleaved
919,119,0,0.5412455736318429,0.6997184255149969,1,Interleaved
920,120,0,0.9828609027827548,0.7555792052725328,1,Interleaved
921,121,0,0.49865924785586085,0.8817093419624688,1,Interleaved
922,122,0,0.6344612434423602,0.5558581070839046,1,Interleaved
923,123,0,0.7526915308226481,0.5240837104233644,1,Interleaved
924,124,0,0.6105379815691616,0.5668453593435744,1,Interleaved
925,125,0,0.5661934922644061,0.7007346316286376,1,Interleaved
926,126,0,0.4528635721560272,0.6183182705045829,1,Interleaved
927,127,0,0.42282998431158564,0.5983413880137164,1,Interleaved
928,128,0,0.15835754675214572,0.7293931008595909,1,Interleaved
929,129,0,0.2948473737815949,0.8824067269900618,1,Interleaved
930,130,0,0.018368471621795657,0.7129669144586095,1,Interleaved
931,131,0,0.3167259560295704,0.7198830860809655,1,Interleaved
932,132,0,0.9260090997482133,0.6094078947007653,1,Interleaved
933,133,0,0.24886048897378452,0.7389170967362025,1,Interleaved
934,134,0,0.43987852426263907,0.6589446063419703,1,Interleaved
935,135,0,0.7700222343872873,0.6082675821854959,1,Interleaved
936,136,0,0.5061003971420204,0.5428224150665286,1,Interleaved
937,137,0,0.23881329707482674,0.5468139709100769,1,Interleaved
938,138,0,0.5840715694186068,0.7380875376749549,1,Interleaved
939,139,0,0.5304681370465594,0.8290225482614282,1,Interleaved
940,140,0,0.4891277246800096,0.5749536007177364,1,Interleaved
941,141,0,0.020173539080693036,0.526314398013074,1,Interleaved
942,142,0,0.5285594022688692,0.626447443731708,1,Interleaved
943,143,0,0.5050386357459822,0.8569431165173972,1,Interleaved
944,144,0,0.48757328124891425,0.8569148396006765,1,Interleaved
945,145,0,0.5007983023174746,0.540984202175173,1,Interleaved
946,146,0,0.610092081233259,0.4585053609765613,1,Interleaved
947,147,0,0.8942344908900106,0.3685162841290769,1,Interleaved
948,148,0,0.2098645525462096,0.6573398569842586,1,Interleaved
949,149,0,0.9274587867057551,0.4882337725934426,1,Interleaved
950,150,0,0.6206273784668779,0.49859893009692957,1,Interleaved
951,151,0,0.3458370340640211,0.4530475009234606,1,Interleaved
952,152,0,0.9986199183012265,0.47581568998262624,1,Interleaved
953,153,0,0.9868506541794373,0.6883583053925204,1,Interleaved
954,154,0,0.4626987466195138,1.1921741135026516,1,Interleaved
955,155,0,0.3739335468115058,0.8483417217631606,1,Interleaved
956,156,0,0.5479410906181268,0.7476006959285019,1,Interleaved
957,157,0,0.6410276760488695,0.6605896921088137,1,Interleaved
958,158,0,0.7371997321856416,0.6177694536887309,1,Interleaved
959,159,0,0.9546562416328978,0.5241412821571285,1,Interleaved
960,160,0,0.8428635562962219,0.7437309015097608,1,Interleaved
961,161,0,0.3493469495868639,0.6969440962425131,1,Interleaved
962,162,0,0.05415574306286116,0.8224226013756103,1,Interleaved
963,163,0,0.6104177742686602,0.9115042380830365,1,Interleaved
964,164,0,0.9955231608241706,0.6021239035634205,1,Interleaved
965,165,0,0.9875342737121615,0.804222682332483,1,Interleaved
966,166,0,0.12790596224081138,0.714926928736725,1,Interleaved
967,167,0,0.9897893841814944,0.5734754910616169,1,Interleaved
968,168,0,0.1763469990825608,0.6401696364763668,1,Interleaved
969,169,0,0.7508479837166064,0.5926527721872935,1,Interleaved
970,170,0,0.8278134830053983,0.5614044240994588,1,Interleaved
971,171,0,0.3205053455083898,0.5837458835288811,1,Interleaved
972,172,0,0.8183898183143197,0.723325638309052,1,Interleaved
973,173,0,0.3609785088540159,0.4403561990560779,1,Interleaved
974,174,0,0.5242095635956197,0.6392276864652726,1,Interleaved
975,175,0,0.45001592930039935,0.7196469297595807,1,Interleaved
976,176,0,0.5595072297581235,0.5818421034755616,1,Interleaved
977,177,0,0.4946629562277069,0.5144739522306443,1,Interleaved
978,178,0,0.5504640126370358,0.4639184612444047,1,Interleaved
979,179,0,0.5253350676114951,0.40820173717126107,1,Interleaved
980,180,0,0.2769261852715498,0.4931593828534172,1,Interleaved
981,181,0,0.5652551270894431,0.6703570700256652,1,Interleaved
982,182,0,0.5009379626622208,0.5622063527288376,1,Interleaved
983,183,0,0.9595977567112514,0.43081101149191786,1,Interleaved
984,184,0,0.16753976663927722,0.3839753506291196,1,Interleaved
985,185,0,0.9031094843037824,0.5925203471293662,1,Interleaved
986,186,0,0.9149487649033611,0.5026365342943466,1,Interleaved
987,187,0,0.7811662383641984,0.49391734461725445,1,Interleaved
988,188,0,0.9342581921136814,0.6111702027713237,1,Interleaved
989,189,0,0.9928176719454203,0.6812895025674643,1,Interleaved
990,190,0,0.20310580039654352,0.7028512018779243,1,Interleaved
991,191,0,0.5050336454709065,0.5880536351734509,1,Interleaved
992,192,0,0.08424493103699801,0.6453272153906651,1,Interleaved
993,193,0,0.025705827578543512,0.639566255490336,1,Interleaved
994,194,0,0.44203969158762974,0.6086178092513816,1,Interleaved
995,195,0,0.51102746190173,0.5874511218970149,1,Interleaved
996,196,0,0.965982948535175,0.5518506113852204,1,Interleaved
997,197,0,0.49619212215342157,0.6922169560773037,1,Interleaved
998,198,0,0.505633225247923,0.5249944912143171,1,Interleaved
999,199,0,0.5586672776321111,0.6053163271087855,1,Interleaved
1000,0,0,0.501127426999257,1.0833766943702279,1,Instructed
1001,1,0,0.5685108506909474,0.7726640502702947,1,Instructed
1002,2,0,0.7523831454537582,1.0216683644841906,1,Instructed
1003,3,0,0.4266094475274261,1.0235293008380608,1,Instructed
1004,4,0,0.8523913245152376,0.7950535361483408,1,Instructed
1005,5,0,0.5949724248443806,0.644474207026165,1,Instructed
1006,6,0,0.6884810888490271,0.6874342548530362,1,Instructed
1007,7,0,0.2306206466642681,0.9047063553574617,1,Instructed
1008,8,0,0.08462624814663704,0.9128947722310442,1,Instructed
1009,9,0,0.09403224855820334,0.847019763934669,1,Instructed
1010,10,0,0.19020883196294808,0.7555118480195022,1,Instructed
1011,11,0,0.6505045476570296,0.9007770075755313,1,Instructed
1012,12,0,0.6942750150913802,0.7932088874029986,1,Instructed
1013,13,0,0.631665707552314,0.9152716366241129,1,Instructed
1014,14,0,0.5540943703530075,1.021656169923785,1,Instructed
1015,15,0,0.3399693677551037,0.8153456920869551,1,Instructed
1016,16,0,0.516914260661062,0.7421579307943909,1,Instructed
1017,17,0,0.2908594177598203,0.8630179933379036,1,Instructed
1018,18,0,0.5289227228191621,0.9984220328654456,1,Instructed
1019,19,0,0.49389878757489347,0.7499033021214094,1,Instructed
1020,20,0,0.5058301671775577,0.9266784239745469,1,Instructed
1021,21,0,0.28906368707649777,1.3859651574683283,1,Instructed
1022,22,0,0.08057044406956232,0.961790379691153,1,Instructed
1023,23,0,0.5641699838172965,0.6895308874984656,1,Instructed
1024,24,0,0.500354723254742,1.1361314371660232,1,Instructed
1025,25,0,0.9684442346863371,0.8697277136200254,1,Instructed
1026,26,0,0.9267763237053883,0.9457301558002084,1,Instructed
1027,27,0,0.17002152653936195,0.9361285208421242,1,Instructed
1028,28,0,0.9914628307891252,0.919760977039919,1,Instructed
1029,29,0,0.26893198599082324,0.7809274239024622,1,Instructed
1030,30,0,0.9818366534092955,0.653330740072639,1,Instructed
1031,31,0,0.011974784440745454,0.8180646925933336,1,Instructed
1032,32,0,0.7749890109263993,0.7471184694882732,1,Instructed
1033,33,0,0.3274886544097842,0.8418025751708343,1,Instructed
1034,34,0,0.16960594702113968,0.7746294282540227,1,Instructed
1035,35,0,0.22226285650122524,0.8968277598159,1,Instructed
1036,36,0,0.49964481402905553,0.7958379860414243,1,Instructed
1037,37,0,0.6237998140598133,0.596348386746909,1,Instructed
1038,38,0,0.9392136210413934,0.7242109377278451,1,Instructed
1039,39,0,0.9779367918236908,0.9327046792424261,1,Instructed
1040,40,0,0.7075195027696621,0.8610941477001313,1,Instructed
1041,41,0,0.5146036037790241,0.6174147927603836,1,Instructed
1042,42,0,0.5236643703017875,0.9020481719495933,1,Instructed
1043,43,0,0.8269116387099942,0.6901354729477358,1,Instructed
1044,44,0,0.5270014167453503,0.7966238183537823,1,Instructed
1045,45,0,0.6954272564285072,0.8976373409355665,1,Instructed
1046,46,0,0.39683948648510786,1.0907396603154875,1,Instructed
1047,47,0,0.3959198900213319,1.1159688923221585,1,Instructed
1048,48,0,0.514377419763001,0.8030595591490248,1,Instructed
1049,49,0,0.7302832390956084,0.511720831508555,1,Instructed
1050,50,0,0.22045383631415305,0.567752619494775,1,Instructed
1051,51,0,0.4866826777028868,0.8877817611688164,1,Instructed
1052,52,0,0.9212511309291953,0.5324715826753803,1,Instructed
1053,53,0,0.04810606630178162,0.6716662540707183,1,Instructed
1054,54,0,0.3301304108705051,0.7523949759128659,1,Instructed
1055,55,0,0.890852560787931,0.7459217047835722,1,Instructed
1056,56,0,0.4491697820433193,0.9150030563849617,1,Instructed
1057,57,0,0.9378315966894455,0.7120768658721275,1,Instructed
1058,58,0,0.5658529532358606,0.8526053070622903,1,Instructed
1059,59,0,0.7431444297961172,1.0004833447737225,1,Instructed
1060,60,0,0.7581718737723412,0.7720131730315253,1,Instructed
1061,61,0,0.19103023751361398,0.7910737965977045,1,Instructed
1062,62,0,0.5150478660042945,0.5729120785586805,1,Instructed
1063,63,0,0.9944348596772299,0.7573155544163407,1,Instructed
1064,64,0,0.33372888680497187,0.8472255084604912,1,Instructed
1065,65,0,3.6118834543646032e-06,1.7057228826221231,1,Instructed
1066,66,0,0.4990609335658105,0.6721102458387449,1,Instructed
1067,67,0,0.8837247723628838,0.6806489084183012,1,Instructed
1068,68,0,0.19287602746762822,0.8044434052742931,1,Instructed
1069,69,0,0.34728921269214297,0.9608772821405229,1,Instructed
1070,70,0,0.6115079972975839,0.9966009038480332,1,Instructed
1071,71,0,0.217191471448068,0.9756509488698151,1,Instructed
1072,72,0,0.7747003998384643,0.8122772132528806,1,Instructed
1073,73,0,0.9026178919036846,0.6128794317615586,1,Instructed
1074,74,0,0.41713177916449745,0.6683257899496382,1,Instructed
1075,75,0,0.5803954173505979,0.7587124864377786,1,Instructed
1076,76,0,0.668430818752332,0.6680932638060673,1,Instructed
1077,77,0,0.8330646859992668,0.39729758701722423,1,Instructed
1078,78,0,0.7206991894094574,0.5113313306319933,1,Instructed
1079,79,0,0.45212101273601724,0.6857074386410023,1,Instructed
1080,80,0,0.5103476671059938,0.8823482278487744,1,Instructed
1081,81,0,0.9427673799457656,0.5723003431973479,1,Instructed
1082,82,0,0.4361016171029505,0.7424408845896715,1,Instructed
1083,83,0,0.9216989863627624,0.6116420283059679,1,Instructed
1084,84,0,0.1107207154085819,0.6995576995844361,1,Instructed
1085,85,0,0.36517669473704084,0.6379509208225524,1,Instructed
1086,86,0,0.5076283178733423,0.7400419742999718,1,Instructed
1087,87,0,0.18934556962334165,0.6662470003197343,1,Instructed
1088,88,0,0.8781518124809478,0.8575090842964104,1,Instructed
1089,89,0,0.5516805735624124,0.5532709098702626,1,Instructed
1090,90,0,0.34695781358444044,0.7619388595149563,1,Instructed
1091,91,0,0.36037902443008885,0.6558029255849731,1,Instructed
1092,92,0,0.6365146121887657,0.6469676401078045,1,Instructed
1093,93,0,0.9999960956977652,1.555294510653336,1,Instructed
1094,94,0,0.38534531987867127,0.7806848670347515,1,Instructed
1095,95,0,0.2987806581023678,0.49078105315725085,1,Instructed
1096,96,0,0.6031160035176963,0.7039698051798207,1,Instructed
1097,97,0,0.6551732343032751,0.7824799987638664,1,Instructed
1098,98,0,0.5048591100266842,0.6750831696476256,1,Instructed
1099,99,0,0.06481728829221635,0.9663009483372242,1,Instructed
1100,100,0,0.49730970448479056,1.079099619574448,1,Instructed
1101,101,0,0.0003667263726248329,1.1620238218162904,1,Instructed
1102,102,0,0.50171304865592,0.9883884467694006,1,Instructed
1103,103,0,0.041363888822556406,0.6280128146602475,1,Instructed
1104,104,0,0.42045261595648836,0.700542623745686,1,Instructed
1105,105,0,0.022430641538287888,0.5360689267617078,1,Instructed
1106,106,0,0.5559677959123119,0.7397599436708244,1,Instructed
1107,107,0,0.9309877491408753,0.9020058787492754,1,Instructed
1108,108,0,0.4995967706060931,0.8970867387861461,1,Instructed
1109,109,0,0.9988957812842586,0.7586339794260754,1,Instructed
1110,110,0,0.47381830490431087,1.0536457449648937,1,Instructed
1111,111,0,0.5839306899180144,0.9799906580924451,1,Instructed
1112,112,0,0.06206153386216144,0.6830017649595177,1,Instructed
1113,113,0,0.9880635387334494,0.47418949622297846,1,Instructed
1114,114,0,0.9606784604715888,0.6696399610482071,1,Instructed
1115,115,0,0.20544240017455537,1.0250096715972385,1,Instructed
1116,116,0,0.48302885975496446,1.2129321222648777,1,Instructed
1117,117,0,0.5025535743050858,1.013635456879248,1,Instructed
1118,118,0,0.5027351066019909,0.9285045325208758,1,Instructed
1119,119,0,0.7388667665243035,0.6999053758009743,1,Instructed
1120,120,0,0.5949897702161481,0.5386144294560298,1,Instructed
1121,121,0,0.7813474189207714,0.4533229431695192,1,Instructed
1122,122,0,0.2671520427235885,0.7311751637881463,1,Instructed
1123,123,0,0.6032574995659489,0.6937802009120424,1,Instructed
1124,124,0,0.12014921675845894,0.4649654218716828,1,Instructed
1125,125,0,0.15356747926480788,0.7381648063223646,1,Instructed
1126,126,0,0.524447702265687,0.8893286894063983,1,Instructed
1127,127,0,0.052312521662268616,0.8086790185556997,1,Instructed
1128,128,0,0.509747190160093,0.5257465477119888,1,Instructed
1129,129,0,0.9193903287428219,0.5115329943689025,1,Instructed
1130,130,0,0.40264297488135686,0.8166655816010462,1,Instructed
1131,131,0,0.12754260675404244,0.8034783796016767,1,Instructed
1132,132,0,0.5377739778059836,0.9010237857054476,1,Instructed
1133,133,0,0.132821561746614,0.8560882780284192,1,Instructed
1134,134,0,0.41713443325785277,0.9921115397789461,1,Instructed
1135,135,0,0.009880734872863431,0.8939365091369416,1,Instructed
1136,136,0,0.8383811424126417,0.8060287839732712,1,Instructed
1137,137,0,0.8913925397938127,0.45082357986142246,1,Instructed
1138,138,0,0.5001912103913465,0.5497289092652418,1,Instructed
1139,139,0,0.6490072242213833,0.5286138411194465,1,Instructed
1140,140,0,0.39743064819779644,0.8083961982236263,1,Instructed
1141,141,0,0.14626321801840808,0.788284003576249,1,Instructed
1142,142,0,0.5271817524600053,0.9376675356521684,1,Instructed
1143,143,0,0.43608029349805416,1.0898013649578042,1,Instructed
1144,144,0,0.07351853099919495,0.9532231492278918,1,Instructed
1145,145,0,0.9028997660869023,0.7406694955189084,1,Instructed
1146,146,0,0.11884712843092556,0.6670171658376927,1,Instructed
1147,147,0,0.8091219922776962,0.6016141756464046,1,Instructed
1148,148,0,0.4665520217761551,0.7789820799477118,1,Instructed
1149,149,0,0.007871446535516479,0.9681882051974812,1,Instructed
1150,150,0,0.36358300969767954,0.7423371991759693,1,Instructed
1151,151,0,0.7573593857714018,0.7896965615818372,1,Instructed
1152,152,0,0.28992726039241584,1.0103018591069715,1,Instructed
1153,153,0,0.9880005844970634,0.8588937600354187,1,Instructed
1154,154,0,0.42136508247454313,0.7012092167790829,1,Instructed
1155,155,0,0.9364833002305286,0.5154062523237234,1,Instructed
1156,156,0,0.625646537160729,0.34854647346429557,1,Instructed
1157,157,0,0.2633089581319117,0.7990637541576275,1,Instructed
1158,158,0,0.5440750995185104,0.8462488247332269,1,Instructed
1159,159,0,0.18744649882177628,0.869698442382064,1,Instructed
1160,160,0,0.6974551708729478,0.7906707798892357,1,Instructed
1161,161,0,0.10143297465785749,0.8645407357297434,1,Instructed
1162,162,0,0.4666903037213946,1.0638007688046587,1,Instructed
1163,163,0,0.5378066370079019,0.7009582616040908,1,Instructed
1164,164,0,0.4799687696192036,0.6787112162335462,1,Instructed
1165,165,0,0.8232967003049043,0.9184414870612896,1,Instructed
1166,166,0,0.0671963169853817,0.7118856687476344,1,Instructed
1167,167,0,0.014282190902599834,0.5822940216793018,1,Instructed
1168,168,0,0.4893783570469744,0.9333698788904718,1,Instructed
1169,169,0,0.5188506274752581,1.053458361907452,1,Instructed
1170,170,0,0.6805642762158892,0.5380282053458187,1,Instructed
1171,171,0,0.3251459072676188,0.6511730230526409,1,Instructed
1172,172,0,0.2104806788933009,0.5787365012386373,1,Instructed
1173,173,0,0.7241901346963221,0.624591363599253,1,Instructed
1174,174,0,0.993243812963732,0.6429851840581086,1,Instructed
1175,175,0,0.9595123070878516,1.0213668804958174,1,Instructed
1176,176,0,0.836936724233134,0.6198556809213304,1,Instructed
1177,177,0,0.5138168461586866,0.484228334212365,1,Instructed
1178,178,0,0.9843088643550411,0.5648698588056584,1,Instructed
1179,179,0,0.5481277421039068,0.5898664055983089,1,Instructed
1180,180,0,0.93567988034785,0.5844554577157886,1,Instructed
1181,181,0,0.8905065974584416,0.7970186794431543,1,Instructed
1182,182,0,0.9073798049006316,0.5337375515721365,1,Instructed
1183,183,0,0.21140544209877132,0.9730041526426096,1,Instructed
1184,184,0,0.8270543101575112,0.5278582623774015,1,Instructed
1185,185,0,0.6193883707225744,0.6372175498359901,1,Instructed
1186,186,0,0.027481127785460056,0.5858088491505217,1,Instructed
1187,187,0,0.7328896757814131,0.6596266243322308,1,Instructed
1188,188,0,0.6162311311277915,1.0033325007853706,1,Instructed
1189,189,0,0.4181194781355464,0.522769870743377,1,Instructed
1190,190,0,0.48138780018466876,0.534052721337358,1,Instructed
1191,191,0,0.6726915162547955,0.7524239228919021,1,Instructed
1192,192,0,0.9202923585404706,0.8297943762295887,1,Instructed
1193,193,0,0.9945084012593368,0.7762009853059653,1,Instructed
1194,194,0,0.5270796167014159,0.7893449268031527,1,Instructed
1195,195,0,0.42423330346837795,0.912878377160359,1,Instructed
1196,196,0,0.7512803042957367,1.0550871314928139,1,Instructed
1197,197,0,0.604553649596741,0.6221271023036097,1,Instructed
1198,198,0,0.7803990310459085,0.4298696778881028,1,Instructed
1199,199,0,0.2301152090622725,0.621690845560591,1,Instructed
