,t,e_hat,Accuracy,pe,batch,Condition
0,0,0,0.4609561218556528,0.663600915009582,0,Blocked
1,1,0,0.46902055944156784,0.45898529779781166,0,Blocked
2,2,0,0.18340673803103047,0.6120622659065625,0,Blocked
3,3,0,0.5681683091149026,0.6211196710827461,0,Blocked
4,4,0,0.5456815147062505,0.3884676280160187,0,Blocked
5,5,0,0.5791470654078968,0.6487700673558652,0,Blocked
6,6,0,0.5575653580062767,0.6467524974163681,0,Blocked
7,7,0,0.7459009482563214,0.3519734581644635,0,Blocked
8,8,0,0.7855706863855743,0.47625053410121243,0,Blocked
9,9,0,0.7735372716702131,0.47745480937722856,0,Blocked
10,10,0,0.10858705376457697,0.8008943241627329,0,Blocked
11,11,0,0.1814170463919737,0.6094420325957515,0,Blocked
12,12,0,0.5616428997680631,0.42061713202039847,0,Blocked
13,13,0,0.43894625471905724,0.4513972422814622,0,Blocked
14,14,0,0.35763794071711025,0.5520465131115657,0,Blocked
15,15,0,0.7152208796979793,0.49035259773748174,0,Blocked
16,16,0,0.43191473361450317,0.7266220117559811,0,Blocked
17,17,0,0.5187339089793592,0.3732196866258063,0,Blocked
18,18,0,0.6035700044510071,0.47331659395031966,0,Blocked
19,19,0,0.2782534720844435,0.47286453509478144,0,Blocked
20,20,0,0.9068893748082179,0.5410899892367615,0,Blocked
21,21,0,0.6540319280443432,0.3610516887489509,0,Blocked
22,22,0,0.5191483242318955,0.3968219476997046,0,Blocked
23,23,0,0.6087808859914188,0.4610207598484658,0,Blocked
24,24,0,0.3442519111750197,0.4805843820291327,0,Blocked
25,25,0,0.17700281715033292,0.5916115322001809,0,Blocked
26,26,0,0.7420647415498209,0.3611934392316421,0,Blocked
27,27,0,0.3620580787925888,0.4609030808989929,0,Blocked
28,28,0,0.4791869774949941,0.6109335649108254,0,Blocked
29,29,0,0.5056507717134837,0.5481192126972747,0,Blocked
30,30,0,0.5395146543243869,0.3951534704651446,0,Blocked
31,31,0,0.5222438900061304,0.3955885132022635,0,Blocked
32,32,0,0.5842506650440129,0.4304192783673796,0,Blocked
33,33,0,0.5437984365662673,0.34376783768006636,0,Blocked
34,34,0,0.5765716948615908,0.33601698351839604,0,Blocked
35,35,0,0.6092890847100637,0.47539333326546374,0,Blocked
36,36,0,0.3572870616190296,0.35332940048409994,0,Blocked
37,37,0,0.4288733338899938,0.3951170820460268,0,Blocked
38,38,0,0.5025421746105005,0.37466697065881527,0,Blocked
39,39,0,0.39669654080348155,0.41335402628822654,0,Blocked
40,40,0,0.4137201347938855,0.3905427319650642,0,Blocked
41,41,0,0.2931357955467371,0.4363419299387135,0,Blocked
42,42,0,0.3093071043451583,0.5523760010946297,0,Blocked
43,43,0,0.8463194324285281,0.3140582440081101,0,Blocked
44,44,0,0.05181812759106261,0.679766002507012,0,Blocked
45,45,0,0.09344324418806246,0.5345294465700213,0,Blocked
46,46,0,0.522914262745062,0.5726414966191362,0,Blocked
47,47,0,0.5716235279010212,0.3926523822024638,0,Blocked
48,48,0,0.7717209650079203,0.28765279505078245,0,Blocked
49,49,0,0.9136509296707935,0.32045792537454587,0,Blocked
50,50,0,0.25179178791115553,0.509661450106878,0,Blocked
51,51,0,0.3690346294066498,0.5289487408517712,0,Blocked
52,52,0,0.7279405969151078,0.470716714854514,0,Blocked
53,53,0,0.346468957939384,0.5750045914423816,0,Blocked
54,54,0,0.10105598032120049,0.36198668019338154,0,Blocked
55,55,0,0.2770405905039313,0.42053422600109286,0,Blocked
56,56,0,0.60593852781277,0.29690827716188906,0,Blocked
57,57,0,0.37034507498653735,0.3030768420470126,0,Blocked
58,58,0,0.6608978900382418,0.32497594293110416,0,Blocked
59,59,0,0.8267762742972792,0.5074985384491841,0,Blocked
60,60,0,0.32979655540653763,0.5727350911493829,0,Blocked
61,61,0,0.3142131783746835,0.4739609710709711,0,Blocked
62,62,0,0.6947858943588251,0.48159227754282286,0,Blocked
63,63,0,0.46817961674702346,0.3718497958543039,0,Blocked
64,64,0,0.2761547576648097,0.36547548839478083,0,Blocked
65,65,0,0.9122605528866917,0.3438766899874529,0,Blocked
66,66,0,0.8154668451754975,0.25640375361454393,0,Blocked
67,67,0,0.9798509794454788,0.4134965617725256,0,Blocked
68,68,0,0.09869501924298638,0.5483900016685487,0,Blocked
69,69,0,0.27491691558067555,0.39880497879830196,0,Blocked
70,70,0,0.4530101947746981,0.32501707143834624,0,Blocked
71,71,0,0.5687068473530311,0.3571287788238289,0,Blocked
72,72,0,0.730811204644134,0.2350770284096173,0,Blocked
73,73,0,0.33959845035886116,0.4297346427826393,0,Blocked
74,74,0,0.25346433936098856,0.3650925623037582,0,Blocked
75,75,0,0.901846158078275,0.350796601396242,0,Blocked
76,76,0,0.5128346131533146,0.34632591494361087,0,Blocked
77,77,0,0.39846418222311675,0.3580692108401452,0,Blocked
78,78,0,0.3070589492120389,0.6154250920510275,0,Blocked
79,79,0,0.6505175003566862,0.5594656300550145,0,Blocked
80,80,0,0.7675973026350583,0.37621687196109366,0,Blocked
81,81,0,0.6135622537682512,0.39209859082118104,0,Blocked
82,82,0,0.5550072332462205,0.46153360864272686,0,Blocked
83,83,0,0.8673308350554176,0.3432696426441262,0,Blocked
84,84,0,0.1158529461118862,0.5032792284264694,0,Blocked
85,85,0,0.833912169555227,0.3616009007568406,0,Blocked
86,86,0,0.33037268565625116,0.4238331490226181,0,Blocked
87,87,0,0.32154380857882503,0.5713088096355842,0,Blocked
88,88,0,0.25604296395241566,0.563440228055287,0,Blocked
89,89,0,0.39637604898979084,0.6077753123832893,0,Blocked
90,90,0,0.40630156750202406,0.4148975274300416,0,Blocked
91,91,0,0.6163042926695814,0.4527724221447471,0,Blocked
92,92,0,0.5318806255258169,0.37745076556038754,0,Blocked
93,93,0,0.4229291865558837,0.36907265470226236,0,Blocked
94,94,0,0.611191583256226,0.27043915462169393,0,Blocked
95,95,0,0.6428556381580055,0.319205058925444,0,Blocked
96,96,0,0.415512385212383,0.4311048541559343,0,Blocked
97,97,0,0.5560908161663698,0.4953613156608575,0,Blocked
98,98,0,0.8560963323314638,0.29235818275604974,0,Blocked
99,99,0,0.9072400953876139,0.29997266293899827,0,Blocked
100,100,0,0.21597689555793745,0.35436669987514213,0,Blocked
101,101,0,0.292957780825665,0.48250874485738504,0,Blocked
102,102,0,0.47660061434877016,0.44098713712008486,0,Blocked
103,103,0,0.5497292110797395,0.3355900805847556,0,Blocked
104,104,0,0.7591914545141157,0.2909544266562112,0,Blocked
105,105,0,0.8090967854729381,0.415171179110313,0,Blocked
106,106,0,0.7033583469108506,0.36643146782224856,0,Blocked
107,107,0,0.6806596134545488,0.34999300669374844,0,Blocked
108,108,0,0.8072442051122419,0.28888986398765404,0,Blocked
109,109,0,0.730120640248822,0.4540037216030836,0,Blocked
110,110,0,0.875318509510658,0.31155174760271215,0,Blocked
111,111,0,0.9395912178761665,0.3288039866376525,0,Blocked
112,112,0,0.8951933629787937,0.38620860921453315,0,Blocked
113,113,0,0.9716138971698915,0.23290731476099538,0,Blocked
114,114,0,0.5942927871634897,0.3925242322607671,0,Blocked
115,115,0,0.9872657480367685,0.4034708715171863,0,Blocked
116,116,0,0.9329280978516041,0.3898832244208409,0,Blocked
117,117,0,0.9721090072938554,0.2187007866659625,0,Blocked
118,118,0,0.9952810293289949,0.2678093657482561,0,Blocked
119,119,0,0.9953650908843734,0.2972677799002531,0,Blocked
120,120,0,0.9694195362355232,0.292717706879133,0,Blocked
121,121,0,0.29196519788688535,0.323226364546076,0,Blocked
122,122,0,0.44457738174712436,0.556111625188675,0,Blocked
123,123,0,0.4275157642376731,0.34075139468725,0,Blocked
124,124,0,0.8467789224796443,0.26432535532311086,0,Blocked
125,125,0,0.4209806182499254,0.3910975894481521,0,Blocked
126,126,0,0.5651364673021024,0.41822180010245447,0,Blocked
127,127,0,0.8205158921319974,0.28698127485619657,0,Blocked
128,128,0,0.7694473031633975,0.42490577644843996,0,Blocked
129,129,0,0.22251503840677295,0.532840426528882,0,Blocked
130,130,0,0.7642433897829298,0.28891331013357724,0,Blocked
131,131,0,0.5920295419181854,0.4630458872599955,0,Blocked
132,132,0,0.7452461164389481,0.35239385324325195,0,Blocked
133,133,0,0.8168115025175499,0.40772349984175504,0,Blocked
134,134,0,0.34833118766304205,0.4692295018349463,0,Blocked
135,135,0,0.298389176062013,0.36929518631720226,0,Blocked
136,136,0,0.9035633585566346,0.3846698540335534,0,Blocked
137,137,0,0.8024383109611611,0.4215222174449066,0,Blocked
138,138,0,0.6016083712173106,0.4094520850412269,0,Blocked
139,139,0,0.4177549863430992,0.39069962199499264,0,Blocked
140,140,0,0.7576342929967872,0.4044214731053506,0,Blocked
141,141,0,0.9213660908389987,0.26951657263420487,0,Blocked
142,142,0,0.6913324364664379,0.5168556672763138,0,Blocked
143,143,0,0.6747042598908435,0.2892166319641215,0,Blocked
144,144,0,0.947946792949734,0.27179551165999244,0,Blocked
145,145,0,0.9940183414603345,0.2894203133965359,0,Blocked
146,146,0,0.9706397377295439,0.388164085105119,0,Blocked
147,147,0,0.7381042024782277,0.3511793431992577,0,Blocked
148,148,0,0.855519479403497,0.5132622442422035,0,Blocked
149,149,0,0.913492878226059,0.39700516066112457,0,Blocked
150,150,0,0.6202666997340672,0.2268405828581314,0,Blocked
151,151,0,0.962497523116191,0.38024555918947267,0,Blocked
152,152,0,0.9759858522976259,0.3544721713522373,0,Blocked
153,153,0,0.955043923137572,0.3217733112902076,0,Blocked
154,154,0,0.9872722798366877,0.3940797366598434,0,Blocked
155,155,0,0.9944096507495398,0.2767860247345455,0,Blocked
156,156,0,0.9813606462741158,0.34481586505336503,0,Blocked
157,157,0,0.9760840219227651,0.17375362157448077,0,Blocked
158,158,0,0.7115315041118018,0.45294368107271143,0,Blocked
159,159,0,0.9998725619822163,0.37718087732133065,0,Blocked
160,160,0,0.4051445438325591,0.46134963912537924,0,Blocked
161,161,0,0.8057666953856221,0.30486041847491097,0,Blocked
162,162,0,0.9868033517591467,0.2318602713850998,0,Blocked
163,163,0,0.5221377151908471,0.48798263276470605,0,Blocked
164,164,0,0.7254856090122915,0.3903702845041782,0,Blocked
165,165,0,0.4196759902837814,0.39787171575564495,0,Blocked
166,166,0,0.7265689452760018,0.37062435719906084,0,Blocked
167,167,0,0.18681261103125374,0.3983846389351041,0,Blocked
168,168,0,0.8511323641069225,0.33975281859842016,0,Blocked
169,169,0,0.945679157647638,0.4601944193545106,0,Blocked
170,170,0,0.6506469196382585,0.47735974482865906,0,Blocked
171,171,0,0.9362801978341879,0.431104976523044,0,Blocked
172,172,0,0.9902876703132673,0.4593825390857258,0,Blocked
173,173,0,0.793713116456348,0.29810239882507716,0,Blocked
174,174,0,0.7279074324773724,0.3263963258175947,0,Blocked
175,175,0,0.04654740642173616,0.6570772782137373,0,Blocked
176,176,0,0.39875621293299535,0.334530541129401,0,Blocked
177,177,0,0.9683963792352823,0.29274125947193386,0,Blocked
178,178,0,0.9463453576940111,0.2616522778160637,0,Blocked
179,179,0,0.39803828923719903,0.2780120955969165,0,Blocked
180,180,0,0.5923360681909496,0.32638460197378805,0,Blocked
181,181,0,0.4963962984315561,0.4823429991478666,0,Blocked
182,182,0,0.90199929875613,0.30268909995327103,0,Blocked
183,183,0,0.7576629586872169,0.3413326972187186,0,Blocked
184,184,0,0.9112132310478378,0.29059549492516135,0,Blocked
185,185,0,0.5815387907005946,0.31729199072954717,0,Blocked
186,186,0,0.5163870928680822,0.2892938876078762,0,Blocked
187,187,0,0.9772962695690504,0.23828350092892986,0,Blocked
188,188,0,0.4556662337280048,0.4086738592555277,0,Blocked
189,189,0,0.7084101574706246,0.26930636894885684,0,Blocked
190,190,0,0.4858463191499921,0.40445924844753145,0,Blocked
191,191,0,0.9712226914030919,0.27841476051780417,0,Blocked
192,192,0,0.4352688247291263,0.48055350202765246,0,Blocked
193,193,0,0.2015649233391278,0.3887172791997523,0,Blocked
194,194,0,0.3062952364023001,0.3987361459732782,0,Blocked
195,195,0,0.9637959330611072,0.2803037716319022,0,Blocked
196,196,0,0.5305547641461759,0.35568767450788685,0,Blocked
197,197,0,0.37658551782321836,0.4494542576350817,0,Blocked
198,198,0,0.9660828351788899,0.3939899977265338,0,Blocked
199,199,0,0.3006706303249161,0.5756097919170906,0,Blocked
200,0,0,0.6141028135768802,0.649461108959198,0,Interleaved
201,1,0,0.7987595257410558,0.6284279796410017,0,Interleaved
202,2,0,0.5132466150324916,0.45019775892908664,0,Interleaved
203,3,0,0.7260376750421946,0.45259132518663603,0,Interleaved
204,4,0,0.14446395095794867,0.5068818177745138,0,Interleaved
205,5,0,0.4680328856834488,0.5564033998049825,0,Interleaved
206,6,0,0.6333289078459958,0.38842409904584607,0,Interleaved
207,7,0,0.33818287098197153,0.5662840083790646,0,Interleaved
208,8,0,0.2288483687509689,0.6624168501151743,0,Interleaved
209,9,0,0.4871876990074686,0.6218503990051425,0,Interleaved
210,10,0,0.3558903743032862,0.4225775073314164,0,Interleaved
211,11,0,0.8987261388172264,0.35633393032198246,0,Interleaved
212,12,0,0.522333513977051,0.5219447058662438,0,Interleaved
213,13,0,0.9058259382331646,0.45911832817008685,0,Interleaved
214,14,0,0.6097941047651555,0.71353402943677,0,Interleaved
215,15,0,0.16841824291317112,0.5679692506083245,0,Interleaved
216,16,0,0.6785548734486619,0.6615409653450837,0,Interleaved
217,17,0,0.13414612185204308,0.445954029990757,0,Interleaved
218,18,0,0.25065824593581526,0.6900484435612222,0,Interleaved
219,19,0,0.6474794604809043,0.5148108091257464,0,Interleaved
220,20,0,0.25517728058948785,0.606402199995608,0,Interleaved
221,21,0,0.3157038873665022,0.4891980508801351,0,Interleaved
222,22,0,0.41063887059933524,0.48268743678152365,0,Interleaved
223,23,0,0.5831863991393008,0.6282311594327685,0,Interleaved
224,24,0,0.1459663458970717,0.4544047522778806,0,Interleaved
225,25,0,0.49163330298530633,0.5450120575313859,0,Interleaved
226,26,0,0.8964571045502235,0.43448800268766624,0,Interleaved
227,27,0,0.5973258703627085,0.47279143015717373,0,Interleaved
228,28,0,0.8482782968004885,0.5720347885154787,0,Interleaved
229,29,0,0.5063384499361947,0.7146315148131654,0,Interleaved
230,30,0,0.666462632974103,0.3076085924142602,0,Interleaved
231,31,0,0.432822899549213,0.48304107959978004,0,Interleaved
232,32,0,0.6032067100287304,0.5073012996349335,0,Interleaved
233,33,0,0.6664794472968523,0.44143299024121996,0,Interleaved
234,34,0,0.7286234312369455,0.3956879486669068,0,Interleaved
235,35,0,0.17107656453986692,0.47576337061103957,0,Interleaved
236,36,0,0.3190717847962142,0.5755814192401378,0,Interleaved
237,37,0,0.792918283972714,0.4015102861580922,0,Interleaved
238,38,0,0.19546478648687643,0.5832604383919526,0,Interleaved
239,39,0,0.25364875873224263,0.44027288653712077,0,Interleaved
240,40,0,0.39964131631116145,0.3649398699794012,0,Interleaved
241,41,0,0.6456541932398463,0.5375837652054576,0,Interleaved
242,42,0,0.30918725039285744,0.5147440575030029,0,Interleaved
243,43,0,0.1989453531830356,0.4320003340344608,0,Interleaved
244,44,0,0.5845999615390037,0.37036214182032134,0,Interleaved
245,45,0,0.1889912174159631,0.621746164931627,0,Interleaved
246,46,0,0.40266231963433663,0.4000135943465275,0,Interleaved
247,47,0,0.3945918020089502,0.5376297907926155,0,Interleaved
248,48,0,0.8864946035379555,0.4229691571845984,0,Interleaved
249,49,0,0.5040626263468293,0.4262396276566184,0,Interleaved
250,50,0,0.1401858817449409,0.39535028762535684,0,Interleaved
251,51,0,0.4993124349210775,0.503808323046087,0,Interleaved
252,52,0,0.281156607185749,0.4567402788444378,0,Interleaved
253,53,0,0.21221458668184578,0.5033531730632157,0,Interleaved
254,54,0,0.20800694586245394,0.457136945575951,0,Interleaved
255,55,0,0.4551425634656984,0.4575304476039601,0,Interleaved
256,56,0,0.846903829039612,0.33462513228119356,0,Interleaved
257,57,0,0.36990175839569117,0.43223638607516135,0,Interleaved
258,58,0,0.5655064511922409,0.3533195705133525,0,Interleaved
259,59,0,0.09821731477315412,0.4757712386510126,0,Interleaved
260,60,0,0.28047528813737505,0.49074273965471166,0,Interleaved
261,61,0,0.6684769056315624,0.49882109736699737,0,Interleaved
262,62,0,0.683117913465334,0.43840392676189954,0,Interleaved
263,63,0,0.29040432818070316,0.46673640064159205,0,Interleaved
264,64,0,0.7091267340454195,0.26538528562574715,0,Interleaved
265,65,0,0.6921498546061344,0.5412947238085104,0,Interleaved
266,66,0,0.8441997640428367,0.31583698137331684,0,Interleaved
267,67,0,0.3904737641476357,0.5182089704071667,0,Interleaved
268,68,0,0.5947394689249424,0.44723858437705044,0,Interleaved
269,69,0,0.5728326687453024,0.3588451464100342,0,Interleaved
270,70,0,0.5773342528270329,0.4266839733079998,0,Interleaved
271,71,0,0.4119332448430025,0.5646543054769609,0,Interleaved
272,72,0,0.7460217697962791,0.2691303918800248,0,Interleaved
273,73,0,0.3839766122368483,0.3783110046218457,0,Interleaved
274,74,0,0.8382966503884401,0.3624754787840001,0,Interleaved
275,75,0,0.3814931211113887,0.4547457523249585,0,Interleaved
276,76,0,0.30883632344233325,0.3854784674034331,0,Interleaved
277,77,0,0.8580085824927032,0.41394568007052235,0,Interleaved
278,78,0,0.40993386536335347,0.3587144782789721,0,Interleaved
279,79,0,0.25126438697533793,0.5215977305803252,0,Interleaved
280,80,0,0.4719476085079628,0.48168064762964713,0,Interleaved
281,81,0,0.2939847291365873,0.3705811057980214,0,Interleaved
282,82,0,0.7388780564974355,0.4495596207596416,0,Interleaved
283,83,0,0.688150853393764,0.3796634216362841,0,Interleaved
284,84,0,0.3115651017868004,0.4600684585924876,0,Interleaved
285,85,0,0.5286529709900953,0.5820418699215103,0,Interleaved
286,86,0,0.5097507892329625,0.32640916934611985,0,Interleaved
287,87,0,0.4804463048250823,0.3256477491623823,0,Interleaved
288,88,0,0.3767625105269957,0.4046270088475617,0,Interleaved
289,89,0,0.5943595650229742,0.37626204472094676,0,Interleaved
290,90,0,0.2893451445713206,0.46819722345506287,0,Interleaved
291,91,0,0.5348972067158585,0.3250548774577343,0,Interleaved
292,92,0,0.5463317360538542,0.49883992639927077,0,Interleaved
293,93,0,0.9039397831495943,0.5379345985813798,0,Interleaved
294,94,0,0.18637188420040074,0.4966653517858163,0,Interleaved
295,95,0,0.04556025830227007,0.5457247389369702,0,Interleaved
296,96,0,0.4653052095814219,0.4838069550836674,0,Interleaved
297,97,0,0.8191413368524675,0.5789527794834615,0,Interleaved
298,98,0,0.6808582480830534,0.46393013958032037,0,Interleaved
299,99,0,0.9965317464885974,0.5288380793119322,0,Interleaved
300,100,0,0.7571546696822672,0.41732366354012096,0,Interleaved
301,101,0,0.8338492194524968,0.5756508407966967,0,Interleaved
302,102,0,0.6159498249871416,0.42616589862835325,0,Interleaved
303,103,0,0.6978701105684115,0.3542016559433493,0,Interleaved
304,104,0,0.49794508109725183,0.45300096944801804,0,Interleaved
305,105,0,0.9089536154626094,0.2751760267982052,0,Interleaved
306,106,0,0.622895535126843,0.4370076551578125,0,Interleaved
307,107,0,0.5091005737007382,0.2696495290997858,0,Interleaved
308,108,0,0.8635972937654322,0.360883423227208,0,Interleaved
309,109,0,0.7608667400694931,0.489421081748897,0,Interleaved
310,110,0,0.5648075708496507,0.4120765265281668,0,Interleaved
311,111,0,0.6464247236601222,0.4772385279209471,0,Interleaved
312,112,0,0.3175595704395126,0.4938924010564665,0,Interleaved
313,113,0,0.8112691594395649,0.45294394805201343,0,Interleaved
314,114,0,0.5882960464741357,0.46307013854013357,0,Interleaved
315,115,0,0.30539016102720407,0.3419994625620189,0,Interleaved
316,116,0,0.8524919376256552,0.3588305039728877,0,Interleaved
317,117,0,0.8543436706687939,0.5035142709462899,0,Interleaved
318,118,0,0.48214218874170045,0.4923143969852029,0,Interleaved
319,119,0,0.08490117193158372,0.4695298132894141,0,Interleaved
320,120,0,0.66534551088044,0.3936635049654399,0,Interleaved
321,121,0,0.329165361959648,0.3279417389954228,0,Interleaved
322,122,0,0.3497043316110532,0.5067654596690879,0,Interleaved
323,123,0,0.6883034444684493,0.5707097572948353,0,Interleaved
324,124,0,0.33414898922861647,0.4460522373188942,0,Interleaved
325,125,0,0.9757406269709066,0.35465572639593756,0,Interleaved
326,126,0,0.5913262524958649,0.33789463159371336,0,Interleaved
327,127,0,0.894832571292963,0.31504636233322836,0,Interleaved
328,128,0,0.5259175027724855,0.2971693246736231,0,Interleaved
329,129,0,0.9406980997542478,0.23485038506198336,0,Interleaved
330,130,0,0.49110952158622045,0.3884558734677372,0,Interleaved
331,131,0,0.8898309901881214,0.28151319705178846,0,Interleaved
332,132,0,0.5510950909702302,0.3684370796983346,0,Interleaved
333,133,0,0.750455296358493,0.2773148729842504,0,Interleaved
334,134,0,0.8789526961171363,0.3063653768588035,0,Interleaved
335,135,0,0.7886593214219242,0.38770685987118847,0,Interleaved
336,136,0,0.3146505574059744,0.507573741911712,0,Interleaved
337,137,0,0.5297396992333335,0.4649218564409139,0,Interleaved
338,138,0,0.9006760073761926,0.4179739668016367,0,Interleaved
339,139,0,0.5750790581056466,0.5077885191587936,0,Interleaved
340,140,0,0.20576041399384237,0.42891431142992387,0,Interleaved
341,141,0,0.5369783036328133,0.37137638238902504,0,Interleaved
342,142,0,0.21179032449640256,0.35475500886978434,0,Interleaved
343,143,0,0.39968513445222403,0.3565920319006858,0,Interleaved
344,144,0,0.36022438104128685,0.3735883649039938,0,Interleaved
345,145,0,0.6207071602129703,0.5224928582673791,0,Interleaved
346,146,0,0.5457238329294284,0.3880108229162929,0,Interleaved
347,147,0,0.8601622871846137,0.3040917766482999,0,Interleaved
348,148,0,0.3489680480429364,0.37840721699113955,0,Interleaved
349,149,0,0.8300261359302377,0.3202222633063869,0,Interleaved
350,150,0,0.5055746201992174,0.36633321331364677,0,Interleaved
351,151,0,0.4117018675041564,0.26641940760474314,0,Interleaved
352,152,0,0.5091485863254169,0.324793729862672,0,Interleaved
353,153,0,0.374062999638778,0.40323999033115965,0,Interleaved
354,154,0,0.35875775896822293,0.3616186357823188,0,Interleaved
355,155,0,0.5720240192918227,0.4944057416944425,0,Interleaved
356,156,0,0.5849268841798088,0.29632459155529856,0,Interleaved
357,157,0,0.5272319820526707,0.29103605026020923,0,Interleaved
358,158,0,0.15033486525882125,0.3948437919795934,0,Interleaved
359,159,0,0.5618331169945608,0.238966897068841,0,Interleaved
360,160,0,0.7345276856802261,0.39412343607518363,0,Interleaved
361,161,0,0.3235424363030729,0.45494001319997446,0,Interleaved
362,162,0,0.4654607147542925,0.24436368897224686,0,Interleaved
363,163,0,0.5075481911216635,0.34253360816989475,0,Interleaved
364,164,0,0.34775451826720466,0.31673710792138265,0,Interleaved
365,165,0,0.16290397453318506,0.6278891988571935,0,Interleaved
366,166,0,0.6884502084234319,0.36742016442235736,0,Interleaved
367,167,0,0.5250341712368033,0.4656451603265641,0,Interleaved
368,168,0,0.240785457151608,0.4750046766296627,0,Interleaved
369,169,0,0.7552275345206674,0.28050338686564136,0,Interleaved
370,170,0,0.14352908778293638,0.34531462796825496,0,Interleaved
371,171,0,0.4174958578214912,0.2852948320286921,0,Interleaved
372,172,0,0.28120697769921527,0.4059328498486654,0,Interleaved
373,173,0,0.40234521589333816,0.3385520354293493,0,Interleaved
374,174,0,0.6881147973241346,0.4734668283380202,0,Interleaved
375,175,0,0.7366963075828795,0.28669052302473813,0,Interleaved
376,176,0,0.5694165597399163,0.40972434676840375,0,Interleaved
377,177,0,0.845798648715598,0.22236364215937016,0,Interleaved
378,178,0,0.22506433824848374,0.3947699521248793,0,Interleaved
379,179,0,0.447974330107305,0.31129915964106164,0,Interleaved
380,180,0,0.4344690226983249,0.32152118912713895,0,Interleaved
381,181,0,0.5072828598861302,0.40641631264067396,0,Interleaved
382,182,0,0.6411420543477586,0.31550327653396587,0,Interleaved
383,183,0,0.23213360559125856,0.3352670473173801,0,Interleaved
384,184,0,0.5155834498065005,0.2871200127914023,0,Interleaved
385,185,0,0.3462626602943405,0.2910551806587981,0,Interleaved
386,186,0,0.7315472071770124,0.3225055215289281,0,Interleaved
387,187,0,0.6533463228883367,0.3150622347310893,0,Interleaved
388,188,0,0.4907253267136427,0.2919152604410313,0,Interleaved
389,189,0,0.734519321650213,0.2701301095133265,0,Interleaved
390,190,0,0.6806355626746092,0.44131249754147117,0,Interleaved
391,191,0,0.6809669957037028,0.3907502321363161,0,Interleaved
392,192,0,0.7555734359628666,0.31865552221080745,0,Interleaved
393,193,0,0.6355085064104553,0.38695514066664716,0,Interleaved
394,194,0,0.7922893758640979,0.33366349145527474,0,Interleaved
395,195,0,0.5716712219999996,0.4355766755250384,0,Interleaved
396,196,0,0.9293447552872637,0.30617753099791367,0,Interleaved
397,197,0,0.5519603972631723,0.30825692389554293,0,Interleaved
398,198,0,0.4219386571086291,0.3360329956080367,0,Interleaved
399,199,0,0.4952312473935651,0.3544948820217547,0,Interleaved
400,0,0,0.22606363473563557,0.6961757100067842,0,Instructed
401,1,0,0.31878940403018363,0.6162159830446823,0,Instructed
402,2,0,0.26071186003448915,0.4282296236792893,0,Instructed
403,3,0,0.33435376717379484,0.548434045204623,0,Instructed
404,4,0,0.756842773577298,0.49628210571201115,0,Instructed
405,5,0,0.43139594742295306,0.4124426264887876,0,Instructed
406,6,0,0.90910434883495,0.3612999615494171,0,Instructed
407,7,0,0.46473435388503326,0.5649406411036679,0,Instructed
408,8,0,0.1077851398673324,0.4813824871817799,0,Instructed
409,9,0,0.39976433454653143,0.40584204496641463,0,Instructed
410,10,0,0.5032777158992721,0.5017999250983877,0,Instructed
411,11,0,0.6796584530577715,0.47847885421180686,0,Instructed
412,12,0,0.20898464322120125,0.46009847086650296,0,Instructed
413,13,0,0.5091171904497838,0.5653756293067311,0,Instructed
414,14,0,0.08203743258256893,0.4163583052689337,0,Instructed
415,15,0,0.529901994074841,0.3007611383785513,0,Instructed
416,16,0,0.8192915475901428,0.37483954564025646,0,Instructed
417,17,0,0.5283040152216427,0.3811811921164452,0,Instructed
418,18,0,0.738341344171887,0.3533253448332784,0,Instructed
419,19,0,0.8635148511089803,0.4179999697733545,0,Instructed
420,20,0,0.17993538488016236,0.46522412006004776,0,Instructed
421,21,0,0.07827069836267506,0.3105322589638406,0,Instructed
422,22,0,0.8087864532524756,0.5659789539160734,0,Instructed
423,23,0,0.7052688873169775,0.28650915727411613,0,Instructed
424,24,0,0.2830920024932319,0.462869917396596,0,Instructed
425,25,0,0.8021459137748075,0.29079188347625934,0,Instructed
426,26,0,0.6826944790468696,0.3920751081126425,0,Instructed
427,27,0,0.5967851871093668,0.3326354681271494,0,Instructed
428,28,0,0.8484986639588201,0.37959762867786473,0,Instructed
429,29,0,0.36873210762836184,0.5357458638740175,0,Instructed
430,30,0,0.8834287490043584,0.4151288490605213,0,Instructed
431,31,0,0.7427162485970081,0.3301696282447578,0,Instructed
432,32,0,0.34462414697799004,0.3884593602125892,0,Instructed
433,33,0,0.7904772238704278,0.3792412358087356,0,Instructed
434,34,0,0.22693134562158562,0.4671707816623152,0,Instructed
435,35,0,0.5690470513837937,0.2252405962309625,0,Instructed
436,36,0,0.6489020954277145,0.4478657374021732,0,Instructed
437,37,0,0.37888301433047333,0.3728922778687396,0,Instructed
438,38,0,0.38313967162698037,0.37376423124325353,0,Instructed
439,39,0,0.5758747840291976,0.41940616707092493,0,Instructed
440,40,0,0.6571041884716531,0.27670124251715605,0,Instructed
441,41,0,0.2730206231648524,0.37375794607126944,0,Instructed
442,42,0,0.38106037116449193,0.55596983410752,0,Instructed
443,43,0,0.3338494444768787,0.5105247025097868,0,Instructed
444,44,0,0.841316117871432,0.40087296329885147,0,Instructed
445,45,0,0.624551590006969,0.3888830056599535,0,Instructed
446,46,0,0.570214895558305,0.3539806724749091,0,Instructed
447,47,0,0.24181241232133432,0.4071454869262985,0,Instructed
448,48,0,0.9247517075349923,0.4577289380960953,0,Instructed
449,49,0,0.4592491983685353,0.36588525421442186,0,Instructed
450,50,0,0.6363804906575219,0.3405534750689474,0,Instructed
451,51,0,0.40881139991270327,0.49065006304866526,0,Instructed
452,52,0,0.579336620520926,0.3997155414926453,0,Instructed
453,53,0,0.9409416305079082,0.3097335157383675,0,Instructed
454,54,0,0.477980375380919,0.5583954176725413,0,Instructed
455,55,0,0.6270776883427451,0.3722570143111884,0,Instructed
456,56,0,0.06058159802602781,0.48204267149681423,0,Instructed
457,57,0,0.22103197381849132,0.5332770248831669,0,Instructed
458,58,0,0.7222554635698113,0.42366682460274474,0,Instructed
459,59,0,0.4779697017016665,0.3810508053683983,0,Instructed
460,60,0,0.2942971014188498,0.4574476288993008,0,Instructed
461,61,0,0.6601120638488198,0.4214207543849342,0,Instructed
462,62,0,0.48372670722570615,0.4359650771088911,0,Instructed
463,63,0,0.2524927554108847,0.46954914152025146,0,Instructed
464,64,0,0.7496052475157762,0.37740991384705197,0,Instructed
465,65,0,0.4641002080055645,0.31713355693351164,0,Instructed
466,66,0,0.5504653421541855,0.3825493809239505,0,Instructed
467,67,0,0.5987831043577416,0.3570208238778454,0,Instructed
468,68,0,0.3111048062687499,0.5396044162075306,0,Instructed
469,69,0,0.477476303805899,0.4348767859448155,0,Instructed
470,70,0,0.12348564281210389,0.5960171505529004,0,Instructed
471,71,0,0.7113140540342109,0.5665131890169893,0,Instructed
472,72,0,0.4996370922847904,0.43843966659958233,0,Instructed
473,73,0,0.8719386924855332,0.3285396358769923,0,Instructed
474,74,0,0.4689282289920748,0.4240890358176813,0,Instructed
475,75,0,0.3091598819554585,0.5274508857277944,0,Instructed
476,76,0,0.4857423201222918,0.39158233968648526,0,Instructed
477,77,0,0.40759797468856934,0.37939105706600285,0,Instructed
478,78,0,0.4361331288543884,0.3805521649813278,0,Instructed
479,79,0,0.3402102451472159,0.3684997153240218,0,Instructed
480,80,0,0.3580783480574827,0.38671684706088594,0,Instructed
481,81,0,0.5202654071139757,0.47450238824548024,0,Instructed
482,82,0,0.38593942078446003,0.3589603245476511,0,Instructed
483,83,0,0.48767971443873603,0.4699564457511444,0,Instructed
484,84,0,0.717909595996523,0.3018943075596793,0,Instructed
485,85,0,0.10770247664160021,0.38529768001366316,0,Instructed
486,86,0,0.884706089142414,0.2976622166997802,0,Instructed
487,87,0,0.4384200925981465,0.28445099888957637,0,Instructed
488,88,0,0.45791185056339434,0.32263118978824623,0,Instructed
489,89,0,0.5929846853654046,0.3262270857687892,0,Instructed
490,90,0,0.39372798493665867,0.4032915973267919,0,Instructed
491,91,0,0.3716871008869371,0.3919422993540455,0,Instructed
492,92,0,0.8130832875710021,0.3836618552305909,0,Instructed
493,93,0,0.8990270408503731,0.3621288423976691,0,Instructed
494,94,0,0.896675792349416,0.5140952833699841,0,Instructed
495,95,0,0.802451485904512,0.5223532522242444,0,Instructed
496,96,0,0.9591922413057109,0.3612456717714884,0,Instructed
497,97,0,0.11731480539031963,0.35754144824493883,0,Instructed
498,98,0,0.9319402101733066,0.447494309774296,0,Instructed
499,99,0,0.5407002226803127,0.3732638320520751,0,Instructed
500,100,0,0.5741865336512869,0.28127062544889025,0,Instructed
501,101,0,0.7005432763880584,0.20892355362311876,0,Instructed
502,102,0,0.5582120315461231,0.418489255106258,0,Instructed
503,103,0,0.432741015507515,0.4177255154623805,0,Instructed
504,104,0,0.47650053427530736,0.40323244293216465,0,Instructed
505,105,0,0.23188967361557938,0.322881154732545,0,Instructed
506,106,0,0.5211473873203318,0.33330452317133985,0,Instructed
507,107,0,0.5453374673957441,0.3402494871847811,0,Instructed
508,108,0,0.4880827195178474,0.4224723472538958,0,Instructed
509,109,0,0.19808620301709745,0.36885119025957547,0,Instructed
510,110,0,0.7645072661865135,0.29139318133807374,0,Instructed
511,111,0,0.31093742147324377,0.4154328749547076,0,Instructed
512,112,0,0.23527295834281195,0.37782507438876184,0,Instructed
513,113,0,0.7464512683597133,0.4208240158942017,0,Instructed
514,114,0,0.47730950339440414,0.3627816458413359,0,Instructed
515,115,0,0.6029299170514053,0.42393822861301267,0,Instructed
516,116,0,0.22105138133619268,0.3233596786358589,0,Instructed
517,117,0,0.6189266957767342,0.4043725886310147,0,Instructed
518,118,0,0.9058782036055308,0.5653287884030991,0,Instructed
519,119,0,0.5880817260652689,0.2676457118256389,0,Instructed
520,120,0,0.17452601570104317,0.48093336371717854,0,Instructed
521,121,0,0.4675146079840028,0.3204279539509466,0,Instructed
522,122,0,0.6323895739563408,0.47404792013644603,0,Instructed
523,123,0,0.29426587041586905,0.3208474055284159,0,Instructed
524,124,0,0.2713229278885602,0.3846870895565384,0,Instructed
525,125,0,0.6781877508681974,0.35001964676924824,0,Instructed
526,126,0,0.5392510136768931,0.3627859206294829,0,Instructed
527,127,0,0.42702757164114674,0.4302108440485185,0,Instructed
528,128,0,0.7253135306980663,0.34005519961157243,0,Instructed
529,129,0,0.4022704151607748,0.38687321724545987,0,Instructed
530,130,0,0.08608944458362283,0.41899426168095333,0,Instructed
531,131,0,0.2830422409881195,0.42664639362056506,0,Instructed
532,132,0,0.6857158342167149,0.4219153417672893,0,Instructed
533,133,0,0.3200851678640537,0.41331124813566533,0,Instructed
534,134,0,0.5507382288453444,0.40242711570260825,0,Instructed
535,135,0,0.8588033022521258,0.3138512110618646,0,Instructed
536,136,0,0.6698891026293055,0.3622120913262712,0,Instructed
537,137,0,0.05630241644648848,0.33872707832351423,0,Instructed
538,138,0,0.6884202253711958,0.3659820007243836,0,Instructed
539,139,0,0.2879885914143355,0.4221734135532952,0,Instructed
540,140,0,0.8293662605013579,0.42019427833555867,0,Instructed
541,141,0,0.6555024559158057,0.35174422145584594,0,Instructed
542,142,0,0.8914831148219136,0.37772255831116563,0,Instructed
543,143,0,0.7156262533780919,0.21374745082733368,0,Instructed
544,144,0,0.7145386031084218,0.30066117897976663,0,Instructed
545,145,0,0.25372378320882305,0.28520626597922216,0,Instructed
546,146,0,0.5104012195610509,0.4408661510943376,0,Instructed
547,147,0,0.6502575880509084,0.3335376654726956,0,Instructed
548,148,0,0.7251712080910824,0.4718298438435645,0,Instructed
549,149,0,0.32950347646329137,0.3000859694188221,0,Instructed
550,150,0,0.752618773839687,0.3691642774495515,0,Instructed
551,151,0,0.47399395024365254,0.50520499702935,0,Instructed
552,152,0,0.8660184912586311,0.27743707157669706,0,Instructed
553,153,0,0.43153415798857603,0.3224185631174309,0,Instructed
554,154,0,0.18960743888511286,0.40211582641133925,0,Instructed
555,155,0,0.531555942637292,0.18813726706701142,0,Instructed
556,156,0,0.4701838854681134,0.31401247330191095,0,Instructed
557,157,0,0.514646438735211,0.2660655318755337,0,Instructed
558,158,0,0.4070765687026533,0.3982105831702849,0,Instructed
559,159,0,0.6329678196106582,0.31830339832246984,0,Instructed
560,160,0,0.8505541396860459,0.25315646510667694,0,Instructed
561,161,0,0.5228931458169307,0.2792772300141465,0,Instructed
562,162,0,0.7991749695309507,0.22202154129194746,0,Instructed
563,163,0,0.3705990071292182,0.37176301920046856,0,Instructed
564,164,0,0.6719806013840888,0.3860773333658889,0,Instructed
565,165,0,0.4208110961594834,0.34421683890407434,0,Instructed
566,166,0,0.6684021530998835,0.3932072297171273,0,Instructed
567,167,0,0.5677198459028796,0.3141559824918324,0,Instructed
568,168,0,0.8959333980171147,0.2329470990453245,0,Instructed
569,169,0,0.9737093319986152,0.3226091679243013,0,Instructed
570,170,0,0.5182745989994821,0.2983396201031522,0,Instructed
571,171,0,0.6709084479992515,0.28034416745724355,0,Instructed
572,172,0,0.5664109574775944,0.2657184963584994,0,Instructed
573,173,0,0.42903932779699894,0.2996698114490194,0,Instructed
574,174,0,0.5894833204577411,0.3755033556267799,0,Instructed
575,175,0,0.71410464152795,0.43776209063735416,0,Instructed
576,176,0,0.8763595002876825,0.37233195504320993,0,Instructed
577,177,0,0.29767908032087687,0.4717966286882439,0,Instructed
578,178,0,0.7178813956323528,0.3795351863549178,0,Instructed
579,179,0,0.5330020742255167,0.33559625783436864,0,Instructed
580,180,0,0.6386049399219251,0.3965482226969628,0,Instructed
581,181,0,0.5829759242126024,0.47092377339898117,0,Instructed
582,182,0,0.6007629803791217,0.3267193026114432,0,Instructed
583,183,0,0.5683713166475739,0.27979232062945386,0,Instructed
584,184,0,0.5539634186083575,0.4195446148374894,0,Instructed
585,185,0,0.5295391433036212,0.3312468098738932,0,Instructed
586,186,0,0.3500735203759761,0.5740072823568173,0,Instructed
587,187,0,0.9510990441145084,0.2798668919229498,0,Instructed
588,188,0,0.06639150394730879,0.349714749840765,0,Instructed
589,189,0,0.6653345800684235,0.31953996074841556,0,Instructed
590,190,0,0.8675469786553325,0.39166146996559686,0,Instructed
591,191,0,0.8907518720400923,0.20149243289369223,0,Instructed
592,192,0,0.4958818690073172,0.34495781916561374,0,Instructed
593,193,0,0.1153786083759025,0.3516031200337942,0,Instructed
594,194,0,0.24825409142659233,0.36895311873323433,0,Instructed
595,195,0,0.6814486565139193,0.39910791237688903,0,Instructed
596,196,0,0.3929266742569001,0.4184645792049549,0,Instructed
597,197,0,0.25334358699695003,0.38098303271745204,0,Instructed
598,198,0,0.7415930820685979,0.3917060253501684,0,Instructed
599,199,0,0.6570869664438544,0.3579229681464412,0,Instructed
600,0,0,0.4161726467386557,0.7778714367929043,1,Blocked
601,1,0,0.43268799065617725,0.9027679828144565,1,Blocked
602,2,0,0.6092246765437596,0.4765027106408256,1,Blocked
603,3,0,0.39140632637824985,0.49783845185735975,1,Blocked
604,4,0,0.36283941248258506,0.4837296851608127,1,Blocked
605,5,0,0.8503809841194214,0.3140016893899452,1,Blocked
606,6,0,0.5937200833590319,0.5682874315527273,1,Blocked
607,7,0,0.6764763398943427,0.4001436977541881,1,Blocked
608,8,0,0.7238322508106505,0.5158840284767702,1,Blocked
609,9,0,0.35505239597724236,0.39855913662092124,1,Blocked
610,10,0,0.04509701222634517,0.8041108734375749,1,Blocked
611,11,0,0.5039165395286858,0.5735919142462483,1,Blocked
612,12,0,0.3098168938211071,0.6139662073172266,1,Blocked
613,13,0,0.6756483085761691,0.47398172640475034,1,Blocked
614,14,0,0.9517501562106504,0.47946750087900347,1,Blocked
615,15,0,0.10748355611196549,0.6165629186365345,1,Blocked
616,16,0,0.8107793264721519,0.49568086987093474,1,Blocked
617,17,0,0.1272721053084223,0.6025732564188813,1,Blocked
618,18,0,0.19787195308213942,0.47267120840345006,1,Blocked
619,19,0,0.4526636160737312,0.3911749676220309,1,Blocked
620,20,0,0.32118230751559484,0.43691413152031733,1,Blocked
621,21,0,0.3168936583704487,0.5854228958896286,1,Blocked
622,22,0,0.47315050167229206,0.5108626006967725,1,Blocked
623,23,0,0.3561167545201426,0.4201876678353401,1,Blocked
624,24,0,0.165194613535134,0.6476969908806745,1,Blocked
625,25,0,0.9033360300689911,0.4594509524898098,1,Blocked
626,26,0,0.33421148055957134,0.47533257683493074,1,Blocked
627,27,0,0.7835467445890423,0.46138329727613575,1,Blocked
628,28,0,0.5262675233943449,0.46076372919386666,1,Blocked
629,29,0,0.5058016922215545,0.3948920508710071,1,Blocked
630,30,0,0.7498422349619823,0.5959926694300912,1,Blocked
631,31,0,0.8047519531522886,0.40201531993583506,1,Blocked
632,32,0,0.9159649117046842,0.5407398546913087,1,Blocked
633,33,0,0.07570853518819648,0.6070723504237492,1,Blocked
634,34,0,0.18672766789687437,0.37083772544129157,1,Blocked
635,35,0,0.26084171137583084,0.49478759680436457,1,Blocked
636,36,0,0.34651020780976105,0.6338377431918385,1,Blocked
637,37,0,0.33877841597529346,0.5221230214061816,1,Blocked
638,38,0,0.6968299215909588,0.6687485176991751,1,Blocked
639,39,0,0.7446784353174997,0.4914356487971592,1,Blocked
640,40,0,0.5143419530487907,0.36863559109357746,1,Blocked
641,41,0,0.2884186550836438,0.5263245814718112,1,Blocked
642,42,0,0.45915363180083946,0.570474914233351,1,Blocked
643,43,0,0.271072028138794,0.5945607114409994,1,Blocked
644,44,0,0.3932809220842801,0.5747480226410953,1,Blocked
645,45,0,0.7019633511019535,0.5125676791290159,1,Blocked
646,46,0,0.783985577323792,0.4059973772139006,1,Blocked
647,47,0,0.7843779538854263,0.5375335785853863,1,Blocked
648,48,0,0.18918436373946654,0.7060448891706075,1,Blocked
649,49,0,0.599794081702482,0.48900606205112296,1,Blocked
650,50,0,0.4961081910252131,0.6534879198083613,1,Blocked
651,51,0,0.5117837287476901,0.4946385010624621,1,Blocked
652,52,0,0.6251127831457927,0.5082946878796838,1,Blocked
653,53,0,0.6032544004350904,0.4357158191818329,1,Blocked
654,54,0,0.5355373871654323,0.5314652274374687,1,Blocked
655,55,0,0.5622270465743598,0.40699266049211513,1,Blocked
656,56,0,0.7872337894972781,0.5007115905109077,1,Blocked
657,57,0,0.32898548258793536,0.4974498678565544,1,Blocked
658,58,0,0.4459720767185369,0.6482910971076739,1,Blocked
659,59,0,0.637900276894317,0.4255072758441931,1,Blocked
660,60,0,0.1717252824965253,0.6450734539448075,1,Blocked
661,61,0,0.25123112848252205,0.45494750407231643,1,Blocked
662,62,0,0.5742179085618815,0.5205950327697435,1,Blocked
663,63,0,0.48402359176022886,0.399128988935848,1,Blocked
664,64,0,0.5405074755186715,0.605762166705907,1,Blocked
665,65,0,0.6472009607124545,0.42184672684095387,1,Blocked
666,66,0,0.7500049447783029,0.4555048345815178,1,Blocked
667,67,0,0.532312456289024,0.9711225264903021,1,Blocked
668,68,0,0.34690241345912454,0.48107467170607754,1,Blocked
669,69,0,0.3690975517917088,0.543328979194824,1,Blocked
670,70,0,0.5348022064798194,0.4633556369081825,1,Blocked
671,71,0,0.3576525588029383,0.7802176218868866,1,Blocked
672,72,0,0.772120911859804,0.4116287023235782,1,Blocked
673,73,0,0.667771285299853,0.3836745739602504,1,Blocked
674,74,0,0.4052678715220749,0.4547043569654532,1,Blocked
675,75,0,0.7040641414266504,0.43547499573672377,1,Blocked
676,76,0,0.6084024129882275,0.4566260380920364,1,Blocked
677,77,0,0.8362738239226905,0.3405641902696698,1,Blocked
678,78,0,0.5489339948953175,0.5372858881015046,1,Blocked
679,79,0,0.5331982302539112,0.48145846787705127,1,Blocked
680,80,0,0.27172601233309346,0.576573875998581,1,Blocked
681,81,0,0.1702916569130721,0.4316365808771113,1,Blocked
682,82,0,0.6077170644090066,0.4299098056418773,1,Blocked
683,83,0,0.2264666564277728,0.3437773640633697,1,Blocked
684,84,0,0.6359440156704398,0.46970496191827926,1,Blocked
685,85,0,0.5611932436835672,0.5616195763107639,1,Blocked
686,86,0,0.18116793351273058,0.6853256310684537,1,Blocked
687,87,0,0.14639094618021248,0.46099249326572456,1,Blocked
688,88,0,0.641296439379964,0.613250627458523,1,Blocked
689,89,0,0.2210188062130592,0.6375265650834709,1,Blocked
690,90,0,0.5276539095915972,0.5584272342175571,1,Blocked
691,91,0,0.5542156437959577,0.47135884468006706,1,Blocked
692,92,0,0.25842431747168376,0.6919630405834534,1,Blocked
693,93,0,0.8434755587135401,0.42912563411715265,1,Blocked
694,94,0,0.7467840462341235,0.4927703611410114,1,Blocked
695,95,0,0.7125033840922443,0.44539812325088446,1,Blocked
696,96,0,0.7627162831663366,0.4902650678982835,1,Blocked
697,97,0,0.8316537102567265,0.3011388473917509,1,Blocked
698,98,0,0.12031248042677743,0.5473899947348695,1,Blocked
699,99,0,0.8746701984599725,0.39189182092197294,1,Blocked
700,100,0,0.27431561642479485,0.4702857620050248,1,Blocked
701,101,0,0.8739225525945418,0.35748023291574343,1,Blocked
702,102,0,0.8605087638519695,0.42552296349949165,1,Blocked
703,103,0,0.2853264577805459,0.3404599675204032,1,Blocked
704,104,0,0.3037398067172706,0.511156813586313,1,Blocked
705,105,0,0.2674211764476364,0.4357191026498465,1,Blocked
706,106,0,0.333629653320113,0.4179331945267593,1,Blocked
707,107,0,0.966452999580221,0.42831255357283005,1,Blocked
708,108,0,0.5229208959757885,0.38210712797883173,1,Blocked
709,109,0,0.9499187163503233,0.42330941735029914,1,Blocked
710,110,0,0.8858631983802854,0.5590174608535585,1,Blocked
711,111,0,0.3153571978849726,0.4218525468405003,1,Blocked
712,112,0,0.23288760665463556,0.5146403667023611,1,Blocked
713,113,0,0.36825105238291933,0.4854517466758579,1,Blocked
714,114,0,0.6687879991997091,0.4109262845685063,1,Blocked
715,115,0,0.7108583045399601,0.4096191310557832,1,Blocked
716,116,0,0.7787809250543998,0.3613306504525833,1,Blocked
717,117,0,0.9766997239402344,0.5926705915468357,1,Blocked
718,118,0,0.8549555561909981,0.34978925416077633,1,Blocked
719,119,0,0.5563682817642599,0.35201349562675577,1,Blocked
720,120,0,0.481594910813159,0.5731391126528814,1,Blocked
721,121,0,0.3767719216979437,0.6178006544036987,1,Blocked
722,122,0,0.7225091632535792,0.3639330086809991,1,Blocked
723,123,0,0.10251967644296371,0.3536383463350283,1,Blocked
724,124,0,0.8986867984762823,0.4444592824802804,1,Blocked
725,125,0,0.8739898375816595,0.4079563304795442,1,Blocked
726,126,0,0.6790816733244602,0.38681116816193856,1,Blocked
727,127,0,0.690750578705411,0.3566722741967887,1,Blocked
728,128,0,0.6865791219395667,0.46611083112144197,1,Blocked
729,129,0,0.9220068898952456,0.33097186180405397,1,Blocked
730,130,0,0.9448072905729199,0.5083267868226266,1,Blocked
731,131,0,0.2801216657395102,0.5328875058890928,1,Blocked
732,132,0,0.06343433204035709,0.48985096958593644,1,Blocked
733,133,0,0.537156873505859,0.4595972350717709,1,Blocked
734,134,0,0.0882658788044054,0.4966061980803511,1,Blocked
735,135,0,0.8911691320109119,0.5658050664922375,1,Blocked
736,136,0,0.1739151702367222,0.38795747260801544,1,Blocked
737,137,0,0.3526870666240018,0.563963839790192,1,Blocked
738,138,0,0.5237322550824569,0.5427369713192847,1,Blocked
739,139,0,0.6780962899394509,0.41276125003532754,1,Blocked
740,140,0,0.8924826427763153,0.48693360682225856,1,Blocked
741,141,0,0.011436223742451138,0.6129846207425784,1,Blocked
742,142,0,0.22351982418158212,0.5088654523893129,1,Blocked
743,143,0,0.45494734567515094,0.44168436312018855,1,Blocked
744,144,0,0.6585728846807593,0.5038904828111506,1,Blocked
745,145,0,0.48957174760141203,0.48703225395488037,1,Blocked
746,146,0,0.523444855157313,0.5422512303755113,1,Blocked
747,147,0,0.4368083103054883,0.5534259414121748,1,Blocked
748,148,0,0.5238226478641337,0.5034758341273158,1,Blocked
749,149,0,0.6279792505361912,0.5976423277907235,1,Blocked
750,150,0,0.6305810577145574,0.40328319995432216,1,Blocked
751,151,0,0.8628095808965978,0.4311569057009116,1,Blocked
752,152,0,0.6896968000489334,0.3602238381550851,1,Blocked
753,153,0,0.8998483257278884,0.4905209307130909,1,Blocked
754,154,0,0.5009361570427097,0.4113942554953599,1,Blocked
755,155,0,0.2906172036757214,0.44139860079816473,1,Blocked
756,156,0,0.46977980820802095,0.36121936762803925,1,Blocked
757,157,0,0.7719236587570197,0.36624671664133307,1,Blocked
758,158,0,0.6299089360511161,0.3827158539917622,1,Blocked
759,159,0,0.8188602942679462,0.42354586170869224,1,Blocked
760,160,0,0.8452176435408042,0.4163157172343773,1,Blocked
761,161,0,0.20719643277070332,0.47071078067270233,1,Blocked
762,162,0,0.42372321061019014,0.35150397705671166,1,Blocked
763,163,0,0.8282688983773323,0.4495306282584604,1,Blocked
764,164,0,0.6555835691081686,0.47243312211042354,1,Blocked
765,165,0,0.9447381284177767,0.3214958290973532,1,Blocked
766,166,0,0.8200243112708945,0.38924916018615763,1,Blocked
767,167,0,0.12580037629656676,0.42178993001956006,1,Blocked
768,168,0,0.6688420194524478,0.477918967918586,1,Blocked
769,169,0,0.33222236226904855,0.33361905495615113,1,Blocked
770,170,0,0.23807228250881285,0.43042737001382403,1,Blocked
771,171,0,0.3886660976837366,0.3999386895519087,1,Blocked
772,172,0,0.6581912125828673,0.39513938582400887,1,Blocked
773,173,0,0.7968173819602145,0.40038851176286183,1,Blocked
774,174,0,0.7425444721180594,0.2929449999306975,1,Blocked
775,175,0,0.5811784669832203,0.4146700251870127,1,Blocked
776,176,0,0.9409463129839255,0.36669466643747306,1,Blocked
777,177,0,0.5565026739270975,0.4082913779272215,1,Blocked
778,178,0,0.29604370657498935,0.46491925171019344,1,Blocked
779,179,0,0.41415979723944857,0.3217736085331356,1,Blocked
780,180,0,0.1986350570916535,0.6009208588018458,1,Blocked
781,181,0,0.4904276808520941,0.329991778843427,1,Blocked
782,182,0,0.8846757245951932,0.4474653811983487,1,Blocked
783,183,0,0.8817255536101392,0.4115066580768769,1,Blocked
784,184,0,0.8211877492175894,0.31149436998160257,1,Blocked
785,185,0,0.9547393551115775,0.4243078876526783,1,Blocked
786,186,0,0.2633740516336259,0.4568321490837902,1,Blocked
787,187,0,0.2512955413637949,0.6071821767193715,1,Blocked
788,188,0,0.6245065580997878,0.3429582702712205,1,Blocked
789,189,0,0.5473538739854619,0.4146472799634928,1,Blocked
790,190,0,0.5123598009155834,0.48273165956534353,1,Blocked
791,191,0,0.6678066121151298,0.5341696471064077,1,Blocked
792,192,0,0.39409370975367264,0.371180719131109,1,Blocked
793,193,0,0.47114911637502965,0.41364548776490473,1,Blocked
794,194,0,0.4007710801743116,0.3637698169245487,1,Blocked
795,195,0,0.19178890913030922,0.30109720620750996,1,Blocked
796,196,0,0.8327031571388719,0.36559365241905295,1,Blocked
797,197,0,0.6247240623895692,0.46626527307407145,1,Blocked
798,198,0,0.46821886229691945,0.4390511720893572,1,Blocked
799,199,0,0.383475211693617,0.3965860126726794,1,Blocked
800,0,0,0.4106306652190512,0.7624335849192398,1,Interleaved
801,1,0,0.6567898864516309,0.6389650481897016,1,Interleaved
802,2,0,0.41300998137188377,0.5925706989385751,1,Interleaved
803,3,0,0.5016080586091312,0.5337934070971185,1,Interleaved
804,4,0,0.5330339718636657,0.5139748754582476,1,Interleaved
805,5,0,0.03156309485719995,0.6656516177379546,1,Interleaved
806,6,0,0.2736288254572633,0.4980202617478161,1,Interleaved
807,7,0,0.3332681109733759,0.46577168357881693,1,Interleaved
808,8,0,0.46357060210765816,0.45373944881945905,1,Interleaved
809,9,0,0.4574035827372633,0.49426737537314314,1,Interleaved
810,10,0,0.4743593031100308,0.6093700581697312,1,Interleaved
811,11,0,0.5892525069895389,0.36530808059418046,1,Interleaved
812,12,0,0.3921513287359365,0.4403010055760359,1,Interleaved
813,13,0,0.8110122492253169,0.47247552053987785,1,Interleaved
814,14,0,0.4795080395112596,0.4035699080757567,1,Interleaved
815,15,0,0.07784570000569292,0.5089395169827444,1,Interleaved
816,16,0,0.5703262037251966,0.41393372795427685,1,Interleaved
817,17,0,0.6163970529253631,0.46059930529071835,1,Interleaved
818,18,0,0.5287006859333202,0.5033751511798318,1,Interleaved
819,19,0,0.41118091630236414,0.5768970436327338,1,Interleaved
820,20,0,0.6057553824015762,0.40077101336755183,1,Interleaved
821,21,0,0.5947802366304925,0.5398197766490948,1,Interleaved
822,22,0,0.2912479923993268,0.4407899450973282,1,Interleaved
823,23,0,0.43317365110241024,0.43263099002948785,1,Interleaved
824,24,0,0.7053170902927637,0.37233904242808136,1,Interleaved
825,25,0,0.5173632208329022,0.3826639498256852,1,Interleaved
826,26,0,0.44656022151039565,0.4586536159779516,1,Interleaved
827,27,0,0.7228291234295473,0.3800797868398245,1,Interleaved
828,28,0,0.6149786760706751,0.39258192580899975,1,Interleaved
829,29,0,0.46628377421422773,0.4981442506262216,1,Interleaved
830,30,0,0.632964191991429,0.49266021135807125,1,Interleaved
831,31,0,0.6695974282260241,0.433986214447875,1,Interleaved
832,32,0,0.5703521852039848,0.5509854675058627,1,Interleaved
833,33,0,0.22386641848782005,0.30782167654101855,1,Interleaved
834,34,0,0.5395094591240732,0.48212484585148896,1,Interleaved
835,35,0,0.4342427670231294,0.4048613701319778,1,Interleaved
836,36,0,0.11146452685261105,0.4972495223314255,1,Interleaved
837,37,0,0.8045458950297284,0.384736919683456,1,Interleaved
838,38,0,0.532358526559157,0.5224982181918048,1,Interleaved
839,39,0,0.7659675778818512,0.3410168186927175,1,Interleaved
840,40,0,0.4821862165075821,0.3976075652083019,1,Interleaved
841,41,0,0.07087599716144682,0.43072858661575375,1,Interleaved
842,42,0,0.46724179885116035,0.43428119208504756,1,Interleaved
843,43,0,0.5662236880611546,0.631697396398486,1,Interleaved
844,44,0,0.4769029871346616,0.468137899099631,1,Interleaved
845,45,0,0.9827297321609201,0.3035578910148632,1,Interleaved
846,46,0,0.550168541990629,0.32726086720400993,1,Interleaved
847,47,0,0.7925676250022098,0.3510576415102673,1,Interleaved
848,48,0,0.6323781124206047,0.4140817909595354,1,Interleaved
849,49,0,0.868359980617941,0.34527436531528494,1,Interleaved
850,50,0,0.5013175588789628,0.5880738232915296,1,Interleaved
851,51,0,0.7406312162696945,0.437608379356882,1,Interleaved
852,52,0,0.259917804138769,0.4183320904331814,1,Interleaved
853,53,0,0.7256343241305883,0.38181379902121204,1,Interleaved
854,54,0,0.4735668026632055,0.5294823670633861,1,Interleaved
855,55,0,0.8985306622823408,0.495367899328427,1,Interleaved
856,56,0,0.6480591631405737,0.3444903802983207,1,Interleaved
857,57,0,0.423657501998267,0.4879091833021236,1,Interleaved
858,58,0,0.38620604402611103,0.49212827952486204,1,Interleaved
859,59,0,0.9592216531739045,0.4229371534458158,1,Interleaved
860,60,0,0.4782174969337237,0.38862584979958387,1,Interleaved
861,61,0,0.5817567952654166,0.3941546255185593,1,Interleaved
862,62,0,0.4690572619190392,0.39286430028711544,1,Interleaved
863,63,0,0.404848466144759,0.314604337820515,1,Interleaved
864,64,0,0.3759063296135705,0.4033550142270935,1,Interleaved
865,65,0,0.3364941414360201,0.3233973655401714,1,Interleaved
866,66,0,0.5071799432302269,0.5489300657195695,1,Interleaved
867,67,0,0.11298617733748062,0.6471892290284121,1,Interleaved
868,68,0,0.5626923835510731,0.4323695958219894,1,Interleaved
869,69,0,0.5195802691984935,0.5868406770396355,1,Interleaved
870,70,0,0.35819757773772787,0.4455140088818914,1,Interleaved
871,71,0,0.7362262043923509,0.40005537777714484,1,Interleaved
872,72,0,0.4125679289691628,0.4028772610547575,1,Interleaved
873,73,0,0.6217592574234121,0.4061242367965612,1,Interleaved
874,74,0,0.5362181000436046,0.42321771714650847,1,Interleaved
875,75,0,0.7299587741925019,0.42741215686167416,1,Interleaved
876,76,0,0.5192655432458873,0.6760575214435676,1,Interleaved
877,77,0,0.41691939887262053,0.5271784828227214,1,Interleaved
878,78,0,0.213001291851841,0.5586118101665515,1,Interleaved
879,79,0,0.21048815393217288,0.48787660862211846,1,Interleaved
880,80,0,0.5869862626448337,0.30799281946026613,1,Interleaved
881,81,0,0.8944054180096099,0.39905335519582896,1,Interleaved
882,82,0,0.5414441127027649,0.5054960554056896,1,Interleaved
883,83,0,0.8767812604572764,0.5384620003265788,1,Interleaved
884,84,0,0.5962914903399674,0.3308430247667981,1,Interleaved
885,85,0,0.9752998101139557,0.2885870278594922,1,Interleaved
886,86,0,0.4724625645050418,0.42488216588288197,1,Interleaved
887,87,0,0.26194601492983727,0.5722672191629745,1,Interleaved
888,88,0,0.5203241591234622,0.38317483271532393,1,Interleaved
889,89,0,0.5406486483886302,0.42665017430189695,1,Interleaved
890,90,0,0.4498745656563498,0.32263132328882604,1,Interleaved
891,91,0,0.43140100145537247,0.4425706110182032,1,Interleaved
892,92,0,0.5971723112443578,0.45511791102715704,1,Interleaved
893,93,0,0.73584312430832,0.4292561694441455,1,Interleaved
894,94,0,0.6082187198992266,0.38926811569660325,1,Interleaved
895,95,0,0.9774183410126229,0.3517747367482476,1,Interleaved
896,96,0,0.6482973225479364,0.570840587532826,1,Interleaved
897,97,0,0.9862966534110291,0.39352642004950666,1,Interleaved
898,98,0,0.4870371732762514,0.4849218294616996,1,Interleaved
899,99,0,0.015376554402855565,0.6649666235118139,1,Interleaved
900,100,0,0.37511509800578063,0.4211800486505164,1,Interleaved
901,101,0,0.734809873786699,0.34154187131032915,1,Interleaved
902,102,0,0.2308731483964228,0.4453644442540108,1,Interleaved
903,103,0,0.3357740448345092,0.5149508394116101,1,Interleaved
904,104,0,0.7324848023447099,0.5236295599688565,1,Interleaved
905,105,0,0.8858933445341923,0.29625873966284905,1,Interleaved
906,106,0,0.42521753209291774,0.3829518130220373,1,Interleaved
907,107,0,0.9598095526408708,0.33978927777241197,1,Interleaved
908,108,0,0.5567255628857793,0.3531775179883302,1,Interleaved
909,109,0,0.12030782341930024,0.4691552804700224,1,Interleaved
910,110,0,0.6498291248062444,0.5547312317937179,1,Interleaved
911,111,0,0.6866173974782854,0.3510777639866034,1,Interleaved
912,112,0,0.3587790753038817,0.4679809391911013,1,Interleaved
913,113,0,0.9703099751169293,0.3152635036687793,1,Interleaved
914,114,0,0.5832999242192952,0.4727150528162383,1,Interleaved
915,115,0,0.5619534137705327,0.6355818491107693,1,Interleaved
916,116,0,0.3435557046509667,0.48360519187581524,1,Interleaved
917,117,0,0.12502708490523354,0.46990126051654535,1,Interleaved
918,118,0,0.5180648102927414,0.41511072317757713,1,Interleaved
919,119,0,0.14840741245681505,0.33455178870527696,1,Interleaved
920,120,0,0.36245985133811076,0.33244088867773736,1,Interleaved
921,121,0,0.411351978993843,0.5096872073150769,1,Interleaved
922,122,0,0.5414095928170963,0.531363833463392,1,Interleaved
923,123,0,0.5088856375001626,0.4288453821610323,1,Interleaved
924,124,0,0.6396668963529533,0.37991004846683785,1,Interleaved
925,125,0,0.5029183950229701,0.5537378111282496,1,Interleaved
926,126,0,0.7267221979666775,0.37405384135118785,1,Interleaved
927,127,0,0.862520733285412,0.30992634529029406,1,Interleaved
928,128,0,0.5453152047736993,0.37645564944576654,1,Interleaved
929,129,0,0.09955851687798424,0.5471869521685442,1,Interleaved
930,130,0,0.5644781146685391,0.36463526889206455,1,Interleaved
931,131,0,0.5750632080517724,0.371622721083509,1,Interleaved
932,132,0,0.2936789687279675,0.40262341344364927,1,Interleaved
933,133,0,0.5032486331599731,0.4235320075047254,1,Interleaved
934,134,0,0.7150783433758081,0.36446326740829893,1,Interleaved
935,135,0,0.37591406490272317,0.41618312335788366,1,Interleaved
936,136,0,0.5734530900006642,0.2801968319453936,1,Interleaved
937,137,0,0.22706227491704783,0.29216293590029285,1,Interleaved
938,138,0,0.4295513558584497,0.3145040018617722,1,Interleaved
939,139,0,0.24350184147809756,0.3369189362859857,1,Interleaved
940,140,0,0.35388388253565306,0.5293985157862042,1,Interleaved
941,141,0,0.6748729805587235,0.39874672944267664,1,Interleaved
942,142,0,0.24698949357117944,0.42643133380998943,1,Interleaved
943,143,0,0.23851175544742825,0.4623085687924352,1,Interleaved
944,144,0,0.5106478544025759,0.46105440507314444,1,Interleaved
945,145,0,0.6066326431594656,0.36471099657729267,1,Interleaved
946,146,0,0.846597860396065,0.2897035092679012,1,Interleaved
947,147,0,0.7651665862392661,0.3309644992555325,1,Interleaved
948,148,0,0.05545348056663964,0.3799444366113528,1,Interleaved
949,149,0,0.31220062387721836,0.4870703250577375,1,Interleaved
950,150,0,0.4816907320698966,0.40200745362191126,1,Interleaved
951,151,0,0.919325401784322,0.3214453497596991,1,Interleaved
952,152,0,0.5069391923778355,0.2911873775344247,1,Interleaved
953,153,0,0.10174940625419188,0.6578757151748162,1,Interleaved
954,154,0,0.5302637779817331,0.4891396572656751,1,Interleaved
955,155,0,0.9651086710096073,0.21600034318998607,1,Interleaved
956,156,0,0.5619199718154619,0.35496000381607096,1,Interleaved
957,157,0,0.9022146849530313,0.3486007270374661,1,Interleaved
958,158,0,0.42630550547235685,0.35576156493706745,1,Interleaved
959,159,0,0.931120384074132,0.357388725242778,1,Interleaved
960,160,0,0.6786912141957431,0.295066904306156,1,Interleaved
961,161,0,0.4449815442529679,0.30075548706003863,1,Interleaved
962,162,0,0.5637641235425072,0.28260978834087563,1,Interleaved
963,163,0,0.23263316598483513,0.40416524343879257,1,Interleaved
964,164,0,0.9017755861925811,0.2574648968556476,1,Interleaved
965,165,0,0.6597398085077171,0.35844492385622534,1,Interleaved
966,166,0,0.13719162398603457,0.305816637865407,1,Interleaved
967,167,0,0.28227331059566363,0.42040991182205867,1,Interleaved
968,168,0,0.7114113788598996,0.3512540167309138,1,Interleaved
969,169,0,0.4937532185292819,0.3820738484780492,1,Interleaved
970,170,0,0.1339161693386885,0.43150197283892566,1,Interleaved
971,171,0,0.7898746799431176,0.3469667856774378,1,Interleaved
972,172,0,0.856653951424913,0.3242567471003146,1,Interleaved
973,173,0,0.6267967203721445,0.32654645284051775,1,Interleaved
974,174,0,0.29296181097400076,0.35553379043129746,1,Interleaved
975,175,0,0.48270066381222637,0.5025302818683903,1,Interleaved
976,176,0,0.23323822485302642,0.3592704509667647,1,Interleaved
977,177,0,0.4111741994426781,0.36411697641699764,1,Interleaved
978,178,0,0.5356791406443937,0.31240851053930146,1,Interleaved
979,179,0,0.7811859803310798,0.25536055863899776,1,Interleaved
980,180,0,0.5767675174997084,0.3476369486430752,1,Interleaved
981,181,0,0.18279728105413445,0.3260075294708903,1,Interleaved
982,182,0,0.49960728784636244,0.43581277078577474,1,Interleaved
983,183,0,0.8421544828791266,0.36489670881004743,1,Interleaved
984,184,0,0.45169935276367007,0.267617552857536,1,Interleaved
985,185,0,0.42056783634848766,0.30906116552295276,1,Interleaved
986,186,0,0.8438407868380076,0.31571599612993745,1,Interleaved
987,187,0,0.7085113188361667,0.3978864482212533,1,Interleaved
988,188,0,0.7523873848518432,0.3967239544216089,1,Interleaved
989,189,0,0.6576819328987502,0.5424751396420103,1,Interleaved
990,190,0,0.5131108845197176,0.33125103436039965,1,Interleaved
991,191,0,0.03823486172020384,0.4551394634816182,1,Interleaved
992,192,0,0.3842031778482653,0.6373077028621503,1,Interleaved
993,193,0,0.09033489564141448,0.4385916390715047,1,Interleaved
994,194,0,0.15043683928638718,0.5513407204100937,1,Interleaved
995,195,0,0.4640947384455115,0.513683384835187,1,Interleaved
996,196,0,0.890625995932631,0.29612113880990193,1,Interleaved
997,197,0,0.5566404042206945,0.4381409520099485,1,Interleaved
998,198,0,0.5554018616088864,0.465540066414206,1,Interleaved
999,199,0,0.7573405824653581,0.29190502791911344,1,Interleaved
1000,0,0,0.5398699618702746,0.6788661093445509,1,Instructed
1001,1,0,0.2892119858145201,0.5861675316110193,1,Instructed
1002,2,0,0.44954468133057596,0.4371404672292414,1,Instructed
1003,3,0,0.3084915100401153,0.7045101749327978,1,Instructed
1004,4,0,0.5837759247122578,0.5053482394258269,1,Instructed
1005,5,0,0.1389339719855055,0.6018789872871336,1,Instructed
1006,6,0,0.8303390663319766,0.364854193707633,1,Instructed
1007,7,0,0.5235926162012372,0.35462637258142576,1,Instructed
1008,8,0,0.8374661303433681,0.5205519133538803,1,Instructed
1009,9,0,0.3330961271783096,0.5973150881245946,1,Instructed
1010,10,0,0.7774126416261933,0.333834186456749,1,Instructed
1011,11,0,0.697736882231931,0.4374125130721892,1,Instructed
1012,12,0,0.683484513217776,0.318765066316522,1,Instructed
1013,13,0,0.18039350374997418,0.5391867805017448,1,Instructed
1014,14,0,0.5892208547313802,0.49773984754672873,1,Instructed
1015,15,0,0.5640446132641134,0.44997810616177764,1,Instructed
1016,16,0,0.7115833710548649,0.5091277751004109,1,Instructed
1017,17,0,0.2790957292737942,0.41689102503500897,1,Instructed
1018,18,0,0.2696939481550709,0.3947054410810894,1,Instructed
1019,19,0,0.444448055795559,0.3265822692097531,1,Instructed
1020,20,0,0.45130460437971753,0.5049380725274204,1,Instructed
1021,21,0,0.7307985180237964,0.3968801052876395,1,Instructed
1022,22,0,0.7923147987731423,0.3030122649978411,1,Instructed
1023,23,0,0.5732502197222544,0.3291081558644912,1,Instructed
1024,24,0,0.10833555352874565,0.48522426260994933,1,Instructed
1025,25,0,0.6563946251765505,0.4393591233671006,1,Instructed
1026,26,0,0.82165267470302,0.2965882293353178,1,Instructed
1027,27,0,0.7593047194946216,0.3243418702776612,1,Instructed
1028,28,0,0.3478778947683703,0.4647108543209877,1,Instructed
1029,29,0,0.11112938092308929,0.511564170206739,1,Instructed
1030,30,0,0.6671227452319437,0.28978207543798024,1,Instructed
1031,31,0,0.6302236263283085,0.4617257666477149,1,Instructed
1032,32,0,0.4720866896183599,0.4233597302901998,1,Instructed
1033,33,0,0.6822263459334823,0.31417194578801905,1,Instructed
1034,34,0,0.8052514617322977,0.28396596985186173,1,Instructed
1035,35,0,0.6619494089477702,0.4487246868358158,1,Instructed
1036,36,0,0.16959602495024625,0.36009574973715364,1,Instructed
1037,37,0,0.7622629875021748,0.3547360527744443,1,Instructed
1038,38,0,0.35985382355066,0.39469534482682034,1,Instructed
1039,39,0,0.4969280898029064,0.491667013565498,1,Instructed
1040,40,0,0.565187314521874,0.46260166462726726,1,Instructed
1041,41,0,0.5107914230026522,0.49264563017971263,1,Instructed
1042,42,0,0.6323206892744433,0.4442620896289651,1,Instructed
1043,43,0,0.3887439781488419,0.5380645748258316,1,Instructed
1044,44,0,0.6233182494323943,0.3101363014219035,1,Instructed
1045,45,0,0.6332321806427316,0.41729055722630853,1,Instructed
1046,46,0,0.6733580717251387,0.37714684856533054,1,Instructed
1047,47,0,0.784896729985745,0.39398797262042873,1,Instructed
1048,48,0,0.37159289540645857,0.40744341307806553,1,Instructed
1049,49,0,0.17271541932944584,0.3835644920433891,1,Instructed
1050,50,0,0.619383110637657,0.3400091627105145,1,Instructed
1051,51,0,0.43642344494357604,0.33150028501951756,1,Instructed
1052,52,0,0.8081338812516579,0.3107184954874612,1,Instructed
1053,53,0,0.4930072219828606,0.3902355867791688,1,Instructed
1054,54,0,0.3011861256053212,0.37588421575063763,1,Instructed
1055,55,0,0.48070992668251245,0.3531673209667494,1,Instructed
1056,56,0,0.7922646041040748,0.2944537790543873,1,Instructed
1057,57,0,0.6233575275154091,0.3267329404419306,1,Instructed
1058,58,0,0.7704166257657272,0.511484539625352,1,Instructed
1059,59,0,0.5698171457758245,0.45537048862003027,1,Instructed
1060,60,0,0.47416464241550715,0.43048342833558656,1,Instructed
1061,61,0,0.7075746841078738,0.4115829802964237,1,Instructed
1062,62,0,0.28280872406389174,0.42585735909556965,1,Instructed
1063,63,0,0.41385646807917076,0.3562361884776264,1,Instructed
1064,64,0,0.8128265545192144,0.3566600521422705,1,Instructed
1065,65,0,0.32879970495450256,0.4400415217445657,1,Instructed
1066,66,0,0.7843722676689262,0.41719402996592275,1,Instructed
1067,67,0,0.8539555687006203,0.4158655712900536,1,Instructed
1068,68,0,0.7784851986576908,0.42061526128730375,1,Instructed
1069,69,0,0.8082109795882951,0.33323031018875204,1,Instructed
1070,70,0,0.7863980671102418,0.2744340698848568,1,Instructed
1071,71,0,0.8891034467194247,0.35177888095446097,1,Instructed
1072,72,0,0.33965447698468076,0.5067568736126475,1,Instructed
1073,73,0,0.6101280801993968,0.41602261466227075,1,Instructed
1074,74,0,0.7427291050996871,0.3746328194183326,1,Instructed
1075,75,0,0.852699037960132,0.28105741388961053,1,Instructed
1076,76,0,0.4360138168537661,0.33300663979543044,1,Instructed
1077,77,0,0.7517597827800715,0.42056821183341153,1,Instructed
1078,78,0,0.4690768147474495,0.3185611066065869,1,Instructed
1079,79,0,0.256080376349663,0.41371514051392355,1,Instructed
1080,80,0,0.5393325353769832,0.5219727812044241,1,Instructed
1081,81,0,0.5601054187733678,0.2905017831329766,1,Instructed
1082,82,0,0.7126753144741282,0.34626466052238447,1,Instructed
1083,83,0,0.33145420357315514,0.416456606036444,1,Instructed
1084,84,0,0.7207866021075763,0.3490203283082256,1,Instructed
1085,85,0,0.47873656458968616,0.33810406471115645,1,Instructed
1086,86,0,0.32611170788749894,0.46126968473136576,1,Instructed
1087,87,0,0.35248130425377466,0.37956416569671303,1,Instructed
1088,88,0,0.7072986254456834,0.2913892830718901,1,Instructed
1089,89,0,0.3910944710172669,0.37012963373690994,1,Instructed
1090,90,0,0.4182124160296452,0.3524948557546742,1,Instructed
1091,91,0,0.8407201955576944,0.31288219533211004,1,Instructed
1092,92,0,0.586195860633204,0.35391713622510174,1,Instructed
1093,93,0,0.6288242073765641,0.2889641235672953,1,Instructed
1094,94,0,0.7461573483123642,0.3040014856084615,1,Instructed
1095,95,0,0.6667024609150505,0.36156702499707494,1,Instructed
1096,96,0,0.5246473332259369,0.5938401154070083,1,Instructed
1097,97,0,0.72510301342532,0.5226897725314066,1,Instructed
1098,98,0,0.24852524592861605,0.4412102827927409,1,Instructed
1099,99,0,0.884015969048064,0.4256999202700814,1,Instructed
1100,100,0,0.39345642857522894,0.30673481789307616,1,Instructed
1101,101,0,0.05868698984242281,0.39045119369950865,1,Instructed
1102,102,0,0.652867512939975,0.3259033459784251,1,Instructed
1103,103,0,0.6462809601050739,0.4629873218075419,1,Instructed
1104,104,0,0.44784949788114453,0.3609937925521906,1,Instructed
1105,105,0,0.42263884555701586,0.32057507592771056,1,Instructed
1106,106,0,0.6123099171572043,0.32485708916475137,1,Instructed
1107,107,0,0.2696594106328018,0.33561277939969736,1,Instructed
1108,108,0,0.5653853494071882,0.38215717625325085,1,Instructed
1109,109,0,0.3314382047976077,0.4657394823302863,1,Instructed
1110,110,0,0.8835712157823903,0.2793617202262167,1,Instructed
1111,111,0,0.8417045712346554,0.36411123531893863,1,Instructed
1112,112,0,0.42081280730254833,0.3407270911076135,1,Instructed
1113,113,0,0.9377207260777094,0.3094602261458894,1,Instructed
1114,114,0,0.7514814506275007,0.40732664189928836,1,Instructed
1115,115,0,0.950855725730247,0.4918756824644652,1,Instructed
1116,116,0,0.4230595375630787,0.41085776204851243,1,Instructed
1117,117,0,0.6979646728804252,0.25969814162618104,1,Instructed
1118,118,0,0.40916139928187334,0.4530029142491097,1,Instructed
1119,119,0,0.5012374881925628,0.4225704174462203,1,Instructed
1120,120,0,0.42907540028062335,0.3954816085982345,1,Instructed
1121,121,0,0.7951149363214736,0.4037306982551454,1,Instructed
1122,122,0,0.6051076765191941,0.3556882301614419,1,Instructed
1123,123,0,0.97129661982495,0.37980799507092466,1,Instructed
1124,124,0,0.6169331990162653,0.351092090632407,1,Instructed
1125,125,0,0.9608570386405066,0.29481477740484957,1,Instructed
1126,126,0,0.48734210404653705,0.30489381708043195,1,Instructed
1127,127,0,0.33621019372031963,0.4892801396739772,1,Instructed
1128,128,0,0.5212819618651625,0.38990008344427207,1,Instructed
1129,129,0,0.1852462976209625,0.48033255346385706,1,Instructed
1130,130,0,0.4146120088793729,0.3181824917113625,1,Instructed
1131,131,0,0.3007038811876209,0.30426035799187,1,Instructed
1132,132,0,0.528506861691396,0.34751593971034167,1,Instructed
1133,133,0,0.4715423776811023,0.3403917486194719,1,Instructed
1134,134,0,0.5364397497285469,0.42748890538258144,1,Instructed
1135,135,0,0.6541097926169239,0.34754929361159204,1,Instructed
1136,136,0,0.49906723185681023,0.3199261502955827,1,Instructed
1137,137,0,0.15467809605163044,0.5251365688024732,1,Instructed
1138,138,0,0.5213603712481768,0.4122271986852374,1,Instructed
1139,139,0,0.6841456783767401,0.36730381014820107,1,Instructed
1140,140,0,0.8263178217030417,0.40098863697854986,1,Instructed
1141,141,0,0.9879851128852037,0.3428759476589869,1,Instructed
1142,142,0,0.6585580393188277,0.28825402948692724,1,Instructed
1143,143,0,0.9991634310573394,0.3967415624581458,1,Instructed
1144,144,0,0.6062510124791525,0.27107046241446997,1,Instructed
1145,145,0,0.5011778452825186,0.38471400286433777,1,Instructed
1146,146,0,0.5461058911199872,0.32429978923496694,1,Instructed
1147,147,0,0.7401501180130476,0.341456582713243,1,Instructed
1148,148,0,0.5748962790517688,0.303496373033737,1,Instructed
1149,149,0,0.9158917028289415,0.34191483200030093,1,Instructed
1150,150,0,0.4547360704131491,0.4138170872208472,1,Instructed
1151,151,0,0.24501201799802383,0.4734579070495287,1,Instructed
1152,152,0,0.655332166790082,0.30588762800030994,1,Instructed
1153,153,0,0.5854504377976266,0.2902868080566383,1,Instructed
1154,154,0,0.24682790608380675,0.3846426849139881,1,Instructed
1155,155,0,0.989608534657115,0.28932594320363725,1,Instructed
1156,156,0,0.48343649361363417,0.3886842796836011,1,Instructed
1157,157,0,0.5727474191526181,0.2881413166803018,1,Instructed
1158,158,0,0.8984868716294008,0.3105197977948025,1,Instructed
1159,159,0,0.40496550745139304,0.4013736867893094,1,Instructed
1160,160,0,0.4940483378837688,0.37821415736151076,1,Instructed
1161,161,0,0.6079201683163178,0.35776097791975064,1,Instructed
1162,162,0,0.3204726307426932,0.3235561705508262,1,Instructed
1163,163,0,0.3766744462209387,0.35310933836347536,1,Instructed
1164,164,0,0.47776533025588114,0.2985702545539092,1,Instructed
1165,165,0,0.8450368708027332,0.28857153377564226,1,Instructed
1166,166,0,0.33364668175795964,0.3407007274818161,1,Instructed
1167,167,0,0.46365625842395713,0.3723551402432249,1,Instructed
1168,168,0,0.49571467308659256,0.24754104012792125,1,Instructed
1169,169,0,0.4534224419027483,0.4962391274735912,1,Instructed
1170,170,0,0.4284255968611788,0.32669037080775565,1,Instructed
1171,171,0,0.3587235320663866,0.37214311675532524,1,Instructed
1172,172,0,0.823860347569297,0.43633908721841763,1,Instructed
1173,173,0,0.632652768735329,0.40617248965340147,1,Instructed
1174,174,0,0.6970173423982432,0.34305159276403274,1,Instructed
1175,175,0,0.7648488266944402,0.39137394204967385,1,Instructed
1176,176,0,0.9449102275600985,0.3235411436442688,1,Instructed
1177,177,0,0.5712194250420337,0.41312864007069183,1,Instructed
1178,178,0,0.6817374645422204,0.4281088034326991,1,Instructed
1179,179,0,0.6102159645888433,0.40851135596215477,1,Instructed
1180,180,0,0.5600669996327023,0.3734034058051252,1,Instructed
1181,181,0,0.35041257822165595,0.3955503837486226,1,Instructed
1182,182,0,0.6994011268083018,0.3256857687131626,1,Instructed
1183,183,0,0.7864471785731981,0.37793292683120516,1,Instructed
1184,184,0,0.810121480647856,0.29343932239080456,1,Instructed
1185,185,0,0.5301294921557228,0.431748853452146,1,Instructed
1186,186,0,0.806348765518378,0.28080720597817455,1,Instructed
1187,187,0,0.9667770649985694,0.27993989232967875,1,Instructed
1188,188,0,0.5210919562678764,0.3809518280893258,1,Instructed
1189,189,0,0.3157136669781522,0.4768774061526909,1,Instructed
1190,190,0,0.8797874607535159,0.46717601090788263,1,Instructed
1191,191,0,0.9351531673849827,0.28310251140054793,1,Instructed
1192,192,0,0.9796596442662697,0.42314916507199124,1,Instructed
1193,193,0,0.8889554392201464,0.32063453182645785,1,Instructed
1194,194,0,0.9695094150843684,0.2928988024548195,1,Instructed
1195,195,0,0.9663580957995876,0.3154513675809039,1,Instructed
1196,196,0,0.38065968543884454,0.3939325916563064,1,Instructed
1197,197,0,0.34356792925545976,0.3651036581049285,1,Instructed
1198,198,0,0.9899139986767037,0.37271349824085775,1,Instructed
1199,199,0,0.5088166152297228,0.3702793400739114,1,Instructed
