,t,e_hat,Accuracy,pe,batch,Condition
0,0,0,0.6994210478116648,0.8126498660802712,0,Blocked
1,1,0,0.685844511442153,0.7717571820179856,0,Blocked
2,2,0,0.4672813674692935,0.7266855632468423,0,Blocked
3,3,0,0.4971409513685451,0.6437267255129753,0,Blocked
4,4,0,0.39513216645107185,0.42862238961848254,0,Blocked
5,5,0,0.5496679125723943,0.7100701578461148,0,Blocked
6,6,0,0.38275184455048683,0.5482784999097128,0,Blocked
7,7,0,0.4623480979968413,0.5012599179560095,0,Blocked
8,8,0,0.9103502106817741,0.5776182595273747,0,Blocked
9,9,0,0.014250233438396601,0.6187684079821398,0,Blocked
10,10,0,0.995313570743518,0.6289622286030234,0,Blocked
11,11,0,0.054998079315893414,0.7432124893566648,0,Blocked
12,12,0,0.35364090425177175,0.7404206519647041,0,Blocked
13,13,0,0.1310149662675701,0.503971519826147,0,Blocked
14,14,0,0.3244842144372042,0.5843257907532198,0,Blocked
15,15,0,0.2712502457334883,0.4610591493040097,0,Blocked
16,16,0,0.0841567805555831,0.6731390816794578,0,Blocked
17,17,0,0.8292116181522432,0.565582009304922,0,Blocked
18,18,0,0.3393609882270956,0.610242349678163,0,Blocked
19,19,0,0.6682491662086847,0.4247002812473941,0,Blocked
20,20,0,0.19635528347198522,0.5638272122719351,0,Blocked
21,21,0,0.1515773032754887,0.6693072762927528,0,Blocked
22,22,0,0.5595352950921921,0.28262863023104995,0,Blocked
23,23,0,0.8730085228482306,0.5063527797474574,0,Blocked
24,24,0,0.038288090311108434,0.5649916588319578,0,Blocked
25,25,0,0.980056226023982,0.455726006327486,0,Blocked
26,26,0,0.9587328096169931,0.5763766813317115,0,Blocked
27,27,0,0.04783387872094901,0.5894868501950288,0,Blocked
28,28,0,0.10209452048796541,0.41558136181414124,0,Blocked
29,29,0,0.264541193622843,0.6752761244144128,0,Blocked
30,30,0,0.5682682373402209,0.5466143819738153,0,Blocked
31,31,0,0.4387980083788581,0.6376772647058586,0,Blocked
32,32,0,0.47120771570926,0.42189495125195914,0,Blocked
33,33,0,0.7680358081661036,0.4794899964864171,0,Blocked
34,34,0,0.7682906786115031,0.3736211979064533,0,Blocked
35,35,0,0.8196449342576234,0.6065614046056655,0,Blocked
36,36,0,0.14822608774688734,0.5515354899228924,0,Blocked
37,37,0,0.08273894418302699,0.5214700430697943,0,Blocked
38,38,0,0.2918463549051268,0.6207980118954003,0,Blocked
39,39,0,0.42525363318278586,0.4639442084586165,0,Blocked
40,40,0,0.4137847331334409,0.47337203462783406,0,Blocked
41,41,0,0.5601001624419426,0.6130794340170433,0,Blocked
42,42,0,0.7856205877701584,0.36186808738012843,0,Blocked
43,43,0,0.7876168518773,0.6432909211339997,0,Blocked
44,44,0,0.8235840985069618,0.5804259704007998,0,Blocked
45,45,0,0.9271199252321887,0.5054308278224817,0,Blocked
46,46,0,0.10299655965815904,0.4376096037740965,0,Blocked
47,47,0,0.6311288904882386,0.5309193660412892,0,Blocked
48,48,0,0.5281014437678867,0.4467622464900973,0,Blocked
49,49,0,0.826534696500827,0.5096091943293581,0,Blocked
50,50,0,0.039522879628999565,0.5258506276998485,0,Blocked
51,51,0,0.05828680967282951,0.619735985376848,0,Blocked
52,52,0,0.24488502478537358,0.6515612008696638,0,Blocked
53,53,0,0.5575115651095569,0.5576207283809032,0,Blocked
54,54,0,0.55428984293622,0.506147350006143,0,Blocked
55,55,0,0.24782595116981637,0.4257291996928757,0,Blocked
56,56,0,0.0639237992063055,0.5407893032813802,0,Blocked
57,57,0,0.9310483159126055,0.49795696976879905,0,Blocked
58,58,0,0.12012180040478108,0.5827751706956077,0,Blocked
59,59,0,0.24656609842806537,0.5538590157994536,0,Blocked
60,60,0,0.5426735912273116,0.7825729902283656,0,Blocked
61,61,0,0.6229833976703505,0.448664017214483,0,Blocked
62,62,0,0.28749134902716467,0.4210936757975019,0,Blocked
63,63,0,0.3949972481790818,0.43837945048270843,0,Blocked
64,64,0,0.6286650843811544,0.5929049338288447,0,Blocked
65,65,0,0.20568914413698158,0.5975427519741392,0,Blocked
66,66,0,0.7578831515065179,0.38818437636658604,0,Blocked
67,67,0,0.39014915872257916,0.4239812116617281,0,Blocked
68,68,0,0.37480545517961034,0.45311725838396216,0,Blocked
69,69,0,0.4397798398562811,0.5019849894254983,0,Blocked
70,70,0,0.511334109044572,0.4356378315757974,0,Blocked
71,71,0,0.4905686238097231,0.6636840793361114,0,Blocked
72,72,0,0.626546808639274,0.49492707532826463,0,Blocked
73,73,0,0.8782846104596158,0.5550921336331829,0,Blocked
74,74,0,0.19992103310903192,0.5518550963874538,0,Blocked
75,75,0,0.7149212910624565,0.4522619019817915,0,Blocked
76,76,0,0.4656684520012556,0.5009829922705872,0,Blocked
77,77,0,0.5192319642818023,0.46941016333483054,0,Blocked
78,78,0,0.6562597530723119,0.4071161756449525,0,Blocked
79,79,0,0.750089952191288,0.28594721618003893,0,Blocked
80,80,0,0.6404991716386641,0.44689880622924905,0,Blocked
81,81,0,0.40355226132853345,0.5543206352543275,0,Blocked
82,82,0,0.4118614710715729,0.5509182789091993,0,Blocked
83,83,0,0.621682225592688,0.6501234709301957,0,Blocked
84,84,0,0.37153691686225215,0.4799153552250555,0,Blocked
85,85,0,0.46422278386648635,0.6260955490452729,0,Blocked
86,86,0,0.7112199888081441,0.36210974073806884,0,Blocked
87,87,0,0.13911753147899916,0.4714879476404974,0,Blocked
88,88,0,0.07241230910213499,0.5510874483726113,0,Blocked
89,89,0,0.6260969988120768,0.42741476169382053,0,Blocked
90,90,0,0.23580361975853595,0.4511065331464619,0,Blocked
91,91,0,0.09708519879928179,0.5808085761239637,0,Blocked
92,92,0,0.19379024069596637,0.7360895614021292,0,Blocked
93,93,0,0.07626730011933282,0.4956424259733738,0,Blocked
94,94,0,0.1085438698935021,0.32051126205004654,0,Blocked
95,95,0,0.23553077351720128,0.5132765153742606,0,Blocked
96,96,0,0.6452004750705184,0.38932606852950397,0,Blocked
97,97,0,0.8408241830144096,0.5203015950694926,0,Blocked
98,98,0,0.09387188599838082,0.4370536703657437,0,Blocked
99,99,0,0.92718634768629,0.4093546453949791,0,Blocked
100,100,0,0.8985334787653603,0.48130969529601303,0,Blocked
101,101,0,0.9469435668661434,0.4791351530723885,0,Blocked
102,102,0,0.21614524389127626,0.37446324214828774,0,Blocked
103,103,0,0.36683782225033335,0.5003382688295326,0,Blocked
104,104,0,0.4147778144495567,0.5418411201764897,0,Blocked
105,105,0,0.4908553630029072,0.5135378170310827,0,Blocked
106,106,0,0.6410399887550087,0.5425439205200215,0,Blocked
107,107,0,0.8340681434526194,0.361804306618413,0,Blocked
108,108,0,0.9275809325163397,0.7154529220950726,0,Blocked
109,109,0,0.016410508541706472,0.6350298985534347,0,Blocked
110,110,0,0.5705935317304165,0.5542798129377225,0,Blocked
111,111,0,0.8554388002351615,0.521698355810135,0,Blocked
112,112,0,0.9275118422962031,0.3686219449775836,0,Blocked
113,113,0,0.09370474702690373,0.6027492397473546,0,Blocked
114,114,0,0.08001759306553528,0.6555020722711908,0,Blocked
115,115,0,0.20610979067746787,0.6510105433059187,0,Blocked
116,116,0,0.892777165311432,0.388592929707563,0,Blocked
117,117,0,0.5581657803837057,0.50715919796895,0,Blocked
118,118,0,0.48397184789718994,0.4403465709911547,0,Blocked
119,119,0,0.2093978330269598,0.5154824315428773,0,Blocked
120,120,0,0.44464686628598793,0.3748386976727306,0,Blocked
121,121,0,0.42938598075298917,0.4920358779911062,0,Blocked
122,122,0,0.4134079712667269,0.7298496317216199,0,Blocked
123,123,0,0.3757753808862694,0.3664473200383755,0,Blocked
124,124,0,0.6573744882289377,0.5267492145590635,0,Blocked
125,125,0,0.33355669191261605,0.5398405896330041,0,Blocked
126,126,0,0.2775635059482099,0.5260497378741084,0,Blocked
127,127,0,0.4191731140754948,0.5260983783890798,0,Blocked
128,128,0,0.42794617418931596,0.4424955875913804,0,Blocked
129,129,0,0.3630919825494766,0.5439745740006775,0,Blocked
130,130,0,0.6282885563162061,0.46265544566412853,0,Blocked
131,131,0,0.20014356794472085,0.6008085301975581,0,Blocked
132,132,0,0.6370598846844933,0.5086606444005237,0,Blocked
133,133,0,0.7117013358666245,0.36801947121156786,0,Blocked
134,134,0,0.6961430654981389,0.45544377003072745,0,Blocked
135,135,0,0.7722422295280519,0.5076330457464133,0,Blocked
136,136,0,0.145181561915298,0.5247442304591882,0,Blocked
137,137,0,0.8133622199675425,0.4519656849636029,0,Blocked
138,138,0,0.8777266308044596,0.4421967379339571,0,Blocked
139,139,0,0.8911440514312949,0.4441720450285185,0,Blocked
140,140,0,0.9007589282177185,0.40255235911505305,0,Blocked
141,141,0,0.11996067991302878,0.574239348489073,0,Blocked
142,142,0,0.7242946477581798,0.3799505774797078,0,Blocked
143,143,0,0.5219187110537225,0.4177494328986815,0,Blocked
144,144,0,0.5138791108697209,0.4256554564789154,0,Blocked
145,145,0,0.34071749375823823,0.41770648129204363,0,Blocked
146,146,0,0.8055222444794794,0.4856195799332239,0,Blocked
147,147,0,0.7669439797920674,0.38858788635569697,0,Blocked
148,148,0,0.053828978291185096,0.5395849830695485,0,Blocked
149,149,0,0.9503726397322663,0.4944785292192472,0,Blocked
150,150,0,0.8795804086162815,0.359167214345513,0,Blocked
151,151,0,0.31505532175577805,0.4595828501071022,0,Blocked
152,152,0,0.6097026296357443,0.4110671517907062,0,Blocked
153,153,0,0.42838697877386317,0.5979812984854957,0,Blocked
154,154,0,0.4908435742212225,0.5590099111693267,0,Blocked
155,155,0,0.667470536270791,0.34557948507251735,0,Blocked
156,156,0,0.48236893049700164,0.7783313484473484,0,Blocked
157,157,0,0.4804636836590091,0.4990665764482901,0,Blocked
158,158,0,0.8754999871652592,0.3925256881374372,0,Blocked
159,159,0,0.4393634883557014,0.8057379894941306,0,Blocked
160,160,0,0.6532521728950852,0.5697210610201541,0,Blocked
161,161,0,0.3595838896456539,0.6725415141242952,0,Blocked
162,162,0,0.49032325803655585,0.5763257499614706,0,Blocked
163,163,0,0.56624453069553,0.36146736581425676,0,Blocked
164,164,0,0.8860846315057316,0.38569041114865155,0,Blocked
165,165,0,0.8517583421340159,0.5255202790669788,0,Blocked
166,166,0,0.6867113461269184,0.31988542440364487,0,Blocked
167,167,0,0.155278065279749,0.439302993456532,0,Blocked
168,168,0,0.5332475919348397,0.5528154672064165,0,Blocked
169,169,0,0.405949166378192,0.3724738073041891,0,Blocked
170,170,0,0.9444856013110555,0.4181302841360519,0,Blocked
171,171,0,0.3082541019634786,0.3865401036794968,0,Blocked
172,172,0,0.38445546848001694,0.4641497701936443,0,Blocked
173,173,0,0.45715222024845703,0.48712195289686167,0,Blocked
174,174,0,0.5474713108697215,0.5140435174018234,0,Blocked
175,175,0,0.8949443702256177,0.4269033681648714,0,Blocked
176,176,0,0.5067674749019792,0.4470323846683694,0,Blocked
177,177,0,0.8630839040551064,0.5045286934354282,0,Blocked
178,178,0,0.0007679508540305465,1.0171970108786452,0,Blocked
179,179,0,0.1044406322854958,0.44303821991078063,0,Blocked
180,180,0,0.054157734726906735,0.45789475387701817,0,Blocked
181,181,0,0.016664343070426166,0.743262529245565,0,Blocked
182,182,0,0.03559678770141172,0.5441042030356015,0,Blocked
183,183,0,0.8517932457105157,0.2864047947233447,0,Blocked
184,184,0,0.6472056826093513,0.43272553587084417,0,Blocked
185,185,0,0.475548117464212,0.5448577232592926,0,Blocked
186,186,0,0.6065685557767283,0.4793001271612284,0,Blocked
187,187,0,0.5083464504223738,0.5100920367839672,0,Blocked
188,188,0,0.4766840299060243,0.6816126926408773,0,Blocked
189,189,0,0.3698984127757495,0.5466748468807904,0,Blocked
190,190,0,0.20204733866166202,0.4687009358531123,0,Blocked
191,191,0,0.9280231910259277,0.5011793076675027,0,Blocked
192,192,0,0.48349921474406227,0.46082747764428045,0,Blocked
193,193,0,0.5754431483028575,0.4038819022526373,0,Blocked
194,194,0,0.25766535431336335,0.5051573544185408,0,Blocked
195,195,0,0.7237269020833837,0.49154758537530663,0,Blocked
196,196,0,0.3238431149279375,0.3595440437558537,0,Blocked
197,197,0,0.6616128075947382,0.3228798738687568,0,Blocked
198,198,0,0.18210834463040118,0.49050575032679633,0,Blocked
199,199,0,0.28954169171726507,0.5889934493385476,0,Blocked
200,0,0,0.9532605370952871,0.8305421817630404,0,Interleaved
201,1,0,0.08720593739883523,0.6794555330672847,0,Interleaved
202,2,0,0.25353605900235243,0.7933444978386712,0,Interleaved
203,3,0,0.5069197615062542,0.5388500719922837,0,Interleaved
204,4,0,0.8280458735759432,0.40131884052133115,0,Interleaved
205,5,0,0.31751459993522235,0.5764971618066312,0,Interleaved
206,6,0,0.8245772197179151,0.5528121324334552,0,Interleaved
207,7,0,0.5097185886875335,0.44930593201252944,0,Interleaved
208,8,0,0.009771813129720525,0.5871896158247524,0,Interleaved
209,9,0,0.539018858234037,0.5867482471394058,0,Interleaved
210,10,0,0.6019128548707171,0.37623837271170535,0,Interleaved
211,11,0,0.836374246025788,0.5440188605289022,0,Interleaved
212,12,0,0.43570680094382064,0.5415463383508046,0,Interleaved
213,13,0,0.5266678453389306,0.45403214120109925,0,Interleaved
214,14,0,0.011888487507823235,0.5066484093010875,0,Interleaved
215,15,0,0.5007333248447884,0.6684892545182548,0,Interleaved
216,16,0,0.9534289128153093,0.5247201952361733,0,Interleaved
217,17,0,0.35316394366395565,0.5655998883186002,0,Interleaved
218,18,0,0.8384686753272642,0.2991635609859198,0,Interleaved
219,19,0,0.5846632809539482,0.5866636075914354,0,Interleaved
220,20,0,0.8828938322657445,0.47765178700904,0,Interleaved
221,21,0,0.43687814701754674,0.3769537901624566,0,Interleaved
222,22,0,0.9729620417018348,0.4227472324601931,0,Interleaved
223,23,0,0.5029554848169197,0.46339887233091204,0,Interleaved
224,24,0,0.004543240735430455,0.5686645710680447,0,Interleaved
225,25,0,0.4923532623088503,0.5179259531025576,0,Interleaved
226,26,0,0.8657288846426561,0.5698735227064213,0,Interleaved
227,27,0,0.26187685551604495,0.446521353319534,0,Interleaved
228,28,0,0.7405308318761352,0.4683650631577627,0,Interleaved
229,29,0,0.4737074291659675,0.45507103140701366,0,Interleaved
230,30,0,0.015795506098652087,0.5197583045360548,0,Interleaved
231,31,0,0.48867233619226996,0.6042182283609918,0,Interleaved
232,32,0,0.9572140939124765,0.3970094580629806,0,Interleaved
233,33,0,0.5410101087042685,0.4419252946784079,0,Interleaved
234,34,0,0.924890933569969,0.41421775419698126,0,Interleaved
235,35,0,0.5613009331331804,0.3686262303187927,0,Interleaved
236,36,0,0.9611939788528098,0.3819848348507193,0,Interleaved
237,37,0,0.49159199361848305,0.6320448564556718,0,Interleaved
238,38,0,0.0021473685353432972,0.6833888022835612,0,Interleaved
239,39,0,0.49944235182376595,0.4614206651086935,0,Interleaved
240,40,0,0.15081852414737706,0.45797033710447066,0,Interleaved
241,41,0,0.7268474183092457,0.48429803740527455,0,Interleaved
242,42,0,0.4207201946043488,0.6287001134503666,0,Interleaved
243,43,0,0.924660488346407,0.4439643799855341,0,Interleaved
244,44,0,0.5563231675138899,0.425366258500095,0,Interleaved
245,45,0,0.7422883085735771,0.5586779379491316,0,Interleaved
246,46,0,0.8949947989931997,0.4980960793260728,0,Interleaved
247,47,0,0.5346049515484885,0.4641098076899033,0,Interleaved
248,48,0,0.06327559075688483,0.678759835964434,0,Interleaved
249,49,0,0.13955970037496132,0.6937245370778156,0,Interleaved
250,50,0,0.36532737635175133,0.6430924904284393,0,Interleaved
251,51,0,0.7215649365192314,0.6037140296246926,0,Interleaved
252,52,0,0.3053787814905803,0.5362687802013959,0,Interleaved
253,53,0,0.6940730650632708,0.4296510433904981,0,Interleaved
254,54,0,0.4592612350461302,0.49805058653228224,0,Interleaved
255,55,0,0.8074488076076743,0.5223142449468906,0,Interleaved
256,56,0,0.5605790917978843,0.4345280436690776,0,Interleaved
257,57,0,0.8743843652388018,0.337076677652534,0,Interleaved
258,58,0,0.829389728288735,0.4965407092138644,0,Interleaved
259,59,0,0.4699292736925453,0.6088900172820044,0,Interleaved
260,60,0,0.9899701555050167,0.32658736808386446,0,Interleaved
261,61,0,0.5003796362292112,0.519617243407487,0,Interleaved
262,62,0,0.9827689084759751,0.46271080823843336,0,Interleaved
263,63,0,0.5313576852134217,0.5892524959533887,0,Interleaved
264,64,0,0.12443449592500154,0.42379394801155035,0,Interleaved
265,65,0,0.6019550136062279,0.488888826792135,0,Interleaved
266,66,0,0.7715845203047977,0.43702207673464893,0,Interleaved
267,67,0,0.6308485553575411,0.3092455168159265,0,Interleaved
268,68,0,0.9670125309172897,0.41237283920299983,0,Interleaved
269,69,0,0.49953274222112126,0.7167416418278754,0,Interleaved
270,70,0,0.0012764215434084257,0.7597126607009077,0,Interleaved
271,71,0,0.4826296454460304,0.5276532672003381,0,Interleaved
272,72,0,0.38852399280631233,0.43675375627352087,0,Interleaved
273,73,0,0.3507981916258281,0.5518545647542201,0,Interleaved
274,74,0,0.5930381404368791,0.3951721487055507,0,Interleaved
275,75,0,0.36108819157678873,0.5585659353913265,0,Interleaved
276,76,0,0.8767590516755488,0.37734998370274586,0,Interleaved
277,77,0,0.3494385670578667,0.4476456971018935,0,Interleaved
278,78,0,0.03685854065321198,0.6904009371503719,0,Interleaved
279,79,0,0.580426696465917,0.457545768579938,0,Interleaved
280,80,0,0.23401348307645592,0.36308985399937765,0,Interleaved
281,81,0,0.32053071810998396,0.6831558754071151,0,Interleaved
282,82,0,0.41332327989730494,0.4209528397574562,0,Interleaved
283,83,0,0.14313333557845292,0.6736609319472928,0,Interleaved
284,84,0,0.6791879580740863,0.5652083257235848,0,Interleaved
285,85,0,0.5696633567184073,0.5329533118708135,0,Interleaved
286,86,0,0.05226448901409016,0.3732568281081545,0,Interleaved
287,87,0,0.4636403925918809,0.4585936951025493,0,Interleaved
288,88,0,0.8278160312491156,0.44236784123843464,0,Interleaved
289,89,0,0.484198820688695,0.4305946168078076,0,Interleaved
290,90,0,0.9907014978763988,0.3298037862769856,0,Interleaved
291,91,0,0.5042326708007214,0.5705387139760639,0,Interleaved
292,92,0,0.011668677965025041,0.5688494085701236,0,Interleaved
293,93,0,0.4094514971276057,0.4538448755795297,0,Interleaved
294,94,0,0.5081771247854354,0.3640976871363079,0,Interleaved
295,95,0,0.4634891698224666,0.4675064105692501,0,Interleaved
296,96,0,0.013750635860668388,0.43195341645569807,0,Interleaved
297,97,0,0.49531977555819867,0.36468290973871176,0,Interleaved
298,98,0,0.9517047721051981,0.299051750778511,0,Interleaved
299,99,0,0.3827570239367808,0.540792920181707,0,Interleaved
300,100,0,0.042447341622200166,0.6077104290432394,0,Interleaved
301,101,0,0.4944235438390138,0.6258545620772759,0,Interleaved
302,102,0,0.10791058480247137,0.5944786802160216,0,Interleaved
303,103,0,0.5026095744274865,0.44345683604382957,0,Interleaved
304,104,0,0.5462472793619566,0.3914363623877455,0,Interleaved
305,105,0,0.3559227573413385,0.39285431035797413,0,Interleaved
306,106,0,0.5645566090035656,0.3443155637293163,0,Interleaved
307,107,0,0.2886538476344502,0.434745043664324,0,Interleaved
308,108,0,0.2622534108586752,0.6341825781860098,0,Interleaved
309,109,0,0.580240851759247,0.37225069045602255,0,Interleaved
310,110,0,0.766657105558745,0.4026816284874703,0,Interleaved
311,111,0,0.6475598241047074,0.4907734609495123,0,Interleaved
312,112,0,0.892051041158215,0.4011498653496868,0,Interleaved
313,113,0,0.527864357504772,0.45713170492944943,0,Interleaved
314,114,0,0.9657846405673853,0.39752087413697756,0,Interleaved
315,115,0,0.40394187921405617,0.6694957439353526,0,Interleaved
316,116,0,0.24202734295584677,0.5616972464551806,0,Interleaved
317,117,0,0.7184431535307654,0.42281111902007296,0,Interleaved
318,118,0,0.5135099607372013,0.36007162572110063,0,Interleaved
319,119,0,0.5433099384448267,0.4600034202195669,0,Interleaved
320,120,0,0.7403435869765121,0.5979778966789244,0,Interleaved
321,121,0,0.490715215406061,0.5090428550190793,0,Interleaved
322,122,0,0.016948785482326888,0.5901068346872868,0,Interleaved
323,123,0,0.5786757541177785,0.3870888336441849,0,Interleaved
324,124,0,0.2893831787204257,0.447788072759709,0,Interleaved
325,125,0,0.6367659094107692,0.5232004080961297,0,Interleaved
326,126,0,0.4820604190658911,0.4579410085915818,0,Interleaved
327,127,0,0.7985519497198433,0.5037622600560717,0,Interleaved
328,128,0,0.6860931931379415,0.6706783663727778,0,Interleaved
329,129,0,0.3997327296470696,0.35855419433835545,0,Interleaved
330,130,0,0.9917859953736975,0.3465972513500494,0,Interleaved
331,131,0,0.4996005740021881,0.6213102024328518,0,Interleaved
332,132,0,0.9977317378248673,0.5058184566434649,0,Interleaved
333,133,0,0.45784730224112363,0.41736242450367733,0,Interleaved
334,134,0,0.6684510036588451,0.4928197159408648,0,Interleaved
335,135,0,0.7732991480996996,0.47742986431561296,0,Interleaved
336,136,0,0.12473024829025016,0.664116122577443,0,Interleaved
337,137,0,0.40997612629701163,0.5015747057439256,0,Interleaved
338,138,0,0.486645869228794,0.49476617460182776,0,Interleaved
339,139,0,0.5806157851598429,0.5464474714349605,0,Interleaved
340,140,0,0.40125164052262474,0.4881498477223052,0,Interleaved
341,141,0,0.7173408982062074,0.35546267876394666,0,Interleaved
342,142,0,0.2773498636764314,0.510291364930984,0,Interleaved
343,143,0,0.5880959663705281,0.3970298204222786,0,Interleaved
344,144,0,0.21074239007800596,0.7250269118202344,0,Interleaved
345,145,0,0.22994721953026107,0.6524333092678706,0,Interleaved
346,146,0,0.5650321334502588,0.37811643500344194,0,Interleaved
347,147,0,0.41215547500657723,0.4014491699745074,0,Interleaved
348,148,0,0.06105438078418082,0.5747928683804349,0,Interleaved
349,149,0,0.4946171763695784,0.46813126308289627,0,Interleaved
350,150,0,0.9299206312150957,0.5465390170189814,0,Interleaved
351,151,0,0.51442355429137,0.46035619995621563,0,Interleaved
352,152,0,0.05317158046892813,0.4295812084580917,0,Interleaved
353,153,0,0.615270696935354,0.366356357913633,0,Interleaved
354,154,0,0.42440208583075995,0.5529378592640248,0,Interleaved
355,155,0,0.04630611113727675,0.43350695608841083,0,Interleaved
356,156,0,0.44023754623286415,0.5058702470535672,0,Interleaved
357,157,0,0.7733598775023378,0.3543488470916305,0,Interleaved
358,158,0,0.4584294914696474,0.5279153277711105,0,Interleaved
359,159,0,0.2993610758711887,0.5628335026953173,0,Interleaved
360,160,0,0.4909693475894015,0.43768594141329337,0,Interleaved
361,161,0,0.42293456721666484,0.5580544998594286,0,Interleaved
362,162,0,0.43927228662124185,0.44612242340164476,0,Interleaved
363,163,0,0.3880420827877973,0.49251854642241494,0,Interleaved
364,164,0,0.5236638079039102,0.4542878527026943,0,Interleaved
365,165,0,0.30193309491942566,0.4457588367105707,0,Interleaved
366,166,0,0.22012403426766364,0.48696482751165177,0,Interleaved
367,167,0,0.7448696953683456,0.4536449061649378,0,Interleaved
368,168,0,0.4325173842325473,0.506242414586102,0,Interleaved
369,169,0,0.47538550718362477,0.503140447359508,0,Interleaved
370,170,0,0.835494935858303,0.5141967961959835,0,Interleaved
371,171,0,0.7883342059955253,0.528184642354584,0,Interleaved
372,172,0,0.7036272917041483,0.4306703719264716,0,Interleaved
373,173,0,0.8603222788308953,0.5269509544605192,0,Interleaved
374,174,0,0.7862488911648633,0.47482183082330254,0,Interleaved
375,175,0,0.6407441578422247,0.3290137509117408,0,Interleaved
376,176,0,0.9662880252421608,0.4274635959949227,0,Interleaved
377,177,0,0.023819763966057672,0.5915053485844071,0,Interleaved
378,178,0,0.9432269525033106,0.3651955899117558,0,Interleaved
379,179,0,0.18547580057432608,0.5374105728878065,0,Interleaved
380,180,0,0.7818057129136486,0.5021952951507018,0,Interleaved
381,181,0,0.8494761421880865,0.39600042196873575,0,Interleaved
382,182,0,0.4410056076356774,0.536589452994543,0,Interleaved
383,183,0,0.7707235589825614,0.4393814219447075,0,Interleaved
384,184,0,0.6105029456169947,0.27904493282810083,0,Interleaved
385,185,0,0.77497053089212,0.3714223755539803,0,Interleaved
386,186,0,0.6717647524374197,0.549174671390612,0,Interleaved
387,187,0,0.6104670361595935,0.2786007484638088,0,Interleaved
388,188,0,0.6365714974176673,0.5254921352768425,0,Interleaved
389,189,0,0.7964799689200397,0.24345015906600923,0,Interleaved
390,190,0,0.5622437769171368,0.5352155313106244,0,Interleaved
391,191,0,0.0842954828986775,0.5989679123120814,0,Interleaved
392,192,0,0.3136286401285651,0.6930627909624336,0,Interleaved
393,193,0,0.5620284403612389,0.4918182013710348,0,Interleaved
394,194,0,0.27949405212678263,0.49665881281743807,0,Interleaved
395,195,0,0.7680786873877264,0.43386913702380286,0,Interleaved
396,196,0,0.6651345179302073,0.5109592451563311,0,Interleaved
397,197,0,0.9027811928827435,0.4487915706166224,0,Interleaved
398,198,0,0.938196063935846,0.39672355069689275,0,Interleaved
399,199,0,0.513186992923901,0.4811720317556962,0,Interleaved
400,0,0,0.8396050771070578,0.7926658321687556,0,Instructed
401,1,0,0.04622539936532723,0.7534403966758467,0,Instructed
402,2,0,0.5645888109164396,0.7659290454166192,0,Instructed
403,3,0,0.2644528234004398,0.6452399170073166,0,Instructed
404,4,0,0.016739952915244077,0.6288482588196505,0,Instructed
405,5,0,0.633695719474717,0.3683156962352071,0,Instructed
406,6,0,0.5780116677656948,0.5383128154828545,0,Instructed
407,7,0,0.5004906920118677,0.5793221325814333,0,Instructed
408,8,0,0.09233404056542721,0.4557029807212417,0,Instructed
409,9,0,0.4836133222163471,0.42853691054570875,0,Instructed
410,10,0,0.6296709196555768,0.4772816869201273,0,Instructed
411,11,0,0.4732575394826374,0.5627443071396132,0,Instructed
412,12,0,0.265001456741223,0.3700513479047184,0,Instructed
413,13,0,0.5789410342736321,0.5708730567627522,0,Instructed
414,14,0,0.7005689992825631,0.40651039792122334,0,Instructed
415,15,0,0.774206099544571,0.5761615532182657,0,Instructed
416,16,0,0.29212063256497395,0.555122016600997,0,Instructed
417,17,0,0.3339460966081477,0.4751229570114308,0,Instructed
418,18,0,0.8201646087524244,0.470624381094614,0,Instructed
419,19,0,0.3256018716979324,0.4663257070442964,0,Instructed
420,20,0,0.5609481467081122,0.4201978294119664,0,Instructed
421,21,0,0.5040292169142342,0.3275911211401009,0,Instructed
422,22,0,0.2201341159690171,0.4271293584661562,0,Instructed
423,23,0,0.5223466759478131,0.44219465905085886,0,Instructed
424,24,0,0.7574497803968399,0.4142931333201637,0,Instructed
425,25,0,0.2846887372510243,0.47985725164786397,0,Instructed
426,26,0,0.17187774471205003,0.6877575491833919,0,Instructed
427,27,0,0.384237067043984,0.4489890078212069,0,Instructed
428,28,0,0.8004478871807894,0.4786319204324795,0,Instructed
429,29,0,0.5106238704039001,0.5487266230974127,0,Instructed
430,30,0,0.005234424749899256,0.5043082412288029,0,Instructed
431,31,0,0.49497951126876544,0.33786061648900834,0,Instructed
432,32,0,0.8922570928757902,0.35956332442290273,0,Instructed
433,33,0,0.38331646273563724,0.512749202951725,0,Instructed
434,34,0,0.32667035265457184,0.32696615408263463,0,Instructed
435,35,0,0.5962968523277263,0.6539938251624764,0,Instructed
436,36,0,0.8460931842939544,0.3873571967757733,0,Instructed
437,37,0,0.5227806297994425,0.3971503957092258,0,Instructed
438,38,0,0.8935513056843198,0.363841244469039,0,Instructed
439,39,0,0.47822550197122193,0.5063159656757388,0,Instructed
440,40,0,0.33058237731892876,0.5007685725944724,0,Instructed
441,41,0,0.4491331254252145,0.3439176476494871,0,Instructed
442,42,0,0.3481945056415209,0.4755170319120245,0,Instructed
443,43,0,0.9564869176562547,0.4477920331034973,0,Instructed
444,44,0,0.9909964997805375,0.3625058633585546,0,Instructed
445,45,0,0.5505257292541728,0.4845202336987931,0,Instructed
446,46,0,0.043052075330474324,0.4666190108408834,0,Instructed
447,47,0,0.37568727503295307,0.5195055801143961,0,Instructed
448,48,0,0.9543537700039371,0.32478278125040716,0,Instructed
449,49,0,0.4710319156520939,0.38535787337031707,0,Instructed
450,50,0,0.9661713099296401,0.2931960182192288,0,Instructed
451,51,0,0.4818096810970121,0.5552853014874348,0,Instructed
452,52,0,0.25489699744139543,0.4952318828013964,0,Instructed
453,53,0,0.1282150159666719,0.44410889327191005,0,Instructed
454,54,0,0.9002915288438665,0.4142950593119492,0,Instructed
455,55,0,0.40035815758756466,0.44813763023600095,0,Instructed
456,56,0,0.9313811052621747,0.287101287104709,0,Instructed
457,57,0,0.23935986832248374,0.4933343594325129,0,Instructed
458,58,0,0.6753970667820222,0.5182050184576806,0,Instructed
459,59,0,0.553531474296556,0.3560339593395139,0,Instructed
460,60,0,0.25111487356459744,0.5806634882578289,0,Instructed
461,61,0,0.5581386610054481,0.34137380232036596,0,Instructed
462,62,0,0.7731825750665058,0.37584566558105115,0,Instructed
463,63,0,0.6870326579445093,0.419416489906557,0,Instructed
464,64,0,0.73332021762451,0.4337048489184349,0,Instructed
465,65,0,0.6305222870525768,0.4469646324633374,0,Instructed
466,66,0,0.47368873671372447,0.5607769458370571,0,Instructed
467,67,0,0.2259267888635011,0.4357501067104335,0,Instructed
468,68,0,0.9559024009126138,0.39742604943682003,0,Instructed
469,69,0,0.250506842103651,0.3166148509302417,0,Instructed
470,70,0,0.6368903161049896,0.48673674393746924,0,Instructed
471,71,0,0.1573241727282031,0.449366636918479,0,Instructed
472,72,0,0.9764554443595836,0.4948938093508337,0,Instructed
473,73,0,0.30762145901948174,0.47760920662306694,0,Instructed
474,74,0,0.45450251801520813,0.4752846476050985,0,Instructed
475,75,0,0.9041032076531084,0.35866574816425045,0,Instructed
476,76,0,0.39850883811515836,0.5473849859752702,0,Instructed
477,77,0,0.27229729382591833,0.3516672725295693,0,Instructed
478,78,0,0.792896302723652,0.3637325184291714,0,Instructed
479,79,0,0.692454133459571,0.32272505911687305,0,Instructed
480,80,0,0.20487571339917354,0.5156846132466593,0,Instructed
481,81,0,0.6673352508536735,0.3912401781268995,0,Instructed
482,82,0,0.9317329878528229,0.258998987571713,0,Instructed
483,83,0,0.35930935626747784,0.3619768666135359,0,Instructed
484,84,0,0.12591016663263854,0.3773193204783405,0,Instructed
485,85,0,0.4647478492370397,0.5413297755868519,0,Instructed
486,86,0,0.6999037447215788,0.45789621539879566,0,Instructed
487,87,0,0.5659242765258248,0.42044398122669213,0,Instructed
488,88,0,0.4187802538898268,0.35956247986991313,0,Instructed
489,89,0,0.09406176454658265,0.4884585395995096,0,Instructed
490,90,0,0.4001470964008539,0.4470539604351077,0,Instructed
491,91,0,0.08662845823112125,0.5221080877322739,0,Instructed
492,92,0,0.4613486273881135,0.5111806918494203,0,Instructed
493,93,0,0.5462561207017884,0.4059662899721545,0,Instructed
494,94,0,0.6388004468121145,0.5252574296746998,0,Instructed
495,95,0,0.4708697984988218,0.5066640357319492,0,Instructed
496,96,0,0.7404353226950675,0.6309438489197549,0,Instructed
497,97,0,0.5892328743760216,0.4806191832713262,0,Instructed
498,98,0,0.6414197733002291,0.45251810283428795,0,Instructed
499,99,0,0.5742597376512198,0.4892948615411016,0,Instructed
500,100,0,0.7820020105473101,0.36196423995491067,0,Instructed
501,101,0,0.41914601682267605,0.4236335688278525,0,Instructed
502,102,0,0.9055481929923201,0.37516491045103506,0,Instructed
503,103,0,0.6725982038369078,0.3988877015812865,0,Instructed
504,104,0,0.7832816998148173,0.31912862886787763,0,Instructed
505,105,0,0.5381480827624052,0.45959324941127433,0,Instructed
506,106,0,0.44240247214701767,0.5971021917998711,0,Instructed
507,107,0,0.6144745636806146,0.4952511364378474,0,Instructed
508,108,0,0.9364822420816961,0.618160689031669,0,Instructed
509,109,0,0.4709225682105458,0.3990433978667044,0,Instructed
510,110,0,0.8990795107135298,0.38770702698325277,0,Instructed
511,111,0,0.24160182331609714,0.47245632745884936,0,Instructed
512,112,0,0.5982864077445453,0.4951508007721477,0,Instructed
513,113,0,0.9600001453077007,0.5836975073083829,0,Instructed
514,114,0,0.665188744824281,0.5746065942113536,0,Instructed
515,115,0,0.6278081382580472,0.4821829859759178,0,Instructed
516,116,0,0.8357983199193523,0.4343324889033323,0,Instructed
517,117,0,0.6978145824253936,0.3442209982273292,0,Instructed
518,118,0,0.3212787976552719,0.3022130239053517,0,Instructed
519,119,0,0.33435940623804933,0.45741602439125134,0,Instructed
520,120,0,0.4987232242101063,0.508485431404234,0,Instructed
521,121,0,0.5290034425746315,0.4793458468921065,0,Instructed
522,122,0,0.9634113221564014,0.38413806680922147,0,Instructed
523,123,0,0.6452950056620373,0.3540976306685771,0,Instructed
524,124,0,0.6812824735257021,0.3190079011103114,0,Instructed
525,125,0,0.5765315118332193,0.37241793932363176,0,Instructed
526,126,0,0.9379577543399384,0.347413563398507,0,Instructed
527,127,0,0.7007106828867878,0.41565325552730287,0,Instructed
528,128,0,0.9764992640834428,0.3576290182703304,0,Instructed
529,129,0,0.7893653589455867,0.3047855671095484,0,Instructed
530,130,0,0.7226421462337668,0.38719601094553563,0,Instructed
531,131,0,0.9550835068209995,0.34720673031140314,0,Instructed
532,132,0,0.1715545533014754,0.43611246566177686,0,Instructed
533,133,0,0.924700048817813,0.2973653870643243,0,Instructed
534,134,0,0.45064213630073935,0.44625562140574415,0,Instructed
535,135,0,0.3917906202355305,0.31242944790321103,0,Instructed
536,136,0,0.25995055172691056,0.3820542940412916,0,Instructed
537,137,0,0.3848350236540498,0.4183898423350317,0,Instructed
538,138,0,0.28200784347033425,0.3419200054493679,0,Instructed
539,139,0,0.6412006989063992,0.4239487005277782,0,Instructed
540,140,0,0.8108983182213263,0.3473837058759217,0,Instructed
541,141,0,0.36147140779765524,0.41280053555048524,0,Instructed
542,142,0,0.08487036089919839,0.3296015909363299,0,Instructed
543,143,0,0.5154675633915544,0.4205417704823463,0,Instructed
544,144,0,0.05558959605865053,0.4800700667278154,0,Instructed
545,145,0,0.29388750544942044,0.414509775992449,0,Instructed
546,146,0,0.8120501840230332,0.3487277726640262,0,Instructed
547,147,0,0.4351497539367128,0.3718087358142849,0,Instructed
548,148,0,0.7655320811431359,0.33086377878232076,0,Instructed
549,149,0,0.5552541659744741,0.31231380339551795,0,Instructed
550,150,0,0.1974116676302045,0.4865527099832464,0,Instructed
551,151,0,0.38787748078003437,0.4645092716590328,0,Instructed
552,152,0,0.2119364044118173,0.4783976320052766,0,Instructed
553,153,0,0.8418108229854393,0.36282124898148027,0,Instructed
554,154,0,0.34520041566612614,0.35747934295536266,0,Instructed
555,155,0,0.515805703712113,0.29698137749278986,0,Instructed
556,156,0,0.9457888017344898,0.5600589639956366,0,Instructed
557,157,0,0.6138826191475293,0.3843342694509903,0,Instructed
558,158,0,0.6617803418742138,0.4039126284474801,0,Instructed
559,159,0,0.5665559665765643,0.2492447831410562,0,Instructed
560,160,0,0.6332553175676321,0.4274339325545572,0,Instructed
561,161,0,0.7126797815722634,0.360651774984016,0,Instructed
562,162,0,0.4174728173394352,0.5523364020931201,0,Instructed
563,163,0,0.15632352117138285,0.49472318251076464,0,Instructed
564,164,0,0.8101999221606973,0.44412881750164224,0,Instructed
565,165,0,0.7094707977423536,0.4829329600878921,0,Instructed
566,166,0,0.5813553456551837,0.48087978617923766,0,Instructed
567,167,0,0.46022135326398145,0.3637848933098934,0,Instructed
568,168,0,0.8296175319724401,0.4925013310811065,0,Instructed
569,169,0,0.7293552588770729,0.5480809077597695,0,Instructed
570,170,0,0.6446014129168703,0.28109819026465865,0,Instructed
571,171,0,0.7454886784085055,0.32828795794012755,0,Instructed
572,172,0,0.2415823537993921,0.5855690079552565,0,Instructed
573,173,0,0.9736209427118009,0.5520462170189211,0,Instructed
574,174,0,0.31751365616090754,0.29075538797708933,0,Instructed
575,175,0,0.609296845677024,0.5337791425205896,0,Instructed
576,176,0,0.484068286492917,0.43803281881420053,0,Instructed
577,177,0,0.6220979147832015,0.4644992887808479,0,Instructed
578,178,0,0.49388120932607027,0.37198144142247835,0,Instructed
579,179,0,0.28748616510788094,0.6168377096427763,0,Instructed
580,180,0,0.43417913724710966,0.6049603009035953,0,Instructed
581,181,0,0.5705443758565093,0.5410068990658539,0,Instructed
582,182,0,0.9820376002680157,0.3723130622600845,0,Instructed
583,183,0,0.004978974747535482,0.6045676725043074,0,Instructed
584,184,0,0.04518555984627402,0.4434208649392198,0,Instructed
585,185,0,0.36707774789848463,0.4500922895313645,0,Instructed
586,186,0,0.09099198197616476,0.4541061539407091,0,Instructed
587,187,0,0.26744970512026234,0.4879023801715785,0,Instructed
588,188,0,0.6342352438966865,0.4390449696583471,0,Instructed
589,189,0,0.9111506770666432,0.3725706972007647,0,Instructed
590,190,0,0.08558465399632982,0.38728349502536585,0,Instructed
591,191,0,0.3235348039503141,0.480389997495688,0,Instructed
592,192,0,0.6601355254996906,0.3770868821386944,0,Instructed
593,193,0,0.639478331136223,0.35043586300561935,0,Instructed
594,194,0,0.2224506895771484,0.4986384596580778,0,Instructed
595,195,0,0.9263545354787697,0.34177017496798834,0,Instructed
596,196,0,0.5429899439272099,0.4023456342801902,0,Instructed
597,197,0,0.9054813294010751,0.37665227454732286,0,Instructed
598,198,0,0.7665638675337818,0.4114429612852679,0,Instructed
599,199,0,0.15033447104439118,0.49409961593749196,0,Instructed
600,0,0,0.6476275905336751,0.7037441355897407,1,Blocked
601,1,0,0.8518682894613975,0.6263810651830714,1,Blocked
602,2,0,0.5047498781517806,0.5778223575186923,1,Blocked
603,3,0,0.4551033696577707,0.5000816302449275,1,Blocked
604,4,0,0.968588566122309,0.5285852117985537,1,Blocked
605,5,0,0.9802389992086661,0.5646714241640776,1,Blocked
606,6,0,0.9799397685454657,0.6414943270493196,1,Blocked
607,7,0,0.9861154778102001,0.4011965686783765,1,Blocked
608,8,0,0.21653602236550099,0.7000305516305108,1,Blocked
609,9,0,0.8753710674332533,0.3913917431429984,1,Blocked
610,10,0,0.05877936530496162,0.523710456869166,1,Blocked
611,11,0,0.9738264125753425,0.6323992645185517,1,Blocked
612,12,0,0.04795230137258459,0.5989991767923126,1,Blocked
613,13,0,0.7335100446124948,0.49904201954133365,1,Blocked
614,14,0,0.5812769443105832,0.5671091469555156,1,Blocked
615,15,0,0.6074047885926421,0.25795868834166746,1,Blocked
616,16,0,0.3751174200315658,0.6683863154497125,1,Blocked
617,17,0,0.5969366297647979,0.41507153616412634,1,Blocked
618,18,0,0.2649931832975815,0.578115310182191,1,Blocked
619,19,0,0.076786999676055,0.5290614138014186,1,Blocked
620,20,0,0.9162196153615332,0.4530250446100593,1,Blocked
621,21,0,0.06738367195468836,0.5784466099747563,1,Blocked
622,22,0,0.03908170793871574,0.6451972184017786,1,Blocked
623,23,0,0.12669247652926552,0.6469780053416094,1,Blocked
624,24,0,0.32261929629390135,0.5128763635258213,1,Blocked
625,25,0,0.5849623708054197,0.4756978516434765,1,Blocked
626,26,0,0.47398474508337773,0.6418992954333446,1,Blocked
627,27,0,0.5066861874514508,0.5508996378008268,1,Blocked
628,28,0,0.5850665581296213,0.5506031682168946,1,Blocked
629,29,0,0.7989996773061436,0.4618179277401499,1,Blocked
630,30,0,0.4998299887740423,0.482818989084153,1,Blocked
631,31,0,0.7600003091518199,0.47721383154042507,1,Blocked
632,32,0,0.969535517635171,0.3707029211666834,1,Blocked
633,33,0,0.9916194807202429,0.393808105739357,1,Blocked
634,34,0,0.0329803502932026,0.5408482830429288,1,Blocked
635,35,0,0.07675663057530004,0.5317249049736666,1,Blocked
636,36,0,0.9318711947356549,0.739868115549531,1,Blocked
637,37,0,0.25124565136158705,0.6495700371829491,1,Blocked
638,38,0,0.5160542943656697,0.5356308482342151,1,Blocked
639,39,0,0.22983843763149578,0.5083198223769078,1,Blocked
640,40,0,0.3665172385338701,0.5794825374485439,1,Blocked
641,41,0,0.013347214366224682,0.7409719078134158,1,Blocked
642,42,0,0.9562270722448403,0.4922239436304046,1,Blocked
643,43,0,0.11148160002087165,0.48771007544865036,1,Blocked
644,44,0,0.26190411973226385,0.4746148043998817,1,Blocked
645,45,0,0.6360461374114398,0.5252718202808468,1,Blocked
646,46,0,0.6951201676330763,0.34295313084129425,1,Blocked
647,47,0,0.9940061384223312,0.5224638096161764,1,Blocked
648,48,0,0.31498361988310464,0.418236030280698,1,Blocked
649,49,0,0.16453338523429145,0.3378273047341481,1,Blocked
650,50,0,0.7641490682944687,0.3310119474920591,1,Blocked
651,51,0,0.9460800553075399,0.5175671833436021,1,Blocked
652,52,0,0.9521592512875896,0.41594774262972806,1,Blocked
653,53,0,0.9744861347995917,0.4900382703022398,1,Blocked
654,54,0,0.7031145532085593,0.49374621335691216,1,Blocked
655,55,0,0.47418421169696845,0.7474834683392154,1,Blocked
656,56,0,0.543150796168857,0.4391699554944988,1,Blocked
657,57,0,0.38411597045991963,0.5293695533437554,1,Blocked
658,58,0,0.9945749827673251,0.38586629212958945,1,Blocked
659,59,0,0.5428832939442345,0.628483095205719,1,Blocked
660,60,0,0.961354316925578,0.46917528498807104,1,Blocked
661,61,0,0.9923534015727296,0.38720481522802974,1,Blocked
662,62,0,0.9785444997173052,0.36911318810113364,1,Blocked
663,63,0,0.999851228593901,0.3285758469978117,1,Blocked
664,64,0,0.6413206798338513,0.700888623239146,1,Blocked
665,65,0,0.13598972549081856,0.5815189070950253,1,Blocked
666,66,0,0.9663614746782723,0.455735318564115,1,Blocked
667,67,0,0.8770702199163385,0.3805330540555626,1,Blocked
668,68,0,0.8998754069340384,0.4417506424496258,1,Blocked
669,69,0,0.7522906884379883,0.34865081689723965,1,Blocked
670,70,0,0.8990102110402751,0.4802057693185272,1,Blocked
671,71,0,0.9898222813678614,0.5410447683591,1,Blocked
672,72,0,0.5992316882481157,0.6476299966993873,1,Blocked
673,73,0,0.14219515136346417,0.6284597872938401,1,Blocked
674,74,0,0.8806248695798421,0.44401983742715223,1,Blocked
675,75,0,0.3097787059696193,0.5551488462803861,1,Blocked
676,76,0,0.9923632189759874,0.49269243323041223,1,Blocked
677,77,0,0.9577081200126644,0.46106864723324636,1,Blocked
678,78,0,0.7911940714010258,0.6008764745912829,1,Blocked
679,79,0,0.6923211837660836,0.47693061353300636,1,Blocked
680,80,0,0.49994032154456197,0.6254611785136862,1,Blocked
681,81,0,0.32922341848387304,0.6320270038220022,1,Blocked
682,82,0,0.22305538492874363,0.642094939061501,1,Blocked
683,83,0,0.8825417995560192,0.4147811592802788,1,Blocked
684,84,0,0.218680660112169,0.6486824148085757,1,Blocked
685,85,0,0.5920131772518759,0.4533248315912396,1,Blocked
686,86,0,0.5328599824842561,0.28058685732742916,1,Blocked
687,87,0,0.5763486705323309,0.5647523911231483,1,Blocked
688,88,0,0.7196914233590075,0.3328475126076166,1,Blocked
689,89,0,0.8054134913978894,0.5296292313822957,1,Blocked
690,90,0,0.09233371528790538,0.4999572167416551,1,Blocked
691,91,0,0.7294918371686947,0.6511109620344899,1,Blocked
692,92,0,0.8474864072233312,0.6632154093009399,1,Blocked
693,93,0,0.4270703739960602,0.6035511818615148,1,Blocked
694,94,0,0.65250995741698,0.5114627781798808,1,Blocked
695,95,0,0.3962658626123583,0.5550186920067323,1,Blocked
696,96,0,0.41861239873282174,0.6912777683246899,1,Blocked
697,97,0,0.6767239874909885,0.6687518285085111,1,Blocked
698,98,0,0.9167967797679148,0.6935466112091238,1,Blocked
699,99,0,0.392654983091578,0.6215450301672094,1,Blocked
700,100,0,0.45758599754170604,0.5640420277418542,1,Blocked
701,101,0,0.5584119603686657,0.5353825850948135,1,Blocked
702,102,0,0.3842471089469855,0.6333358576664365,1,Blocked
703,103,0,0.16652322252772703,0.582352447314959,1,Blocked
704,104,0,0.9537961806061096,0.4203219871192719,1,Blocked
705,105,0,0.6833389861511225,0.6246585510370932,1,Blocked
706,106,0,0.9584168007724176,0.6278344756383827,1,Blocked
707,107,0,0.14355722114878583,0.4667444750079941,1,Blocked
708,108,0,0.7900257436567625,0.4700877826263823,1,Blocked
709,109,0,0.8564497002111833,0.4669623690451917,1,Blocked
710,110,0,0.07755372885854947,0.4913390458565773,1,Blocked
711,111,0,0.14245191637351765,0.6411175604295494,1,Blocked
712,112,0,0.09794602287619494,0.5092257141084146,1,Blocked
713,113,0,0.9242657900575121,0.5016365221766752,1,Blocked
714,114,0,0.12581954458191577,0.4875472894851254,1,Blocked
715,115,0,0.019408032249561242,0.6524351971737095,1,Blocked
716,116,0,0.7300206251972051,0.5368576599947237,1,Blocked
717,117,0,0.665488804916618,0.5031201078409837,1,Blocked
718,118,0,0.4539375091931132,0.43484038191860186,1,Blocked
719,119,0,0.47385324533879325,0.5330415131313582,1,Blocked
720,120,0,0.9722659842010564,0.4493364710704205,1,Blocked
721,121,0,0.9820270827011195,0.43469643851251116,1,Blocked
722,122,0,0.6062630738517591,0.5576774990436341,1,Blocked
723,123,0,0.512141365501688,0.641156785755375,1,Blocked
724,124,0,0.5487656556476791,0.42927948765494006,1,Blocked
725,125,0,0.3874715117520083,0.30449966610011187,1,Blocked
726,126,0,0.9268424265641646,0.4785978046380179,1,Blocked
727,127,0,0.8930889846600794,0.5171626084613796,1,Blocked
728,128,0,0.9075438466189123,0.510709485829745,1,Blocked
729,129,0,0.036970849241049666,0.5486577538035542,1,Blocked
730,130,0,0.9973515735654971,0.4871787578661687,1,Blocked
731,131,0,0.983422784892563,0.3653473818739153,1,Blocked
732,132,0,0.3604291143779542,0.37907680365828395,1,Blocked
733,133,0,0.4742665341812966,0.3930654390933356,1,Blocked
734,134,0,0.44605611671292633,0.4101251714599337,1,Blocked
735,135,0,0.2858065998705246,0.42648998582720876,1,Blocked
736,136,0,0.8713011861978708,0.35592354907909096,1,Blocked
737,137,0,0.6320019565204458,0.48963304888845555,1,Blocked
738,138,0,0.9351363256175524,0.3925158757996737,1,Blocked
739,139,0,0.5055865324733589,0.5460297668292804,1,Blocked
740,140,0,0.9928605060566127,0.37838788604316376,1,Blocked
741,141,0,0.07079890190080423,0.6637442833096425,1,Blocked
742,142,0,0.7501743304876294,0.5477372584382442,1,Blocked
743,143,0,0.8986912207146294,0.5296821305289736,1,Blocked
744,144,0,0.7220841062630355,0.5718094641036005,1,Blocked
745,145,0,0.4681383434049347,0.537818336024589,1,Blocked
746,146,0,0.5157501332331622,0.4860073449608053,1,Blocked
747,147,0,0.9635625941176065,0.36264022144234875,1,Blocked
748,148,0,0.9565501687628334,0.2911856701346066,1,Blocked
749,149,0,0.07412779485608526,0.4883924224088337,1,Blocked
750,150,0,0.9564454961314081,0.37935656693299996,1,Blocked
751,151,0,0.14938636524534044,0.6748387888104468,1,Blocked
752,152,0,0.561126273946047,0.5200322020053322,1,Blocked
753,153,0,0.4642494378928276,0.536984274190984,1,Blocked
754,154,0,0.8818455393942245,0.48985835102482245,1,Blocked
755,155,0,0.5097003554206332,0.5038344640605622,1,Blocked
756,156,0,0.5384191287220953,0.40576697342584667,1,Blocked
757,157,0,0.8682851008450534,0.5145580527919824,1,Blocked
758,158,0,0.9266746760593996,0.6467049889806962,1,Blocked
759,159,0,0.8663711416762168,0.6393804257130378,1,Blocked
760,160,0,0.5743144574174139,0.4675821835672167,1,Blocked
761,161,0,0.02551758258769248,0.7382123135857763,1,Blocked
762,162,0,0.06800005823567826,0.539748284341125,1,Blocked
763,163,0,0.4832201096961748,0.667417538021367,1,Blocked
764,164,0,0.9915804679268745,0.335476073156032,1,Blocked
765,165,0,0.10942961085472036,0.42474940293854246,1,Blocked
766,166,0,0.33300141195012756,0.45727407162069256,1,Blocked
767,167,0,0.47552605844388385,0.5417805324672444,1,Blocked
768,168,0,0.8270036141965935,0.4651469537285509,1,Blocked
769,169,0,0.5424827250557243,0.3397124465418388,1,Blocked
770,170,0,0.4348730582494027,0.6965565122667552,1,Blocked
771,171,0,0.5817749073802245,0.4649693232346188,1,Blocked
772,172,0,0.5588835567317523,0.41537336742208875,1,Blocked
773,173,0,0.8172830074898796,0.6524940008033167,1,Blocked
774,174,0,0.11357797187460751,0.6192963865245097,1,Blocked
775,175,0,0.06257256241221174,0.5153844304799935,1,Blocked
776,176,0,0.899120622929463,0.2844094757183058,1,Blocked
777,177,0,0.7743251950452603,0.5513363144219787,1,Blocked
778,178,0,0.4879827274310233,0.33083885140524283,1,Blocked
779,179,0,0.6527466163801616,0.5194996947990581,1,Blocked
780,180,0,0.288819246958508,0.5227101721693033,1,Blocked
781,181,0,0.977513841762014,0.49223311755157917,1,Blocked
782,182,0,0.7811243922085893,0.3872113373973493,1,Blocked
783,183,0,0.2565282222743508,0.4670153380463033,1,Blocked
784,184,0,0.4461045460942468,0.4691951141753561,1,Blocked
785,185,0,0.3083080679344519,0.5843079973927991,1,Blocked
786,186,0,0.07702584046644076,0.5400593142231617,1,Blocked
787,187,0,0.7606292054154242,0.5824430576385089,1,Blocked
788,188,0,0.13296714365832304,0.6662032038640404,1,Blocked
789,189,0,0.2726329005949374,0.5038175859110028,1,Blocked
790,190,0,0.7829633163583758,0.7016160943832794,1,Blocked
791,191,0,0.08936414875353134,0.4973425945279438,1,Blocked
792,192,0,0.11389032771401379,0.6743195334741416,1,Blocked
793,193,0,0.3252869255366377,0.34649279761811513,1,Blocked
794,194,0,0.9705052885580225,0.31369193675484225,1,Blocked
795,195,0,0.7138840891200564,0.3388734774423575,1,Blocked
796,196,0,0.9425771449760036,0.65423274415849,1,Blocked
797,197,0,0.5827774835325713,0.5516476330280314,1,Blocked
798,198,0,0.48881201524685136,0.3742132712613531,1,Blocked
799,199,0,0.5254413458329829,0.4872384087051005,1,Blocked
800,0,0,0.7240968173152414,0.7213796275505427,1,Interleaved
801,1,0,0.2832632618255275,0.8025267115807757,1,Interleaved
802,2,0,0.6437296226666328,0.736892874309437,1,Interleaved
803,3,0,0.18272715925240338,0.5919191092879281,1,Interleaved
804,4,0,0.5325638695687809,0.5360211149838162,1,Interleaved
805,5,0,0.35696297956840234,0.6003271854070065,1,Interleaved
806,6,0,0.5134509109478411,0.6359934082315553,1,Interleaved
807,7,0,0.41488534220726375,0.5272823518713599,1,Interleaved
808,8,0,0.03789881649663977,0.8457657436831132,1,Interleaved
809,9,0,0.6333906740096127,0.5851499145195783,1,Interleaved
810,10,0,0.5117105765202657,0.5343145827426158,1,Interleaved
811,11,0,0.18473353733574022,0.4739973378576744,1,Interleaved
812,12,0,0.27779912995823464,0.7494936168081809,1,Interleaved
813,13,0,0.69743560557331,0.5032696301665405,1,Interleaved
814,14,0,0.5377486334146311,0.5386051646777044,1,Interleaved
815,15,0,0.26886728895282436,0.684913273934596,1,Interleaved
816,16,0,0.7390644932288746,0.7345122402690878,1,Interleaved
817,17,0,0.8307221788527666,0.4382125746033567,1,Interleaved
818,18,0,0.5739659496013567,0.6515439235264793,1,Interleaved
819,19,0,0.7710244668299102,0.3711055397875611,1,Interleaved
820,20,0,0.3004960110516372,0.41632002274062263,1,Interleaved
821,21,0,0.39433948615151415,0.5612577689356554,1,Interleaved
822,22,0,0.22749804703183946,0.612029182400823,1,Interleaved
823,23,0,0.21860287240509158,0.5415465117139581,1,Interleaved
824,24,0,0.1401972274692606,0.48864766085175626,1,Interleaved
825,25,0,0.4487809612718292,0.5056040816321852,1,Interleaved
826,26,0,0.75447331494645,0.4424920274036073,1,Interleaved
827,27,0,0.39697652043023623,0.5909041282134506,1,Interleaved
828,28,0,0.35114115191565815,0.4774182291864402,1,Interleaved
829,29,0,0.4060117547177835,0.5115975962653327,1,Interleaved
830,30,0,0.9603982319865081,0.5830882642834112,1,Interleaved
831,31,0,0.5940728596487093,0.5981176591004737,1,Interleaved
832,32,0,0.6226035072258367,0.33387898778345215,1,Interleaved
833,33,0,0.3549918875998423,0.5120866086402446,1,Interleaved
834,34,0,0.7304761626166764,0.5271563247849336,1,Interleaved
835,35,0,0.7717793485662152,0.4752299826240983,1,Interleaved
836,36,0,0.5293118221451121,0.4525033096465826,1,Interleaved
837,37,0,0.24318645724813137,0.5584211146419681,1,Interleaved
838,38,0,0.4232158597860275,0.5913150886255054,1,Interleaved
839,39,0,0.4927880885600072,0.5341941739185092,1,Interleaved
840,40,0,0.25727040625627895,0.5398455623796046,1,Interleaved
841,41,0,0.432506051483725,0.48793402609539793,1,Interleaved
842,42,0,0.45179171704015175,0.48354349596978635,1,Interleaved
843,43,0,0.3849603073713064,0.6866460417425975,1,Interleaved
844,44,0,0.5621826587390483,0.5284493748548513,1,Interleaved
845,45,0,0.13999065571488184,0.5812470469767371,1,Interleaved
846,46,0,0.43377569819339823,0.5776990213180532,1,Interleaved
847,47,0,0.7532899213791047,0.4461275712397568,1,Interleaved
848,48,0,0.7392231165024101,0.43700381466789384,1,Interleaved
849,49,0,0.48323914911909016,0.4522422668566664,1,Interleaved
850,50,0,0.8126207796958753,0.44157441434457384,1,Interleaved
851,51,0,0.6614557786529598,0.42238114260955184,1,Interleaved
852,52,0,0.19625880687330727,0.7178144533521558,1,Interleaved
853,53,0,0.18152542654817944,0.6475515995879235,1,Interleaved
854,54,0,0.6720466326593162,0.5026723489194078,1,Interleaved
855,55,0,0.5158017842914911,0.5978721168497201,1,Interleaved
856,56,0,0.9006908409516723,0.4572917048251828,1,Interleaved
857,57,0,0.3724911081928666,0.5868012725738754,1,Interleaved
858,58,0,0.6757737205831733,0.42507034260444587,1,Interleaved
859,59,0,0.777893609812478,0.35610171266303575,1,Interleaved
860,60,0,0.4977711670216316,0.4913903102070797,1,Interleaved
861,61,0,0.6682842359031338,0.525865231847599,1,Interleaved
862,62,0,0.4066677344959453,0.583930086926834,1,Interleaved
863,63,0,0.8279436098566954,0.45629815812367064,1,Interleaved
864,64,0,0.573928491475505,0.5130588146647853,1,Interleaved
865,65,0,0.439222134150031,0.5230261724346308,1,Interleaved
866,66,0,0.2608501275065638,0.4590876864021851,1,Interleaved
867,67,0,0.6778728614897397,0.5917437942350108,1,Interleaved
868,68,0,0.40980780397192895,0.578033491250038,1,Interleaved
869,69,0,0.41289776666668127,0.40413528085202577,1,Interleaved
870,70,0,0.7518120852174008,0.48841608332803743,1,Interleaved
871,71,0,0.9585115345591815,0.47997063796864603,1,Interleaved
872,72,0,0.5937641357141492,0.5289511227714793,1,Interleaved
873,73,0,0.9108679724122593,0.473942087466826,1,Interleaved
874,74,0,0.4730666802884911,0.537184674048526,1,Interleaved
875,75,0,0.7807323519410589,0.4721802674845498,1,Interleaved
876,76,0,0.8059685061108359,0.5426475112716503,1,Interleaved
877,77,0,0.5135857696100354,0.6060753381726054,1,Interleaved
878,78,0,0.057023400582619226,0.5449729764959407,1,Interleaved
879,79,0,0.1364386096688831,0.6039711480840577,1,Interleaved
880,80,0,0.38673912290826595,0.43564557134311777,1,Interleaved
881,81,0,0.6761357060093116,0.5600879626613212,1,Interleaved
882,82,0,0.4798316437685285,0.3896170016665602,1,Interleaved
883,83,0,0.48612034338916177,0.2875099289357147,1,Interleaved
884,84,0,0.3025739141083225,0.4065661763957752,1,Interleaved
885,85,0,0.8137723912729851,0.5635484199061342,1,Interleaved
886,86,0,0.3846247651988666,0.5147721301668777,1,Interleaved
887,87,0,0.5010384836367944,0.45933084231942733,1,Interleaved
888,88,0,0.14922360791239928,0.5869367808523076,1,Interleaved
889,89,0,0.21142238007588204,0.5809365404773076,1,Interleaved
890,90,0,0.6927494982634311,0.5683030387778,1,Interleaved
891,91,0,0.4592298202445264,0.3754578124123684,1,Interleaved
892,92,0,0.6485453337405873,0.5487514552659751,1,Interleaved
893,93,0,0.6376119808928662,0.3973896327707535,1,Interleaved
894,94,0,0.36087332065297806,0.4521687666602048,1,Interleaved
895,95,0,0.4059576824404526,0.5333421059694679,1,Interleaved
896,96,0,0.1825935664512255,0.5454103904036824,1,Interleaved
897,97,0,0.9317721921831785,0.4502116072905048,1,Interleaved
898,98,0,0.46105518151559316,0.5823778596711947,1,Interleaved
899,99,0,0.8494531259155177,0.32643426984058344,1,Interleaved
900,100,0,0.29298527152660564,0.4300072513614962,1,Interleaved
901,101,0,0.7254167018641,0.46758814997738685,1,Interleaved
902,102,0,0.385314031669777,0.4030067426757202,1,Interleaved
903,103,0,0.6994620951935901,0.55587784622235,1,Interleaved
904,104,0,0.6779780558041957,0.6058626796601376,1,Interleaved
905,105,0,0.9315989846280801,0.3886180540848214,1,Interleaved
906,106,0,0.49217212908148905,0.5692676434169058,1,Interleaved
907,107,0,0.2686004826068137,0.5938349076075555,1,Interleaved
908,108,0,0.2022668490561053,0.45031332887850395,1,Interleaved
909,109,0,0.3677109300436697,0.47807255246287395,1,Interleaved
910,110,0,0.5195597382508319,0.40217289885877383,1,Interleaved
911,111,0,0.4789816245119986,0.5576774179627992,1,Interleaved
912,112,0,0.6176505977999582,0.5025463593391399,1,Interleaved
913,113,0,0.36646319603984706,0.4962814499485916,1,Interleaved
914,114,0,0.3891718240125187,0.5038536326339252,1,Interleaved
915,115,0,0.7132081293829027,0.4667608257549741,1,Interleaved
916,116,0,0.6387877599526595,0.5434286416092906,1,Interleaved
917,117,0,0.09374164390061812,0.6374017860564396,1,Interleaved
918,118,0,0.601776121958896,0.3945744170314384,1,Interleaved
919,119,0,0.550311842580526,0.4175249756640803,1,Interleaved
920,120,0,0.445375363731065,0.6003841186664489,1,Interleaved
921,121,0,0.5769532254396167,0.48497906341647046,1,Interleaved
922,122,0,0.5309115048569124,0.4110159626978256,1,Interleaved
923,123,0,0.3649125853516209,0.4916843765328201,1,Interleaved
924,124,0,0.8673921918555567,0.4594512054117288,1,Interleaved
925,125,0,0.5076774002798812,0.6891611020584718,1,Interleaved
926,126,0,0.16360128700804022,0.545171078642811,1,Interleaved
927,127,0,0.6142528536464642,0.7042130978165033,1,Interleaved
928,128,0,0.46209588157157677,0.6104116448573496,1,Interleaved
929,129,0,0.679191675120525,0.5445950126515517,1,Interleaved
930,130,0,0.8922792838312742,0.5416997161635455,1,Interleaved
931,131,0,0.545552214171052,0.6398180237556358,1,Interleaved
932,132,0,0.6897577891044415,0.3935811900730787,1,Interleaved
933,133,0,0.759944124658657,0.6153470304003672,1,Interleaved
934,134,0,0.7777238937842819,0.45352162251981876,1,Interleaved
935,135,0,0.4762164759482516,0.6060594587663442,1,Interleaved
936,136,0,0.8215005710338456,0.5426482569784212,1,Interleaved
937,137,0,0.8963290895567047,0.7842206344817914,1,Interleaved
938,138,0,0.11200684655801993,0.777306676115306,1,Interleaved
939,139,0,0.6502258852475207,0.5993312318500335,1,Interleaved
940,140,0,0.36066409059861637,0.690738594735774,1,Interleaved
941,141,0,0.6210504886470392,0.4185108669016526,1,Interleaved
942,142,0,0.8948148386900956,0.43553684525190695,1,Interleaved
943,143,0,0.413129635419775,0.4381547450244152,1,Interleaved
944,144,0,0.7079338155813841,0.46566320137242534,1,Interleaved
945,145,0,0.5112457066108896,0.4922582009073325,1,Interleaved
946,146,0,0.43698155852182674,0.6170382431489694,1,Interleaved
947,147,0,0.7028067093185217,0.5236677636316079,1,Interleaved
948,148,0,0.6866919835523408,0.4351139072377854,1,Interleaved
949,149,0,0.7810556832390014,0.47046528761092415,1,Interleaved
950,150,0,0.22899668883212224,0.5716026773646249,1,Interleaved
951,151,0,0.5135929260360501,0.528468036561516,1,Interleaved
952,152,0,0.908880075904738,0.37996200737107916,1,Interleaved
953,153,0,0.5397590006379895,0.4247669416879388,1,Interleaved
954,154,0,0.6337390521506695,0.43666034473555415,1,Interleaved
955,155,0,0.6877112076028685,0.46532435273692374,1,Interleaved
956,156,0,0.4198705009807458,0.6915668872063255,1,Interleaved
957,157,0,0.7538079546702472,0.49092834244276873,1,Interleaved
958,158,0,0.23165113665376952,0.5620705580244828,1,Interleaved
959,159,0,0.5229674352423855,0.7052691025030362,1,Interleaved
960,160,0,0.4256030796261261,0.48763858876109467,1,Interleaved
961,161,0,0.45704747178624977,0.7420382864344317,1,Interleaved
962,162,0,0.07019469582887716,0.6123681175071045,1,Interleaved
963,163,0,0.39128063119247314,0.48562685603412076,1,Interleaved
964,164,0,0.5851587730617831,0.5403972481568056,1,Interleaved
965,165,0,0.1817940103580224,0.46092581196201965,1,Interleaved
966,166,0,0.27037614077112815,0.5596882923564104,1,Interleaved
967,167,0,0.7914662450282479,0.4368995511032181,1,Interleaved
968,168,0,0.3683225864360888,0.4873843434171299,1,Interleaved
969,169,0,0.7766052141848885,0.45990761693840543,1,Interleaved
970,170,0,0.25029027538605314,0.512250744521286,1,Interleaved
971,171,0,0.4441995294043522,0.4649805190887665,1,Interleaved
972,172,0,0.6532557022824047,0.45227610828380804,1,Interleaved
973,173,0,0.651653976828106,0.48114203505244835,1,Interleaved
974,174,0,0.9187599972862668,0.44390602497570636,1,Interleaved
975,175,0,0.7329406885095511,0.40890817031024906,1,Interleaved
976,176,0,0.8998427177167079,0.3327347871428774,1,Interleaved
977,177,0,0.5556268053066322,0.5112816848721643,1,Interleaved
978,178,0,0.5353920354982487,0.5028911140194536,1,Interleaved
979,179,0,0.34448138982177845,0.6824447205886595,1,Interleaved
980,180,0,0.9173857494588535,0.4264009848491923,1,Interleaved
981,181,0,0.43955361550331973,0.7059905175471322,1,Interleaved
982,182,0,0.7054561525485803,0.5253663773629353,1,Interleaved
983,183,0,0.4272859823318255,0.48240517158675517,1,Interleaved
984,184,0,0.881400252473084,0.5132137312076593,1,Interleaved
985,185,0,0.6400345306595815,0.49867653660395567,1,Interleaved
986,186,0,0.4946211795231305,0.531652778829058,1,Interleaved
987,187,0,0.8490585040284611,0.5641589566465395,1,Interleaved
988,188,0,0.2022392468147633,0.6944771468619086,1,Interleaved
989,189,0,0.47954010002375136,0.4650389265813555,1,Interleaved
990,190,0,0.5401316600759294,0.33268082306601243,1,Interleaved
991,191,0,0.915165619223743,0.28567742690181086,1,Interleaved
992,192,0,0.8466522963367389,0.5013282126254519,1,Interleaved
993,193,0,0.43940848172104746,0.5461516309142314,1,Interleaved
994,194,0,0.6379928402134629,0.42347834358569797,1,Interleaved
995,195,0,0.608126261796431,0.4185782091938276,1,Interleaved
996,196,0,0.6054550725131511,0.5397893688048596,1,Interleaved
997,197,0,0.5705722902675157,0.5004106434629083,1,Interleaved
998,198,0,0.5871654904821704,0.4696914714652064,1,Interleaved
999,199,0,0.7689165756386531,0.45239177459204793,1,Interleaved
1000,0,0,0.22354989889016041,0.6000708639344133,1,Instructed
1001,1,0,0.5916848901966356,1.0313506261302523,1,Instructed
1002,2,0,0.8018289979182999,0.6512270255687299,1,Instructed
1003,3,0,0.24228700644103104,0.625443924684283,1,Instructed
1004,4,0,0.8291270974147031,0.3593367780649688,1,Instructed
1005,5,0,0.02251456250821012,0.7688659514837262,1,Instructed
1006,6,0,0.9513592940361357,0.429048493307158,1,Instructed
1007,7,0,0.6382766018231548,0.4982818972130797,1,Instructed
1008,8,0,0.8005125318964053,0.3496791889652224,1,Instructed
1009,9,0,0.5140820534878919,0.3186618077071307,1,Instructed
1010,10,0,0.2013671723190906,0.7190220603480768,1,Instructed
1011,11,0,0.8300373465920539,0.46717647626150466,1,Instructed
1012,12,0,0.48347031351294706,0.48202810803549945,1,Instructed
1013,13,0,0.685602124084033,0.46552384973290617,1,Instructed
1014,14,0,0.6528641166512515,0.4466517466466915,1,Instructed
1015,15,0,0.32864786228016973,0.395678354279448,1,Instructed
1016,16,0,0.4923564046752936,0.46100496342114616,1,Instructed
1017,17,0,0.12520454854417257,0.37754778026922514,1,Instructed
1018,18,0,0.5253906475498515,0.517291151393335,1,Instructed
1019,19,0,0.615834653314679,0.5253746318425991,1,Instructed
1020,20,0,0.35787824723821177,0.37223549441713694,1,Instructed
1021,21,0,0.5224826676350646,0.47319350770313773,1,Instructed
1022,22,0,0.19306968618266895,0.5063410897852045,1,Instructed
1023,23,0,0.5385553669614234,0.42688547872576743,1,Instructed
1024,24,0,0.524748356718309,0.49663851651502045,1,Instructed
1025,25,0,0.866938481187591,0.3307837454180696,1,Instructed
1026,26,0,0.5034283378158931,0.3975145143944745,1,Instructed
1027,27,0,0.20793633612182547,0.46838193307393866,1,Instructed
1028,28,0,0.5035324082671125,0.4107139081724456,1,Instructed
1029,29,0,0.18991008695779796,0.5872570209638319,1,Instructed
1030,30,0,0.4957778578610602,0.3598900627726088,1,Instructed
1031,31,0,0.6837120079505867,0.578104813744432,1,Instructed
1032,32,0,0.5326073730042683,0.41635728693000373,1,Instructed
1033,33,0,0.43429781866782735,0.4171263212523239,1,Instructed
1034,34,0,0.8058519907964504,0.4568343487725818,1,Instructed
1035,35,0,0.29233248997554717,0.36355828807896495,1,Instructed
1036,36,0,0.40485786137090857,0.5424856359348282,1,Instructed
1037,37,0,0.8793483028228519,0.38350219745000425,1,Instructed
1038,38,0,0.858896631867953,0.49056231875891915,1,Instructed
1039,39,0,0.6197048262444835,0.39452373926994433,1,Instructed
1040,40,0,0.6584614570084029,0.3283870892521732,1,Instructed
1041,41,0,0.5828118684445338,0.3038424228428259,1,Instructed
1042,42,0,0.8995262884600979,0.2939224595052057,1,Instructed
1043,43,0,0.9018742404470051,0.40120001623578233,1,Instructed
1044,44,0,0.8042051369184469,0.37372944182144674,1,Instructed
1045,45,0,0.009744397526063979,0.4902625041262246,1,Instructed
1046,46,0,0.9135515029096035,0.3327122858100904,1,Instructed
1047,47,0,0.6354324554885327,0.34293548096627674,1,Instructed
1048,48,0,0.9249752366090697,0.38645059923363206,1,Instructed
1049,49,0,0.688616917979257,0.3663472616025282,1,Instructed
1050,50,0,0.6427569817006398,0.4228134892348783,1,Instructed
1051,51,0,0.681901660011048,0.41887277631789344,1,Instructed
1052,52,0,0.30719703102452944,0.620056349267127,1,Instructed
1053,53,0,0.6999427602149967,0.41906395107483696,1,Instructed
1054,54,0,0.7376958415601867,0.40605594724982796,1,Instructed
1055,55,0,0.09383881075498118,0.44241280069384675,1,Instructed
1056,56,0,0.3104576526227837,0.4536285229554266,1,Instructed
1057,57,0,0.8743101493514375,0.2767786904107724,1,Instructed
1058,58,0,0.7916601619703112,0.419636403019644,1,Instructed
1059,59,0,0.7370840962857842,0.3318486974813866,1,Instructed
1060,60,0,0.19781547486331352,0.5263805515728517,1,Instructed
1061,61,0,0.5092493426590504,0.6250439753452022,1,Instructed
1062,62,0,0.27715401494882036,0.3544815050523472,1,Instructed
1063,63,0,0.36449550127558406,0.5142744824544068,1,Instructed
1064,64,0,0.49751057280567834,0.3496121071138805,1,Instructed
1065,65,0,0.6463739593724985,0.5072949048500692,1,Instructed
1066,66,0,0.6400919866920856,0.3651247209500144,1,Instructed
1067,67,0,0.602537751149326,0.3996625414251269,1,Instructed
1068,68,0,0.9567364589514524,0.3583050666437577,1,Instructed
1069,69,0,0.4958434873460797,0.5160337426013063,1,Instructed
1070,70,0,0.06662999474442025,0.4266639558321841,1,Instructed
1071,71,0,0.9995006549286891,0.6088243162447409,1,Instructed
1072,72,0,0.5364304988054742,0.3469554677313238,1,Instructed
1073,73,0,0.4053350645717268,0.3919108219779746,1,Instructed
1074,74,0,0.5235797353772084,0.47638909187451434,1,Instructed
1075,75,0,0.30943251134054156,0.6029799847445696,1,Instructed
1076,76,0,0.5361863004423589,0.46595457321491096,1,Instructed
1077,77,0,0.9688843737713148,0.2875572870501375,1,Instructed
1078,78,0,0.4718078500069171,0.3900203500353511,1,Instructed
1079,79,0,0.10248039807083117,0.3792342531547637,1,Instructed
1080,80,0,0.8288809013845566,0.3072306756602834,1,Instructed
1081,81,0,0.5137160043909386,0.30683062178790493,1,Instructed
1082,82,0,0.9483923312968021,0.43852705872957604,1,Instructed
1083,83,0,0.5935579609797094,0.47028072794737696,1,Instructed
1084,84,0,0.6538867195283022,0.5438260789654883,1,Instructed
1085,85,0,0.12955861821755926,0.3811564949009367,1,Instructed
1086,86,0,0.5182048597735699,0.5409901598695739,1,Instructed
1087,87,0,0.10348053404175393,0.42232595999328904,1,Instructed
1088,88,0,0.5236393153309159,0.5594288543172646,1,Instructed
1089,89,0,0.18985794178389812,0.5139218442440396,1,Instructed
1090,90,0,0.4739710081600527,0.5520364633476044,1,Instructed
1091,91,0,0.8028373069363062,0.36370472863850173,1,Instructed
1092,92,0,0.38942716840681807,0.4394354250317984,1,Instructed
1093,93,0,0.5984317164906986,0.6177486396898657,1,Instructed
1094,94,0,0.5719925907588941,0.28679237147607506,1,Instructed
1095,95,0,0.22435473551243953,0.43459132015577295,1,Instructed
1096,96,0,0.21673795883473615,0.5156062867661036,1,Instructed
1097,97,0,0.4591358798753607,0.40115723882095833,1,Instructed
1098,98,0,0.5316756322266858,0.24998452806958904,1,Instructed
1099,99,0,0.8977164292977641,0.33488435451813503,1,Instructed
1100,100,0,0.4401109187404531,0.39550247042642733,1,Instructed
1101,101,0,0.07363998045593112,0.6254900818854647,1,Instructed
1102,102,0,0.6113877512106188,0.41136693651486334,1,Instructed
1103,103,0,0.493820720154864,0.5435961773646762,1,Instructed
1104,104,0,0.5177757565741874,0.4922021650334948,1,Instructed
1105,105,0,0.3867690710363188,0.33698484976496584,1,Instructed
1106,106,0,0.18385780444269767,0.4428582012556329,1,Instructed
1107,107,0,0.7975539950726054,0.30772282655813354,1,Instructed
1108,108,0,0.34004361022914864,0.43253853844491225,1,Instructed
1109,109,0,0.673843119838279,0.3050514698873429,1,Instructed
1110,110,0,0.35168148665486876,0.5602764840366963,1,Instructed
1111,111,0,0.7877231063378887,0.4381030669773145,1,Instructed
1112,112,0,0.23680251427410068,0.4887678390880843,1,Instructed
1113,113,0,0.9443040699599629,0.34944518789391044,1,Instructed
1114,114,0,0.5561527376861235,0.3418830239331428,1,Instructed
1115,115,0,0.050841461412989605,0.5312222030409789,1,Instructed
1116,116,0,0.6982449658917385,0.5000727165203694,1,Instructed
1117,117,0,0.4068091648035718,0.3516591793706124,1,Instructed
1118,118,0,0.46735245824777416,0.6169453964404967,1,Instructed
1119,119,0,0.27026132884540877,0.5428408744049433,1,Instructed
1120,120,0,0.6681686380105698,0.3728834874445256,1,Instructed
1121,121,0,0.255775833087,0.29354544394312043,1,Instructed
1122,122,0,0.07120431217477481,0.7281130074549867,1,Instructed
1123,123,0,0.752086061799006,0.4894626965143324,1,Instructed
1124,124,0,0.48596692826007715,0.4543594567679761,1,Instructed
1125,125,0,0.9304400980817504,0.5657951993372968,1,Instructed
1126,126,0,0.1635632590015668,0.3751980884916235,1,Instructed
1127,127,0,0.8495462126214823,0.4512687901719844,1,Instructed
1128,128,0,0.35825351966897323,0.45579649206783757,1,Instructed
1129,129,0,0.9319483598210108,0.3385656121324938,1,Instructed
1130,130,0,0.33021234531968857,0.4204615232854365,1,Instructed
1131,131,0,0.2211167317313762,0.5038038460048969,1,Instructed
1132,132,0,0.6453140035347079,0.2568746048738332,1,Instructed
1133,133,0,0.5243499731868553,0.533053952732072,1,Instructed
1134,134,0,0.3199137601962314,0.397381421252224,1,Instructed
1135,135,0,0.6688802185016507,0.43795888463211663,1,Instructed
1136,136,0,0.8393355894976506,0.4158983230142886,1,Instructed
1137,137,0,0.328521999393576,0.41121077037121967,1,Instructed
1138,138,0,0.2532013267996329,0.4511773663814844,1,Instructed
1139,139,0,0.6595568717629638,0.36393794819135106,1,Instructed
1140,140,0,0.4823476786741694,0.4101922290967044,1,Instructed
1141,141,0,0.4584350102430046,0.38687932395892577,1,Instructed
1142,142,0,0.4285250909546622,0.32642849210526137,1,Instructed
1143,143,0,0.4860918782657966,0.49158682120937397,1,Instructed
1144,144,0,0.4246678758389726,0.3871224901445006,1,Instructed
1145,145,0,0.9893432549733602,0.4111920088927509,1,Instructed
1146,146,0,0.4883437391202546,0.4725865907282439,1,Instructed
1147,147,0,0.9550372857468196,0.38660335515266975,1,Instructed
1148,148,0,0.8411682622436571,0.33311582426112263,1,Instructed
1149,149,0,0.5114460053318115,0.37358660979795977,1,Instructed
1150,150,0,0.384450395716772,0.6395921356899874,1,Instructed
1151,151,0,0.27231849310256,0.515687695833007,1,Instructed
1152,152,0,0.4720593892013857,0.30587021795964503,1,Instructed
1153,153,0,0.103518718145787,0.44568221656780027,1,Instructed
1154,154,0,0.6220212514580707,0.47197044092072993,1,Instructed
1155,155,0,0.2809148349555584,0.5745828174742195,1,Instructed
1156,156,0,0.5300740065184092,0.4789471724350768,1,Instructed
1157,157,0,0.5546521674681321,0.419762223500145,1,Instructed
1158,158,0,0.2651225070485376,0.4463467287444258,1,Instructed
1159,159,0,0.5208178127335416,0.4222673619621964,1,Instructed
1160,160,0,0.18167594657927216,0.654506780826102,1,Instructed
1161,161,0,0.6227460175205479,0.41087859538482996,1,Instructed
1162,162,0,0.945043566170569,0.5518532357816586,1,Instructed
1163,163,0,0.03210918172455147,0.46665415330243964,1,Instructed
1164,164,0,0.7915187962859007,0.7474036109961384,1,Instructed
1165,165,0,0.34973514639210035,0.34882559877916774,1,Instructed
1166,166,0,0.6287342903557672,0.3881104252774821,1,Instructed
1167,167,0,0.556174851368528,0.44721873568514015,1,Instructed
1168,168,0,0.5391716933569907,0.49033351154338223,1,Instructed
1169,169,0,0.8103556468631541,0.4342423944031425,1,Instructed
1170,170,0,0.8015820823715335,0.32732044740255395,1,Instructed
1171,171,0,0.6078479845165531,0.4680719205333651,1,Instructed
1172,172,0,0.40653206971358613,0.4268211873064983,1,Instructed
1173,173,0,0.7185480699894566,0.5228194709410655,1,Instructed
1174,174,0,0.7634982316842317,0.4208923801732589,1,Instructed
1175,175,0,0.08670153776061851,0.5482405796904439,1,Instructed
1176,176,0,0.5490585099620324,0.5404819302941046,1,Instructed
1177,177,0,0.5072953889090512,0.4794901326563127,1,Instructed
1178,178,0,0.49667400461183314,0.5088895493610066,1,Instructed
1179,179,0,0.49268376464437363,0.6465995500390818,1,Instructed
1180,180,0,0.5481479337400254,0.3593290422386753,1,Instructed
1181,181,0,0.9325544684232793,0.417916062991159,1,Instructed
1182,182,0,0.12932703864686965,0.4402028761736636,1,Instructed
1183,183,0,0.2522612106663825,0.4633185475411517,1,Instructed
1184,184,0,0.679006746733616,0.3481121434596648,1,Instructed
1185,185,0,0.05306941027710561,0.43051738086722546,1,Instructed
1186,186,0,0.48512559978230285,0.6174809473514864,1,Instructed
1187,187,0,0.8851404768255545,0.5676867655620118,1,Instructed
1188,188,0,0.4855684549594842,0.4540809241945206,1,Instructed
1189,189,0,0.49611868167756357,0.43637770176121077,1,Instructed
1190,190,0,0.6536130623504098,0.3377305911675683,1,Instructed
1191,191,0,0.6254017540042852,0.3284856041851194,1,Instructed
1192,192,0,0.8480875028948193,0.47014807395070235,1,Instructed
1193,193,0,0.6939396204764454,0.30898896754037497,1,Instructed
1194,194,0,0.3888859541933802,0.5372326985675968,1,Instructed
1195,195,0,0.7575521895956274,0.3256474423803787,1,Instructed
1196,196,0,0.6612335487926001,0.32416274992575,1,Instructed
1197,197,0,0.5303738881802381,0.46299832243493033,1,Instructed
1198,198,0,0.694698929056152,0.2880274253139513,1,Instructed
1199,199,0,0.39719555117021027,0.6536553101286883,1,Instructed
