,t,e_hat,Accuracy,pe,batch,Condition
0,0,0,0.053063383086255765,0.678583737549199,0,Blocked
1,1,0,0.895532572974715,0.4817748231822411,0,Blocked
2,2,0,0.32491971168724787,0.7826119567278205,0,Blocked
3,3,0,0.5143249750732902,0.614291468663941,0,Blocked
4,4,0,0.35215168486689546,0.7134719064668966,0,Blocked
5,5,0,0.5681997992199763,0.653432600462921,0,Blocked
6,6,0,0.1849957587733369,0.8114346987319279,0,Blocked
7,7,0,0.9600364956934269,0.617800299951197,0,Blocked
8,8,0,0.4185161803852355,0.8082905404961009,0,Blocked
9,9,0,0.6028160330548944,0.5297371328752735,0,Blocked
10,10,0,0.5242422683389442,0.5013279937400842,0,Blocked
11,11,0,0.07866242615970252,0.8067260139275749,0,Blocked
12,12,0,0.6823930523539428,0.8658336029716512,0,Blocked
13,13,0,0.188535945945371,0.7480254114143574,0,Blocked
14,14,0,0.4988888495541359,0.6221645408771896,0,Blocked
15,15,0,0.36152237976777923,0.7750532807848127,0,Blocked
16,16,0,0.5403538176561946,0.7289296681352466,0,Blocked
17,17,0,0.5694826268668756,0.41623215954611803,0,Blocked
18,18,0,0.3285902298878541,0.7412189637738011,0,Blocked
19,19,0,0.46059015215120885,0.5718267054546466,0,Blocked
20,20,0,0.9372682354846815,0.6308299185526172,0,Blocked
21,21,0,0.8160055270582816,0.673336547643376,0,Blocked
22,22,0,0.5198193927540059,0.6821303287671172,0,Blocked
23,23,0,0.15138488040492357,0.6602756110982102,0,Blocked
24,24,0,0.8512092277420162,0.6980249087277934,0,Blocked
25,25,0,0.7891999451209133,0.8263829046970432,0,Blocked
26,26,0,0.6039964911134295,0.5122313195660366,0,Blocked
27,27,0,0.9898578540968292,0.7349662266319645,0,Blocked
28,28,0,0.891953475419691,0.8163736946353766,0,Blocked
29,29,0,0.505221220434711,0.7294626870656544,0,Blocked
30,30,0,0.1429321880269808,0.6778418683322239,0,Blocked
31,31,0,0.5022769595315155,0.6429727350271605,0,Blocked
32,32,0,0.5035671706571296,0.745921794900165,0,Blocked
33,33,0,0.46939064653614243,0.6770211390371832,0,Blocked
34,34,0,0.8225384597642292,0.7119499029087495,0,Blocked
35,35,0,0.3950810223562503,0.7547192942095107,0,Blocked
36,36,0,0.6038903703009156,0.8823612923456907,0,Blocked
37,37,0,0.08454029861989339,0.9336486225418312,0,Blocked
38,38,0,0.5023522516004691,0.5419730267419185,0,Blocked
39,39,0,0.5298016287459492,0.6694618748964443,0,Blocked
40,40,0,0.6051685323652028,0.634285524102159,0,Blocked
41,41,0,0.1386015997373722,0.9818477255177936,0,Blocked
42,42,0,0.04110062154435343,0.6500212522214565,0,Blocked
43,43,0,0.9870909917891539,0.5214576788952501,0,Blocked
44,44,0,0.9946427978382049,0.6025686184490876,0,Blocked
45,45,0,0.9987096774891733,0.7055318484521957,0,Blocked
46,46,0,0.13655534708969044,0.5063296284354837,0,Blocked
47,47,0,0.07807851121779183,0.6993232004868957,0,Blocked
48,48,0,0.16423034039646978,0.7932797944451246,0,Blocked
49,49,0,0.8787848467268219,0.5286746274329586,0,Blocked
50,50,0,0.7451097720103086,0.6143655006579769,0,Blocked
51,51,0,0.8318063939586295,0.5535879729299331,0,Blocked
52,52,0,0.9220686960094262,0.3431753828784879,0,Blocked
53,53,0,0.6641537929436947,0.5323933049683086,0,Blocked
54,54,0,0.15771687484714464,0.8857457875101371,0,Blocked
55,55,0,0.4239124946247218,0.6641710529230611,0,Blocked
56,56,0,0.9862238026951717,0.4146046548492549,0,Blocked
57,57,0,0.38096128252023254,0.6943616046906722,0,Blocked
58,58,0,0.008274661550076971,0.9330307076706159,0,Blocked
59,59,0,0.9026487730961368,0.5716652199992837,0,Blocked
60,60,0,0.8592028095841542,0.5428489628411162,0,Blocked
61,61,0,0.5820311797123987,0.5540927454631757,0,Blocked
62,62,0,0.35638505134874565,0.5557631128283933,0,Blocked
63,63,0,0.4604291269235074,0.9077660340266394,0,Blocked
64,64,0,0.990838991260016,0.625576916360473,0,Blocked
65,65,0,0.994309344857389,0.4207286461672481,0,Blocked
66,66,0,0.6145413765636447,0.7216798471605703,0,Blocked
67,67,0,0.9902219716358738,0.5741075450073866,0,Blocked
68,68,0,0.41031952706828845,0.5210161556715881,0,Blocked
69,69,0,0.7063235671287982,0.578597152913735,0,Blocked
70,70,0,0.9991644400904224,0.769387216151314,0,Blocked
71,71,0,0.7106654585838765,0.5852933170618737,0,Blocked
72,72,0,0.2913654017993516,1.0050833703382027,0,Blocked
73,73,0,0.8222067097845713,0.8378796383563578,0,Blocked
74,74,0,0.15549161756705174,0.5554024224938229,0,Blocked
75,75,0,0.9937968477202839,0.37861027223448573,0,Blocked
76,76,0,0.003316127586164081,0.6897614117678204,0,Blocked
77,77,0,0.496233451076546,0.7552363518950984,0,Blocked
78,78,0,0.3978205391163524,0.5012512063255885,0,Blocked
79,79,0,0.3806572931332706,0.75497144449157,0,Blocked
80,80,0,0.5926230402299877,0.4862220884846804,0,Blocked
81,81,0,0.9047834486384498,0.6228555985726689,0,Blocked
82,82,0,0.804723970411509,0.5435380380198631,0,Blocked
83,83,0,0.5893047759207897,0.5407459372478547,0,Blocked
84,84,0,0.5065399130354281,0.9393454023422447,0,Blocked
85,85,0,0.12177477916911862,0.5642348451749777,0,Blocked
86,86,0,0.17719167104920963,0.8372027274952685,0,Blocked
87,87,0,0.9246172876479506,0.7950114280619116,0,Blocked
88,88,0,0.5273479697614872,0.6083317603678537,0,Blocked
89,89,0,0.28833158067450976,0.8207511012571856,0,Blocked
90,90,0,0.7572372938833025,0.6767026300377506,0,Blocked
91,91,0,0.3562965221021591,0.49793270289849606,0,Blocked
92,92,0,0.5331402094414771,0.6733697733255324,0,Blocked
93,93,0,0.5077519625184375,0.9011242723442703,0,Blocked
94,94,0,0.5111752888483537,0.9477106894337767,0,Blocked
95,95,0,0.5336148664875511,0.5230236701692117,0,Blocked
96,96,0,0.677274185713938,0.7135519626768024,0,Blocked
97,97,0,0.16769019165054078,0.693930889263681,0,Blocked
98,98,0,0.4995164877038326,0.6981965892177454,0,Blocked
99,99,0,0.7743643412740405,0.4739299905434019,0,Blocked
100,100,0,0.3772793885442505,0.592330297218091,0,Blocked
101,101,0,0.3645152675493591,0.5347840852488995,0,Blocked
102,102,0,0.5293316686123772,0.707423211452224,0,Blocked
103,103,0,0.10890646068159066,0.81303229000599,0,Blocked
104,104,0,0.09017789335563153,0.6674800681614006,0,Blocked
105,105,0,0.3167102521140285,0.47011639111276826,0,Blocked
106,106,0,0.6173070419604536,0.4434857621502317,0,Blocked
107,107,0,0.3668878062286562,0.5689213300627373,0,Blocked
108,108,0,0.8772263503430727,0.4850417880688458,0,Blocked
109,109,0,0.8977975069288668,0.5004865527714119,0,Blocked
110,110,0,0.7096758928381788,0.5187354555770729,0,Blocked
111,111,0,0.5329594502189767,0.4818151113684184,0,Blocked
112,112,0,0.6412544287704838,0.48885621349856423,0,Blocked
113,113,0,0.8072414774519334,0.6118742486024646,0,Blocked
114,114,0,0.5035070924155397,0.6294366740503192,0,Blocked
115,115,0,0.5726658220342644,0.7951415364425966,0,Blocked
116,116,0,0.474289807818579,0.35385538112748505,0,Blocked
117,117,0,0.5313804684209577,0.6928678155149737,0,Blocked
118,118,0,0.5108096617416751,0.6005747449239491,0,Blocked
119,119,0,0.6403870561279565,0.653987916005532,0,Blocked
120,120,0,0.8148741774393546,0.5929747006770191,0,Blocked
121,121,0,0.9909653046643456,0.7736078951248984,0,Blocked
122,122,0,0.5070280543506177,0.5992064438901954,0,Blocked
123,123,0,0.11826851673940779,0.6075045256348457,0,Blocked
124,124,0,0.3401986399958926,0.6885995617985006,0,Blocked
125,125,0,0.009869570361147034,0.8504835008573415,0,Blocked
126,126,0,0.7949847174022863,0.5314304685817136,0,Blocked
127,127,0,0.7133979778319461,0.4844345761265324,0,Blocked
128,128,0,0.01584488200462669,0.6406973261895954,0,Blocked
129,129,0,0.6811674715314102,0.4486347872246801,0,Blocked
130,130,0,0.39579842573047563,0.79114040514213,0,Blocked
131,131,0,0.8250841262581335,0.46706233266279296,0,Blocked
132,132,0,0.9554079333331094,0.5764238952657217,0,Blocked
133,133,0,0.7028859276462652,0.5785868740027187,0,Blocked
134,134,0,0.1504304323915607,0.7638363722833588,0,Blocked
135,135,0,0.778957993772964,1.1212980051803492,0,Blocked
136,136,0,0.06954037414046804,0.9143096154065681,0,Blocked
137,137,0,0.00927867825507289,0.6797485348650807,0,Blocked
138,138,0,0.9091831293066392,0.5515904111170009,0,Blocked
139,139,0,0.1163263742397528,0.5680753089873275,0,Blocked
140,140,0,0.34047030831105707,0.5494051403583695,0,Blocked
141,141,0,0.006072583923519793,0.6840220775278123,0,Blocked
142,142,0,0.573187528618284,0.6241769155434218,0,Blocked
143,143,0,0.06976447894774107,0.6819341433186359,0,Blocked
144,144,0,0.0040389174341765414,0.7397821839552352,0,Blocked
145,145,0,0.9176989968607707,0.6117577558324454,0,Blocked
146,146,0,0.17410029018920353,0.5923629671657388,0,Blocked
147,147,0,0.18177475567195941,0.3572415183030533,0,Blocked
148,148,0,0.5820528641265656,0.5053955781054661,0,Blocked
149,149,0,0.5102197890315028,0.6293735418052745,0,Blocked
150,150,0,0.9734547983849025,0.7580996334769725,0,Blocked
151,151,0,0.6833174724089002,0.5134560523396597,0,Blocked
152,152,0,0.2949129615847369,0.5235175676488265,0,Blocked
153,153,0,0.815858668562685,0.5415708651604003,0,Blocked
154,154,0,0.051570466434468866,0.696837414214479,0,Blocked
155,155,0,0.5383742069689499,0.6959623969705336,0,Blocked
156,156,0,0.5535321890198779,0.5800871023087824,0,Blocked
157,157,0,0.004039994611057433,1.0768808969905108,0,Blocked
158,158,0,0.42035812912962706,0.9777018501932577,0,Blocked
159,159,0,0.19398065781707163,0.5889906156445179,0,Blocked
160,160,0,0.5003005829886331,0.8355397008804921,0,Blocked
161,161,0,0.3480867617485199,0.6255045178699588,0,Blocked
162,162,0,0.09045298826164506,0.6724006684346318,0,Blocked
163,163,0,0.5127835450669742,0.6837461313131753,0,Blocked
164,164,0,0.6849287452486091,0.2918029256262772,0,Blocked
165,165,0,0.18517089490471866,0.6025558679199419,0,Blocked
166,166,0,0.9972622183064916,0.7192609955277123,0,Blocked
167,167,0,0.5857783643777612,0.6580417382555473,0,Blocked
168,168,0,0.6459184410952263,0.6165545315097176,0,Blocked
169,169,0,0.49883641957570235,0.6532614625007078,0,Blocked
170,170,0,0.4948353040568545,0.7560042224560074,0,Blocked
171,171,0,0.2867849204190747,0.6759246472363611,0,Blocked
172,172,0,0.8302699161303249,1.0115792556092442,0,Blocked
173,173,0,0.023033465017827943,0.8182334659644779,0,Blocked
174,174,0,0.5186063792729176,0.47328430988986414,0,Blocked
175,175,0,0.5955367571351,0.4583286380665671,0,Blocked
176,176,0,0.7422792779519023,0.5575220659178222,0,Blocked
177,177,0,0.0016735349470332233,0.762341224604949,0,Blocked
178,178,0,0.8410182671424249,0.5020010121598115,0,Blocked
179,179,0,0.11208540524602276,0.6721609252254318,0,Blocked
180,180,0,0.5630570034719661,0.5059393522141431,0,Blocked
181,181,0,0.07261896138919782,0.5707847424276997,0,Blocked
182,182,0,0.14275647185019424,0.6299327880319219,0,Blocked
183,183,0,0.9640465135165307,0.6346682378805864,0,Blocked
184,184,0,0.49922323485504444,0.7598502742951374,0,Blocked
185,185,0,0.17455286476315815,0.5338103250238889,0,Blocked
186,186,0,0.6920315399569088,0.5690997951336647,0,Blocked
187,187,0,0.4262168187311775,0.8155353078088637,0,Blocked
188,188,0,0.785089624827707,0.5207028620250893,0,Blocked
189,189,0,0.5235252894038176,0.728114199793291,0,Blocked
190,190,0,0.0024153786635984224,0.773030131467475,0,Blocked
191,191,0,0.7553790887929959,0.5391647656969054,0,Blocked
192,192,0,0.4989739334707233,0.6982120184385863,0,Blocked
193,193,0,0.5049255714689563,0.5111157750135283,0,Blocked
194,194,0,0.24560015682679434,0.7820929529097351,0,Blocked
195,195,0,0.24713364466271376,0.565963101007734,0,Blocked
196,196,0,0.08862662222998105,0.66828339489544,0,Blocked
197,197,0,0.7314337611167985,0.6904810102804693,0,Blocked
198,198,0,0.4415776800801119,0.6346233080033421,0,Blocked
199,199,0,0.020092498944705273,0.8300587204679447,0,Blocked
200,0,0,0.22535686601046498,0.7271377406584048,0,Interleaved
201,1,0,0.5611926376292776,0.5647907512747667,0,Interleaved
202,2,0,0.39733025939174704,0.7659512522069307,0,Interleaved
203,3,0,0.31953556450041093,0.599512777152846,0,Interleaved
204,4,0,0.921960741653618,0.6675390224800237,0,Interleaved
205,5,0,0.6043253152209624,0.8437895960398956,0,Interleaved
206,6,0,0.5201280287791014,0.7664213220465179,0,Interleaved
207,7,0,0.4426577594485365,0.6822011870539848,0,Interleaved
208,8,0,0.3875950334491432,0.8637596627302813,0,Interleaved
209,9,0,0.9980923325787507,0.614291750041368,0,Interleaved
210,10,0,0.3797296690071804,0.6151620587589341,0,Interleaved
211,11,0,0.5442850670322693,0.45074177326278353,0,Interleaved
212,12,0,0.13728499687398782,0.5199571930418907,0,Interleaved
213,13,0,0.13231283512141473,0.7620052119939789,0,Interleaved
214,14,0,0.42957416635806084,0.5589073407603214,0,Interleaved
215,15,0,0.5040092080639362,0.7015434286025825,0,Interleaved
216,16,0,0.710944883194586,0.6401022194427555,0,Interleaved
217,17,0,0.5358339280094919,0.7272499394806107,0,Interleaved
218,18,0,0.30361667864467934,0.5909453088345897,0,Interleaved
219,19,0,0.5243806928195568,0.6843382617824174,0,Interleaved
220,20,0,0.3017232424949282,0.48949016120428385,0,Interleaved
221,21,0,0.019288927476037568,0.7447204708365214,0,Interleaved
222,22,0,0.482561367229706,0.7234763715718642,0,Interleaved
223,23,0,0.25316959215221857,0.5385962988622323,0,Interleaved
224,24,0,0.8549499099666005,0.6341954213936989,0,Interleaved
225,25,0,0.4083504653276386,0.632350154842874,0,Interleaved
226,26,0,0.47632854053410734,0.6163577771205653,0,Interleaved
227,27,0,0.35960914660031384,0.5699179076096299,0,Interleaved
228,28,0,0.6087462091691506,0.7642098904877249,0,Interleaved
229,29,0,0.42575234492240704,0.7178467767217316,0,Interleaved
230,30,0,0.07227825212110287,0.7548132141839214,0,Interleaved
231,31,0,0.5702117714325915,0.6491659904907019,0,Interleaved
232,32,0,0.8472187307201346,0.7695147092600086,0,Interleaved
233,33,0,0.49724922933379007,0.6450185901670904,0,Interleaved
234,34,0,0.4449215397428611,0.5497871491279338,0,Interleaved
235,35,0,0.4864020579477682,0.8316271523871994,0,Interleaved
236,36,0,0.21515808398996286,0.49755519183228536,0,Interleaved
237,37,0,0.9811175446363907,0.6976619458882588,0,Interleaved
238,38,0,0.5468864081423335,0.6541110379667142,0,Interleaved
239,39,0,0.507703653607257,0.8508171787366323,0,Interleaved
240,40,0,0.48277521207195234,0.6623926236132597,0,Interleaved
241,41,0,0.21437774290195385,0.7068767407313272,0,Interleaved
242,42,0,0.03771901635326642,0.6277226096268188,0,Interleaved
243,43,0,0.808908002574299,0.5718099485868687,0,Interleaved
244,44,0,0.71606764775149,0.39479906131040615,0,Interleaved
245,45,0,0.9824770714683542,0.7520391794042323,0,Interleaved
246,46,0,0.2664372962980109,0.7280662040747885,0,Interleaved
247,47,0,0.7167195546613184,0.5529794914499669,0,Interleaved
248,48,0,0.4278800246575566,0.5363629809227599,0,Interleaved
249,49,0,0.8631721012806373,0.8247475709988628,0,Interleaved
250,50,0,0.9791343612512016,0.6566709177315946,0,Interleaved
251,51,0,0.7452099661833869,0.5755535772236072,0,Interleaved
252,52,0,0.336341636553429,0.6066735962646874,0,Interleaved
253,53,0,0.07132776504093837,0.6375781312023788,0,Interleaved
254,54,0,0.45232206985612455,0.7019537032646735,0,Interleaved
255,55,0,0.17132524546707356,0.7090990747072042,0,Interleaved
256,56,0,0.571241858587369,0.6041589741944748,0,Interleaved
257,57,0,0.7106865934048217,1.124505834218091,0,Interleaved
258,58,0,0.012098476814432596,0.8481832955152695,0,Interleaved
259,59,0,0.4077916646405698,0.7329687362640103,0,Interleaved
260,60,0,0.9517334826683321,0.6262790269907409,0,Interleaved
261,61,0,0.5027197503992193,0.6140559194696793,0,Interleaved
262,62,0,0.21166423711754614,0.5884098225099523,0,Interleaved
263,63,0,0.6748035694583517,0.41206706210195787,0,Interleaved
264,64,0,0.07737361539250791,0.45798392458310067,0,Interleaved
265,65,0,0.050609435905138264,0.6190892769433107,0,Interleaved
266,66,0,0.6298930215092983,0.6783325820190771,0,Interleaved
267,67,0,0.8554810041775075,0.6062557430925959,0,Interleaved
268,68,0,0.4776071790072935,0.5499964048228829,0,Interleaved
269,69,0,0.9152635244460688,0.5649334206116339,0,Interleaved
270,70,0,0.44092175035038095,0.417104688265694,0,Interleaved
271,71,0,0.5218385269992274,0.4190235976109288,0,Interleaved
272,72,0,0.8053568297688415,0.5619547416265382,0,Interleaved
273,73,0,0.492302141524723,0.5303820782492492,0,Interleaved
274,74,0,0.5703927234543491,0.47738674287592114,0,Interleaved
275,75,0,0.8097961482649646,0.46510114339645503,0,Interleaved
276,76,0,0.9300029155201464,0.5336362422936787,0,Interleaved
277,77,0,0.4144418249481717,0.6401177728055693,0,Interleaved
278,78,0,0.5995031978548924,0.6563864863190271,0,Interleaved
279,79,0,0.557721570497077,0.602139821436064,0,Interleaved
280,80,0,0.4341562680873211,0.4702011474962416,0,Interleaved
281,81,0,0.8505745144969103,0.4576106260458159,0,Interleaved
282,82,0,0.22449360447250288,0.476518923224794,0,Interleaved
283,83,0,0.4888466773630936,0.5937205831698331,0,Interleaved
284,84,0,0.519906361595196,0.5121884837360484,0,Interleaved
285,85,0,0.7093010289533237,0.5438293192332397,0,Interleaved
286,86,0,0.43918901073276445,0.8104008541823231,0,Interleaved
287,87,0,0.8682748600464659,0.6122198074822112,0,Interleaved
288,88,0,0.6870757268267881,0.6064100659700332,0,Interleaved
289,89,0,0.4700921377347425,0.5796727975953262,0,Interleaved
290,90,0,0.9475478799286217,0.31332148471647975,0,Interleaved
291,91,0,0.5610315525926632,0.6107562394870818,0,Interleaved
292,92,0,0.08511727772822603,0.7191484730131066,0,Interleaved
293,93,0,0.44116066686271616,0.717850686570846,0,Interleaved
294,94,0,0.48448486691436815,0.48008411738474377,0,Interleaved
295,95,0,0.37637606254238004,0.808743755031188,0,Interleaved
296,96,0,0.005499085506427378,0.9146651668116068,0,Interleaved
297,97,0,0.5005216273267432,0.743119470312781,0,Interleaved
298,98,0,0.028040811697917323,0.8584005056909596,0,Interleaved
299,99,0,0.4159709948684701,0.5127610416694508,0,Interleaved
300,100,0,0.612105806063209,0.5732587528717081,0,Interleaved
301,101,0,0.36862953833177114,0.7299145987281003,0,Interleaved
302,102,0,0.1776838515679646,0.9279190942298031,0,Interleaved
303,103,0,0.42906816334864756,0.6823702086439543,0,Interleaved
304,104,0,0.47483760641598194,0.6886671213715205,0,Interleaved
305,105,0,0.5232996956011486,0.43010510812074576,0,Interleaved
306,106,0,0.21825040261094253,0.5211233930383417,0,Interleaved
307,107,0,0.7030104834585184,0.6348498764967907,0,Interleaved
308,108,0,0.5222766502777745,0.6451332391529008,0,Interleaved
309,109,0,0.27379789842878677,0.6932984892679639,0,Interleaved
310,110,0,0.35842962751519025,0.7961007277153778,0,Interleaved
311,111,0,0.15631593954233514,0.7356811891419439,0,Interleaved
312,112,0,0.9961941594549418,0.4460188991838271,0,Interleaved
313,113,0,0.49776060256545623,0.7008110352969648,0,Interleaved
314,114,0,0.47385095841209374,0.6120225105512729,0,Interleaved
315,115,0,0.2284762595176972,0.7124748154929661,0,Interleaved
316,116,0,0.9524807077880579,0.6795168719268497,0,Interleaved
317,117,0,0.683944645497527,0.5541195245437434,0,Interleaved
318,118,0,0.02551651543063181,0.579478545411103,0,Interleaved
319,119,0,0.08449569588533287,0.7497309873904401,0,Interleaved
320,120,0,0.9062990253768232,0.5989384318823643,0,Interleaved
321,121,0,0.8876473423035458,0.6691282641120377,0,Interleaved
322,122,0,0.22402721287982344,0.5377093408489243,0,Interleaved
323,123,0,0.42553483180574264,0.8254626601490475,0,Interleaved
324,124,0,0.9186003696150209,0.5523895571851352,0,Interleaved
325,125,0,0.772352804775192,0.4731640431960641,0,Interleaved
326,126,0,0.15199920290129795,0.7011637535974873,0,Interleaved
327,127,0,0.49997436531011313,0.5556515950492256,0,Interleaved
328,128,0,0.8378111420501957,0.5930873801353274,0,Interleaved
329,129,0,0.62700884378415,0.6322779123654556,0,Interleaved
330,130,0,0.40506281567493274,0.5687320915664801,0,Interleaved
331,131,0,0.9026862262994674,0.3205716644360982,0,Interleaved
332,132,0,0.42333066751659293,0.45817660425540285,0,Interleaved
333,133,0,0.8444273627154424,0.44313455313392347,0,Interleaved
334,134,0,0.41942336437370553,0.7808682473782761,0,Interleaved
335,135,0,0.4295807374331865,0.41692356614750403,0,Interleaved
336,136,0,0.8985402729260175,0.433032820789751,0,Interleaved
337,137,0,0.1697374862713786,0.6416648367737994,0,Interleaved
338,138,0,0.714066633181833,0.6398425693674892,0,Interleaved
339,139,0,0.45016828527242914,0.6355017615529119,0,Interleaved
340,140,0,0.3095589887531103,0.5726720467461619,0,Interleaved
341,141,0,0.5003896749398798,0.6482048659054287,0,Interleaved
342,142,0,0.4793896582333044,0.7038777279035551,0,Interleaved
343,143,0,0.814215009655064,0.5863253101692196,0,Interleaved
344,144,0,0.7553328929426902,0.5471684274590078,0,Interleaved
345,145,0,0.6110598296374109,0.4013994330665084,0,Interleaved
346,146,0,0.45337100577811906,0.6358019162604466,0,Interleaved
347,147,0,0.47169667076793376,0.7020798248655048,0,Interleaved
348,148,0,0.38242280722290023,0.5751297868873995,0,Interleaved
349,149,0,0.526559870115361,0.5890190391914863,0,Interleaved
350,150,0,0.5209050161680108,0.5651185335473858,0,Interleaved
351,151,0,0.4517121311139337,0.6663529482668378,0,Interleaved
352,152,0,0.7377996766372987,0.643905627217886,0,Interleaved
353,153,0,0.028844045367790696,0.6270198645064333,0,Interleaved
354,154,0,0.009712033771481181,0.9105194712044413,0,Interleaved
355,155,0,0.5804519926338022,0.7949957417114968,0,Interleaved
356,156,0,0.7162433217195991,0.8901748674943473,0,Interleaved
357,157,0,0.16019114350120278,0.6954938750930979,0,Interleaved
358,158,0,0.6597871399735189,0.5341688855686479,0,Interleaved
359,159,0,0.10463933705220771,0.5786111444642078,0,Interleaved
360,160,0,0.7640182784824501,0.6583779273976527,0,Interleaved
361,161,0,0.8494843743168259,0.4960054778715302,0,Interleaved
362,162,0,0.03680877972171262,1.406902506250971,0,Interleaved
363,163,0,0.0913461017920367,0.7685680974905817,0,Interleaved
364,164,0,0.39260382780550446,0.6434840096315613,0,Interleaved
365,165,0,0.7919794675934894,0.6854784939998333,0,Interleaved
366,166,0,0.39340913210458406,0.7793907680779117,0,Interleaved
367,167,0,0.9519165472640461,0.565592187658192,0,Interleaved
368,168,0,0.5627733439936371,0.8099481814773029,0,Interleaved
369,169,0,0.49629453238111243,0.745739588783682,0,Interleaved
370,170,0,0.6231914650557198,0.7167569247247733,0,Interleaved
371,171,0,0.18186010743952025,0.7293931858148431,0,Interleaved
372,172,0,0.9090161318838688,0.7648561418963528,0,Interleaved
373,173,0,0.0017874048622479126,0.8289689815889402,0,Interleaved
374,174,0,0.7814766679278013,0.629046078510116,0,Interleaved
375,175,0,0.25857123895207884,0.7842852362909316,0,Interleaved
376,176,0,0.015517743923982488,0.9708029369661104,0,Interleaved
377,177,0,0.3761395266351174,0.889784150185754,0,Interleaved
378,178,0,0.4988840346584697,0.7606563661857806,0,Interleaved
379,179,0,0.9951867790455151,0.7129527399272801,0,Interleaved
380,180,0,0.6861986661820806,0.6411705279700207,0,Interleaved
381,181,0,0.22641036101722137,0.7236190079846851,0,Interleaved
382,182,0,0.05703149084039788,0.7449293138300221,0,Interleaved
383,183,0,0.9268636084278739,0.6112112831347645,0,Interleaved
384,184,0,0.4851225263747256,0.6013263196184195,0,Interleaved
385,185,0,0.5694335387792397,0.4380961784306805,0,Interleaved
386,186,0,0.4086186788628899,0.47862572294263894,0,Interleaved
387,187,0,0.48194189644917074,0.6842137913271473,0,Interleaved
388,188,0,0.06954873683768178,0.5607945427365907,0,Interleaved
389,189,0,0.39678284879198467,0.5231653865282471,0,Interleaved
390,190,0,0.19687883795299319,0.7096314195420209,0,Interleaved
391,191,0,0.49277498373892414,0.6544767247979713,0,Interleaved
392,192,0,0.9234708091873352,0.5350534307499084,0,Interleaved
393,193,0,0.40871719889925123,0.47112339266452813,0,Interleaved
394,194,0,0.05763632400719243,0.8880506491539346,0,Interleaved
395,195,0,0.850656509972461,0.5932880183134508,0,Interleaved
396,196,0,0.5609301355373826,0.7222633030120648,0,Interleaved
397,197,0,0.9293078909139563,0.6283627164551078,0,Interleaved
398,198,0,0.6575989363047259,0.5451749559949779,0,Interleaved
399,199,0,0.12034738945900147,0.5964738952295854,0,Interleaved
400,0,0,0.25319112092409346,0.6763717523858845,0,Instructed
401,1,0,0.9685697719874,1.6212666403815361,0,Instructed
402,2,0,0.003850829628588598,0.8694262296389017,0,Instructed
403,3,0,0.8997777244024417,1.1800455552041624,0,Instructed
404,4,0,0.2207324798242976,0.7148157941170946,0,Instructed
405,5,0,0.30916623839429896,0.8210861792820666,0,Instructed
406,6,0,0.25139765350966586,0.7976530105790045,0,Instructed
407,7,0,0.23873438325720447,0.9420439131976761,0,Instructed
408,8,0,0.8830727331294125,0.5886180106351588,0,Instructed
409,9,0,0.36093469888419466,0.7929282809604248,0,Instructed
410,10,0,0.17738772781828582,0.828238451016084,0,Instructed
411,11,0,0.5045117047533013,0.7663329258515725,0,Instructed
412,12,0,0.001063368803522498,0.9298925342489194,0,Instructed
413,13,0,0.9655084347640727,0.8130210685871349,0,Instructed
414,14,0,0.9965678180116916,0.8348728046038921,0,Instructed
415,15,0,0.4631152115758511,0.7155712289428992,0,Instructed
416,16,0,0.9806671214031596,0.5255710120280859,0,Instructed
417,17,0,0.06852789708570149,0.7645294720273403,0,Instructed
418,18,0,0.719666466495378,0.7101022309093055,0,Instructed
419,19,0,0.5167418552427019,0.786903492846723,0,Instructed
420,20,0,0.6527468085538088,0.48925373348839585,0,Instructed
421,21,0,0.4267265427770879,0.904211835121363,0,Instructed
422,22,0,0.8614918256708962,0.5392098060278261,0,Instructed
423,23,0,0.5222245948157492,0.7361942897806322,0,Instructed
424,24,0,2.0161248736841022e-05,3.303592305275793,0,Instructed
425,25,0,0.5365061803249511,0.6074287487700953,0,Instructed
426,26,0,0.9999938727212578,0.9499583071653057,0,Instructed
427,27,0,0.5067179303163786,0.6424839589905416,0,Instructed
428,28,0,0.6595435108693649,0.43698306497013606,0,Instructed
429,29,0,0.45333169790989136,0.6829413208958777,0,Instructed
430,30,0,0.8221344668993886,0.6335134454308138,0,Instructed
431,31,0,0.9393067706082281,0.769722728432251,0,Instructed
432,32,0,0.525638787005199,0.6483552798269018,0,Instructed
433,33,0,0.9987818791824334,1.226933193564832,0,Instructed
434,34,0,0.019442306273218777,0.7604427030568557,0,Instructed
435,35,0,0.9186094428621974,0.8155170549520673,0,Instructed
436,36,0,0.49938410722819565,0.7584093617134039,0,Instructed
437,37,0,0.49792694492103307,0.7692927725400975,0,Instructed
438,38,0,0.236584460591638,0.4977603239630739,0,Instructed
439,39,0,0.5288316275255521,0.7259463973480125,0,Instructed
440,40,0,0.40408241419622093,0.6026681649764962,0,Instructed
441,41,0,0.2896971413130583,0.5923597048700328,0,Instructed
442,42,0,0.09896886754524936,0.6350544229915036,0,Instructed
443,43,0,0.5056714256286932,0.6005478021299195,0,Instructed
444,44,0,0.7681200045959227,0.705057466358157,0,Instructed
445,45,0,0.5015545286036872,1.005819254342217,0,Instructed
446,46,0,0.774898478175447,0.5461623921806442,0,Instructed
447,47,0,0.8572788124123951,0.7197917529479854,0,Instructed
448,48,0,0.5001192839145597,0.6360291363826339,0,Instructed
449,49,0,0.8867937632469555,0.8859453894934585,0,Instructed
450,50,0,0.011576645782903761,0.8129667899714121,0,Instructed
451,51,0,0.2969015257647687,0.7826288856017359,0,Instructed
452,52,0,0.08124751147470478,0.6771277529752318,0,Instructed
453,53,0,0.42987126452876295,0.692179463205496,0,Instructed
454,54,0,0.6864483209592334,0.6933007701004026,0,Instructed
455,55,0,0.37951453019571385,0.7643523734990079,0,Instructed
456,56,0,0.9734952814923545,0.5519148470940463,0,Instructed
457,57,0,0.5222537029155813,0.6781020656510186,0,Instructed
458,58,0,0.18277385147991723,1.3990476382576436,0,Instructed
459,59,0,0.9015862832760291,1.2218091235364739,0,Instructed
460,60,0,0.5073722968047101,0.6388821610878623,0,Instructed
461,61,0,0.1774853343843904,0.6413071908591852,0,Instructed
462,62,0,0.1655877834573481,0.8027366557054911,0,Instructed
463,63,0,0.5173917331318717,0.7825354138451616,0,Instructed
464,64,0,0.9992247016325,0.6223393718722969,0,Instructed
465,65,0,0.19355866216782833,0.8039575398892649,0,Instructed
466,66,0,0.8541056852554783,0.5561814004625034,0,Instructed
467,67,0,0.8539958625030712,0.47588238534680005,0,Instructed
468,68,0,0.5270572677136969,0.7546198525437913,0,Instructed
469,69,0,0.9235051953900724,1.0536890364685232,0,Instructed
470,70,0,0.4469304699760743,0.7491141873417575,0,Instructed
471,71,0,0.4844113852624707,0.8254400471805368,0,Instructed
472,72,0,0.9468115984103991,0.6720948862324279,0,Instructed
473,73,0,0.5563788114804635,0.6846987935946474,0,Instructed
474,74,0,0.6466438220172702,0.8394505202007113,0,Instructed
475,75,0,0.10865149163756485,1.0380196541161046,0,Instructed
476,76,0,0.04406070210761044,0.6571033570695779,0,Instructed
477,77,0,0.8847861511958055,0.5765604062208065,0,Instructed
478,78,0,0.9983126752630782,1.0285160043729715,0,Instructed
479,79,0,0.6695781857922818,0.5395697896685903,0,Instructed
480,80,0,0.7331215784781366,0.5918928653222622,0,Instructed
481,81,0,0.9876353557016364,0.6825148768801919,0,Instructed
482,82,0,0.8201195035410385,0.6584143236753832,0,Instructed
483,83,0,0.5052382311295835,0.7911251666698129,0,Instructed
484,84,0,0.9944884070204334,0.9779800398751213,0,Instructed
485,85,0,0.13098008396753247,1.096024972046044,0,Instructed
486,86,0,0.038292091815675354,0.8680667038457288,0,Instructed
487,87,0,0.4681010791224405,0.5915448274956285,0,Instructed
488,88,0,0.5722401742673708,0.4239518568872749,0,Instructed
489,89,0,0.5000055693824158,2.6477219214093077,0,Instructed
490,90,0,0.9976476318862925,0.9145793611545371,0,Instructed
491,91,0,0.6197310148497623,0.9187432820336473,0,Instructed
492,92,0,0.9085856380172993,0.5183241866377489,0,Instructed
493,93,0,0.9722495878803961,0.7959929489136941,0,Instructed
494,94,0,0.6248403281354099,0.6397814824352713,0,Instructed
495,95,0,0.3077405723968799,0.7638745032661884,0,Instructed
496,96,0,0.4910480605264323,0.604833566984034,0,Instructed
497,97,0,0.569313113929943,0.9467535543817021,0,Instructed
498,98,0,0.09577575790636296,0.8132393203481507,0,Instructed
499,99,0,0.9271656470668477,0.6932412474262267,0,Instructed
500,100,0,0.3934959880584097,0.7125955767739128,0,Instructed
501,101,0,0.5093832341295927,0.8584718155135074,0,Instructed
502,102,0,0.5302186333248111,0.6428046323729408,0,Instructed
503,103,0,0.5957260943123601,0.4426023489500833,0,Instructed
504,104,0,0.04598403580390008,0.8114434683324663,0,Instructed
505,105,0,0.7316967533591459,1.0839249663909332,0,Instructed
506,106,0,0.9103185316230586,0.6347632588520703,0,Instructed
507,107,0,0.4126546853165454,0.8100233348767798,0,Instructed
508,108,0,0.3521915842112729,0.6728335698502218,0,Instructed
509,109,0,0.2809109550773125,0.7184942803192509,0,Instructed
510,110,0,0.003761291069814069,0.7199261030171402,0,Instructed
511,111,0,0.8111444988212029,0.7692459808133478,0,Instructed
512,112,0,0.7397286025665615,0.48970072578316987,0,Instructed
513,113,0,0.05210731704246667,0.6837207275714176,0,Instructed
514,114,0,0.9247429872146034,0.5741980580730869,0,Instructed
515,115,0,0.5169445780428644,0.6383069512814064,0,Instructed
516,116,0,0.48396801676999035,0.7313406715189856,0,Instructed
517,117,0,0.8809140663193131,0.959293795808833,0,Instructed
518,118,0,0.9781077780351777,0.6095478510711742,0,Instructed
519,119,0,0.7774443864153134,0.5735578348526396,0,Instructed
520,120,0,0.3778064457632841,0.6878364511143752,0,Instructed
521,121,0,0.4918558840079172,0.7675044013936251,0,Instructed
522,122,0,0.33367269253418663,0.7587317858176121,0,Instructed
523,123,0,0.3176026871851596,0.8600310798756645,0,Instructed
524,124,0,0.07709993851349292,0.8185847600885712,0,Instructed
525,125,0,0.5012475279303488,0.7821889095094676,0,Instructed
526,126,0,0.7429400021620616,0.9612943531474722,0,Instructed
527,127,0,0.6151469953850357,0.6001274217506056,0,Instructed
528,128,0,0.48234984548134696,0.7594132146178207,0,Instructed
529,129,0,0.08747227034101655,0.912430203851492,0,Instructed
530,130,0,0.6804933507791385,0.5413981932314167,0,Instructed
531,131,0,0.43869082620290467,0.5508497206612404,0,Instructed
532,132,0,0.45471158850067556,0.7063193248484332,0,Instructed
533,133,0,0.7814873533159628,0.7252657715113254,0,Instructed
534,134,0,0.46682205515337427,0.656174493303615,0,Instructed
535,135,0,0.5366079335857554,1.5483722693106994,0,Instructed
536,136,0,0.19564896558540518,0.574833290171223,0,Instructed
537,137,0,0.07995194722459663,1.1950160291601772,0,Instructed
538,138,0,0.4002280699032687,0.8516034632947358,0,Instructed
539,139,0,0.8763774872266905,0.5064883271508841,0,Instructed
540,140,0,0.9235616402314624,0.44277617773793365,0,Instructed
541,141,0,0.6480997921822247,0.6829001724152611,0,Instructed
542,142,0,0.5062956753700159,0.6025975221056872,0,Instructed
543,143,0,0.9287417717201486,0.714099917562471,0,Instructed
544,144,0,0.42149160731812085,0.7167694754428434,0,Instructed
545,145,0,0.2839646930540134,0.8045280681872478,0,Instructed
546,146,0,0.09347547094980382,0.6693375065154687,0,Instructed
547,147,0,0.4806127007528446,0.8691177762196298,0,Instructed
548,148,0,0.6104529912444503,0.8431063069585252,0,Instructed
549,149,0,0.2209484149987191,0.8408508167556411,0,Instructed
550,150,0,0.006303762764033797,0.6949348950380032,0,Instructed
551,151,0,0.3571104985667717,0.652868448736897,0,Instructed
552,152,0,0.5036232046484479,0.6476521739853657,0,Instructed
553,153,0,0.6474549945536302,0.40472235735645506,0,Instructed
554,154,0,0.9914570992816676,0.5401817185182389,0,Instructed
555,155,0,0.33588174479524713,0.8918219904825544,0,Instructed
556,156,0,0.5189463792823796,0.8373776010460503,0,Instructed
557,157,0,0.4442093502807205,0.88534757734245,0,Instructed
558,158,0,0.3815930881724137,0.6026064777527842,0,Instructed
559,159,0,0.040586447637232265,0.8668174374254408,0,Instructed
560,160,0,0.7740309250664803,1.002175971053219,0,Instructed
561,161,0,0.9123676537717946,0.5032497518617829,0,Instructed
562,162,0,0.9278635432805209,0.9063716708462752,0,Instructed
563,163,0,0.4117723047509657,0.8230521972927283,0,Instructed
564,164,0,0.8634530918971048,0.46526512021391997,0,Instructed
565,165,0,0.5982910475853074,0.43964808059781196,0,Instructed
566,166,0,0.47280622272241657,0.5551752529850178,0,Instructed
567,167,0,0.5130591206507656,0.8449886459395148,0,Instructed
568,168,0,0.6118437671413203,0.9470958504548099,0,Instructed
569,169,0,0.03643592876261159,0.9028555707475069,0,Instructed
570,170,0,0.49798513531719163,0.8804030494050262,0,Instructed
571,171,0,0.7605798247086075,0.8056392666902723,0,Instructed
572,172,0,0.5349168871038238,0.5098260131415224,0,Instructed
573,173,0,0.07160272050732187,1.4230442932422203,0,Instructed
574,174,0,0.5373950980909377,0.6006995239477491,0,Instructed
575,175,0,0.2769162016061353,1.1864861515697755,0,Instructed
576,176,0,0.20219169924379787,1.0771044584661698,0,Instructed
577,177,0,0.31165046270293784,0.626373855653463,0,Instructed
578,178,0,0.2912726680626809,0.873578187565957,0,Instructed
579,179,0,0.4626188306854768,0.5610285946869503,0,Instructed
580,180,0,0.9216465740035793,0.6381920556950869,0,Instructed
581,181,0,0.47931339692236646,0.5386425276456093,0,Instructed
582,182,0,0.2566114343927225,0.7579857884947385,0,Instructed
583,183,0,0.574972185092885,0.5522840204696178,0,Instructed
584,184,0,0.47996018360038467,0.6089836626319712,0,Instructed
585,185,0,0.439568374236197,0.4500685808101942,0,Instructed
586,186,0,0.057572455902369674,0.57984238171365,0,Instructed
587,187,0,0.5684564122921689,0.38659806743297587,0,Instructed
588,188,0,0.7585771869980755,0.769112109573141,0,Instructed
589,189,0,0.974378671573372,0.8259162021563282,0,Instructed
590,190,0,0.9273924406037983,0.5397850501290314,0,Instructed
591,191,0,0.5852602045833266,0.6178433178778954,0,Instructed
592,192,0,0.04099152826764077,0.6191121631525016,0,Instructed
593,193,0,0.4793848672161582,0.6675842890774005,0,Instructed
594,194,0,0.3096334491942539,0.7505817679085589,0,Instructed
595,195,0,0.451750390458037,0.7154726362131705,0,Instructed
596,196,0,0.01322464184681403,0.5623712279556895,0,Instructed
597,197,0,0.5345941849595255,0.899935899399366,0,Instructed
598,198,0,0.9918906435521604,0.6628805260329202,0,Instructed
599,199,0,0.7631199159545594,0.5289465939752525,0,Instructed
600,0,0,0.03148065931101082,0.8274513349792547,1,Blocked
601,1,0,0.2310851899399342,0.7706602995182903,1,Blocked
602,2,0,0.9247608047389513,0.637417383795886,1,Blocked
603,3,0,0.6789045879533584,0.49947367540950294,1,Blocked
604,4,0,0.057057524759461964,0.8208128689456206,1,Blocked
605,5,0,0.9425563901512921,0.6518346346136112,1,Blocked
606,6,0,0.9930554178013706,0.9093499352872345,1,Blocked
607,7,0,0.4556286309945858,0.6692314581620514,1,Blocked
608,8,0,0.5882288623636629,0.6459544785635367,1,Blocked
609,9,0,0.2981986785130315,0.580047946726738,1,Blocked
610,10,0,0.39011697583496535,0.7101027692949256,1,Blocked
611,11,0,0.5020275062548651,0.6695759092453689,1,Blocked
612,12,0,0.9907673282387266,0.4378216005312491,1,Blocked
613,13,0,0.4292589122980978,0.47294282175158786,1,Blocked
614,14,0,0.5178908889435657,0.6088587026109635,1,Blocked
615,15,0,0.669031909327622,0.6728798914947041,1,Blocked
616,16,0,0.8554545688317882,0.852275775521657,1,Blocked
617,17,0,0.9811114184804548,0.6155324927499501,1,Blocked
618,18,0,0.6488503799563282,0.7498943380415325,1,Blocked
619,19,0,0.9922130243946319,1.3862050049726642,1,Blocked
620,20,0,0.42894702736932455,0.7386960034120438,1,Blocked
621,21,0,0.2237162807226698,0.6953306674052122,1,Blocked
622,22,0,0.7921137491605983,0.6906822482319922,1,Blocked
623,23,0,0.45870791720961585,0.7795594046359001,1,Blocked
624,24,0,0.048985029026401485,0.7307075674595811,1,Blocked
625,25,0,0.5560708610301254,0.652101134489386,1,Blocked
626,26,0,0.8892922089651647,0.5856699276398633,1,Blocked
627,27,0,0.8602042653833646,0.432366358691488,1,Blocked
628,28,0,0.5417998887548698,0.7519554000297762,1,Blocked
629,29,0,0.9414884647688189,0.6607646350903347,1,Blocked
630,30,0,0.8296184379926987,0.7001002836124182,1,Blocked
631,31,0,0.2354010471619809,0.5778936199491459,1,Blocked
632,32,0,0.49511715942095075,0.8490991224155584,1,Blocked
633,33,0,0.14979003561456591,0.4879125476193328,1,Blocked
634,34,0,0.33978948253916397,0.526090674534903,1,Blocked
635,35,0,0.33109998913054617,0.7539109935195959,1,Blocked
636,36,0,0.4934534896353614,0.6587385775836938,1,Blocked
637,37,0,0.7497356126421454,0.5785171010159417,1,Blocked
638,38,0,0.47554139460344014,0.6354139694158072,1,Blocked
639,39,0,0.001408962666988452,0.7022324567602116,1,Blocked
640,40,0,0.4504700815968492,0.6592804853793641,1,Blocked
641,41,0,0.3973381258944751,1.1394176116366423,1,Blocked
642,42,0,0.8682758274251496,0.7259865655173765,1,Blocked
643,43,0,0.5806113664289038,0.595709402142738,1,Blocked
644,44,0,0.8755965615532637,0.5715000432864652,1,Blocked
645,45,0,0.7105995593768477,0.6002988490877019,1,Blocked
646,46,0,0.2654471408518545,0.759284360887298,1,Blocked
647,47,0,0.47280458249858937,0.772869801303952,1,Blocked
648,48,0,0.5207784402620625,0.5572164028764919,1,Blocked
649,49,0,0.22443774556935903,0.6044711378733102,1,Blocked
650,50,0,0.5090321737825716,0.7018564019323315,1,Blocked
651,51,0,0.5559069710341473,0.6144448683178976,1,Blocked
652,52,0,0.6054689440334403,0.5640578174219962,1,Blocked
653,53,0,0.08022193514995336,0.5353175909135631,1,Blocked
654,54,0,0.5563067167130955,0.6398551096668861,1,Blocked
655,55,0,0.12007938425657028,0.584738642782785,1,Blocked
656,56,0,0.13590729561815354,0.8873705656935983,1,Blocked
657,57,0,0.8116053778750656,0.4261701270082007,1,Blocked
658,58,0,0.02031937397861128,0.7384977044556287,1,Blocked
659,59,0,0.5627912252121503,0.6323931640595519,1,Blocked
660,60,0,0.6786774995826419,0.7991934608053148,1,Blocked
661,61,0,0.9853861262892467,0.797083117707287,1,Blocked
662,62,0,0.12245964896247846,0.7681299862209672,1,Blocked
663,63,0,0.23916475646667135,0.9205581292083589,1,Blocked
664,64,0,0.2367695068987131,0.6573180248973821,1,Blocked
665,65,0,0.537283691165428,0.579938632645966,1,Blocked
666,66,0,0.2386174362327655,0.5931008463763665,1,Blocked
667,67,0,0.06963935711040965,0.6968566753887486,1,Blocked
668,68,0,0.9676528528619432,0.5951492462965217,1,Blocked
669,69,0,0.952500446581553,0.8970432395670612,1,Blocked
670,70,0,0.2780890186973854,0.819245915844584,1,Blocked
671,71,0,0.5689079969053235,0.7187626143663594,1,Blocked
672,72,0,0.33354919221048857,0.6072969092653862,1,Blocked
673,73,0,0.14527377976807998,0.72493375178885,1,Blocked
674,74,0,0.412273821769577,0.5407110698811146,1,Blocked
675,75,0,0.520246764217572,0.4062276472697338,1,Blocked
676,76,0,0.5516336871137667,0.5994704987466194,1,Blocked
677,77,0,0.4875051467349932,0.8957181135053953,1,Blocked
678,78,0,0.6264441285618092,0.5189259087251211,1,Blocked
679,79,0,0.975148919700378,0.7204009434287341,1,Blocked
680,80,0,0.37355135264648964,0.6419100993420874,1,Blocked
681,81,0,0.5002042164398021,0.5645039183524692,1,Blocked
682,82,0,0.4784300115081857,0.838302108210665,1,Blocked
683,83,0,0.2819750561000981,0.5500183041589659,1,Blocked
684,84,0,0.7274648373429174,0.7209723016450447,1,Blocked
685,85,0,0.16985117263778338,0.6569749813141961,1,Blocked
686,86,0,0.05943956079807311,0.760147897396144,1,Blocked
687,87,0,0.9286629384081664,0.5508529428571677,1,Blocked
688,88,0,0.2640602890132843,0.6816758642235757,1,Blocked
689,89,0,0.6021924046815811,0.7688405828983618,1,Blocked
690,90,0,0.9527091287756313,0.5432799122381287,1,Blocked
691,91,0,0.01578273212297558,0.6200527219120995,1,Blocked
692,92,0,0.6822473154989576,0.5651626378778182,1,Blocked
693,93,0,0.6585396220174193,0.6112831445946423,1,Blocked
694,94,0,0.01201748692072685,1.0317231887434426,1,Blocked
695,95,0,0.6808601093810407,0.7596613575242961,1,Blocked
696,96,0,0.058727273357895855,0.9426246650478708,1,Blocked
697,97,0,0.04319121433080116,0.7487304830199523,1,Blocked
698,98,0,0.09112049368225734,0.8208651334619235,1,Blocked
699,99,0,0.030662777920368374,0.7716573658717647,1,Blocked
700,100,0,0.5351045667082639,0.5527941105497992,1,Blocked
701,101,0,0.32785567184155623,0.6320442256493308,1,Blocked
702,102,0,0.6406496154786877,0.5800334405627169,1,Blocked
703,103,0,0.21644270670771254,1.0528055210520364,1,Blocked
704,104,0,0.9817313756432162,0.6044553611982423,1,Blocked
705,105,0,0.9928896167330843,0.5401663172725747,1,Blocked
706,106,0,0.8574481267643377,0.8479676328863541,1,Blocked
707,107,0,0.035806990461076764,0.7215700893978024,1,Blocked
708,108,0,0.2951555333701823,0.695462233773226,1,Blocked
709,109,0,0.7048655785612585,1.0182559658720556,1,Blocked
710,110,0,0.04468273819896612,0.7370166423285749,1,Blocked
711,111,0,0.2328562383378621,1.1054007622115427,1,Blocked
712,112,0,0.5384567264388972,0.6154205243294505,1,Blocked
713,113,0,0.4220538881536189,0.7938165897976452,1,Blocked
714,114,0,0.6944200205810883,0.6351665636210877,1,Blocked
715,115,0,0.5314709234387188,0.6520909922401839,1,Blocked
716,116,0,0.7504667789724668,0.616355837882553,1,Blocked
717,117,0,0.8174162073933252,0.5061150851559699,1,Blocked
718,118,0,0.019697605250037442,0.8370798762812617,1,Blocked
719,119,0,0.5509312765029849,0.7584283887298351,1,Blocked
720,120,0,0.7987856056444198,0.676760228160753,1,Blocked
721,121,0,0.7774234286594259,0.6768408297524203,1,Blocked
722,122,0,0.7025653950742565,0.5776234970874023,1,Blocked
723,123,0,0.8062759176606853,0.5099074498852477,1,Blocked
724,124,0,0.07123710208508575,0.7319781164354643,1,Blocked
725,125,0,0.4985723947824819,0.7308778347075413,1,Blocked
726,126,0,0.6615309450539479,0.6902514768030429,1,Blocked
727,127,0,0.6671398496640933,0.4694391520744951,1,Blocked
728,128,0,0.024852264017318677,0.805882693593122,1,Blocked
729,129,0,0.810355382829906,0.5045864708860497,1,Blocked
730,130,0,0.15913095980637454,0.6529349674025149,1,Blocked
731,131,0,0.8238553509366304,0.37527616593395796,1,Blocked
732,132,0,0.542191927029233,0.6561952324567067,1,Blocked
733,133,0,0.2046449211818153,0.6605171328868414,1,Blocked
734,134,0,0.8054986436421218,0.6330403806746454,1,Blocked
735,135,0,0.5608250296046815,0.8075464896833688,1,Blocked
736,136,0,0.4944088827964028,0.7666535735781017,1,Blocked
737,137,0,0.014238861324695783,0.7354755599531513,1,Blocked
738,138,0,0.333925785195021,0.6080408089758587,1,Blocked
739,139,0,0.6910788282369795,0.6378581833136898,1,Blocked
740,140,0,0.8025086320584006,0.7152170651583554,1,Blocked
741,141,0,0.515140185640512,0.7259217090144949,1,Blocked
742,142,0,0.06554253277767891,0.8922758882335106,1,Blocked
743,143,0,0.48591869910138535,0.6986331302044683,1,Blocked
744,144,0,0.7006042907797949,0.7703873167061026,1,Blocked
745,145,0,0.7920184672974804,0.6237564190830467,1,Blocked
746,146,0,0.356777656753401,0.6259364897877262,1,Blocked
747,147,0,0.503581048462632,0.7044194164080086,1,Blocked
748,148,0,0.6388239962447816,0.4887131297405747,1,Blocked
749,149,0,0.4892163753046269,0.636463663174359,1,Blocked
750,150,0,0.6441744375838554,0.4824526240530457,1,Blocked
751,151,0,0.9507372884452561,0.5922276247259863,1,Blocked
752,152,0,0.4879040673429145,0.7852106568275952,1,Blocked
753,153,0,0.9967447695325924,0.7190952995032809,1,Blocked
754,154,0,0.6926816124638902,0.7986586544522104,1,Blocked
755,155,0,0.4945477619655429,0.8687580792846263,1,Blocked
756,156,0,0.540043768069881,0.5896592945949094,1,Blocked
757,157,0,0.7004173970014047,0.7021008166364731,1,Blocked
758,158,0,0.9884735830210278,0.8926886685381672,1,Blocked
759,159,0,0.501228480347881,0.8138219445585076,1,Blocked
760,160,0,0.47027422104301914,0.572222512424206,1,Blocked
761,161,0,0.42246629988521694,0.8663875111307351,1,Blocked
762,162,0,0.5256554337930681,0.7682210189618479,1,Blocked
763,163,0,0.6751898122883231,0.5089131983157321,1,Blocked
764,164,0,0.5030270404719102,0.6783589960917031,1,Blocked
765,165,0,0.5062323705575923,0.7179817932436398,1,Blocked
766,166,0,0.4225839008732059,0.9354882236223485,1,Blocked
767,167,0,0.46063339168725687,0.8470131228897616,1,Blocked
768,168,0,0.693183681593299,0.5504402686182794,1,Blocked
769,169,0,0.5539084706268997,0.6316384615453405,1,Blocked
770,170,0,0.7020918864591952,0.8179669473782716,1,Blocked
771,171,0,0.38488223675820166,0.6849228671304239,1,Blocked
772,172,0,0.3837927576239554,0.6913974306978865,1,Blocked
773,173,0,0.2602172967477813,0.7890671410457522,1,Blocked
774,174,0,0.182575462836098,0.6058218242694223,1,Blocked
775,175,0,0.7298099404702192,0.6695261327942094,1,Blocked
776,176,0,0.5792045318267709,0.7544969706645421,1,Blocked
777,177,0,0.16042840745220333,0.8040662662278381,1,Blocked
778,178,0,0.5391458536080477,0.47723852227132696,1,Blocked
779,179,0,0.354413163549922,0.6947520047382303,1,Blocked
780,180,0,0.8056084956641658,0.5984445775163407,1,Blocked
781,181,0,0.5080200059426595,0.6736937187433344,1,Blocked
782,182,0,0.49891109996592353,0.8824940006639157,1,Blocked
783,183,0,0.790193803076708,0.6064380972712728,1,Blocked
784,184,0,0.004198094185347283,0.846341098158869,1,Blocked
785,185,0,0.9791867503747038,0.6009020696747482,1,Blocked
786,186,0,0.9922259517242418,0.6442403503994204,1,Blocked
787,187,0,0.5285915978791182,0.7619931364948516,1,Blocked
788,188,0,0.9827403353707085,0.6047468030292943,1,Blocked
789,189,0,0.2292973135276488,0.7132746739734552,1,Blocked
790,190,0,0.2490454797291162,0.924810617412712,1,Blocked
791,191,0,0.8792338323571866,0.6786012405874183,1,Blocked
792,192,0,0.5044537376449926,0.8063505102348789,1,Blocked
793,193,0,0.5474725423729371,0.5403539097983096,1,Blocked
794,194,0,0.8860067795123225,0.583283954100593,1,Blocked
795,195,0,0.09415253410607621,0.49024603388197674,1,Blocked
796,196,0,0.5202149361156624,0.523490862857557,1,Blocked
797,197,0,0.662022706137939,0.478579685055081,1,Blocked
798,198,0,0.5688220762541104,0.6336751958651633,1,Blocked
799,199,0,0.9751342998936132,0.5987874512407891,1,Blocked
800,0,0,0.6038155017169843,0.7684086490167028,1,Interleaved
801,1,0,0.4452547731203966,0.783484591365828,1,Interleaved
802,2,0,0.7677726483333536,0.7363456976291511,1,Interleaved
803,3,0,0.26414956626122155,0.6403433082112551,1,Interleaved
804,4,0,0.0926606832220624,0.7276732731477198,1,Interleaved
805,5,0,0.007334153578702755,0.7359170017905643,1,Interleaved
806,6,0,0.47319686014690704,0.705857787703292,1,Interleaved
807,7,0,0.9167020620598196,0.5661960110960585,1,Interleaved
808,8,0,0.500701702840555,0.5975645092880831,1,Interleaved
809,9,0,0.5591387254679354,0.7118750400876979,1,Interleaved
810,10,0,0.44859957558272134,0.7904623753691618,1,Interleaved
811,11,0,0.19468967086095398,0.8258691609951239,1,Interleaved
812,12,0,0.666311670089183,0.4723008730388657,1,Interleaved
813,13,0,0.4526823406045592,0.3729762407631475,1,Interleaved
814,14,0,0.6672111304805368,0.39980056358877814,1,Interleaved
815,15,0,0.7286788816558671,0.5769615317491422,1,Interleaved
816,16,0,0.5024277533855201,0.5773701206875299,1,Interleaved
817,17,0,0.1929208798706984,0.5354950672696044,1,Interleaved
818,18,0,0.5493965041719225,0.7920653737772103,1,Interleaved
819,19,0,0.13736690438628393,0.7786733925812532,1,Interleaved
820,20,0,0.1981716012616134,0.7972838991351998,1,Interleaved
821,21,0,0.4820775144674714,0.5221496594105774,1,Interleaved
822,22,0,0.4490127612061729,0.7095264844341009,1,Interleaved
823,23,0,0.460900898049592,0.7441065822221237,1,Interleaved
824,24,0,0.6282932643758035,0.49665693738198113,1,Interleaved
825,25,0,0.536404681873869,0.46928710396886986,1,Interleaved
826,26,0,0.5568584783780122,0.5976255635485752,1,Interleaved
827,27,0,0.029508296690279198,0.48580135209005093,1,Interleaved
828,28,0,0.7788373487537303,0.6175708730813485,1,Interleaved
829,29,0,0.5660101460982858,0.5449093826326392,1,Interleaved
830,30,0,0.4689249797228858,0.7349217289464048,1,Interleaved
831,31,0,0.9548457275787801,0.5843989638443923,1,Interleaved
832,32,0,0.4849690903494898,0.812842162524514,1,Interleaved
833,33,0,0.05462935789294744,0.7915225612181807,1,Interleaved
834,34,0,0.352765425446875,0.8934903861135632,1,Interleaved
835,35,0,0.2264612761830253,0.6304296827336016,1,Interleaved
836,36,0,0.7998547888919117,0.46900764363050707,1,Interleaved
837,37,0,0.5421192995392223,0.6481705885667669,1,Interleaved
838,38,0,0.6759207565054625,0.8504700593875154,1,Interleaved
839,39,0,0.49405886542220273,0.6332156251363771,1,Interleaved
840,40,0,0.6298298564580338,0.401774791504681,1,Interleaved
841,41,0,0.9491395042096056,0.3597929769953504,1,Interleaved
842,42,0,0.509181110454953,0.7282685400158139,1,Interleaved
843,43,0,0.5293598420582653,0.5165484982111034,1,Interleaved
844,44,0,0.9645098679814912,0.6538105206599218,1,Interleaved
845,45,0,0.6296985811678761,0.6200000839663686,1,Interleaved
846,46,0,0.6187838633114242,0.44022133773275873,1,Interleaved
847,47,0,0.5514446297346249,0.6467196701498449,1,Interleaved
848,48,0,0.47271239971779055,0.48612759495734825,1,Interleaved
849,49,0,0.7711807279332819,0.41044963774887966,1,Interleaved
850,50,0,0.2759098342625166,0.6605655792552497,1,Interleaved
851,51,0,0.0020524136718217518,0.7887112678549371,1,Interleaved
852,52,0,0.4778344365520362,0.5409813938625416,1,Interleaved
853,53,0,0.7715462170881668,0.5830855436512274,1,Interleaved
854,54,0,0.49958690083838797,0.722578276334248,1,Interleaved
855,55,0,0.6714050082277947,0.6792510792144468,1,Interleaved
856,56,0,0.531837444828616,0.6218834062314162,1,Interleaved
857,57,0,0.3197610442941531,0.6470725162847357,1,Interleaved
858,58,0,0.5639298921356085,0.4530748486200461,1,Interleaved
859,59,0,0.734516894595826,0.49334784319761227,1,Interleaved
860,60,0,0.5019949226674736,0.7311714794210413,1,Interleaved
861,61,0,0.8351853234702304,0.7529620629524615,1,Interleaved
862,62,0,0.4611312156664983,0.6056957166513921,1,Interleaved
863,63,0,0.3291880472449575,0.8143883086609909,1,Interleaved
864,64,0,0.14729809668204052,0.7952666062465914,1,Interleaved
865,65,0,0.37876813137975324,0.5880859648203864,1,Interleaved
866,66,0,0.3678104426542017,0.6779180325077858,1,Interleaved
867,67,0,0.9995303724511021,0.45957483727102505,1,Interleaved
868,68,0,0.6868872705031523,0.7012349706909394,1,Interleaved
869,69,0,0.26855172989146037,0.6088616566362448,1,Interleaved
870,70,0,0.20514230188789806,0.7063719083139808,1,Interleaved
871,71,0,0.9004550623250052,0.6170076687096777,1,Interleaved
872,72,0,0.7483656590493943,0.6164879037979828,1,Interleaved
873,73,0,0.5534715251255271,0.7310405874135844,1,Interleaved
874,74,0,0.019006906515853544,0.808885133479518,1,Interleaved
875,75,0,0.9973171184591838,0.8048994214542489,1,Interleaved
876,76,0,0.16558902691195426,0.7174838399073489,1,Interleaved
877,77,0,0.4392921646420136,0.6413367524731224,1,Interleaved
878,78,0,0.7537170510442304,0.7138164686033996,1,Interleaved
879,79,0,0.934509675422555,0.47547330410657984,1,Interleaved
880,80,0,0.6413132964404243,0.7296835780570616,1,Interleaved
881,81,0,0.9499690876481661,0.4768680803707658,1,Interleaved
882,82,0,0.46711026765844055,0.5618098872419562,1,Interleaved
883,83,0,0.012342765930126696,0.685695884041637,1,Interleaved
884,84,0,0.2964032039523886,0.6890212827549675,1,Interleaved
885,85,0,0.5521513953228127,0.6276365166797253,1,Interleaved
886,86,0,0.2779452704372497,0.8157541347643764,1,Interleaved
887,87,0,0.3570488750194134,0.5370221068407139,1,Interleaved
888,88,0,0.32471300234506023,0.780252849859355,1,Interleaved
889,89,0,0.5216930006567675,0.8782268491015999,1,Interleaved
890,90,0,0.5053507674927773,0.7897100672394943,1,Interleaved
891,91,0,0.8265618963394119,0.8058816538528272,1,Interleaved
892,92,0,0.518927184708841,0.506671249622958,1,Interleaved
893,93,0,0.5997975857245792,0.5820810603610777,1,Interleaved
894,94,0,0.4411100348092371,0.5095234541541093,1,Interleaved
895,95,0,0.9727275323850076,0.7179103017947781,1,Interleaved
896,96,0,0.4958348938653391,1.0284419334459107,1,Interleaved
897,97,0,0.7264021783838305,0.4869905637598374,1,Interleaved
898,98,0,0.3423306387191943,0.8626995328147689,1,Interleaved
899,99,0,0.4975506174450325,0.7321525357896167,1,Interleaved
900,100,0,0.11457336128774957,0.782911645046019,1,Interleaved
901,101,0,0.5825604919276546,0.643069957270813,1,Interleaved
902,102,0,0.545186284664994,0.7135058950281501,1,Interleaved
903,103,0,0.006045680957495431,0.8733245187650227,1,Interleaved
904,104,0,0.5343262893162193,0.5135093906966905,1,Interleaved
905,105,0,0.37973580022679243,0.6363464876069373,1,Interleaved
906,106,0,0.4926414147648867,0.6168179179554896,1,Interleaved
907,107,0,0.12876375629263684,0.5796526497292174,1,Interleaved
908,108,0,0.015290659661416146,0.7949260254597892,1,Interleaved
909,109,0,0.6056710555221247,0.5615340992925105,1,Interleaved
910,110,0,0.3265536022715376,0.5852569509931378,1,Interleaved
911,111,0,0.640237736386985,0.6215377839319833,1,Interleaved
912,112,0,0.48204580841674244,0.6261361429916853,1,Interleaved
913,113,0,0.19397040388164288,0.613964481126255,1,Interleaved
914,114,0,0.41318689944153303,0.9144673877613987,1,Interleaved
915,115,0,0.5088448518571604,0.786827816454035,1,Interleaved
916,116,0,0.3533147141908116,0.760022446679157,1,Interleaved
917,117,0,0.7647765329379891,0.6834095565625199,1,Interleaved
918,118,0,0.481323047586215,0.5906020354997715,1,Interleaved
919,119,0,0.49699799377715514,0.5643535351670579,1,Interleaved
920,120,0,0.29630004990735787,0.5712138182257522,1,Interleaved
921,121,0,0.5232899184139783,0.6674452554525895,1,Interleaved
922,122,0,0.5165571399400548,0.9232512474177836,1,Interleaved
923,123,0,0.5399423742120799,0.7004360728721639,1,Interleaved
924,124,0,0.012040709093143545,0.7341543180306089,1,Interleaved
925,125,0,0.05790526504154045,0.7879980711390472,1,Interleaved
926,126,0,0.09951442375219627,0.6934963652432098,1,Interleaved
927,127,0,0.5214959949312983,0.5895291298293162,1,Interleaved
928,128,0,0.6080091294956199,0.41346965519959594,1,Interleaved
929,129,0,0.6016694033942933,0.6898752680101146,1,Interleaved
930,130,0,0.923191375747448,0.5946973488609297,1,Interleaved
931,131,0,0.4712574842327061,0.4060354802711841,1,Interleaved
932,132,0,0.46905906731905433,0.7782453519760943,1,Interleaved
933,133,0,0.5265135139579191,0.5834063618575633,1,Interleaved
934,134,0,0.6980636789478075,0.8276762472222222,1,Interleaved
935,135,0,0.5546354413871005,0.7493666162918191,1,Interleaved
936,136,0,0.12685692703190582,0.5676970881228889,1,Interleaved
937,137,0,0.9685338064582862,0.5427710064267829,1,Interleaved
938,138,0,0.5505766317546065,0.687944772193166,1,Interleaved
939,139,0,0.45514704757909674,0.6516407337518622,1,Interleaved
940,140,0,0.6509463597182983,0.7176148138101004,1,Interleaved
941,141,0,0.9222614294934892,0.5008619609674747,1,Interleaved
942,142,0,0.38328573051584774,0.7893529845065912,1,Interleaved
943,143,0,0.0013424526892624662,1.0797151653195676,1,Interleaved
944,144,0,0.5455523480218007,0.5806169507775991,1,Interleaved
945,145,0,0.26733683102164607,0.524626444129097,1,Interleaved
946,146,0,0.832135429092969,0.5630685416757664,1,Interleaved
947,147,0,0.24324324173271467,0.6609834516961454,1,Interleaved
948,148,0,0.5311751037193215,0.5420272455467959,1,Interleaved
949,149,0,0.05482928822419671,0.6973100899650563,1,Interleaved
950,150,0,0.4983490182811824,0.6141611921379339,1,Interleaved
951,151,0,0.9923669616346336,1.3392764479482173,1,Interleaved
952,152,0,0.45219774743880387,0.809880187617628,1,Interleaved
953,153,0,0.21756504075933142,0.6536215083173311,1,Interleaved
954,154,0,0.452845029034452,0.6071533320276296,1,Interleaved
955,155,0,0.7964287206809431,0.6895533085387268,1,Interleaved
956,156,0,0.5040813647402744,0.5904690913350792,1,Interleaved
957,157,0,0.17356146554285978,0.6493381691748998,1,Interleaved
958,158,0,0.5005640424160387,0.7748169823191631,1,Interleaved
959,159,0,0.07738378433349057,0.9036417992476278,1,Interleaved
960,160,0,0.9325363811913406,0.6956014526352551,1,Interleaved
961,161,0,0.9399397598013937,0.5039882627410088,1,Interleaved
962,162,0,0.4965714602676664,0.779755410456984,1,Interleaved
963,163,0,0.19747499398866372,0.8371178105131809,1,Interleaved
964,164,0,0.4186660178768574,0.5657585682906687,1,Interleaved
965,165,0,0.7181117357704642,0.44416785291201577,1,Interleaved
966,166,0,0.5486654469236485,0.75299119033222,1,Interleaved
967,167,0,0.015698584286187645,0.5944507335618202,1,Interleaved
968,168,0,0.15036226746552833,0.6876085105150862,1,Interleaved
969,169,0,0.003614703517385427,0.7423762132432294,1,Interleaved
970,170,0,0.34603645287461343,0.5558149772740348,1,Interleaved
971,171,0,0.5811170955511017,0.7262147881141499,1,Interleaved
972,172,0,0.2520075962694519,0.6624972262656419,1,Interleaved
973,173,0,0.4890936919098377,0.6888987683025884,1,Interleaved
974,174,0,0.30458195440530056,0.6187492477162251,1,Interleaved
975,175,0,0.20973866015818335,0.8036075128608304,1,Interleaved
976,176,0,0.728243239350449,0.542819576986687,1,Interleaved
977,177,0,0.25578447469076226,0.6130072191278211,1,Interleaved
978,178,0,0.9619638110540127,0.7664013386328994,1,Interleaved
979,179,0,0.7039138649537049,0.4745840500724535,1,Interleaved
980,180,0,0.6923580664666421,0.5863968955651002,1,Interleaved
981,181,0,0.6177313315105684,0.6047747015912741,1,Interleaved
982,182,0,0.7348984942379988,0.36831912274710693,1,Interleaved
983,183,0,0.3816585638765873,0.5839716160218006,1,Interleaved
984,184,0,0.3960782476276041,0.8384955264867241,1,Interleaved
985,185,0,0.8224168824870173,0.7000114871817174,1,Interleaved
986,186,0,0.6738783492546082,0.6590441917337411,1,Interleaved
987,187,0,0.24295434411772698,0.5313460350036082,1,Interleaved
988,188,0,0.1984431307840166,0.6180061553989066,1,Interleaved
989,189,0,0.6703759547967686,0.6553621509338061,1,Interleaved
990,190,0,0.5124667265635404,0.7399988042850238,1,Interleaved
991,191,0,0.9624429831134704,0.5270150772738703,1,Interleaved
992,192,0,0.8355977798298012,0.499662555079922,1,Interleaved
993,193,0,0.7600869406693225,0.5228451782442687,1,Interleaved
994,194,0,0.24881009066692222,0.7030027093113758,1,Interleaved
995,195,0,0.33309393000041154,0.5883486132957433,1,Interleaved
996,196,0,0.43399479997386714,0.7257767166264484,1,Interleaved
997,197,0,0.42381206893235135,0.7240427481808112,1,Interleaved
998,198,0,0.5021168766153496,0.46218444676589926,1,Interleaved
999,199,0,0.7208632908552308,0.5897090388024161,1,Interleaved
1000,0,0,0.1697330926577209,0.9653857767972311,1,Instructed
1001,1,0,0.47036575305747497,1.3932861351668904,1,Instructed
1002,2,0,0.3181303013594707,0.8787777055674947,1,Instructed
1003,3,0,0.6052908693849317,0.8507514165062134,1,Instructed
1004,4,0,0.04021689862793648,0.8981664105536982,1,Instructed
1005,5,0,0.47954516081071646,0.7667907840571604,1,Instructed
1006,6,0,0.09825279671596762,0.6975276702232002,1,Instructed
1007,7,0,0.28928041998251774,0.6709291694474604,1,Instructed
1008,8,0,0.597675292664493,0.5823274318333249,1,Instructed
1009,9,0,0.7455017789492049,0.5951752733129748,1,Instructed
1010,10,0,0.4980728009300394,0.6915374763825739,1,Instructed
1011,11,0,0.5203818134117113,0.576929674892385,1,Instructed
1012,12,0,0.5475537012952912,0.6747145585093874,1,Instructed
1013,13,0,0.05239059379566843,0.5955616819362205,1,Instructed
1014,14,0,0.4613435414448742,0.7846766944417245,1,Instructed
1015,15,0,0.4506666217667239,0.7458495413603297,1,Instructed
1016,16,0,0.43908234328236956,0.5773778055331873,1,Instructed
1017,17,0,0.07955930982674488,0.6133237493485804,1,Instructed
1018,18,0,0.48247127670045553,0.9876787397945577,1,Instructed
1019,19,0,0.4712543151333369,0.645240583879672,1,Instructed
1020,20,0,0.5328211677301007,0.7105061738631245,1,Instructed
1021,21,0,0.9880092933511023,0.7580317852160672,1,Instructed
1022,22,0,0.8292885653014705,0.6987812312404837,1,Instructed
1023,23,0,0.516020723569965,0.4849881810174512,1,Instructed
1024,24,0,0.7416159379607481,0.49194846869175146,1,Instructed
1025,25,0,0.5928990639716518,0.4956501436902289,1,Instructed
1026,26,0,0.19617080532876935,0.6435033047489007,1,Instructed
1027,27,0,0.4827297661245853,0.602758107588614,1,Instructed
1028,28,0,0.1335899737972412,0.40705562051066035,1,Instructed
1029,29,0,0.41499460172340114,0.6935740368535883,1,Instructed
1030,30,0,0.892613139506145,0.701533191618773,1,Instructed
1031,31,0,0.602078349364552,0.8807699480846395,1,Instructed
1032,32,0,0.6813997824226774,0.6656379296754351,1,Instructed
1033,33,0,0.9879666597740622,0.46115316726266536,1,Instructed
1034,34,0,0.9650326283629995,1.1801580607989202,1,Instructed
1035,35,0,0.8566581959448136,0.4000016270128134,1,Instructed
1036,36,0,0.38508276573497113,0.6475899690297697,1,Instructed
1037,37,0,0.8199499671585986,0.581022587804886,1,Instructed
1038,38,0,0.8975497247182501,0.5654693924785466,1,Instructed
1039,39,0,0.3375117065918101,0.49486144897053713,1,Instructed
1040,40,0,0.1740194571169214,0.5854251883265612,1,Instructed
1041,41,0,0.7594542649446943,0.5277529995538364,1,Instructed
1042,42,0,0.48403513700754475,0.8090435590600363,1,Instructed
1043,43,0,0.048164566951137494,0.8072946701566515,1,Instructed
1044,44,0,0.5012006229396775,0.567995049873167,1,Instructed
1045,45,0,0.009627813198913298,0.8201860496170559,1,Instructed
1046,46,0,0.506836590148032,0.644197929120699,1,Instructed
1047,47,0,0.6515627967778919,0.4657639508464848,1,Instructed
1048,48,0,0.5329503520301951,0.6631302670012782,1,Instructed
1049,49,0,0.6590440112224608,0.6483553770991107,1,Instructed
1050,50,0,0.7859419655567645,0.7260993943736451,1,Instructed
1051,51,0,0.8522739753469062,0.8819706126476121,1,Instructed
1052,52,0,0.5936109016455038,0.7107796447300287,1,Instructed
1053,53,0,0.0960554884606471,0.7641007924060184,1,Instructed
1054,54,0,0.5241318643126782,0.6001608062922084,1,Instructed
1055,55,0,0.0476228166699339,0.47789268159675813,1,Instructed
1056,56,0,0.7515368284647616,0.4410676289987421,1,Instructed
1057,57,0,0.014384715920823708,0.8663969848345977,1,Instructed
1058,58,0,0.383870494837782,0.7205849108063117,1,Instructed
1059,59,0,0.8089323422432229,0.6699326112103416,1,Instructed
1060,60,0,0.5007199278987159,2.387173988593911,1,Instructed
1061,61,0,0.47331246167908525,0.5472039889674514,1,Instructed
1062,62,0,0.09895509713227087,0.6168771973219584,1,Instructed
1063,63,0,0.49586257657577726,0.9610491451398473,1,Instructed
1064,64,0,0.7272401431276949,0.838486025733785,1,Instructed
1065,65,0,0.5016603415704889,0.5878219639268697,1,Instructed
1066,66,0,0.35236033900235075,0.46455284593982427,1,Instructed
1067,67,0,0.02351300218697256,0.7518042632696015,1,Instructed
1068,68,0,0.5874569750812725,0.7732041971833905,1,Instructed
1069,69,0,0.0834287471927552,0.42913441591995266,1,Instructed
1070,70,0,0.9616337567852715,0.46851757537722044,1,Instructed
1071,71,0,0.978144378993864,0.8329618055664431,1,Instructed
1072,72,0,0.8530221719348718,0.7615700658667206,1,Instructed
1073,73,0,0.5515091586453156,0.5348294859804879,1,Instructed
1074,74,0,0.15857749522603318,0.618475736086797,1,Instructed
1075,75,0,0.542391456437464,0.6752854174468083,1,Instructed
1076,76,0,0.9682743352497691,0.553849694919283,1,Instructed
1077,77,0,0.5696803327723793,0.5184744352252002,1,Instructed
1078,78,0,0.6882482247200128,0.5526165429634897,1,Instructed
1079,79,0,0.5807537395959728,0.4101637805228784,1,Instructed
1080,80,0,0.6433782100640192,0.7286864856479632,1,Instructed
1081,81,0,0.0789976298872255,0.62965839703551,1,Instructed
1082,82,0,0.43969264167330707,0.7752571848113234,1,Instructed
1083,83,0,0.9271795751871583,0.7554971153338461,1,Instructed
1084,84,0,0.8850820254907706,0.44990872422536893,1,Instructed
1085,85,0,0.42927248200528983,0.57065514898137,1,Instructed
1086,86,0,0.2875470221957537,0.7482305171257757,1,Instructed
1087,87,0,0.657498557864415,0.5475037622552062,1,Instructed
1088,88,0,0.32713555026585484,0.6249994146867931,1,Instructed
1089,89,0,0.9899240664915736,0.6519903512553695,1,Instructed
1090,90,0,0.33740635741644587,0.7685750519929795,1,Instructed
1091,91,0,0.4745164886363945,0.5658846890943309,1,Instructed
1092,92,0,0.5400991678855843,0.5693621709766544,1,Instructed
1093,93,0,0.5137781052634681,0.31835171569302223,1,Instructed
1094,94,0,0.12437814934240893,0.5321048916545188,1,Instructed
1095,95,0,0.1729608075482601,0.8025995530440707,1,Instructed
1096,96,0,0.034503667220824846,0.7298619543463991,1,Instructed
1097,97,0,0.22753964465950913,0.7749136367725238,1,Instructed
1098,98,0,0.6634447419147679,0.6096573246046696,1,Instructed
1099,99,0,0.9257087190695463,0.6904185489294956,1,Instructed
1100,100,0,0.8925485591559513,0.6833032885654065,1,Instructed
1101,101,0,0.1474825581935716,0.5089662159905539,1,Instructed
1102,102,0,0.5305304274828174,0.5210093596168219,1,Instructed
1103,103,0,0.5276824530325663,0.6812125753640245,1,Instructed
1104,104,0,0.45368627146316437,0.6028869427375848,1,Instructed
1105,105,0,0.44468667688623115,0.6830749148713079,1,Instructed
1106,106,0,0.3568219559568167,0.634861555200773,1,Instructed
1107,107,0,0.4455843409646055,0.5910555179581298,1,Instructed
1108,108,0,0.7724114053526201,0.6507046580376272,1,Instructed
1109,109,0,0.5678565706575107,0.7027776909288106,1,Instructed
1110,110,0,0.5588474883776607,0.8668672030493675,1,Instructed
1111,111,0,0.5903098568448205,0.7180123646480838,1,Instructed
1112,112,0,0.2976328528661382,0.8683586070884091,1,Instructed
1113,113,0,0.5032705524676278,0.449980435181664,1,Instructed
1114,114,0,0.9639569817041419,0.6478440471711755,1,Instructed
1115,115,0,0.1810913117909282,0.7366462403744213,1,Instructed
1116,116,0,0.023935686017875567,0.6195430743335095,1,Instructed
1117,117,0,0.4891668337234166,0.48901620033351817,1,Instructed
1118,118,0,0.4679319593514859,0.8027767626459319,1,Instructed
1119,119,0,0.15815108156302435,0.8092123609693445,1,Instructed
1120,120,0,0.21926324216807833,0.4716467603920449,1,Instructed
1121,121,0,0.6616600769353332,0.6351532534718631,1,Instructed
1122,122,0,0.9851326116686656,0.6951503782889839,1,Instructed
1123,123,0,0.6716622840554717,0.46455138898212045,1,Instructed
1124,124,0,0.8875841168800689,0.43898432863707193,1,Instructed
1125,125,0,0.6539780118147809,0.5797372757844301,1,Instructed
1126,126,0,0.2907928294155188,0.630160899816067,1,Instructed
1127,127,0,0.14402136879131766,0.618882684188955,1,Instructed
1128,128,0,0.1427244624636687,0.7071311658401975,1,Instructed
1129,129,0,0.9521679035274115,0.5125719336932614,1,Instructed
1130,130,0,0.7820522924964719,0.5930916877347916,1,Instructed
1131,131,0,0.07598803494897748,0.7044543542399356,1,Instructed
1132,132,0,0.9587899041750021,0.5665216640681928,1,Instructed
1133,133,0,0.17738524705896927,0.7251211047965569,1,Instructed
1134,134,0,0.4019141492718551,0.7625471575268277,1,Instructed
1135,135,0,0.13947151006705483,0.6120140955057942,1,Instructed
1136,136,0,0.08628212903995323,0.48600549134958926,1,Instructed
1137,137,0,0.9904333543927056,0.5729685023829365,1,Instructed
1138,138,0,0.4169370820234932,0.5677553317601998,1,Instructed
1139,139,0,0.9070333873186354,0.6332051144587595,1,Instructed
1140,140,0,0.9252410324057965,0.6736927097487551,1,Instructed
1141,141,0,0.5737654732105332,0.6236363396977262,1,Instructed
1142,142,0,0.022045590719332143,0.5509377249997831,1,Instructed
1143,143,0,0.9242083371129537,0.6452594336084216,1,Instructed
1144,144,0,0.6498178572660582,0.702731974363739,1,Instructed
1145,145,0,0.3356699421077884,0.6724574890761127,1,Instructed
1146,146,0,0.9163964066051494,0.7080616288196709,1,Instructed
1147,147,0,0.9230984572306273,0.5115766338092693,1,Instructed
1148,148,0,0.4836404903777515,0.692689394942338,1,Instructed
1149,149,0,0.4993631700697942,0.719152958494387,1,Instructed
1150,150,0,0.5178434069134413,0.46697926381041965,1,Instructed
1151,151,0,0.2118952960947695,0.6470477893315316,1,Instructed
1152,152,0,0.576808124160432,0.7760055235956533,1,Instructed
1153,153,0,0.12168290972630844,0.7856462099223238,1,Instructed
1154,154,0,0.37803480620239327,0.8083511324458434,1,Instructed
1155,155,0,0.9674966708433519,0.46041305100896857,1,Instructed
1156,156,0,0.5013578732747617,0.5231774372232345,1,Instructed
1157,157,0,0.31429385987669883,0.8578140437577326,1,Instructed
1158,158,0,0.6502603983919658,0.6500511655760428,1,Instructed
1159,159,0,0.2577425806784476,0.636321979300742,1,Instructed
1160,160,0,0.15553392772633284,0.5800058075599814,1,Instructed
1161,161,0,0.538048525658738,0.622790232391741,1,Instructed
1162,162,0,0.8532120885837307,0.698125652786841,1,Instructed
1163,163,0,0.48205225888148473,0.6398636492290366,1,Instructed
1164,164,0,0.7279260048647798,0.7288862859171223,1,Instructed
1165,165,0,0.0263195377091353,0.962932742858027,1,Instructed
1166,166,0,0.012658058842343027,0.8034283628789157,1,Instructed
1167,167,0,0.5004343510600892,0.5050984577347433,1,Instructed
1168,168,0,0.05090344599824317,0.5901936053462276,1,Instructed
1169,169,0,0.6740607212949979,0.7257859650226061,1,Instructed
1170,170,0,0.44215684699943747,0.6116151017160755,1,Instructed
1171,171,0,0.5179848030185593,0.5738557461018811,1,Instructed
1172,172,0,0.7647005445232675,0.5150116096732144,1,Instructed
1173,173,0,0.8546005111779926,0.3726991071711594,1,Instructed
1174,174,0,0.7915220987646814,0.6868915003673334,1,Instructed
1175,175,0,0.9182799603169713,0.4950811872126295,1,Instructed
1176,176,0,0.45868645049104606,0.5925042562877416,1,Instructed
1177,177,0,0.8356242532887614,0.7970645710002328,1,Instructed
1178,178,0,0.026626074259371843,0.7605773009474285,1,Instructed
1179,179,0,0.4170731991980901,0.5072100261020457,1,Instructed
1180,180,0,0.8598071306134509,0.48484223538140747,1,Instructed
1181,181,0,0.2871960626933815,0.6661723085622856,1,Instructed
1182,182,0,0.896266652721196,0.49111208544862783,1,Instructed
1183,183,0,0.46519522326806745,0.43913420527897595,1,Instructed
1184,184,0,0.29260971599515184,0.8706321361954704,1,Instructed
1185,185,0,0.05704299141424711,0.601627152190116,1,Instructed
1186,186,0,0.37443789440814945,0.8140141498840003,1,Instructed
1187,187,0,0.023303486636204067,0.7052585654461929,1,Instructed
1188,188,0,0.5297555722933995,0.5445789205511706,1,Instructed
1189,189,0,0.3361393609175426,0.4334236462030963,1,Instructed
1190,190,0,0.9602630493580819,0.4826149624383032,1,Instructed
1191,191,0,0.16214746150540912,0.7765156241960376,1,Instructed
1192,192,0,0.491582732209275,0.4803915604141931,1,Instructed
1193,193,0,0.6297134850920458,0.9214412400474379,1,Instructed
1194,194,0,0.914319395685109,0.3618449069330687,1,Instructed
1195,195,0,0.6586036665279134,0.8484571019942755,1,Instructed
1196,196,0,0.18232982387958588,0.7422648125108806,1,Instructed
1197,197,0,0.8286542258113326,0.461302395184784,1,Instructed
1198,198,0,0.43673600494884135,0.529328318037148,1,Instructed
1199,199,0,0.4266681824926607,0.5576776858066061,1,Instructed
