,t,e_hat,Accuracy,pe,batch,Condition
0,0,0,0.4916720517109875,0.44322730981541275,0,Blocked
1,1,0,0.6594610521812881,0.48876584527823164,0,Blocked
2,2,0,0.20997136139621242,0.6132281576267606,0,Blocked
3,3,0,0.45713406233845066,0.662873342120285,0,Blocked
4,4,0,0.43538050725947164,0.5620650017674633,0,Blocked
5,5,0,0.5290694672293212,0.6234991519899467,0,Blocked
6,6,0,0.4359257284288394,0.43393767049431786,0,Blocked
7,7,0,0.34110863917727585,0.7661612857540636,0,Blocked
8,8,0,0.514921308648137,0.48382046137430257,0,Blocked
9,9,0,0.49167262781073934,0.6370573729228517,0,Blocked
10,10,0,0.3860606284819497,0.5033012614974947,0,Blocked
11,11,0,0.7282439838774518,0.4353451343466367,0,Blocked
12,12,0,0.4504153333638204,0.5172887282394076,0,Blocked
13,13,0,0.3473379703748,0.4736689502506542,0,Blocked
14,14,0,0.22340081596413586,0.5298885589587964,0,Blocked
15,15,0,0.23548476513883632,0.558897455319727,0,Blocked
16,16,0,0.7621924196821523,0.40710564740455013,0,Blocked
17,17,0,0.7240125925452878,0.4824038644831835,0,Blocked
18,18,0,0.34940691772891824,0.4887159749171864,0,Blocked
19,19,0,0.33009677525946324,0.35495853123020893,0,Blocked
20,20,0,0.4473078784808615,0.4366022863079497,0,Blocked
21,21,0,0.9209119349482309,0.38689869262453425,0,Blocked
22,22,0,0.908911845387381,0.4165059016941134,0,Blocked
23,23,0,0.8929365336383803,0.4315467443996299,0,Blocked
24,24,0,0.7157399679886851,0.40864923654250646,0,Blocked
25,25,0,0.4814627623130966,0.5044865138797647,0,Blocked
26,26,0,0.5076807413171727,0.47158887830392343,0,Blocked
27,27,0,0.48964172778161585,0.7996828255357037,0,Blocked
28,28,0,0.42472407425948555,0.5158985118629722,0,Blocked
29,29,0,0.7024146338653123,0.49761615682172194,0,Blocked
30,30,0,0.7456470424759456,0.6560909017787109,0,Blocked
31,31,0,0.7529603226455293,0.42130949423272335,0,Blocked
32,32,0,0.793677825026567,0.3692580671689747,0,Blocked
33,33,0,0.8068163221621469,0.4000454187622715,0,Blocked
34,34,0,0.6732708520496882,0.4264280211738536,0,Blocked
35,35,0,0.32501256197716627,0.593685770282406,0,Blocked
36,36,0,0.6156265213549751,0.365838605846334,0,Blocked
37,37,0,0.399750127607876,0.6137554089267482,0,Blocked
38,38,0,0.5807035397044515,0.5756753817827834,0,Blocked
39,39,0,0.517532249316298,0.49691650470677007,0,Blocked
40,40,0,0.7926648989178744,0.41309076887814383,0,Blocked
41,41,0,0.5874920121728855,0.30406775498062355,0,Blocked
42,42,0,0.7652893243661063,0.4544854974267063,0,Blocked
43,43,0,0.7864591881084035,0.41168422484887723,0,Blocked
44,44,0,0.23854660161124255,0.5544034649061158,0,Blocked
45,45,0,0.254998473284941,0.5973432761687885,0,Blocked
46,46,0,0.4442953854897436,0.5417390550037311,0,Blocked
47,47,0,0.4694493821006239,0.4353509834369945,0,Blocked
48,48,0,0.5230142908783683,0.33055735316519674,0,Blocked
49,49,0,0.33841945206041546,0.3201602501136658,0,Blocked
50,50,0,0.7588477143048391,0.4740421201352553,0,Blocked
51,51,0,0.39762148731200553,0.38727652859593953,0,Blocked
52,52,0,0.665333577526771,0.4150166490851168,0,Blocked
53,53,0,0.7390104803951896,0.47536409372683375,0,Blocked
54,54,0,0.7121060192601912,0.5868344581045047,0,Blocked
55,55,0,0.43971817378287126,0.3723885840071648,0,Blocked
56,56,0,0.4902404540462513,0.445853090987654,0,Blocked
57,57,0,0.5233130328262745,0.4194419059781196,0,Blocked
58,58,0,0.4383630754303687,0.5381844686724463,0,Blocked
59,59,0,0.6674155285717913,0.5587867713488637,0,Blocked
60,60,0,0.7658628171763291,0.3223731811709002,0,Blocked
61,61,0,0.8443257550317913,0.5611250467465292,0,Blocked
62,62,0,0.12465298309349228,0.47435436945927967,0,Blocked
63,63,0,0.11706476929602322,0.5306338744225786,0,Blocked
64,64,0,0.854110317830677,0.5444600772956902,0,Blocked
65,65,0,0.8095596315964764,0.5489057002939093,0,Blocked
66,66,0,0.1412825309111176,0.4672993304362265,0,Blocked
67,67,0,0.17090192440148966,0.4972405159012845,0,Blocked
68,68,0,0.4336550507127141,0.3897386741639745,0,Blocked
69,69,0,0.534501176549414,0.5934236390066558,0,Blocked
70,70,0,0.1961021355595514,0.4970849385098707,0,Blocked
71,71,0,0.6422270974325097,0.569895674204888,0,Blocked
72,72,0,0.9411278996873162,0.5452487821177789,0,Blocked
73,73,0,0.3738242844911864,0.3455017798363512,0,Blocked
74,74,0,0.9404019043118084,0.36896715269916913,0,Blocked
75,75,0,0.24946931124182492,0.4613929055647842,0,Blocked
76,76,0,0.8933328997917247,0.30092752717594495,0,Blocked
77,77,0,0.697242256556236,0.6165714161306902,0,Blocked
78,78,0,0.7997051626322331,0.6081960570678326,0,Blocked
79,79,0,0.5989352754535162,0.4636091149835948,0,Blocked
80,80,0,0.04284493123474163,0.7655971228978916,0,Blocked
81,81,0,0.2073980573470491,0.4555542318181345,0,Blocked
82,82,0,0.6769739963872582,0.5182828276974847,0,Blocked
83,83,0,0.043400006253152205,0.528691437805226,0,Blocked
84,84,0,0.028299030512219152,0.514281928338195,0,Blocked
85,85,0,0.8778626692151366,0.3633640410869834,0,Blocked
86,86,0,0.37057285053949823,0.5497026843510069,0,Blocked
87,87,0,0.5118371073704835,0.6228822049503411,0,Blocked
88,88,0,0.5725453334879894,0.4422727076973283,0,Blocked
89,89,0,0.4270677616327883,0.47320264754372354,0,Blocked
90,90,0,0.6367499279703772,0.42719387313361123,0,Blocked
91,91,0,0.4741315280301325,0.3490677713149885,0,Blocked
92,92,0,0.43265345228047647,0.3475679981494173,0,Blocked
93,93,0,0.2214114087396008,0.4352072217841251,0,Blocked
94,94,0,0.4666534851949989,0.5951181860400423,0,Blocked
95,95,0,0.48259388097083195,0.5373051970423585,0,Blocked
96,96,0,0.70396659563859,0.6555156940107347,0,Blocked
97,97,0,0.8545743097963523,0.4946722068816891,0,Blocked
98,98,0,0.3610325253823439,0.577342151606548,0,Blocked
99,99,0,0.44663689964785447,0.45529636051038,0,Blocked
100,100,0,0.5693744084090087,0.34602609562271136,0,Blocked
101,101,0,0.8629323347726918,0.48368367255698663,0,Blocked
102,102,0,0.11193892878473977,0.4324944849191322,0,Blocked
103,103,0,0.12222087156389316,0.4902401414872244,0,Blocked
104,104,0,0.18391726098182776,0.4351226099625253,0,Blocked
105,105,0,0.6014934202540658,0.40639212593650065,0,Blocked
106,106,0,0.16615969763262936,0.500266178699083,0,Blocked
107,107,0,0.48165314024265693,0.48839049297821735,0,Blocked
108,108,0,0.58084548421381,0.5186714884718809,0,Blocked
109,109,0,0.1850519549591878,0.3296975886452184,0,Blocked
110,110,0,0.6560310272374723,0.36571985730107465,0,Blocked
111,111,0,0.7395511176725872,0.5202412970934356,0,Blocked
112,112,0,0.5074378575730699,0.29922153008223795,0,Blocked
113,113,0,0.9604250256766576,0.42506185744410585,0,Blocked
114,114,0,0.9828305986857566,0.4802912242076388,0,Blocked
115,115,0,0.906312348654982,0.40596853725077875,0,Blocked
116,116,0,0.5791294118529872,0.5040422656874157,0,Blocked
117,117,0,0.4904030023223681,0.4089172748445631,0,Blocked
118,118,0,0.36826685119709857,0.3848786176139174,0,Blocked
119,119,0,0.6162386475098437,0.34498452218770276,0,Blocked
120,120,0,0.5905995322072151,0.46779137146185784,0,Blocked
121,121,0,0.4782980340076792,0.6482552155723321,0,Blocked
122,122,0,0.7571410181916598,0.36136501548558175,0,Blocked
123,123,0,0.924524843211807,0.43328968551855496,0,Blocked
124,124,0,0.22429811173348357,0.7316269211796715,0,Blocked
125,125,0,0.6345779911247085,0.40897746365666543,0,Blocked
126,126,0,0.5384511664527182,0.6271978134988245,0,Blocked
127,127,0,0.4922465495224965,0.6152366330523678,0,Blocked
128,128,0,0.6686880869632515,0.2968206020375109,0,Blocked
129,129,0,0.7357563234285023,0.4086141823023326,0,Blocked
130,130,0,0.9249141007219313,0.5704950439037912,0,Blocked
131,131,0,0.029218721834676283,0.5680150577513607,0,Blocked
132,132,0,0.9807931157697817,0.3979153401041503,0,Blocked
133,133,0,0.9537412785403312,0.41837956895034534,0,Blocked
134,134,0,0.8385181892704789,0.516132900922291,0,Blocked
135,135,0,0.5376483879341545,0.6638286462746903,0,Blocked
136,136,0,0.40269107465624715,0.558294699890674,0,Blocked
137,137,0,0.5443229179795882,0.42797200283349024,0,Blocked
138,138,0,0.4912392348503606,0.3853221781960484,0,Blocked
139,139,0,0.5245454854203981,0.4738157647712483,0,Blocked
140,140,0,0.4459901019761429,0.47266649975817526,0,Blocked
141,141,0,0.3984834802495897,0.34963639171531535,0,Blocked
142,142,0,0.6756701262292468,0.6092834560923404,0,Blocked
143,143,0,0.3927514872548423,0.41504411415072784,0,Blocked
144,144,0,0.610241404622859,0.4202057605117031,0,Blocked
145,145,0,0.7531714283086783,0.3030258073977793,0,Blocked
146,146,0,0.48937415081194463,0.46430411122633963,0,Blocked
147,147,0,0.6805222776613633,0.27430474424550455,0,Blocked
148,148,0,0.4878181565229383,0.47774863261254763,0,Blocked
149,149,0,0.49262882763423627,0.26732134326799084,0,Blocked
150,150,0,0.7857977433059002,0.4714089897693149,0,Blocked
151,151,0,0.9044427514183093,0.4711691674099723,0,Blocked
152,152,0,0.9114271698941461,0.45840575520857707,0,Blocked
153,153,0,0.6997075631035583,0.4958624750716006,0,Blocked
154,154,0,0.890986113642797,0.3956080411591396,0,Blocked
155,155,0,0.5151938042914577,0.4200563195805613,0,Blocked
156,156,0,0.9484731011979972,0.45292066412127197,0,Blocked
157,157,0,0.5652553261999936,0.4291617685771692,0,Blocked
158,158,0,0.715710674152098,0.5658755558269943,0,Blocked
159,159,0,0.7326526925580394,0.5320259328066277,0,Blocked
160,160,0,0.22587478904467934,0.5352766166917553,0,Blocked
161,161,0,0.4481807434536964,0.5429860347607515,0,Blocked
162,162,0,0.6541948564126692,0.3576488648988366,0,Blocked
163,163,0,0.4629535814958996,0.35996147937110573,0,Blocked
164,164,0,0.14959411022227795,0.595424822763871,0,Blocked
165,165,0,0.8092257428569739,0.4545927027050661,0,Blocked
166,166,0,0.5749681552108543,0.40105163889543516,0,Blocked
167,167,0,0.5201093030099542,0.4883221498136956,0,Blocked
168,168,0,0.48827046022805765,0.4732723387514085,0,Blocked
169,169,0,0.7597728287560167,0.3997814133678638,0,Blocked
170,170,0,0.5206927543478055,0.6125489225381702,0,Blocked
171,171,0,0.7280097165392898,0.3194874926886773,0,Blocked
172,172,0,0.9073289607365431,0.45523519446906047,0,Blocked
173,173,0,0.9665986988905854,0.38594328870688765,0,Blocked
174,174,0,0.7182832349896646,0.3295750745103656,0,Blocked
175,175,0,0.6365477724054269,0.500473555072137,0,Blocked
176,176,0,0.26844648126409754,0.547489623450704,0,Blocked
177,177,0,0.20089229556838428,0.4742252179673814,0,Blocked
178,178,0,0.21463506698939838,0.488018675089867,0,Blocked
179,179,0,0.0634531738892336,0.3635298338283467,0,Blocked
180,180,0,0.31383743671106135,0.5667063354764863,0,Blocked
181,181,0,0.48704564158278596,0.3577882662222952,0,Blocked
182,182,0,0.16953556197612832,0.4871151540716431,0,Blocked
183,183,0,0.8841545034364111,0.4121095674740978,0,Blocked
184,184,0,0.7986371933648653,0.4931081232432461,0,Blocked
185,185,0,0.8768425954730641,0.5171269552546619,0,Blocked
186,186,0,0.6325643165041863,0.5360623245048443,0,Blocked
187,187,0,0.6329232444013887,0.5502596589466364,0,Blocked
188,188,0,0.6840887439229031,0.4947162032021982,0,Blocked
189,189,0,0.7633765022362644,0.45910453003792395,0,Blocked
190,190,0,0.08918823947271437,0.48933297770471623,0,Blocked
191,191,0,0.042566528209445564,0.4860681492964757,0,Blocked
192,192,0,0.5196112355928025,0.39238505664205936,0,Blocked
193,193,0,0.08213522038718082,0.5902103927546927,0,Blocked
194,194,0,0.23169552462123308,0.6238586064456286,0,Blocked
195,195,0,0.5158219031563296,0.5172138330035316,0,Blocked
196,196,0,0.5782451203743589,0.5626003998551903,0,Blocked
197,197,0,0.33780111768555154,0.5163808917307314,0,Blocked
198,198,0,0.4688217493342505,0.5389387696589147,0,Blocked
199,199,0,0.08979211667357868,0.6051395173303755,0,Blocked
200,0,0,0.6475385031604125,0.5865048334040329,0,Interleaved
201,1,0,0.05610267260286069,0.5636289260502514,0,Interleaved
202,2,0,0.6978989255708477,0.6965524202036948,0,Interleaved
203,3,0,0.12380946195955678,0.6978487783674208,0,Interleaved
204,4,0,0.8648979691915948,0.6239265112878294,0,Interleaved
205,5,0,0.4868312707135648,0.7582744013830858,0,Interleaved
206,6,0,0.08026772312268332,0.6098034239630645,0,Interleaved
207,7,0,0.6977782006566811,0.4548707919205611,0,Interleaved
208,8,0,0.234557158437814,0.43846601896752857,0,Interleaved
209,9,0,0.7873844880922243,0.44250778842911576,0,Interleaved
210,10,0,0.4846829642589342,0.4667995889918427,0,Interleaved
211,11,0,0.2919304758907706,0.5318997117205616,0,Interleaved
212,12,0,0.14342233594855885,0.6748925474470253,0,Interleaved
213,13,0,0.5381968862602974,0.45242699510151607,0,Interleaved
214,14,0,0.9042953983113563,0.4633476565060795,0,Interleaved
215,15,0,0.5438874274455119,0.4300595444334967,0,Interleaved
216,16,0,0.7199445445523096,0.5165797253642894,0,Interleaved
217,17,0,0.5565742298660885,0.42716755557589137,0,Interleaved
218,18,0,0.44093940613871063,0.6213645742174344,0,Interleaved
219,19,0,0.6615123667520484,0.49013518629214636,0,Interleaved
220,20,0,0.5921684884907542,0.5307248329747538,0,Interleaved
221,21,0,0.8679853824485928,0.5245603364930739,0,Interleaved
222,22,0,0.3718362347974008,0.731545184227147,0,Interleaved
223,23,0,0.9709263018682606,0.512745009618751,0,Interleaved
224,24,0,0.24451175140248582,0.5253130248439533,0,Interleaved
225,25,0,0.3029211540519712,0.6901389011753578,0,Interleaved
226,26,0,0.5139534467850799,0.4067900616627682,0,Interleaved
227,27,0,0.6965935504182686,0.5647352890125206,0,Interleaved
228,28,0,0.7650690386151117,0.47174663745257017,0,Interleaved
229,29,0,0.26757358011514354,0.4180918797580092,0,Interleaved
230,30,0,0.475559459842162,0.6505383947984129,0,Interleaved
231,31,0,0.4651797085427679,0.5697100337687178,0,Interleaved
232,32,0,0.18257755335957804,0.5539916798132081,0,Interleaved
233,33,0,0.8488637301668348,0.49388155954232515,0,Interleaved
234,34,0,0.5298915686634248,0.5732654475990158,0,Interleaved
235,35,0,0.9211417974382495,0.5973433469284198,0,Interleaved
236,36,0,0.6774015728921828,0.507219325423311,0,Interleaved
237,37,0,0.8143963103787892,0.45439818346916905,0,Interleaved
238,38,0,0.571411086857685,0.6192116188052637,0,Interleaved
239,39,0,0.7416705964559026,0.41779649114421913,0,Interleaved
240,40,0,0.7610115357404095,0.4570508467600948,0,Interleaved
241,41,0,0.35391148919351495,0.48116475375462153,0,Interleaved
242,42,0,0.8192447495690462,0.32719556975091046,0,Interleaved
243,43,0,0.47565085480513963,0.5514115871860606,0,Interleaved
244,44,0,0.39261442040006067,0.5294111945274363,0,Interleaved
245,45,0,0.5763151648496444,0.42468762335535004,0,Interleaved
246,46,0,0.11230012913436443,0.577283096449172,0,Interleaved
247,47,0,0.6781135607806532,0.42349979352245976,0,Interleaved
248,48,0,0.40953847585977615,0.4528033828198682,0,Interleaved
249,49,0,0.3850824482978661,0.5732548689656558,0,Interleaved
250,50,0,0.015156215183961434,0.667258784580699,0,Interleaved
251,51,0,0.35756250204896706,0.3124577675519395,0,Interleaved
252,52,0,0.527487078458533,0.3841891738704952,0,Interleaved
253,53,0,0.7181483461106715,0.4923783621270169,0,Interleaved
254,54,0,0.5458108294263676,0.5681378981876979,0,Interleaved
255,55,0,0.5245429806713657,0.4272560998523176,0,Interleaved
256,56,0,0.7002768669975498,0.5061156109952394,0,Interleaved
257,57,0,0.550787956784806,0.5383935227451049,0,Interleaved
258,58,0,0.43823001156777475,0.6104669049473401,0,Interleaved
259,59,0,0.2943858666829429,0.6724008360728961,0,Interleaved
260,60,0,0.266299446099504,0.6153798701576157,0,Interleaved
261,61,0,0.6554161290655731,0.5481618060543304,0,Interleaved
262,62,0,0.7465078037629045,0.4292351154590137,0,Interleaved
263,63,0,0.5717379208326105,0.5535508293634025,0,Interleaved
264,64,0,0.2914544896881662,0.5006491884430623,0,Interleaved
265,65,0,0.40722071601634413,0.5761501691489288,0,Interleaved
266,66,0,0.26541261686909734,0.4244042186030892,0,Interleaved
267,67,0,0.5533188011928006,0.26707148270553466,0,Interleaved
268,68,0,0.7696022312609583,0.6108013938178891,0,Interleaved
269,69,0,0.493143510416199,0.44490399381310414,0,Interleaved
270,70,0,0.7774197617681262,0.5453272541599097,0,Interleaved
271,71,0,0.679673730584604,0.3156174007611998,0,Interleaved
272,72,0,0.7471429963298359,0.6012375981507672,0,Interleaved
273,73,0,0.5332939623353348,0.45946581774977113,0,Interleaved
274,74,0,0.007636017738763861,0.49327646237740125,0,Interleaved
275,75,0,0.4967753123069821,0.6894306944586208,0,Interleaved
276,76,0,0.3143134388170405,0.5205224936989279,0,Interleaved
277,77,0,0.9477277695568076,0.6493758385038032,0,Interleaved
278,78,0,0.7535816705094043,0.5431739837241947,0,Interleaved
279,79,0,0.9536676858414072,0.6146924980046283,0,Interleaved
280,80,0,0.7424164881310085,0.5833980522729243,0,Interleaved
281,81,0,0.5849385348420656,0.5133068928628873,0,Interleaved
282,82,0,0.6160527131134035,0.357190202547111,0,Interleaved
283,83,0,0.23080207021551613,0.565205251010216,0,Interleaved
284,84,0,0.6580166665719164,0.33311368141184705,0,Interleaved
285,85,0,0.5201519577407395,0.4748536978178429,0,Interleaved
286,86,0,0.01895730121787137,0.4270556208345695,0,Interleaved
287,87,0,0.46989391710854267,0.6160359770169375,0,Interleaved
288,88,0,0.7464371633164116,0.4634532543710562,0,Interleaved
289,89,0,0.21396981712505353,0.44539590220246317,0,Interleaved
290,90,0,0.5779200900361579,0.42739024049292307,0,Interleaved
291,91,0,0.4065937677288757,0.40025837609149106,0,Interleaved
292,92,0,0.3982532886342129,0.6208390731218996,0,Interleaved
293,93,0,0.7940367470942924,0.4747659367756241,0,Interleaved
294,94,0,0.42520223229111703,0.7626744922599853,0,Interleaved
295,95,0,0.7298622954701451,0.5371491397271668,0,Interleaved
296,96,0,0.4116678632859885,0.3805975994930968,0,Interleaved
297,97,0,0.5303143440178028,0.5542225053605521,0,Interleaved
298,98,0,0.6660556710029757,0.4284479508943417,0,Interleaved
299,99,0,0.7222258770867704,0.34664906858799527,0,Interleaved
300,100,0,0.25798437094591375,0.5780074509855877,0,Interleaved
301,101,0,0.6680416366564566,0.42626292243043945,0,Interleaved
302,102,0,0.5522488269883784,0.4218557556705727,0,Interleaved
303,103,0,0.198807859615929,0.4503101275001211,0,Interleaved
304,104,0,0.5178707544457484,0.5113647304975908,0,Interleaved
305,105,0,0.7616760574444008,0.416321952264081,0,Interleaved
306,106,0,0.20013417764694197,0.49432647008504094,0,Interleaved
307,107,0,0.5248906175400261,0.49376415962833864,0,Interleaved
308,108,0,0.5476340134731181,0.4991653413898482,0,Interleaved
309,109,0,0.16475591728318434,0.6641861658919717,0,Interleaved
310,110,0,0.13568295792758772,0.49245668463758263,0,Interleaved
311,111,0,0.5573988105864323,0.4437730808086987,0,Interleaved
312,112,0,0.30139566576175525,0.5600276386939911,0,Interleaved
313,113,0,0.31778683955431114,0.4246148526993754,0,Interleaved
314,114,0,0.3914640372897371,0.6044925612307616,0,Interleaved
315,115,0,0.8546790871651117,0.4686792996634356,0,Interleaved
316,116,0,0.3301271975574874,0.412417746686649,0,Interleaved
317,117,0,0.9674557242004908,0.4843231925614019,0,Interleaved
318,118,0,0.5037958722515984,0.3931114561415153,0,Interleaved
319,119,0,0.9524326965712971,0.2845969746694334,0,Interleaved
320,120,0,0.3517154611381679,0.5840237216058128,0,Interleaved
321,121,0,0.37351942794218734,0.4622531524503821,0,Interleaved
322,122,0,0.4894946854022787,0.6063200613637485,0,Interleaved
323,123,0,0.8648180786718361,0.5246184201390562,0,Interleaved
324,124,0,0.28603062262531087,0.4844248215312834,0,Interleaved
325,125,0,0.3921097309930167,0.43788779360748087,0,Interleaved
326,126,0,0.445175656894499,0.4369002229579174,0,Interleaved
327,127,0,0.0887764938624583,0.48747166589090946,0,Interleaved
328,128,0,0.4386187722919587,0.35969769040667443,0,Interleaved
329,129,0,0.4264825719894483,0.4719552412196789,0,Interleaved
330,130,0,0.31093371162683425,0.498358799691051,0,Interleaved
331,131,0,0.3372118449383317,0.47113464175838565,0,Interleaved
332,132,0,0.44526996975882027,0.3109652575051822,0,Interleaved
333,133,0,0.6557137647806452,0.47433003988653466,0,Interleaved
334,134,0,0.5314450083814626,0.4912176250123018,0,Interleaved
335,135,0,0.6105821133525176,0.5080561298220685,0,Interleaved
336,136,0,0.6122855035888339,0.38411330306050406,0,Interleaved
337,137,0,0.32722297017915614,0.530170073986123,0,Interleaved
338,138,0,0.5002530715018882,0.4486392231846633,0,Interleaved
339,139,0,0.6413251125301923,0.5497656079755426,0,Interleaved
340,140,0,0.7906108806434545,0.4233435308041672,0,Interleaved
341,141,0,0.37157449176938345,0.5174542666458556,0,Interleaved
342,142,0,0.0777141425481767,0.5696974176823305,0,Interleaved
343,143,0,0.5125886371859549,0.4578000311114998,0,Interleaved
344,144,0,0.026552931764639735,0.6004411035437692,0,Interleaved
345,145,0,0.5029262189030608,0.5278286548545266,0,Interleaved
346,146,0,0.481377387420177,0.3826457328103879,0,Interleaved
347,147,0,0.5796905750369633,0.5364347855969853,0,Interleaved
348,148,0,0.060157047140464104,0.62935613023686,0,Interleaved
349,149,0,0.6400966041505424,0.33789818331371274,0,Interleaved
350,150,0,0.6157747190749724,0.4518119298821463,0,Interleaved
351,151,0,0.6359754674040443,0.3898277969225867,0,Interleaved
352,152,0,0.10175371453015804,0.5799947973543959,0,Interleaved
353,153,0,0.367260262900713,0.45706375201787985,0,Interleaved
354,154,0,0.42259197830392436,0.45029511995709537,0,Interleaved
355,155,0,0.6524108314896684,0.4875899024090554,0,Interleaved
356,156,0,0.21056846986487113,0.4937903399054627,0,Interleaved
357,157,0,0.0839759266463612,0.5643005956949294,0,Interleaved
358,158,0,0.66025512270252,0.4581704676152405,0,Interleaved
359,159,0,0.5584058794149734,0.6175250721545447,0,Interleaved
360,160,0,0.5376009473763411,0.5664267472173752,0,Interleaved
361,161,0,0.15774902642108926,0.44688677124550147,0,Interleaved
362,162,0,0.5059249805660704,0.3312000138881349,0,Interleaved
363,163,0,0.3393657473131611,0.5337347667619778,0,Interleaved
364,164,0,0.6027647415345458,0.41164067856927394,0,Interleaved
365,165,0,0.605127283488758,0.40766206309617214,0,Interleaved
366,166,0,0.37489853550451785,0.5911769736725172,0,Interleaved
367,167,0,0.4181163480830492,0.3691962760373426,0,Interleaved
368,168,0,0.5823808649279746,0.4890345178260226,0,Interleaved
369,169,0,0.4253886066531025,0.3760169162596115,0,Interleaved
370,170,0,0.7948996441875245,0.4210484602087349,0,Interleaved
371,171,0,0.7014679870252741,0.42219995081930306,0,Interleaved
372,172,0,0.6543187226750553,0.47694773493967,0,Interleaved
373,173,0,0.44248180161534406,0.5179540240363099,0,Interleaved
374,174,0,0.4193014548898748,0.46242395811963644,0,Interleaved
375,175,0,0.16333922260054706,0.6585839782648988,0,Interleaved
376,176,0,0.44188786069267516,0.4835357151740605,0,Interleaved
377,177,0,0.5953340953135348,0.4907722428642911,0,Interleaved
378,178,0,0.15370405369134243,0.47430694891715786,0,Interleaved
379,179,0,0.9477986452554672,0.3223087666559934,0,Interleaved
380,180,0,0.762273423112883,0.3765775260860459,0,Interleaved
381,181,0,0.4939872615163743,0.39566731715915576,0,Interleaved
382,182,0,0.5939545439613833,0.5268240742389372,0,Interleaved
383,183,0,0.40160300861694664,0.4801483950746189,0,Interleaved
384,184,0,0.8751131586288021,0.6356109913185515,0,Interleaved
385,185,0,0.01786464058867603,0.49741296203476326,0,Interleaved
386,186,0,0.021881055452480282,0.5100395221099163,0,Interleaved
387,187,0,0.9871902948748137,0.4521152690592537,0,Interleaved
388,188,0,0.03170831771871925,0.5673473573989164,0,Interleaved
389,189,0,0.3026436300124459,0.6011082959921372,0,Interleaved
390,190,0,0.38852220520898517,0.613776125190129,0,Interleaved
391,191,0,0.38777374044291935,0.6048623354903564,0,Interleaved
392,192,0,0.38523992058201206,0.4664438554647318,0,Interleaved
393,193,0,0.2578122873203716,0.5839852301903722,0,Interleaved
394,194,0,0.17230111023342762,0.6521404143430665,0,Interleaved
395,195,0,0.744708681527476,0.47576948427865906,0,Interleaved
396,196,0,0.769331846535625,0.3785645571367542,0,Interleaved
397,197,0,0.5365485998239654,0.40761066523536826,0,Interleaved
398,198,0,0.020925256252840002,0.539876594547271,0,Interleaved
399,199,0,0.7163498283639207,0.7084097101466835,0,Interleaved
400,0,0,0.4563202424300998,0.49031623508744604,0,Instructed
401,1,0,0.04278505017253573,0.674592958334503,0,Instructed
402,2,0,0.7846519402980494,0.6244568868671576,0,Instructed
403,3,0,0.5048102893048784,0.6710303149835479,0,Instructed
404,4,0,0.018075503436888483,0.834980893700799,0,Instructed
405,5,0,0.8675669587368554,0.4713454829199517,0,Instructed
406,6,0,0.37527507560790857,0.6195671418479773,0,Instructed
407,7,0,0.27913716678481354,0.6229362549001976,0,Instructed
408,8,0,0.6386191694472005,0.506533315071888,0,Instructed
409,9,0,0.3013470650700041,0.478267083889994,0,Instructed
410,10,0,0.22039301274996329,0.5664247496991859,0,Instructed
411,11,0,0.5284285558967917,0.4052047241981395,0,Instructed
412,12,0,0.05671315566674294,0.5845316823187939,0,Instructed
413,13,0,0.49328296249324,0.533390441339417,0,Instructed
414,14,0,0.5782536756183133,0.48132519197776047,0,Instructed
415,15,0,0.9264573870300378,0.5298607509073537,0,Instructed
416,16,0,0.2465428348315968,0.5481016588552754,0,Instructed
417,17,0,0.40393768718044315,0.5202890381474861,0,Instructed
418,18,0,0.7718403217693446,0.3873081196394811,0,Instructed
419,19,0,0.22227181755247372,0.49096788162651706,0,Instructed
420,20,0,0.30134086641433566,0.556747805624439,0,Instructed
421,21,0,0.5646556012796118,0.5776484115332259,0,Instructed
422,22,0,0.6268993756937382,0.5746556679215924,0,Instructed
423,23,0,0.24383837393629015,0.46708470187135764,0,Instructed
424,24,0,0.7979695883068213,0.36659509911742044,0,Instructed
425,25,0,0.5426402699144661,0.4634733763285398,0,Instructed
426,26,0,0.5528780773874313,0.3339429363033321,0,Instructed
427,27,0,0.12510263184481524,0.44893274415171097,0,Instructed
428,28,0,0.4949100049453745,0.39372517903136817,0,Instructed
429,29,0,0.7026688691734001,0.4350242432962782,0,Instructed
430,30,0,0.5717812601721785,0.37708545932913684,0,Instructed
431,31,0,0.39729621676853877,0.5239190373205341,0,Instructed
432,32,0,0.8963744785631103,0.4167733471363751,0,Instructed
433,33,0,0.5370424291264992,0.3746895550689663,0,Instructed
434,34,0,0.5949368848010468,0.30320294034572515,0,Instructed
435,35,0,0.7291873050972562,0.36363258306091806,0,Instructed
436,36,0,0.5572402364955739,0.46815522826120937,0,Instructed
437,37,0,0.8289830102248915,0.4674837935922851,0,Instructed
438,38,0,0.7068745923720225,0.5737703428546195,0,Instructed
439,39,0,0.6457008734583881,0.4763400014999226,0,Instructed
440,40,0,0.6705037515347075,0.5849519602771407,0,Instructed
441,41,0,0.5258124872575143,0.48231806221487117,0,Instructed
442,42,0,0.9267550636515502,0.44542253501713414,0,Instructed
443,43,0,0.38628738926574663,0.4659151183085891,0,Instructed
444,44,0,0.6433610846589977,0.572691820012128,0,Instructed
445,45,0,0.5781246889986627,0.46639220385860547,0,Instructed
446,46,0,0.15099229177421822,0.4544850678566089,0,Instructed
447,47,0,0.47247627679639276,0.43970122966790415,0,Instructed
448,48,0,0.729492826260036,0.4702592012750289,0,Instructed
449,49,0,0.5894170157787816,0.39750209610155096,0,Instructed
450,50,0,0.3692400804834945,0.4815847405777346,0,Instructed
451,51,0,0.28059348466590994,0.5172896114806809,0,Instructed
452,52,0,0.5854574193568354,0.3502729000925661,0,Instructed
453,53,0,0.41014020931509015,0.491351799527853,0,Instructed
454,54,0,0.826262070172893,0.4451534397276262,0,Instructed
455,55,0,0.46777327314428396,0.6090800476618894,0,Instructed
456,56,0,0.19875468813392433,0.5827496198071561,0,Instructed
457,57,0,0.4824197513815783,0.5591426890741875,0,Instructed
458,58,0,0.30303099064064065,0.4081938882892289,0,Instructed
459,59,0,0.9776845582326561,0.3973753793347363,0,Instructed
460,60,0,0.8498577085633289,0.44613010455145563,0,Instructed
461,61,0,0.6563302576728814,0.5368718780527251,0,Instructed
462,62,0,0.6983928266266507,0.40624263910058367,0,Instructed
463,63,0,0.46380813348998295,0.4662974936341823,0,Instructed
464,64,0,0.17382726367677367,0.49099572437662486,0,Instructed
465,65,0,0.16633247982027427,0.529275298833696,0,Instructed
466,66,0,0.32176950405671634,0.40315402013329515,0,Instructed
467,67,0,0.43129216002584364,0.3961990591568356,0,Instructed
468,68,0,0.4436401522816612,0.6100303380986534,0,Instructed
469,69,0,0.6487602246947981,0.49263017733641123,0,Instructed
470,70,0,0.19463084208371087,0.5698171549973319,0,Instructed
471,71,0,0.20219501628613343,0.5073602150804011,0,Instructed
472,72,0,0.46323374289317515,0.49562501280286325,0,Instructed
473,73,0,0.2959587320912974,0.4930361416147465,0,Instructed
474,74,0,0.9831884010123757,0.4031142266546742,0,Instructed
475,75,0,0.5446770494291446,0.49321858558008935,0,Instructed
476,76,0,0.34980698756120676,0.5468084370084578,0,Instructed
477,77,0,0.1695708903141774,0.47409833559811626,0,Instructed
478,78,0,0.8000941179072,0.47866365528823296,0,Instructed
479,79,0,0.7719920725966187,0.45428004787338516,0,Instructed
480,80,0,0.3632223141148657,0.36707554709583534,0,Instructed
481,81,0,0.5206328767666922,0.5448703623809391,0,Instructed
482,82,0,0.4280793767510812,0.46035839421933544,0,Instructed
483,83,0,0.5295995292086387,0.34377480652315984,0,Instructed
484,84,0,0.6922541378866811,0.3263589677756778,0,Instructed
485,85,0,0.5494842553344557,0.39794821273104164,0,Instructed
486,86,0,0.5306546867006733,0.3670265093212902,0,Instructed
487,87,0,0.3239189248277746,0.4368642888472466,0,Instructed
488,88,0,0.5041138133340479,0.4474709755404113,0,Instructed
489,89,0,0.49738916326209787,0.5918224101448812,0,Instructed
490,90,0,0.4133343139946992,0.35521760122840895,0,Instructed
491,91,0,0.8893263758246578,0.3876837963253671,0,Instructed
492,92,0,0.6445807287449342,0.28766151571576054,0,Instructed
493,93,0,0.36015052799678443,0.36720224678574304,0,Instructed
494,94,0,0.6869141249226142,0.3290583928671842,0,Instructed
495,95,0,0.6193989558673147,0.5229075960231786,0,Instructed
496,96,0,0.47156032296024064,0.38835972195674917,0,Instructed
497,97,0,0.6765062616495857,0.5720808128822299,0,Instructed
498,98,0,0.5218445508737923,0.5067399209530447,0,Instructed
499,99,0,0.814021550168119,0.4749020068884008,0,Instructed
500,100,0,0.8944044919893999,0.44668083308736695,0,Instructed
501,101,0,0.6783638980254862,0.42691066791154936,0,Instructed
502,102,0,0.9347059829964446,0.3426861468356719,0,Instructed
503,103,0,0.4977859795815001,0.4813095469347831,0,Instructed
504,104,0,0.7685524488937308,0.36836224166734843,0,Instructed
505,105,0,0.37259560808049574,0.5143924336977803,0,Instructed
506,106,0,0.5744858530243312,0.5545311980652091,0,Instructed
507,107,0,0.8050932121112044,0.4956237922105812,0,Instructed
508,108,0,0.5075781142554255,0.5617788341795402,0,Instructed
509,109,0,0.07464628547908211,0.5451934001401123,0,Instructed
510,110,0,0.5610989842810803,0.423390788491128,0,Instructed
511,111,0,0.6352495949231911,0.49669274995008617,0,Instructed
512,112,0,0.6039217493461276,0.47048194504599095,0,Instructed
513,113,0,0.6248950635116532,0.38346409308699625,0,Instructed
514,114,0,0.8921997264279832,0.4012983080344375,0,Instructed
515,115,0,0.6228608112282654,0.5072409951411121,0,Instructed
516,116,0,0.3771791402121182,0.4003709816350568,0,Instructed
517,117,0,0.29812023141043176,0.5342663965337167,0,Instructed
518,118,0,0.51675729418659,0.38701290606162836,0,Instructed
519,119,0,0.48262973903795425,0.3277043172725361,0,Instructed
520,120,0,0.6014442612907454,0.41938336881541793,0,Instructed
521,121,0,0.7195485005549249,0.41700822557080025,0,Instructed
522,122,0,0.931748696127578,0.42869890061404264,0,Instructed
523,123,0,0.5097730543035462,0.34848083301906974,0,Instructed
524,124,0,0.9844628909898935,0.3089838265480198,0,Instructed
525,125,0,0.512739814422877,0.42173089441203393,0,Instructed
526,126,0,0.9358437725585167,0.3534157677672719,0,Instructed
527,127,0,0.4986900999036157,0.4943752711698487,0,Instructed
528,128,0,0.9035415823733421,0.3260982897361599,0,Instructed
529,129,0,0.5449216730938806,0.42683013006588577,0,Instructed
530,130,0,0.5614383616888173,0.4269811284580355,0,Instructed
531,131,0,0.6494545920699782,0.3194375915583102,0,Instructed
532,132,0,0.4480041941308271,0.3534098109527182,0,Instructed
533,133,0,0.7640847567741118,0.4198459679867999,0,Instructed
534,134,0,0.3911067770923285,0.43911707889865575,0,Instructed
535,135,0,0.7841218655745954,0.37052292182462854,0,Instructed
536,136,0,0.20184094561762894,0.5963251755375083,0,Instructed
537,137,0,0.9848758303772112,0.47426352059560595,0,Instructed
538,138,0,0.5030101086315603,0.29491726540677216,0,Instructed
539,139,0,0.9693305580111675,0.4067693186131314,0,Instructed
540,140,0,0.5567502816884539,0.4763568986407844,0,Instructed
541,141,0,0.1524306934140862,0.5893207493361327,0,Instructed
542,142,0,0.0820997137361556,0.6521401864318666,0,Instructed
543,143,0,0.5107990434950787,0.5601929260163874,0,Instructed
544,144,0,0.5552124043234976,0.44827359549484336,0,Instructed
545,145,0,0.8106606719208996,0.5053971320528259,0,Instructed
546,146,0,0.7980685363086151,0.3915354996183751,0,Instructed
547,147,0,0.3571634843307048,0.3301743953146329,0,Instructed
548,148,0,0.8796698508811029,0.3086255334122567,0,Instructed
549,149,0,0.2828281180376801,0.5215857337751219,0,Instructed
550,150,0,0.6815862746924815,0.3960197662513163,0,Instructed
551,151,0,0.7156979681244539,0.2858833213766657,0,Instructed
552,152,0,0.5746598856914547,0.37002621818267545,0,Instructed
553,153,0,0.5483907759300846,0.4274573393973262,0,Instructed
554,154,0,0.31045291787888696,0.5418391170624555,0,Instructed
555,155,0,0.36908823061290813,0.37266907876601196,0,Instructed
556,156,0,0.654961496190225,0.2937572625438565,0,Instructed
557,157,0,0.8397491378758378,0.38379581794655426,0,Instructed
558,158,0,0.6798940826210321,0.36557580421210845,0,Instructed
559,159,0,0.7272811518538705,0.4603610957856507,0,Instructed
560,160,0,0.22240115913418235,0.4595518398868549,0,Instructed
561,161,0,0.13734024016444896,0.5241520839384342,0,Instructed
562,162,0,0.5018772380397926,0.4292131733691872,0,Instructed
563,163,0,0.9089593452397675,0.30992405241588816,0,Instructed
564,164,0,0.8976697748582796,0.39425636723366186,0,Instructed
565,165,0,0.8463853743253704,0.3929723292098048,0,Instructed
566,166,0,0.875403820468406,0.5140651443273874,0,Instructed
567,167,0,0.3824988286254577,0.4681009596610757,0,Instructed
568,168,0,0.15230160697221531,0.38782783539940396,0,Instructed
569,169,0,0.822672902128293,0.49433497380230457,0,Instructed
570,170,0,0.5218024037180111,0.45706976744585265,0,Instructed
571,171,0,0.555505468696497,0.5676944581557362,0,Instructed
572,172,0,0.7736798479775066,0.4136902532263953,0,Instructed
573,173,0,0.7156593153864146,0.605739573646162,0,Instructed
574,174,0,0.22368447653396395,0.42798924838530433,0,Instructed
575,175,0,0.7069686619595935,0.4258919948461661,0,Instructed
576,176,0,0.6889732336144107,0.3462789055234259,0,Instructed
577,177,0,0.4305409332621636,0.4368660759199344,0,Instructed
578,178,0,0.33364060380840627,0.5222638518233458,0,Instructed
579,179,0,0.9052828708233017,0.2875742947031653,0,Instructed
580,180,0,0.2479060908510178,0.4310087271320424,0,Instructed
581,181,0,0.35642776888925004,0.45488565591281915,0,Instructed
582,182,0,0.4669490450866749,0.4161269917826067,0,Instructed
583,183,0,0.5383908490226996,0.5094781313852625,0,Instructed
584,184,0,0.7791273773519979,0.4401320393626181,0,Instructed
585,185,0,0.5008227962396447,0.5231908339027029,0,Instructed
586,186,0,0.5502813120752172,0.39418609577929453,0,Instructed
587,187,0,0.09336059160004735,0.6084962638665723,0,Instructed
588,188,0,0.9485084246079094,0.4380494315116533,0,Instructed
589,189,0,0.24510291767356174,0.5190786254971547,0,Instructed
590,190,0,0.5916655787182726,0.45919002926949226,0,Instructed
591,191,0,0.3614319983416981,0.39713904514179477,0,Instructed
592,192,0,0.4564198136775237,0.45108462021625056,0,Instructed
593,193,0,0.7782455133363047,0.5035454087151499,0,Instructed
594,194,0,0.5785864733035528,0.2620306405833857,0,Instructed
595,195,0,0.8744380996290226,0.33664038553986414,0,Instructed
596,196,0,0.7488248064076481,0.3304744532249808,0,Instructed
597,197,0,0.8387474847748637,0.3333365678837616,0,Instructed
598,198,0,0.4250731242580181,0.4689023197125075,0,Instructed
599,199,0,0.6122444993805086,0.5533716179968917,0,Instructed
600,0,0,0.11353879140600508,0.9335869114989606,1,Blocked
601,1,0,0.9486861587883215,0.6564804759059586,1,Blocked
602,2,0,0.43420345205653427,0.7023068389727662,1,Blocked
603,3,0,0.5647855451061957,0.5682237093211628,1,Blocked
604,4,0,0.3752030217060791,0.5249945663456576,1,Blocked
605,5,0,0.5520510471242951,0.7548841451471979,1,Blocked
606,6,0,0.3627124947505161,0.8094318982078257,1,Blocked
607,7,0,0.4447898024204302,0.5254822787307085,1,Blocked
608,8,0,0.2969992981136244,0.687018313038619,1,Blocked
609,9,0,0.29750632780804515,0.659946262230154,1,Blocked
610,10,0,0.5665103212969533,0.84526173203527,1,Blocked
611,11,0,0.6161843533577458,0.5732417698812187,1,Blocked
612,12,0,0.4893862591886392,0.5513921649152703,1,Blocked
613,13,0,0.5984666278649732,0.4556855740823673,1,Blocked
614,14,0,0.741214300692409,0.5234939196098787,1,Blocked
615,15,0,0.7849291899962789,0.5642034807297551,1,Blocked
616,16,0,0.30111629711221355,0.6241176941829834,1,Blocked
617,17,0,0.5122536439264571,0.4726741971306101,1,Blocked
618,18,0,0.4890474662440844,0.7314468750750291,1,Blocked
619,19,0,0.5051729145906922,0.5427251000684591,1,Blocked
620,20,0,0.3153857632798297,0.5321273661463302,1,Blocked
621,21,0,0.14292661724338102,0.7290087366452772,1,Blocked
622,22,0,0.3451395797615454,0.6714454248573138,1,Blocked
623,23,0,0.8281469239033743,0.47745767610249806,1,Blocked
624,24,0,0.7745628365362431,0.39441520579570677,1,Blocked
625,25,0,0.48056286794325787,0.5312089554589327,1,Blocked
626,26,0,0.5259674385095698,0.5319700749342477,1,Blocked
627,27,0,0.5035375485628418,0.6411770707232327,1,Blocked
628,28,0,0.5418311961926725,0.3796402094144862,1,Blocked
629,29,0,0.5058767175971389,0.47370321754210065,1,Blocked
630,30,0,0.5370414070931289,0.5829126843302492,1,Blocked
631,31,0,0.5554359725961823,0.6233487765945692,1,Blocked
632,32,0,0.6684266452081692,0.42166947692594764,1,Blocked
633,33,0,0.2670683446502501,0.686887309665569,1,Blocked
634,34,0,0.2847218664853872,0.4591221685387387,1,Blocked
635,35,0,0.5516676111001783,0.5335684959179796,1,Blocked
636,36,0,0.5895210580578745,0.5165576752590972,1,Blocked
637,37,0,0.448197292524447,0.6111541730080674,1,Blocked
638,38,0,0.447197800638524,0.5972519706558493,1,Blocked
639,39,0,0.601335946797129,0.4036185051838042,1,Blocked
640,40,0,0.6327921444648956,0.5613792834402971,1,Blocked
641,41,0,0.10958330637663029,0.6799478925196103,1,Blocked
642,42,0,0.09680812862600809,0.6756588599415705,1,Blocked
643,43,0,0.05099547716307062,0.4542636279932786,1,Blocked
644,44,0,0.8517418905770817,0.3954120824266808,1,Blocked
645,45,0,0.08632252267695187,0.5467602286174702,1,Blocked
646,46,0,0.9015319267829003,0.4741916205130211,1,Blocked
647,47,0,0.7623346918235978,0.4692491226081441,1,Blocked
648,48,0,0.28857490740046854,0.6168739953512414,1,Blocked
649,49,0,0.09918513056406257,0.5949306202214071,1,Blocked
650,50,0,0.05513751445141196,0.4713653708827445,1,Blocked
651,51,0,0.922133128245106,0.5629455542373761,1,Blocked
652,52,0,0.15664271962654594,0.5752143350673921,1,Blocked
653,53,0,0.1811927436304301,0.562147264567137,1,Blocked
654,54,0,0.8548792803068285,0.5780049110070259,1,Blocked
655,55,0,0.8952004995565326,0.37177905165595393,1,Blocked
656,56,0,0.03906956061190149,0.5887594910989278,1,Blocked
657,57,0,0.011073865206211515,0.6205336036354352,1,Blocked
658,58,0,0.08501294056027534,0.5990342053678832,1,Blocked
659,59,0,0.7517402620842174,0.480970600034445,1,Blocked
660,60,0,0.44579283932476077,0.5062017584470961,1,Blocked
661,61,0,0.39838590529461926,0.5171836160654981,1,Blocked
662,62,0,0.2388136876768583,0.5682743219048642,1,Blocked
663,63,0,0.3836883604252734,0.6391052088157614,1,Blocked
664,64,0,0.6612751233085215,0.5948861715947683,1,Blocked
665,65,0,0.9466102746218766,0.5352038126252476,1,Blocked
666,66,0,0.126089866667663,0.6183783419565528,1,Blocked
667,67,0,0.9775814247816561,0.5962600156669231,1,Blocked
668,68,0,0.42942171564813497,0.6788130608979421,1,Blocked
669,69,0,0.4615614431044263,0.4690915341911701,1,Blocked
670,70,0,0.6425304221361274,0.6562034378934487,1,Blocked
671,71,0,0.8845556982400755,0.46011468904209435,1,Blocked
672,72,0,0.7305216751986026,0.5428275257907025,1,Blocked
673,73,0,0.8609630659052891,0.4691794794375209,1,Blocked
674,74,0,0.9154187739834879,0.32174068515866866,1,Blocked
675,75,0,0.4404398150157932,0.45928633541938313,1,Blocked
676,76,0,0.4753335238293775,0.5060783045845034,1,Blocked
677,77,0,0.9505130152480711,0.36152460845252943,1,Blocked
678,78,0,0.7628928285120053,0.3668914916406075,1,Blocked
679,79,0,0.7593688320777846,0.3488186709343546,1,Blocked
680,80,0,0.24827843017403356,0.6059333268073102,1,Blocked
681,81,0,0.388883333157943,0.7238615253059024,1,Blocked
682,82,0,0.07073286491544155,0.9340020910257814,1,Blocked
683,83,0,0.5841486975811523,0.5603354879396376,1,Blocked
684,84,0,0.4767243116271445,0.529662103878718,1,Blocked
685,85,0,0.4082697229985492,0.6302454147425842,1,Blocked
686,86,0,0.44559407636101916,0.5734159209592067,1,Blocked
687,87,0,0.47369106218270407,0.6004077728409534,1,Blocked
688,88,0,0.6302108049804414,0.5433747201472887,1,Blocked
689,89,0,0.2772224143522525,0.6101514171766959,1,Blocked
690,90,0,0.723928305838017,0.519513722191407,1,Blocked
691,91,0,0.5917162864852235,0.4196174992327971,1,Blocked
692,92,0,0.6130215366520664,0.4367661279638164,1,Blocked
693,93,0,0.2631240193067848,0.5381919692450379,1,Blocked
694,94,0,0.6926740993876019,0.5608186545271971,1,Blocked
695,95,0,0.7089539578897786,0.4480130430664732,1,Blocked
696,96,0,0.7363100366996953,0.589008248098486,1,Blocked
697,97,0,0.7633190351850954,0.486760153507198,1,Blocked
698,98,0,0.7497250769670445,0.5216086533956592,1,Blocked
699,99,0,0.6335140362020792,0.4394316945762814,1,Blocked
700,100,0,0.8105684240548285,0.5928385353603014,1,Blocked
701,101,0,0.14765955934343514,0.46337898482646245,1,Blocked
702,102,0,0.9737142718441816,0.49526961260891345,1,Blocked
703,103,0,0.1284309036811351,0.525332661362349,1,Blocked
704,104,0,0.6114523115101805,0.5111265335824686,1,Blocked
705,105,0,0.5504398039388918,0.42461137544482724,1,Blocked
706,106,0,0.3581839893517999,0.6173810425676955,1,Blocked
707,107,0,0.38798327254107223,0.5500196154680124,1,Blocked
708,108,0,0.5122674442895152,0.5134180300236214,1,Blocked
709,109,0,0.41795240473500084,0.5385177467590814,1,Blocked
710,110,0,0.8610575060553509,0.4730192329165329,1,Blocked
711,111,0,0.3107995230630845,0.6004511421119398,1,Blocked
712,112,0,0.5187954826009131,0.4364061373827914,1,Blocked
713,113,0,0.5327035462930796,0.2907428266065872,1,Blocked
714,114,0,0.49198947108734287,0.6216444091859938,1,Blocked
715,115,0,0.507144345787098,0.5412167613008572,1,Blocked
716,116,0,0.49596973063728844,0.5669321942276005,1,Blocked
717,117,0,0.8434303034263282,0.4318095432620401,1,Blocked
718,118,0,0.8155008894961497,0.5352311861457666,1,Blocked
719,119,0,0.27562554754319357,0.6644111222203244,1,Blocked
720,120,0,0.0899173016211303,0.6214854181323655,1,Blocked
721,121,0,0.03198691677400634,0.6466743083460278,1,Blocked
722,122,0,0.02357980991550163,0.5592781113139238,1,Blocked
723,123,0,0.062418883425499304,0.5923678207185604,1,Blocked
724,124,0,0.047496753429096664,0.5775438186500189,1,Blocked
725,125,0,0.9333914848819338,0.4904761384514056,1,Blocked
726,126,0,0.744622523782098,0.41935442600775236,1,Blocked
727,127,0,0.41958123773642014,0.5843623996408926,1,Blocked
728,128,0,0.616116104804935,0.5430399919845634,1,Blocked
729,129,0,0.6763310863114304,0.45658838182985384,1,Blocked
730,130,0,0.30845983673408395,0.5867952348223098,1,Blocked
731,131,0,0.10777211969295852,0.6437749338122907,1,Blocked
732,132,0,0.2737799925757407,0.5425840346987995,1,Blocked
733,133,0,0.24451678490168416,0.5031764158377761,1,Blocked
734,134,0,0.6092930477856655,0.6325627830482825,1,Blocked
735,135,0,0.8969014100186707,0.40776216680867045,1,Blocked
736,136,0,0.9310327346400891,0.46424753101605193,1,Blocked
737,137,0,0.03203126618615283,0.6311076960051982,1,Blocked
738,138,0,0.9904529879478863,0.4749558810298994,1,Blocked
739,139,0,0.04773295714727757,0.65816332816284,1,Blocked
740,140,0,0.1300689644309322,0.5544369992592518,1,Blocked
741,141,0,0.25434902136006754,0.4612685155038712,1,Blocked
742,142,0,0.8341758106948047,0.367938303809545,1,Blocked
743,143,0,0.35964985495909363,0.4861170343126754,1,Blocked
744,144,0,0.6420451711976999,0.4567889269877319,1,Blocked
745,145,0,0.5748485606558584,0.5305529445244559,1,Blocked
746,146,0,0.4534633082953074,0.6184230561375861,1,Blocked
747,147,0,0.49259577718156067,0.6551167142632719,1,Blocked
748,148,0,0.43786454857641677,0.48632631286620825,1,Blocked
749,149,0,0.48656067677783704,0.7494284543862237,1,Blocked
750,150,0,0.6648793397749739,0.45006642260579066,1,Blocked
751,151,0,0.8440450897897676,0.6113200046755165,1,Blocked
752,152,0,0.7960561684904752,0.4233732557094354,1,Blocked
753,153,0,0.4687123932426019,0.5799405966485662,1,Blocked
754,154,0,0.8804282513999377,0.5693335124786995,1,Blocked
755,155,0,0.6264881581943582,0.3599293070361018,1,Blocked
756,156,0,0.5327340168602704,0.6274523888428809,1,Blocked
757,157,0,0.8528482618908979,0.46385255543167025,1,Blocked
758,158,0,0.9564313054122588,0.5283572398540457,1,Blocked
759,159,0,0.04669561216558773,0.7154614340172905,1,Blocked
760,160,0,0.01922858659850433,0.6948677181967042,1,Blocked
761,161,0,0.4789057381112508,0.5230271256893905,1,Blocked
762,162,0,0.9432757444249955,0.6351707032435381,1,Blocked
763,163,0,0.47884059088410347,0.6532921345212495,1,Blocked
764,164,0,0.03933075119094215,0.579768314123487,1,Blocked
765,165,0,0.5069448632177819,0.4911507135026648,1,Blocked
766,166,0,0.9853576847477767,0.5374576595532851,1,Blocked
767,167,0,0.9560431974432531,0.36301503138713365,1,Blocked
768,168,0,0.34573360994829344,0.4948230890920171,1,Blocked
769,169,0,0.3821388283232525,0.559495929020947,1,Blocked
770,170,0,0.5033241149268995,0.5206062567421544,1,Blocked
771,171,0,0.5080266011925005,0.5506775925996222,1,Blocked
772,172,0,0.05543631991224189,0.5539371625393116,1,Blocked
773,173,0,0.27504510163268175,0.5879687230575336,1,Blocked
774,174,0,0.5733683829168413,0.4930195774053867,1,Blocked
775,175,0,0.19422510087723274,0.5876242351640708,1,Blocked
776,176,0,0.8248375259521148,0.5864456775198283,1,Blocked
777,177,0,0.48886417742809307,0.6293110329849202,1,Blocked
778,178,0,0.4744268541716715,0.49868915278540615,1,Blocked
779,179,0,0.049703713117719955,0.7172803542118892,1,Blocked
780,180,0,0.9407324483701766,0.5591088520987256,1,Blocked
781,181,0,0.6456286374893361,0.49444731855916596,1,Blocked
782,182,0,0.655028637347788,0.3899256327955678,1,Blocked
783,183,0,0.2650985079953573,0.6124226683287869,1,Blocked
784,184,0,0.9378982146044542,0.4439479597959586,1,Blocked
785,185,0,0.6867373537911617,0.5082847685189142,1,Blocked
786,186,0,0.7563944541122021,0.5882257467567309,1,Blocked
787,187,0,0.48686555957460387,0.6570805770188362,1,Blocked
788,188,0,0.7657175500886857,0.5788838984269785,1,Blocked
789,189,0,0.9668471116189513,0.5016572933731511,1,Blocked
790,190,0,0.5507177210285924,0.583739705638104,1,Blocked
791,191,0,0.9328028430951034,0.3918520480136637,1,Blocked
792,192,0,0.7952193327677677,0.5495094636595453,1,Blocked
793,193,0,0.4101447805671476,0.44330014233735704,1,Blocked
794,194,0,0.8319447870326045,0.3557325961517205,1,Blocked
795,195,0,0.17699334353641683,0.6128402875240087,1,Blocked
796,196,0,0.9959548956898284,0.561693767997663,1,Blocked
797,197,0,0.7595089525743604,0.7075288157169549,1,Blocked
798,198,0,0.5020571142412711,0.5418991413542917,1,Blocked
799,199,0,0.12612184018512945,0.6756112330593851,1,Blocked
800,0,0,0.050216740923092036,1.020811799305843,1,Interleaved
801,1,0,0.5329469383351764,0.5544109813858538,1,Interleaved
802,2,0,0.9375531446105506,0.4341158699622646,1,Interleaved
803,3,0,0.6566277086946242,0.4969813215679457,1,Interleaved
804,4,0,0.6080119005401553,0.4157071048290185,1,Interleaved
805,5,0,0.20892839530972954,0.8186998206088658,1,Interleaved
806,6,0,0.4862212396553499,0.6034972114809014,1,Interleaved
807,7,0,0.603759961356286,0.4843647312370967,1,Interleaved
808,8,0,0.7531616608395253,0.6725349605373103,1,Interleaved
809,9,0,0.7504076145455176,0.43705211264370175,1,Interleaved
810,10,0,0.6407572494019098,0.5797195768232888,1,Interleaved
811,11,0,0.7072988086476839,0.534471382755106,1,Interleaved
812,12,0,0.44431772111373047,0.5905208170275623,1,Interleaved
813,13,0,0.9289029036395604,0.5220754863160345,1,Interleaved
814,14,0,0.5947560202092829,0.49370731773224774,1,Interleaved
815,15,0,0.24147386040628366,0.6566097199846093,1,Interleaved
816,16,0,0.16814002538131206,0.7973144878611333,1,Interleaved
817,17,0,0.6310241707032299,0.5029637241653557,1,Interleaved
818,18,0,0.3719447478648013,0.6502545785209093,1,Interleaved
819,19,0,0.3494140502987079,0.560062712363312,1,Interleaved
820,20,0,0.4608834251729169,0.6071221376322499,1,Interleaved
821,21,0,0.7622873744005965,0.5615057984597631,1,Interleaved
822,22,0,0.6622443064570427,0.578982790127534,1,Interleaved
823,23,0,0.2666048323439199,0.6665784338486018,1,Interleaved
824,24,0,0.7459806865513237,0.6775105184861063,1,Interleaved
825,25,0,0.5312318225030586,0.7043363696027626,1,Interleaved
826,26,0,0.45006725090255306,0.7165384621588466,1,Interleaved
827,27,0,0.7706050844578602,0.42121702584806175,1,Interleaved
828,28,0,0.3213566690862345,0.6451250645871139,1,Interleaved
829,29,0,0.4241511749747054,0.6105240525713662,1,Interleaved
830,30,0,0.5117270056185039,0.6892531303227798,1,Interleaved
831,31,0,0.31931812489773287,0.5714924488164318,1,Interleaved
832,32,0,0.10013138639129898,0.6123172939986872,1,Interleaved
833,33,0,0.7672983273261674,0.4282607441223354,1,Interleaved
834,34,0,0.5171034873912819,0.5654926900214473,1,Interleaved
835,35,0,0.0437518085888444,0.7100753071106036,1,Interleaved
836,36,0,0.45159709049027497,0.49274633092038467,1,Interleaved
837,37,0,0.6696558643603159,0.470687627233938,1,Interleaved
838,38,0,0.43000835459179876,0.5040801922052507,1,Interleaved
839,39,0,0.38092787349491264,0.7907901955798613,1,Interleaved
840,40,0,0.47529226238477806,0.5059649672924476,1,Interleaved
841,41,0,0.7910066294602209,0.49111716441591696,1,Interleaved
842,42,0,0.327406264949755,0.6209280381866389,1,Interleaved
843,43,0,0.4511557604635651,0.5464467529363577,1,Interleaved
844,44,0,0.7114133386950119,0.5199577818819134,1,Interleaved
845,45,0,0.7205379058480994,0.49024514806028047,1,Interleaved
846,46,0,0.6326764061866337,0.442399406737774,1,Interleaved
847,47,0,0.7318800869452827,0.6155988795060818,1,Interleaved
848,48,0,0.32962244683374203,0.38666246594781983,1,Interleaved
849,49,0,0.8066145111860396,0.520159572459628,1,Interleaved
850,50,0,0.6018199985777928,0.45675219744963536,1,Interleaved
851,51,0,0.14092068595462937,0.6777956459568976,1,Interleaved
852,52,0,0.16495821363221808,0.6028542430431473,1,Interleaved
853,53,0,0.4351920167825054,0.747087653602023,1,Interleaved
854,54,0,0.7027341600667298,0.5770179304442409,1,Interleaved
855,55,0,0.6106269817567171,0.7241336749560146,1,Interleaved
856,56,0,0.16421621785216978,0.6340832841512025,1,Interleaved
857,57,0,0.4726071078458008,0.44414698967007293,1,Interleaved
858,58,0,0.8182846391691774,0.4927392398442921,1,Interleaved
859,59,0,0.5396420131476222,0.6222605269159323,1,Interleaved
860,60,0,0.9007623428379685,0.5179910076720764,1,Interleaved
861,61,0,0.6411291043901408,0.41536268560776135,1,Interleaved
862,62,0,0.6287031928291225,0.5198547365860127,1,Interleaved
863,63,0,0.5077135764445794,0.5938276057134397,1,Interleaved
864,64,0,0.7991747027971143,0.6022050351466073,1,Interleaved
865,65,0,0.12671114555174803,0.5958562856591484,1,Interleaved
866,66,0,0.7468224452356416,0.4881744381469786,1,Interleaved
867,67,0,0.4782062285961041,0.4669362571853666,1,Interleaved
868,68,0,0.4389805668173028,0.6964219129404617,1,Interleaved
869,69,0,0.19372012860891286,0.7580614486182491,1,Interleaved
870,70,0,0.8897533554015784,0.4096136217822198,1,Interleaved
871,71,0,0.5376282849032216,0.4764869752466974,1,Interleaved
872,72,0,0.9158981653847815,0.48400024467349234,1,Interleaved
873,73,0,0.6863301363575384,0.3134848355137744,1,Interleaved
874,74,0,0.49013063266792967,0.6508260190617001,1,Interleaved
875,75,0,0.5306381530911777,0.4348812261072273,1,Interleaved
876,76,0,0.8537374970908876,0.5654032521931591,1,Interleaved
877,77,0,0.3636448182120026,0.5323358714561519,1,Interleaved
878,78,0,0.7462601637293224,0.5625666115823731,1,Interleaved
879,79,0,0.5199543392525321,0.40649983507770115,1,Interleaved
880,80,0,0.595089591296375,0.5018468412913805,1,Interleaved
881,81,0,0.813775396370193,0.4852048596355927,1,Interleaved
882,82,0,0.44907389889072613,0.4882649319682649,1,Interleaved
883,83,0,0.8155144259338817,0.42581326693169874,1,Interleaved
884,84,0,0.6246416341170777,0.7769203442653321,1,Interleaved
885,85,0,0.3047931057719664,0.6505195860577522,1,Interleaved
886,86,0,0.18818772854204224,0.709042141369417,1,Interleaved
887,87,0,0.3763475099106457,0.59351538092059,1,Interleaved
888,88,0,0.3932493341958382,0.5691290588467954,1,Interleaved
889,89,0,0.6738351597209826,0.4999514312773325,1,Interleaved
890,90,0,0.7465049887384843,0.5187104147684247,1,Interleaved
891,91,0,0.07093257116106921,0.7729432524141229,1,Interleaved
892,92,0,0.49738408734095535,0.614387093688378,1,Interleaved
893,93,0,0.2378038306273236,0.5315973045,1,Interleaved
894,94,0,0.5589428785210275,0.7027445390789961,1,Interleaved
895,95,0,0.5018201843450467,0.5801203117216129,1,Interleaved
896,96,0,0.7709069104651949,0.6229152332037953,1,Interleaved
897,97,0,0.4784777508954206,0.3726587050208925,1,Interleaved
898,98,0,0.7405454039332727,0.4218195625908665,1,Interleaved
899,99,0,0.3158098225232653,0.5316239449069774,1,Interleaved
900,100,0,0.27633023884708074,0.6330152535239498,1,Interleaved
901,101,0,0.5115687673753264,0.4867957230004928,1,Interleaved
902,102,0,0.2754682677048336,0.6101765279248126,1,Interleaved
903,103,0,0.3602071460476008,0.6860398445793433,1,Interleaved
904,104,0,0.40222446948929835,0.4030590488504081,1,Interleaved
905,105,0,0.48232758205246573,0.6718838790201545,1,Interleaved
906,106,0,0.5442419569974223,0.46580282851349536,1,Interleaved
907,107,0,0.2804267275242866,0.4949935454768193,1,Interleaved
908,108,0,0.374006372206659,0.58130922990994,1,Interleaved
909,109,0,0.840646058837836,0.4306728833269524,1,Interleaved
910,110,0,0.5743326710378276,0.4147017730145083,1,Interleaved
911,111,0,0.25036675223731186,0.5654750182372423,1,Interleaved
912,112,0,0.200781131798087,0.747306590241346,1,Interleaved
913,113,0,0.5098131541598312,0.5234249147836096,1,Interleaved
914,114,0,0.9083353783616677,0.566069962566704,1,Interleaved
915,115,0,0.517926251584013,0.5710312888003044,1,Interleaved
916,116,0,0.7951971175912151,0.6214861226884806,1,Interleaved
917,117,0,0.8023444232910035,0.5740416527059637,1,Interleaved
918,118,0,0.503385451843589,0.47613736381102445,1,Interleaved
919,119,0,0.8008345931102976,0.36243155364769053,1,Interleaved
920,120,0,0.983035346010418,0.6204586184800364,1,Interleaved
921,121,0,0.6707491486504751,0.48789850734419893,1,Interleaved
922,122,0,0.40121673220651577,0.6013133622375393,1,Interleaved
923,123,0,0.15807457842402114,0.6359641543754285,1,Interleaved
924,124,0,0.6488774546545083,0.46123241062255926,1,Interleaved
925,125,0,0.7145034257893762,0.4342836783094951,1,Interleaved
926,126,0,0.32952588544989775,0.4015762927703084,1,Interleaved
927,127,0,0.678061792716405,0.3571690223086822,1,Interleaved
928,128,0,0.5484887652741142,0.549883553496909,1,Interleaved
929,129,0,0.5297184198845096,0.47007175736632434,1,Interleaved
930,130,0,0.5624970034812176,0.486040936637013,1,Interleaved
931,131,0,0.25259709426020616,0.6356488442274337,1,Interleaved
932,132,0,0.4673883929824433,0.5145451975369282,1,Interleaved
933,133,0,0.7062604630096718,0.518457261802453,1,Interleaved
934,134,0,0.6657564819180314,0.4610533794043925,1,Interleaved
935,135,0,0.7661933484753147,0.5198972040514707,1,Interleaved
936,136,0,0.3849447492554203,0.6583098434179205,1,Interleaved
937,137,0,0.8725266129580487,0.5890071152872782,1,Interleaved
938,138,0,0.4730409406014993,0.7404346653002714,1,Interleaved
939,139,0,0.8339962529898515,0.5231718027924852,1,Interleaved
940,140,0,0.5223552476200666,0.44671589944631807,1,Interleaved
941,141,0,0.14924522545954205,0.5769627111131084,1,Interleaved
942,142,0,0.7452209817184441,0.6037968536893374,1,Interleaved
943,143,0,0.34013631923084975,0.6609464008949242,1,Interleaved
944,144,0,0.3192143435233029,0.759343701033142,1,Interleaved
945,145,0,0.5844087968593508,0.36972599386279964,1,Interleaved
946,146,0,0.9066722476047999,0.4208234766718173,1,Interleaved
947,147,0,0.5084010538827974,0.5799126021339724,1,Interleaved
948,148,0,0.30161197881709406,0.48499151212463787,1,Interleaved
949,149,0,0.07605328139597453,0.7077506332445542,1,Interleaved
950,150,0,0.5000279741762197,0.5314774758323327,1,Interleaved
951,151,0,0.9190516151021626,0.39183171857332033,1,Interleaved
952,152,0,0.5261594489805783,0.48915490461142963,1,Interleaved
953,153,0,0.07999499322555353,0.4839583553363838,1,Interleaved
954,154,0,0.5503394360691072,0.4651531395247931,1,Interleaved
955,155,0,0.1036672968494268,0.5738424627936998,1,Interleaved
956,156,0,0.5780212408473845,0.5122010265067259,1,Interleaved
957,157,0,0.35711041692768736,0.7060888940439833,1,Interleaved
958,158,0,0.5908931668672942,0.4085779068898083,1,Interleaved
959,159,0,0.6704893191066181,0.6092881485971688,1,Interleaved
960,160,0,0.6741797583012926,0.5911724261120159,1,Interleaved
961,161,0,0.6421818416459839,0.4811012133550786,1,Interleaved
962,162,0,0.2852843024156539,0.5082326044266474,1,Interleaved
963,163,0,0.3246248302597756,0.8326425147343776,1,Interleaved
964,164,0,0.4916872103130364,0.5342274383987586,1,Interleaved
965,165,0,0.3101823187988809,0.5887002991696577,1,Interleaved
966,166,0,0.613223761869442,0.6550029217061755,1,Interleaved
967,167,0,0.610929624615867,0.5408944815408372,1,Interleaved
968,168,0,0.15555193477344598,0.4778541122838891,1,Interleaved
969,169,0,0.8448572193285919,0.4621301578702648,1,Interleaved
970,170,0,0.44809399213705964,0.5956824524619583,1,Interleaved
971,171,0,0.5163652807868646,0.5133834372012439,1,Interleaved
972,172,0,0.7455717822424335,0.4253873122382503,1,Interleaved
973,173,0,0.5771657725884614,0.5120694264683525,1,Interleaved
974,174,0,0.4956076271562573,0.6668042673347179,1,Interleaved
975,175,0,0.37328559173019377,0.39755420360105387,1,Interleaved
976,176,0,0.6996694854962979,0.5308959268329472,1,Interleaved
977,177,0,0.38057365080184286,0.5484513609954158,1,Interleaved
978,178,0,0.5761978623367989,0.6963772590203601,1,Interleaved
979,179,0,0.38333012250722664,0.5065464217615906,1,Interleaved
980,180,0,0.6002880848338179,0.655490978863822,1,Interleaved
981,181,0,0.4672567981673603,0.4628035913146332,1,Interleaved
982,182,0,0.42500193539403874,0.634149110174677,1,Interleaved
983,183,0,0.4915241305558297,0.5856756919970907,1,Interleaved
984,184,0,0.5162271776689205,0.7628621323975731,1,Interleaved
985,185,0,0.5400559412881967,0.4299562458564742,1,Interleaved
986,186,0,0.13048502946782548,0.5019524043276401,1,Interleaved
987,187,0,0.41509008696642413,0.7520681797390185,1,Interleaved
988,188,0,0.33651983541745956,0.8808179219911596,1,Interleaved
989,189,0,0.8518407792905152,0.6352644549728523,1,Interleaved
990,190,0,0.5976702158151864,0.5781765902212137,1,Interleaved
991,191,0,0.7385119015276829,0.6549256769871812,1,Interleaved
992,192,0,0.8475168989903555,0.5015434999047496,1,Interleaved
993,193,0,0.7292003719991285,0.635528773522336,1,Interleaved
994,194,0,0.686441393240007,0.5665862984429033,1,Interleaved
995,195,0,0.7958067215885907,0.7706503638397725,1,Interleaved
996,196,0,0.8785255547815488,0.5281388382934049,1,Interleaved
997,197,0,0.5270343369142463,0.5098865199848046,1,Interleaved
998,198,0,0.8902374352584751,0.41301336785937287,1,Interleaved
999,199,0,0.4913080691003515,0.46838651845185864,1,Interleaved
1000,0,0,0.34992923061057857,0.7708793056503903,1,Instructed
1001,1,0,0.27429142522539335,1.0039498146569559,1,Instructed
1002,2,0,0.5214527160955496,0.7004890894178086,1,Instructed
1003,3,0,0.9942942399490418,0.7841004289891651,1,Instructed
1004,4,0,0.5008356775148974,0.8102512169278582,1,Instructed
1005,5,0,0.6588164602871622,0.42039637191614776,1,Instructed
1006,6,0,0.4796176765709777,0.44471993598006154,1,Instructed
1007,7,0,0.9297425254093816,0.40434807507569526,1,Instructed
1008,8,0,0.4760504384264772,0.5113497168568918,1,Instructed
1009,9,0,0.827414140216574,0.5167206804202928,1,Instructed
1010,10,0,0.5631990137218705,0.38825747356283113,1,Instructed
1011,11,0,0.03993142341749144,0.7653216423405207,1,Instructed
1012,12,0,0.3444819026539751,0.4479358363724557,1,Instructed
1013,13,0,0.5508271564161369,0.5656456626200953,1,Instructed
1014,14,0,0.5412811548186729,0.5830588881262798,1,Instructed
1015,15,0,0.01794621487571932,0.6120135305015075,1,Instructed
1016,16,0,0.19600501570248802,0.4685129413016187,1,Instructed
1017,17,0,0.7667568204353044,0.5126649804907674,1,Instructed
1018,18,0,0.5870155774366315,0.42082994437839455,1,Instructed
1019,19,0,0.09915505792757501,0.5701519958014312,1,Instructed
1020,20,0,0.5413698298406031,0.4292011717985123,1,Instructed
1021,21,0,0.24343378880066102,0.4415674803660242,1,Instructed
1022,22,0,0.5273365908475816,0.5629367513189345,1,Instructed
1023,23,0,0.30604437393407946,0.3760246192537219,1,Instructed
1024,24,0,0.6476230492284261,0.5219503387832326,1,Instructed
1025,25,0,0.7276442282184643,0.4421629126533517,1,Instructed
1026,26,0,0.5144034869163754,0.6050022244555782,1,Instructed
1027,27,0,0.049000843972809925,0.6280399390267918,1,Instructed
1028,28,0,0.5101271402840029,0.5361497792876337,1,Instructed
1029,29,0,0.4710302615325271,0.5784618069560634,1,Instructed
1030,30,0,0.20359893595760106,0.33188230485550374,1,Instructed
1031,31,0,0.8014522102254564,0.4481455522134844,1,Instructed
1032,32,0,0.5710335239441751,0.5499552609028249,1,Instructed
1033,33,0,0.7106368341608793,0.4327657797208315,1,Instructed
1034,34,0,0.10861297742560343,0.5812511894872754,1,Instructed
1035,35,0,0.21305784673393263,0.5324577105278137,1,Instructed
1036,36,0,0.4987039951700952,0.5504260668748715,1,Instructed
1037,37,0,0.5829005690449995,0.5614345521446631,1,Instructed
1038,38,0,0.752402860783125,0.5199450786300003,1,Instructed
1039,39,0,0.3883201493811045,0.5424176460370774,1,Instructed
1040,40,0,0.7148900448231267,0.46207490622073294,1,Instructed
1041,41,0,0.5477373195123582,0.7251886352322456,1,Instructed
1042,42,0,0.4826770557197823,0.3596539688120175,1,Instructed
1043,43,0,0.6434825764665587,0.5880202535907968,1,Instructed
1044,44,0,0.5120938680829423,0.474447195731247,1,Instructed
1045,45,0,0.26888333457320684,0.43891137645621237,1,Instructed
1046,46,0,0.3205561093413346,0.4761818452503904,1,Instructed
1047,47,0,0.5095622492425651,0.38477066043855723,1,Instructed
1048,48,0,0.6948942474927777,0.40875548206698864,1,Instructed
1049,49,0,0.8532296894796172,0.49679611978810245,1,Instructed
1050,50,0,0.7713120168297491,0.3434578885999874,1,Instructed
1051,51,0,0.803704607125566,0.5931162841093465,1,Instructed
1052,52,0,0.845848312886546,0.5136818302414199,1,Instructed
1053,53,0,0.30566957772712416,0.3758507503114266,1,Instructed
1054,54,0,0.5029772230399928,0.40269249951505615,1,Instructed
1055,55,0,0.8052527757006006,0.3613267866623362,1,Instructed
1056,56,0,0.512062453794182,0.45577878100866664,1,Instructed
1057,57,0,0.6336143059542464,0.3565137560531017,1,Instructed
1058,58,0,0.6036021277044779,0.3464190129557463,1,Instructed
1059,59,0,0.35114822289568975,0.38414821602631954,1,Instructed
1060,60,0,0.5240529193973154,0.44570108459796337,1,Instructed
1061,61,0,0.40177522266351545,0.4328096093446019,1,Instructed
1062,62,0,0.4303009171548138,0.4207117069319456,1,Instructed
1063,63,0,0.739321963287382,0.5311167902934985,1,Instructed
1064,64,0,0.2774921402532201,0.44816986894422806,1,Instructed
1065,65,0,0.9227208329488967,0.38010108537545917,1,Instructed
1066,66,0,0.6335703726442202,0.3825149770732026,1,Instructed
1067,67,0,0.24399051611470873,0.42568418520876594,1,Instructed
1068,68,0,0.6895168913637242,0.5531181366996325,1,Instructed
1069,69,0,0.42772098777143086,0.3785151052245025,1,Instructed
1070,70,0,0.391785060473172,0.4486151651216038,1,Instructed
1071,71,0,0.9446003997214029,0.3767088535781308,1,Instructed
1072,72,0,0.46352959570790686,0.44413794863567363,1,Instructed
1073,73,0,0.6498114233934139,0.48203196631512435,1,Instructed
1074,74,0,0.6642059929024886,0.4227271152683214,1,Instructed
1075,75,0,0.1509134018873881,0.6068891677477359,1,Instructed
1076,76,0,0.4366166589697573,0.49900453149278157,1,Instructed
1077,77,0,0.956048317211599,0.32011092873856417,1,Instructed
1078,78,0,0.6093448563458286,0.3895865756031449,1,Instructed
1079,79,0,0.7729132472507487,0.32015078667841157,1,Instructed
1080,80,0,0.36694111440667476,0.5247332394905838,1,Instructed
1081,81,0,0.8838065778262161,0.32908079773959453,1,Instructed
1082,82,0,0.4417532099663941,0.46966327076047526,1,Instructed
1083,83,0,0.5642337534456503,0.5178466036706522,1,Instructed
1084,84,0,0.7511857396209134,0.35759902760929824,1,Instructed
1085,85,0,0.5387195291338636,0.3926254744339183,1,Instructed
1086,86,0,0.4565679971997607,0.33503855176034014,1,Instructed
1087,87,0,0.5974822733123157,0.41338170370261756,1,Instructed
1088,88,0,0.6254580749069281,0.5775660305764097,1,Instructed
1089,89,0,0.5190912234104404,0.32859796261247565,1,Instructed
1090,90,0,0.2874535627692025,0.4625740151301627,1,Instructed
1091,91,0,0.341995226258198,0.4165132609091148,1,Instructed
1092,92,0,0.5024468002609486,0.4056067534161275,1,Instructed
1093,93,0,0.6829328432763011,0.2551471643629178,1,Instructed
1094,94,0,0.22486897001540154,0.4656614525707109,1,Instructed
1095,95,0,0.954024667944898,0.408583618733227,1,Instructed
1096,96,0,0.3980486966444111,0.4144760127543121,1,Instructed
1097,97,0,0.3003640356110203,0.5809157523424822,1,Instructed
1098,98,0,0.22421716792346277,0.5238778813321687,1,Instructed
1099,99,0,0.726493518067979,0.36264627058817694,1,Instructed
1100,100,0,0.2636889351978005,0.5256711627892496,1,Instructed
1101,101,0,0.8722734324947515,0.4724302649116737,1,Instructed
1102,102,0,0.3451759963268786,0.6025030637618687,1,Instructed
1103,103,0,0.1577960598403207,0.4251667188722821,1,Instructed
1104,104,0,0.4429464474442507,0.3702735100703376,1,Instructed
1105,105,0,0.8143770243492494,0.3860257806781199,1,Instructed
1106,106,0,0.3791333457856114,0.33688687015213914,1,Instructed
1107,107,0,0.7230057245900074,0.3464643626338166,1,Instructed
1108,108,0,0.33912514158916957,0.3742514171902813,1,Instructed
1109,109,0,0.3292467724040826,0.3109471080978974,1,Instructed
1110,110,0,0.584449149164934,0.3799972651356389,1,Instructed
1111,111,0,0.5671659590916261,0.4814207756601482,1,Instructed
1112,112,0,0.8442809771951578,0.42840883912661004,1,Instructed
1113,113,0,0.4352068295768232,0.46192674202415585,1,Instructed
1114,114,0,0.3459059759170182,0.3808582290269903,1,Instructed
1115,115,0,0.6340956828120597,0.4136665510376232,1,Instructed
1116,116,0,0.4699344579410369,0.3823793049787891,1,Instructed
1117,117,0,0.09168718563532499,0.45234266543571455,1,Instructed
1118,118,0,0.5982334373216911,0.43847042984374596,1,Instructed
1119,119,0,0.6471433262272847,0.44558197403629674,1,Instructed
1120,120,0,0.20112168781141734,0.5604581461116909,1,Instructed
1121,121,0,0.8581733782453871,0.3853498079141601,1,Instructed
1122,122,0,0.3644100883588546,0.44777975751936927,1,Instructed
1123,123,0,0.9645377443025013,0.272878391316879,1,Instructed
1124,124,0,0.8167929968629395,0.4525239448633924,1,Instructed
1125,125,0,0.7860896767466311,0.49218338314488136,1,Instructed
1126,126,0,0.6116192888087364,0.3564633572490281,1,Instructed
1127,127,0,0.14280800611796063,0.27667930371674926,1,Instructed
1128,128,0,0.5413872442498038,0.4073964609064496,1,Instructed
1129,129,0,0.8955254081805284,0.3208257800709684,1,Instructed
1130,130,0,0.5074043950374771,0.35762488305644413,1,Instructed
1131,131,0,0.06073230254536671,0.46132343428926437,1,Instructed
1132,132,0,0.24870599136572435,0.4173178137726158,1,Instructed
1133,133,0,0.8054960763911163,0.5834952158276969,1,Instructed
1134,134,0,0.2832752675043524,0.40006485449102935,1,Instructed
1135,135,0,0.639405889128328,0.5849986530668012,1,Instructed
1136,136,0,0.6453959655827503,0.39756768222225425,1,Instructed
1137,137,0,0.7157623306591872,0.45411045423606217,1,Instructed
1138,138,0,0.9013262563387012,0.3763756685044685,1,Instructed
1139,139,0,0.6666418314599685,0.4435211532381231,1,Instructed
1140,140,0,0.3819505721826213,0.4050584610404655,1,Instructed
1141,141,0,0.19961544711215562,0.5312744596549757,1,Instructed
1142,142,0,0.5077520175742104,0.35500035910046296,1,Instructed
1143,143,0,0.8678748878437861,0.3690714780059136,1,Instructed
1144,144,0,0.6075695568147328,0.3951084452299438,1,Instructed
1145,145,0,0.4309319940786621,0.36974735477318194,1,Instructed
1146,146,0,0.5102168268357299,0.42877889097987837,1,Instructed
1147,147,0,0.43429852617956627,0.23692334315139477,1,Instructed
1148,148,0,0.6791111369857363,0.4763732033558542,1,Instructed
1149,149,0,0.9388977414599281,0.4340707449695339,1,Instructed
1150,150,0,0.4110377591694222,0.5313312099654012,1,Instructed
1151,151,0,0.5362804121619583,0.4444413646541634,1,Instructed
1152,152,0,0.5379296186183602,0.4152905890641841,1,Instructed
1153,153,0,0.3712966107508214,0.6110365341112972,1,Instructed
1154,154,0,0.5501843625907562,0.3103954620610969,1,Instructed
1155,155,0,0.661255469243845,0.42432276445250205,1,Instructed
1156,156,0,0.5366388088719186,0.4018869290751165,1,Instructed
1157,157,0,0.6962346830581363,0.4564576562265641,1,Instructed
1158,158,0,0.34242567950925357,0.5045669138460335,1,Instructed
1159,159,0,0.9180091103227177,0.43157905658990736,1,Instructed
1160,160,0,0.9955728949097813,0.5765449195449079,1,Instructed
1161,161,0,0.6801506545068803,0.5642376151738278,1,Instructed
1162,162,0,0.10259296884886109,0.4750968138281869,1,Instructed
1163,163,0,0.42829806881094185,0.3844824194854539,1,Instructed
1164,164,0,0.5658289198641118,0.41719934546459114,1,Instructed
1165,165,0,0.05932838883698016,0.5044999234308365,1,Instructed
1166,166,0,0.8823428713215098,0.36065389307768114,1,Instructed
1167,167,0,0.9324279812121095,0.44180880912580395,1,Instructed
1168,168,0,0.1872573162697465,0.5730673478957244,1,Instructed
1169,169,0,0.7830170808524224,0.48857923699360295,1,Instructed
1170,170,0,0.7669205625117967,0.3770054848325509,1,Instructed
1171,171,0,0.8995809045109897,0.36894804697935424,1,Instructed
1172,172,0,0.3103831868761461,0.5319723342885698,1,Instructed
1173,173,0,0.5741395927460973,0.37421985198493274,1,Instructed
1174,174,0,0.36657358245687055,0.5349170697144403,1,Instructed
1175,175,0,0.517301162533205,0.47491021582099646,1,Instructed
1176,176,0,0.6057164606913928,0.41508808158489563,1,Instructed
1177,177,0,0.29355770771624123,0.4514137180668371,1,Instructed
1178,178,0,0.9986833763330274,0.6658171751849289,1,Instructed
1179,179,0,0.8642503909019623,0.48403478997200844,1,Instructed
1180,180,0,0.6777453511403522,0.5261747811929256,1,Instructed
1181,181,0,0.2086937889564381,0.33742943007675064,1,Instructed
1182,182,0,0.5243035397955174,0.6448658721144023,1,Instructed
1183,183,0,0.7708956427159194,0.3879652518704172,1,Instructed
1184,184,0,0.6872065195915015,0.3889439953734618,1,Instructed
1185,185,0,0.37936275015547427,0.5176632472062936,1,Instructed
1186,186,0,0.615882305045727,0.3386410588598596,1,Instructed
1187,187,0,0.8817565293334229,0.43704415173808187,1,Instructed
1188,188,0,0.5130999380230719,0.46188833412801233,1,Instructed
1189,189,0,0.5728458696198943,0.4248315152568297,1,Instructed
1190,190,0,0.6149510631313175,0.6960938275280798,1,Instructed
1191,191,0,0.3683956339386389,0.6373768102199093,1,Instructed
1192,192,0,0.8270931834573954,0.4835712288192962,1,Instructed
1193,193,0,0.23780383915299683,0.6342041411438728,1,Instructed
1194,194,0,0.8190557160850693,0.45027734179537804,1,Instructed
1195,195,0,0.6476524364898346,0.31295496906890663,1,Instructed
1196,196,0,0.28426685996663503,0.510491169377494,1,Instructed
1197,197,0,0.48265244382851064,0.45474038848263953,1,Instructed
1198,198,0,0.9268162588052071,0.5573580116284428,1,Instructed
1199,199,0,0.9245883411176783,0.43076895196826737,1,Instructed
