,t,e_hat,Accuracy,pe,batch,Condition
0,0,0,0.6152471146669514,0.8388125350273707,0,Blocked
1,1,0,0.6104641732833556,0.6521349252979434,0,Blocked
2,2,0,0.5968766593102752,0.8111785211658259,0,Blocked
3,3,0,0.9694901535096916,0.5053422837645278,0,Blocked
4,4,0,0.7004411307088513,0.47505625161343856,0,Blocked
5,5,0,0.7451333331771681,0.4440661947030269,0,Blocked
6,6,0,0.14131286240217142,0.7927191740254979,0,Blocked
7,7,0,0.30236502738687043,0.6908262640848175,0,Blocked
8,8,0,0.8737735088167411,0.6336374307086199,0,Blocked
9,9,0,0.3456551832941489,0.5783571801532135,0,Blocked
10,10,0,0.443647912234634,0.6406705204365059,0,Blocked
11,11,0,0.5255747761170622,0.4488097692711458,0,Blocked
12,12,0,0.6203575231488595,0.5307810802212005,0,Blocked
13,13,0,0.18977191136310523,0.4709913139423296,0,Blocked
14,14,0,0.9308149148892979,0.6166228385427068,0,Blocked
15,15,0,0.5532568814826471,0.6086456410492487,0,Blocked
16,16,0,0.0801619012164117,0.8411786153502988,0,Blocked
17,17,0,0.0804935648466088,0.6659161923671306,0,Blocked
18,18,0,0.716999548868705,0.5072414580518279,0,Blocked
19,19,0,0.45903065098176005,0.6763336737399368,0,Blocked
20,20,0,0.5888561534983808,0.5902873248145788,0,Blocked
21,21,0,0.6336715650336934,0.47134989556121154,0,Blocked
22,22,0,0.1388629817739264,0.5409841655392503,0,Blocked
23,23,0,0.16197742284119251,0.6461741531069678,0,Blocked
24,24,0,0.867680934339218,0.5076710362222256,0,Blocked
25,25,0,0.01040084524051879,0.6175972171946659,0,Blocked
26,26,0,0.9755914996164893,0.46342045176310676,0,Blocked
27,27,0,0.479991508192275,0.644944184158265,0,Blocked
28,28,0,0.6018581628291598,0.5042094327510049,0,Blocked
29,29,0,0.9921581537964893,0.5567369211333679,0,Blocked
30,30,0,0.14831204709985418,0.6450282521946256,0,Blocked
31,31,0,0.23145991989112072,0.5207066373190501,0,Blocked
32,32,0,0.026484992901731758,0.6706803929498695,0,Blocked
33,33,0,0.006026298652600004,0.6366766597141051,0,Blocked
34,34,0,0.4349098467349785,0.6368285526587966,0,Blocked
35,35,0,0.6726170771343407,0.7441411124732162,0,Blocked
36,36,0,0.8144208077314727,0.6647023458237471,0,Blocked
37,37,0,0.9732512151442159,0.5510384189825012,0,Blocked
38,38,0,0.03323684381566295,0.7510552227471958,0,Blocked
39,39,0,0.7399378572214854,0.5386948207967496,0,Blocked
40,40,0,0.5222843027064347,0.4376345898612827,0,Blocked
41,41,0,0.015745075876316274,0.6859374152493061,0,Blocked
42,42,0,0.03730275122840345,0.703073525363073,0,Blocked
43,43,0,0.105477861618995,0.5348922940614154,0,Blocked
44,44,0,0.42730368694684634,0.7583063294056843,0,Blocked
45,45,0,0.924573656839494,0.7431067337673596,0,Blocked
46,46,0,0.027412280679941496,0.8111404393038646,0,Blocked
47,47,0,0.5888897497241024,0.6258389949997027,0,Blocked
48,48,0,0.08659739155302171,0.6436107796092525,0,Blocked
49,49,0,0.27807353890018377,0.7177291003958617,0,Blocked
50,50,0,0.056795683144934224,0.6662033065321213,0,Blocked
51,51,0,0.42488613747978643,0.7750126782496269,0,Blocked
52,52,0,0.8391350987051265,0.7197346857840954,0,Blocked
53,53,0,0.24674095645813549,0.6068516146177474,0,Blocked
54,54,0,0.8803977796771887,0.4867555980355112,0,Blocked
55,55,0,0.958070965022755,0.6366159530457538,0,Blocked
56,56,0,0.03277150339271445,0.6756996140120463,0,Blocked
57,57,0,0.5357431442512086,0.7096769235490394,0,Blocked
58,58,0,0.42675138522072276,0.6486679268621758,0,Blocked
59,59,0,0.4257979006249097,0.6239223948414008,0,Blocked
60,60,0,0.4321987171558941,0.683812534835385,0,Blocked
61,61,0,0.6870178966100156,0.7404559880925143,0,Blocked
62,62,0,0.816717742044714,0.665126675417902,0,Blocked
63,63,0,0.48156720651875623,0.7609985352298778,0,Blocked
64,64,0,0.4807387778294314,0.6104679831119202,0,Blocked
65,65,0,0.3842027566536705,0.9246668102053113,0,Blocked
66,66,0,0.9590435883335517,0.46334510916811056,0,Blocked
67,67,0,0.11516816569349603,0.6052465011952708,0,Blocked
68,68,0,0.872354890814417,0.5168796971208974,0,Blocked
69,69,0,0.41941287753250883,0.5479672763626953,0,Blocked
70,70,0,0.3431598901968388,0.4426039521855857,0,Blocked
71,71,0,0.6017258421608725,0.5046346491771586,0,Blocked
72,72,0,0.36845387736155766,0.5797749647459188,0,Blocked
73,73,0,0.1265855049113967,0.6632812989178936,0,Blocked
74,74,0,0.874356005613373,0.42168561371260804,0,Blocked
75,75,0,0.9479844040201255,0.5692399249537347,0,Blocked
76,76,0,0.5174357574940595,0.6190579894859034,0,Blocked
77,77,0,0.41743937016350835,0.7083360538982384,0,Blocked
78,78,0,0.529432725837655,0.7145610650374548,0,Blocked
79,79,0,0.1926713529396632,0.4866633883702874,0,Blocked
80,80,0,0.2385862019274934,0.43237482118624315,0,Blocked
81,81,0,0.559224160109766,0.6032536148193214,0,Blocked
82,82,0,0.33284603973775573,0.5582546361470191,0,Blocked
83,83,0,0.8214314284684239,0.4565698936872623,0,Blocked
84,84,0,0.7158983990088084,0.7023646916999671,0,Blocked
85,85,0,0.2989146833797222,0.7049159528940139,0,Blocked
86,86,0,0.6352194088509937,0.6881315093679035,0,Blocked
87,87,0,0.30733418082501773,0.6457130928771541,0,Blocked
88,88,0,0.3718522221395407,0.6454492627079395,0,Blocked
89,89,0,0.9308963040883004,0.5001341285758983,0,Blocked
90,90,0,0.9980190054520941,0.460404582517628,0,Blocked
91,91,0,0.6677285480930555,0.6179935799215477,0,Blocked
92,92,0,0.9951442818391174,0.5120126997292963,0,Blocked
93,93,0,0.0028299927595491644,0.687684612996187,0,Blocked
94,94,0,0.8089196786410048,0.3742111464610707,0,Blocked
95,95,0,0.515337362599632,0.5668608093411814,0,Blocked
96,96,0,0.4745419911713375,0.5782666354975725,0,Blocked
97,97,0,0.9426002124577142,0.41661075106220313,0,Blocked
98,98,0,0.6429992320236394,0.6927455251182084,0,Blocked
99,99,0,0.5046233668226707,0.7486196255406944,0,Blocked
100,100,0,0.38385043708816313,0.5797179608040472,0,Blocked
101,101,0,0.07768463449548088,0.7517983974839311,0,Blocked
102,102,0,0.516255141725242,0.5368976203026297,0,Blocked
103,103,0,0.07005213171029062,0.8958384250360929,0,Blocked
104,104,0,0.2580031637510126,0.49880312714506914,0,Blocked
105,105,0,0.39749585034566837,0.543670652547134,0,Blocked
106,106,0,0.04534860688299766,0.7458149431283225,0,Blocked
107,107,0,0.3491483076773938,0.5088385887327076,0,Blocked
108,108,0,0.8247703073150054,0.6754621782609882,0,Blocked
109,109,0,0.3807847263045627,0.7300264396279177,0,Blocked
110,110,0,0.6053958225779926,0.5600310552876145,0,Blocked
111,111,0,0.5723497622866462,0.5326623195792795,0,Blocked
112,112,0,0.574284925713495,0.46546089044454414,0,Blocked
113,113,0,0.09656100181994945,0.5623156206944911,0,Blocked
114,114,0,0.21464839258736576,0.6150230965134924,0,Blocked
115,115,0,0.5776690851550228,0.42475605009042317,0,Blocked
116,116,0,0.9913261648234746,0.8924590143635179,0,Blocked
117,117,0,0.4621787002895421,0.6770203319777918,0,Blocked
118,118,0,0.6746338782514909,0.5452440103844914,0,Blocked
119,119,0,0.653557349597913,0.6935673309432511,0,Blocked
120,120,0,0.7109615718509454,0.48012246959543764,0,Blocked
121,121,0,0.1774776975044563,0.46575684804895434,0,Blocked
122,122,0,0.7110055416181441,0.70400306609906,0,Blocked
123,123,0,0.7717509936181829,0.41071882001421633,0,Blocked
124,124,0,0.9471628838475841,0.5731056576053455,0,Blocked
125,125,0,0.11582840855947983,0.6317924806691549,0,Blocked
126,126,0,0.45039420820452575,0.5474588425091117,0,Blocked
127,127,0,0.11275759931554696,0.526251335694425,0,Blocked
128,128,0,0.8226009155781915,0.43875388385550335,0,Blocked
129,129,0,0.4739117356101154,0.6780946630995118,0,Blocked
130,130,0,0.45934249572681674,0.7144701343423467,0,Blocked
131,131,0,0.7283608074536541,0.46380982213496913,0,Blocked
132,132,0,0.52881677581473,0.6454745880038044,0,Blocked
133,133,0,0.24895016498296796,0.5928654453998237,0,Blocked
134,134,0,0.5012580886762081,0.6439369176060912,0,Blocked
135,135,0,0.6289632573965281,0.5193724887439986,0,Blocked
136,136,0,0.3221945795673701,0.6740036907947893,0,Blocked
137,137,0,0.43295633995485333,0.6291215956455213,0,Blocked
138,138,0,0.500003120145971,0.650572160987566,0,Blocked
139,139,0,0.8739372301449873,0.5709619812236851,0,Blocked
140,140,0,0.8578879158633839,0.5771246987193741,0,Blocked
141,141,0,0.7506052910233416,0.47413081451479966,0,Blocked
142,142,0,0.9442797191040726,0.6528103845371214,0,Blocked
143,143,0,0.17621733812456747,0.7052564195624962,0,Blocked
144,144,0,0.9067193778754428,0.6475447315387295,0,Blocked
145,145,0,0.8813449218633813,0.7376776104065692,0,Blocked
146,146,0,0.7869804905356317,0.4405879804763275,0,Blocked
147,147,0,0.7283815579794961,0.39012583145505453,0,Blocked
148,148,0,0.6705023414025222,0.6558522474547672,0,Blocked
149,149,0,0.2647443261834659,0.7057845738036799,0,Blocked
150,150,0,0.5335278717562671,0.6639546147553599,0,Blocked
151,151,0,0.4181614166753309,0.5372333498364247,0,Blocked
152,152,0,0.5026729976990378,0.5297868569195198,0,Blocked
153,153,0,0.49621624669103087,0.8045710100251393,0,Blocked
154,154,0,0.5747165438424818,0.5376830578325048,0,Blocked
155,155,0,0.5620824829910961,0.42708363628094526,0,Blocked
156,156,0,0.6897784047647708,0.6491949920097246,0,Blocked
157,157,0,0.7516636252116247,0.43799712871741125,0,Blocked
158,158,0,0.5856860499407954,0.6584304362108891,0,Blocked
159,159,0,0.07474628162314348,0.6953804477215545,0,Blocked
160,160,0,0.7552212013844092,0.5016340640770074,0,Blocked
161,161,0,0.6526201711901032,0.6035033458963981,0,Blocked
162,162,0,0.9809274372703427,0.641036465330445,0,Blocked
163,163,0,0.01598208377738493,0.8149874154003665,0,Blocked
164,164,0,0.08781498138052936,0.7897227260220729,0,Blocked
165,165,0,0.28627231439972733,0.5287451858507175,0,Blocked
166,166,0,0.25291960779245987,0.7428493714953034,0,Blocked
167,167,0,0.38659345505834697,0.4557879016881782,0,Blocked
168,168,0,0.45882425509963,0.6186065938072691,0,Blocked
169,169,0,0.5266448984660348,0.5459517766836084,0,Blocked
170,170,0,0.8023535556962967,0.432303621500872,0,Blocked
171,171,0,0.4415515135719814,0.6973969096368788,0,Blocked
172,172,0,0.4022288277665983,0.7212906985004616,0,Blocked
173,173,0,0.5340898458116354,0.5844799754496386,0,Blocked
174,174,0,0.9739272181673917,0.553542647401739,0,Blocked
175,175,0,0.5100445489742591,0.6354682748066333,0,Blocked
176,176,0,0.2035941125865634,0.8337485591115333,0,Blocked
177,177,0,0.5184859448005811,0.5998505255517673,0,Blocked
178,178,0,0.42795532125311864,0.6360509892745803,0,Blocked
179,179,0,0.5160336666404352,0.6606956716080294,0,Blocked
180,180,0,0.23879279694594888,0.7001437201750537,0,Blocked
181,181,0,0.5073745898852994,0.6477399289524796,0,Blocked
182,182,0,0.9043276238045959,0.5686112210486115,0,Blocked
183,183,0,0.6415930142511702,0.6080946718146887,0,Blocked
184,184,0,0.47420284738769436,0.6086766354097486,0,Blocked
185,185,0,0.4586882730679922,0.5948171773433606,0,Blocked
186,186,0,0.7257605829381382,0.5187356858157799,0,Blocked
187,187,0,0.7991952014159407,0.46287849087442434,0,Blocked
188,188,0,0.4936702896747247,0.49712372563920654,0,Blocked
189,189,0,0.4634897914248076,0.4869463740259007,0,Blocked
190,190,0,0.8226331683158634,0.5418086509906707,0,Blocked
191,191,0,0.12839727100522705,0.5653719529084037,0,Blocked
192,192,0,0.40378457585367333,0.5473850510314411,0,Blocked
193,193,0,0.7514268928793375,0.49595743525536995,0,Blocked
194,194,0,0.4484708833487029,0.542328640235402,0,Blocked
195,195,0,0.6306851333464771,0.6187235944230164,0,Blocked
196,196,0,0.49957164651473307,0.5202497047251817,0,Blocked
197,197,0,0.5090582502595524,0.6262324042939625,0,Blocked
198,198,0,0.9591601420052138,0.559312946481044,0,Blocked
199,199,0,0.49933518513402453,0.5710848211446277,0,Blocked
200,0,0,0.1472724999560364,0.5812520465412574,0,Interleaved
201,1,0,0.505317605247879,0.766540680559539,0,Interleaved
202,2,0,0.818921136198312,0.46383463701807975,0,Interleaved
203,3,0,0.504143199568992,0.5595193207396139,0,Interleaved
204,4,0,0.23122201127694245,0.5146447319716887,0,Interleaved
205,5,0,0.5581624510570746,0.5995995161039153,0,Interleaved
206,6,0,0.1112489326221021,0.6635863166174771,0,Interleaved
207,7,0,0.24949056740424275,0.6869729596992296,0,Interleaved
208,8,0,0.8182907583256173,0.42753911059291283,0,Interleaved
209,9,0,0.36873887312931425,0.532433628015728,0,Interleaved
210,10,0,0.6295931494811825,0.44706978201156594,0,Interleaved
211,11,0,0.7232000797263185,0.555085577541871,0,Interleaved
212,12,0,0.05466143162609164,0.5396640979925884,0,Interleaved
213,13,0,0.35801143762961596,0.3524106630238416,0,Interleaved
214,14,0,0.6689337750312793,0.3165837329323439,0,Interleaved
215,15,0,0.3358387769830886,0.42386842276611686,0,Interleaved
216,16,0,0.06402934347656303,0.5446333215146901,0,Interleaved
217,17,0,0.2280158461310797,0.6514299491079074,0,Interleaved
218,18,0,0.20873378988662555,0.6051382164320853,0,Interleaved
219,19,0,0.48521585212073554,0.7410139964010672,0,Interleaved
220,20,0,0.02551027543110098,0.7033422223167466,0,Interleaved
221,21,0,0.8999376977459155,0.48183417144761853,0,Interleaved
222,22,0,0.12052598251347899,0.7558062011330875,0,Interleaved
223,23,0,0.6847755938007137,0.6500934866533082,0,Interleaved
224,24,0,0.17759824063830507,0.6880879784109453,0,Interleaved
225,25,0,0.8428611580706722,0.5008440535425729,0,Interleaved
226,26,0,0.765934647734436,0.4737553812030021,0,Interleaved
227,27,0,0.764461643211073,0.6216453508323426,0,Interleaved
228,28,0,0.5695838051409089,0.597150115633526,0,Interleaved
229,29,0,0.4409735804244884,0.5205856112262588,0,Interleaved
230,30,0,0.8244221702845939,0.6739726654651808,0,Interleaved
231,31,0,0.43378774915286505,0.599665270553785,0,Interleaved
232,32,0,0.03812359671166956,0.5206965853833037,0,Interleaved
233,33,0,0.6883704013428286,0.5826846836066772,0,Interleaved
234,34,0,0.5559012311842024,0.7158620097403272,0,Interleaved
235,35,0,0.6116761949012861,0.4833291800989718,0,Interleaved
236,36,0,0.23366524493954036,0.6527516429925586,0,Interleaved
237,37,0,0.6517839323447595,0.5947018374236409,0,Interleaved
238,38,0,0.24868360180446433,0.7757407202193392,0,Interleaved
239,39,0,0.2792894956000139,0.6773389318259109,0,Interleaved
240,40,0,0.6366385294469122,0.5656972556091475,0,Interleaved
241,41,0,0.10716006418056462,0.7372342733679588,0,Interleaved
242,42,0,0.9713315458463458,0.2850358166721548,0,Interleaved
243,43,0,0.9394080895586228,0.46174859719960837,0,Interleaved
244,44,0,0.4679421349936549,0.45894925297444245,0,Interleaved
245,45,0,0.16527140296239484,0.3962310350214433,0,Interleaved
246,46,0,0.922802739374079,0.48586784762925855,0,Interleaved
247,47,0,0.44475623100651146,0.6779288487423134,0,Interleaved
248,48,0,0.3920334490124025,0.4475710129396313,0,Interleaved
249,49,0,0.13903002604208353,0.7366047601022514,0,Interleaved
250,50,0,0.001448426179588176,0.9692871424960575,0,Interleaved
251,51,0,0.2519412177802194,0.7688509197907707,0,Interleaved
252,52,0,0.9952179558997583,0.7009876775899062,0,Interleaved
253,53,0,0.1369831388617873,0.5181543188724956,0,Interleaved
254,54,0,0.0835083385686946,0.5223079435257122,0,Interleaved
255,55,0,0.6781361419613979,0.5063912881190032,0,Interleaved
256,56,0,0.1876985073788727,0.4166393992033113,0,Interleaved
257,57,0,0.7220419005873409,0.5749594506033872,0,Interleaved
258,58,0,0.26619333711221127,0.573086560941536,0,Interleaved
259,59,0,0.3919552497661875,0.5626474344493653,0,Interleaved
260,60,0,0.028093039137733537,0.5531270583479831,0,Interleaved
261,61,0,0.9461316798282129,0.49060351755812215,0,Interleaved
262,62,0,0.9880738370058711,0.4017688197937487,0,Interleaved
263,63,0,0.5795053721803847,0.5699051616998073,0,Interleaved
264,64,0,0.7513125552672906,0.40276188146849834,0,Interleaved
265,65,0,0.42789362128336483,0.5987101126804799,0,Interleaved
266,66,0,0.39396157770718593,0.4400094381702021,0,Interleaved
267,67,0,0.5073238433384482,0.4940708520707071,0,Interleaved
268,68,0,0.6714580166183148,0.4900379056059887,0,Interleaved
269,69,0,0.44125762363442295,0.617570779241226,0,Interleaved
270,70,0,0.277727802661631,0.519355866006003,0,Interleaved
271,71,0,0.3765697107793658,0.5432324247813891,0,Interleaved
272,72,0,0.617867101369815,0.5789487102141446,0,Interleaved
273,73,0,0.49213072029747307,0.6242307455716546,0,Interleaved
274,74,0,0.1538364661717969,0.5916327773707113,0,Interleaved
275,75,0,0.17410577378488867,0.48867119652847935,0,Interleaved
276,76,0,0.6903784733245798,0.5558858854016662,0,Interleaved
277,77,0,0.658042066414573,0.42743634939835,0,Interleaved
278,78,0,0.69960990679877,0.5925010967365272,0,Interleaved
279,79,0,0.3866004198658369,0.4180191393239997,0,Interleaved
280,80,0,0.6283608804041572,0.6079323168413615,0,Interleaved
281,81,0,0.8231552204156763,0.49753040064917875,0,Interleaved
282,82,0,0.4612102969157576,0.6279696685047169,0,Interleaved
283,83,0,0.590768075182383,0.36435483118694567,0,Interleaved
284,84,0,0.7988975782703823,0.5247330659053366,0,Interleaved
285,85,0,0.5312090281279284,0.5490242823008646,0,Interleaved
286,86,0,0.9460364297603696,0.44731834396697123,0,Interleaved
287,87,0,0.3874400921275091,0.7444653084964462,0,Interleaved
288,88,0,0.49963109335655753,0.9379171150726895,0,Interleaved
289,89,0,0.334351617091692,0.6922717599297843,0,Interleaved
290,90,0,0.005787658875132875,0.8511346071860751,0,Interleaved
291,91,0,0.34295222659295227,0.7006602950486656,0,Interleaved
292,92,0,0.05136476705155896,0.674443889217094,0,Interleaved
293,93,0,0.6379683998637644,0.5980342115325072,0,Interleaved
294,94,0,0.9254909533933311,0.6112834233634669,0,Interleaved
295,95,0,0.5871740026517203,0.5350814847312652,0,Interleaved
296,96,0,0.8590350663504934,0.6925394060818488,0,Interleaved
297,97,0,0.36501652876825275,0.5389660681239976,0,Interleaved
298,98,0,0.9650697521540622,0.5343497636322122,0,Interleaved
299,99,0,0.7966438949950707,0.3921675707984512,0,Interleaved
300,100,0,0.6040470255010773,0.561791349929025,0,Interleaved
301,101,0,0.42893310315043476,0.4567404574853971,0,Interleaved
302,102,0,0.9002833861635121,0.5533498385272472,0,Interleaved
303,103,0,0.34913387373747107,0.656932987658198,0,Interleaved
304,104,0,0.09712322690840001,0.5261988175020003,0,Interleaved
305,105,0,0.2178126976290164,0.6842379351758587,0,Interleaved
306,106,0,0.397358368601734,0.6413500445695621,0,Interleaved
307,107,0,0.08897347996492305,0.5234499381478788,0,Interleaved
308,108,0,0.47491005422370913,0.6512555158867713,0,Interleaved
309,109,0,0.5765318051663152,0.5980938723581026,0,Interleaved
310,110,0,0.5722998604075948,0.6671800159221786,0,Interleaved
311,111,0,0.7263308878137684,0.5131176210463891,0,Interleaved
312,112,0,0.5412488710383321,0.49360939050656427,0,Interleaved
313,113,0,0.6738693693924744,0.5079041581447188,0,Interleaved
314,114,0,0.08281957555331278,0.3925812973891831,0,Interleaved
315,115,0,0.3109303056040963,0.5863084398887459,0,Interleaved
316,116,0,0.6188601640257336,0.6512855775944011,0,Interleaved
317,117,0,0.6856778127067193,0.5407313750718878,0,Interleaved
318,118,0,0.12088854240831812,0.5222592224226195,0,Interleaved
319,119,0,0.2643930237262405,0.6506521744744105,0,Interleaved
320,120,0,0.09250549690598706,0.38923556957000893,0,Interleaved
321,121,0,0.6864697057795864,0.44998266046222457,0,Interleaved
322,122,0,0.7801104689121147,0.38441066329972384,0,Interleaved
323,123,0,0.7009787364171388,0.38640339729611783,0,Interleaved
324,124,0,0.5875237333134812,0.7912613119053609,0,Interleaved
325,125,0,0.5101658229356968,0.4870333564948106,0,Interleaved
326,126,0,0.8968575173219359,0.5220055027118906,0,Interleaved
327,127,0,0.4959984927383077,0.6431241390090069,0,Interleaved
328,128,0,0.7176103331655921,0.674318377954269,0,Interleaved
329,129,0,0.8337930199575174,0.4869318588200315,0,Interleaved
330,130,0,0.2448327100732729,0.44646992334995617,0,Interleaved
331,131,0,0.10252811366601998,0.5379024115624147,0,Interleaved
332,132,0,0.33316789470990005,0.6965740870590098,0,Interleaved
333,133,0,0.21433774127379668,0.8941569452152351,0,Interleaved
334,134,0,0.2744083864259813,0.5187170685574699,0,Interleaved
335,135,0,0.5402954039728591,0.7155964308970355,0,Interleaved
336,136,0,0.516674304528069,0.6813720446907541,0,Interleaved
337,137,0,0.49086245383374183,0.5644506072052833,0,Interleaved
338,138,0,0.9413522988846312,0.40150467945920476,0,Interleaved
339,139,0,0.19497636100328944,0.5839328883681778,0,Interleaved
340,140,0,0.352849539933953,0.6300500073541454,0,Interleaved
341,141,0,0.1959897759947696,0.5397905853748797,0,Interleaved
342,142,0,0.1706359972886035,0.4635497906431905,0,Interleaved
343,143,0,0.026531683660479866,0.800752351403941,0,Interleaved
344,144,0,0.5106709051984952,0.49723757498490606,0,Interleaved
345,145,0,0.8514580245669028,0.6439458504898344,0,Interleaved
346,146,0,0.2468154717978816,0.6300312570302415,0,Interleaved
347,147,0,0.5124446663082809,0.5431413030492249,0,Interleaved
348,148,0,0.9297737768681924,0.45742837937029096,0,Interleaved
349,149,0,0.3942141367344661,0.6111883762553312,0,Interleaved
350,150,0,0.47800229578997505,0.5360572712002099,0,Interleaved
351,151,0,0.07675005126662178,0.6842318711494212,0,Interleaved
352,152,0,0.26264019263714733,0.6074494879850311,0,Interleaved
353,153,0,0.785194374477551,0.7080981415520021,0,Interleaved
354,154,0,0.9204830460623646,0.5511062962266078,0,Interleaved
355,155,0,0.5571285673006473,0.6665321922275022,0,Interleaved
356,156,0,0.3229019987244876,0.5223604022392165,0,Interleaved
357,157,0,0.5110047164298174,0.5032869864163161,0,Interleaved
358,158,0,0.9650858094563082,0.6132275206573394,0,Interleaved
359,159,0,0.4382444625374552,0.424704957241424,0,Interleaved
360,160,0,0.043683519068067216,0.651455651100834,0,Interleaved
361,161,0,0.44540447996462107,0.4436882852251607,0,Interleaved
362,162,0,0.5450874376119789,0.5734813081166386,0,Interleaved
363,163,0,0.5965620873039711,0.5803048078974598,0,Interleaved
364,164,0,0.07137806551551479,0.6931637604424696,0,Interleaved
365,165,0,0.694062220835802,0.484155822317467,0,Interleaved
366,166,0,0.3779219378759165,0.374409150381225,0,Interleaved
367,167,0,0.801488317755918,0.4653709452225281,0,Interleaved
368,168,0,0.7089250714882562,0.46357825040149625,0,Interleaved
369,169,0,0.9022663115598595,0.3560496530395972,0,Interleaved
370,170,0,0.5441752131751797,0.5418149210000488,0,Interleaved
371,171,0,0.506553814006566,0.4674561927359817,0,Interleaved
372,172,0,0.6139798628046889,0.4208475835816059,0,Interleaved
373,173,0,0.42002017093154076,0.8656943585756254,0,Interleaved
374,174,0,0.5102570004587463,0.5076395397995547,0,Interleaved
375,175,0,0.5753030490461314,0.5603142010965911,0,Interleaved
376,176,0,0.08689298004135834,0.8870400640295523,0,Interleaved
377,177,0,0.4910586056336219,0.5127110400433644,0,Interleaved
378,178,0,0.5006975744661425,0.6359524480765334,0,Interleaved
379,179,0,0.4053955419286227,0.4752065148514635,0,Interleaved
380,180,0,0.4797480026784867,0.5765678364864228,0,Interleaved
381,181,0,0.4175678768828375,0.5509168852993513,0,Interleaved
382,182,0,0.7300788429184261,0.5257089070773303,0,Interleaved
383,183,0,0.48961748415724066,0.843653768694319,0,Interleaved
384,184,0,0.4760486043972162,0.8936048977950729,0,Interleaved
385,185,0,0.6630865593910751,0.5128998564285199,0,Interleaved
386,186,0,0.9350556477360269,0.6081381891250621,0,Interleaved
387,187,0,0.8823457931251183,0.4602156634233506,0,Interleaved
388,188,0,0.4339627056200872,0.6107487049199807,0,Interleaved
389,189,0,0.438706346892531,0.5274649135322305,0,Interleaved
390,190,0,0.8410103325389295,0.5294479003472398,0,Interleaved
391,191,0,0.024302182204428365,0.7338502088519312,0,Interleaved
392,192,0,0.12273461892097334,0.6672101681614829,0,Interleaved
393,193,0,0.7948065185295077,0.4665848608439652,0,Interleaved
394,194,0,0.8704475034138601,0.42058718328982864,0,Interleaved
395,195,0,0.49735154702738554,0.5714808035193464,0,Interleaved
396,196,0,0.5519547058077702,0.4975071107857708,0,Interleaved
397,197,0,0.0004960164101718472,1.0391362822823575,0,Interleaved
398,198,0,0.4778375863965013,0.5278282671133218,0,Interleaved
399,199,0,0.04835958169050027,0.8702938962365575,0,Interleaved
400,0,0,0.5000632649916196,0.9661831536416277,0,Instructed
401,1,0,0.4814614487709746,0.838216574365703,0,Instructed
402,2,0,0.5031448773386809,0.8715949469266406,0,Instructed
403,3,0,0.43474933737718957,1.5908568083138521,0,Instructed
404,4,0,0.32750144957175664,1.051681524555884,0,Instructed
405,5,0,0.6517588027076604,0.49830954097964725,0,Instructed
406,6,0,0.08745727986152671,0.6394288682348066,0,Instructed
407,7,0,0.1997884123403163,0.5098237888203907,0,Instructed
408,8,0,0.8700834579154799,0.45424122516280957,0,Instructed
409,9,0,0.6508983725354396,0.3753297738881167,0,Instructed
410,10,0,0.27677873240955514,0.4883672411636799,0,Instructed
411,11,0,0.4721105284338841,0.428531610685707,0,Instructed
412,12,0,0.1570240144104315,0.5681840801118966,0,Instructed
413,13,0,0.22198753604778998,0.5950998642857637,0,Instructed
414,14,0,0.9955195078107357,0.42658623890482267,0,Instructed
415,15,0,0.8839029529119962,0.6115614081963723,0,Instructed
416,16,0,0.5564167282520113,0.6652549630881699,0,Instructed
417,17,0,0.9595389278317548,0.4361240230038934,0,Instructed
418,18,0,0.6239259464406193,0.4691000189710868,0,Instructed
419,19,0,0.8901034100545404,0.5518676353912357,0,Instructed
420,20,0,0.9589323782506206,0.42232200567370715,0,Instructed
421,21,0,0.3979643920246744,0.6031750232347155,0,Instructed
422,22,0,0.5178748492640217,0.4753498373929705,0,Instructed
423,23,0,0.5194083516215845,0.5221931954887129,0,Instructed
424,24,0,0.7370593984420689,0.5714484707684133,0,Instructed
425,25,0,0.6925025426329738,0.4995497255639908,0,Instructed
426,26,0,0.19990226053222265,0.5873389072965842,0,Instructed
427,27,0,0.44014351329022816,0.7588370929589133,0,Instructed
428,28,0,0.9988802845567228,0.4440758688674477,0,Instructed
429,29,0,0.7201094246050355,0.48466420233174273,0,Instructed
430,30,0,0.4854772447142002,0.7410384871175619,0,Instructed
431,31,0,0.30019701499979345,0.5168361040486295,0,Instructed
432,32,0,0.5462122595041857,0.6474729795151337,0,Instructed
433,33,0,0.3106633963239979,0.5268141969582455,0,Instructed
434,34,0,0.6803781832977696,0.6851646886935763,0,Instructed
435,35,0,0.71430999456617,0.5607773284207822,0,Instructed
436,36,0,0.512519034885338,0.5575313853074473,0,Instructed
437,37,0,0.08635711175493645,0.8222683646113533,0,Instructed
438,38,0,0.5050454946451299,0.47790618433731635,0,Instructed
439,39,0,0.9465096876552608,0.6927269768554851,0,Instructed
440,40,0,0.37490994498687813,0.43083933460467766,0,Instructed
441,41,0,0.5319996896208349,0.6218085595240994,0,Instructed
442,42,0,0.5503379649955815,0.5262549871889536,0,Instructed
443,43,0,0.44939145461239266,0.5900081973900793,0,Instructed
444,44,0,0.054778183362183805,0.5343929743221416,0,Instructed
445,45,0,0.4907049927065608,0.598177998613473,0,Instructed
446,46,0,0.6567764018585313,0.5174742196047337,0,Instructed
447,47,0,0.0224379801292764,0.4631904777616952,0,Instructed
448,48,0,0.47958335377703853,0.47152335152218017,0,Instructed
449,49,0,0.3093761369940075,0.6189882439622182,0,Instructed
450,50,0,0.009629877249328646,0.7092160729086192,0,Instructed
451,51,0,0.02933900260097008,0.5650986582792876,0,Instructed
452,52,0,0.9805392023739508,0.5048586668883106,0,Instructed
453,53,0,0.0947827070765,0.6325438864390482,0,Instructed
454,54,0,0.8877421873984126,0.5088112394767542,0,Instructed
455,55,0,0.7571486068664425,0.3576172862704903,0,Instructed
456,56,0,0.38753660483996366,0.5492494727728033,0,Instructed
457,57,0,0.3962414830292927,0.6889349967038289,0,Instructed
458,58,0,0.9458082277712818,0.5060934985245261,0,Instructed
459,59,0,0.31057244100147585,0.7428633938055524,0,Instructed
460,60,0,0.41247065845834713,0.48148864171715244,0,Instructed
461,61,0,0.6684359831548576,0.5481375931041962,0,Instructed
462,62,0,0.48279844383104414,0.5908926878010061,0,Instructed
463,63,0,0.48341011229588876,0.42345988765991194,0,Instructed
464,64,0,0.13995901936820224,0.47847756090408133,0,Instructed
465,65,0,0.07667794629157716,0.5717055820101833,0,Instructed
466,66,0,0.5248476595007463,0.6167319233460522,0,Instructed
467,67,0,0.23924132185127156,0.5913815876202373,0,Instructed
468,68,0,0.7424891507861425,0.671501794666661,0,Instructed
469,69,0,0.9666574242898796,0.7034542983272172,0,Instructed
470,70,0,0.6858868234656195,0.5681263237187356,0,Instructed
471,71,0,0.41000220449879343,0.5839995428958784,0,Instructed
472,72,0,0.18941536012976565,0.5860786914215835,0,Instructed
473,73,0,0.3291257764206309,0.4907522235874215,0,Instructed
474,74,0,0.10614799363034322,0.4292861643744068,0,Instructed
475,75,0,0.570908588687616,0.5800679217462092,0,Instructed
476,76,0,0.2013689967953582,0.4974830016621672,0,Instructed
477,77,0,0.3083121926064605,0.5781405639514977,0,Instructed
478,78,0,0.8961733072360345,0.6008279363891142,0,Instructed
479,79,0,0.4242071102383025,0.47204434803058337,0,Instructed
480,80,0,0.716154143681476,0.5804118802429481,0,Instructed
481,81,0,0.4863946931468545,0.5418386911006661,0,Instructed
482,82,0,0.9567503428167095,0.3857119461570082,0,Instructed
483,83,0,0.6742029414439766,0.38450884061688845,0,Instructed
484,84,0,0.37441553982108183,0.5528294249633969,0,Instructed
485,85,0,0.5075273973466488,0.5362638637810299,0,Instructed
486,86,0,0.3025057624723618,0.7469707112977084,0,Instructed
487,87,0,0.4057498566466978,0.6055378297388307,0,Instructed
488,88,0,0.9181200939800462,0.3551678448154421,0,Instructed
489,89,0,0.010681445046774507,0.7078374153108572,0,Instructed
490,90,0,0.8635970600863002,0.5450907533145395,0,Instructed
491,91,0,0.8984165503809646,0.7698685478644556,0,Instructed
492,92,0,0.2079137740996441,0.6804896464602854,0,Instructed
493,93,0,0.4278428658814159,0.44915893798084994,0,Instructed
494,94,0,0.01370557543508127,0.6328866848403317,0,Instructed
495,95,0,0.45361305709227934,0.7096784367799677,0,Instructed
496,96,0,0.014225234984969175,0.5895932910662378,0,Instructed
497,97,0,0.31837171964279976,0.4842388536146591,0,Instructed
498,98,0,0.05070572754754803,0.6653569282200708,0,Instructed
499,99,0,0.6035707680517275,0.6863628764289751,0,Instructed
500,100,0,0.7847987385423112,0.4688472848285812,0,Instructed
501,101,0,0.8532577673448571,0.44097863803619475,0,Instructed
502,102,0,0.36514603345666236,0.7505410280150053,0,Instructed
503,103,0,0.7114942780647346,0.5033957142632141,0,Instructed
504,104,0,0.41086633891798213,0.9552496482951675,0,Instructed
505,105,0,0.43082130531113916,0.5587022447196055,0,Instructed
506,106,0,0.3933160371934783,0.694436973824066,0,Instructed
507,107,0,0.5129381638413485,0.5102013326022832,0,Instructed
508,108,0,0.3147154580064786,0.5822886022485803,0,Instructed
509,109,0,0.1956805119604357,0.36446999794933593,0,Instructed
510,110,0,0.6089818081110187,0.3815837701819687,0,Instructed
511,111,0,0.5183449551110216,0.610493016969204,0,Instructed
512,112,0,0.6267115131356563,0.5988739453705901,0,Instructed
513,113,0,0.3904356409570957,0.5111521324127675,0,Instructed
514,114,0,0.43135808378352475,0.4803034551030816,0,Instructed
515,115,0,0.07733813433670106,0.5428097981458206,0,Instructed
516,116,0,0.9116314759550561,0.5518776374730259,0,Instructed
517,117,0,0.10461600995540424,0.7645280188175205,0,Instructed
518,118,0,0.7403073875924899,0.44346472000225245,0,Instructed
519,119,0,0.4023522454162552,0.635950600888527,0,Instructed
520,120,0,0.4071024042950628,0.6880023357548788,0,Instructed
521,121,0,0.1729334087670237,0.5046713144516846,0,Instructed
522,122,0,0.4067021368586841,0.6027438176268503,0,Instructed
523,123,0,0.10326085946505356,0.5394034592191375,0,Instructed
524,124,0,0.5104021775807694,0.46479877336291553,0,Instructed
525,125,0,0.20793107229741148,0.4861909648037856,0,Instructed
526,126,0,0.6918475012894144,0.6580317307258797,0,Instructed
527,127,0,0.014252987178785682,0.6535239157322325,0,Instructed
528,128,0,0.332532088451759,0.4775649026276818,0,Instructed
529,129,0,0.09768378585609111,0.7107061119667408,0,Instructed
530,130,0,0.02827271298769219,0.7693188259727105,0,Instructed
531,131,0,0.897540515356779,0.3968310605304767,0,Instructed
532,132,0,0.43476392453835927,0.5305377704570186,0,Instructed
533,133,0,0.9421592724717616,0.6022270758194884,0,Instructed
534,134,0,0.8963065063115179,0.7934854462441099,0,Instructed
535,135,0,0.48900013406209836,0.6583220300472652,0,Instructed
536,136,0,0.08788410923918412,0.5280055132990289,0,Instructed
537,137,0,0.360797553200429,0.5687927216013959,0,Instructed
538,138,0,0.8132161200990293,0.47094460541059535,0,Instructed
539,139,0,0.41655155948532263,0.6435762116702892,0,Instructed
540,140,0,0.05762265121796054,0.7014439135418955,0,Instructed
541,141,0,0.343329458682268,0.4164041997056416,0,Instructed
542,142,0,0.09230252723421496,0.5066452279250436,0,Instructed
543,143,0,0.9210843195529665,0.4258940566433312,0,Instructed
544,144,0,0.183377073866034,0.602161946342386,0,Instructed
545,145,0,0.23365207440703195,0.5056380571910666,0,Instructed
546,146,0,0.7765814664534834,0.3756640836269659,0,Instructed
547,147,0,0.40342603904028546,0.5855067204022373,0,Instructed
548,148,0,0.4492886893223764,0.523109655105614,0,Instructed
549,149,0,0.5156606809148849,0.5501492797697789,0,Instructed
550,150,0,0.43120239381646897,0.5240619819630724,0,Instructed
551,151,0,0.44762382015728663,0.5528562775541584,0,Instructed
552,152,0,0.9126294296940333,0.4590962718625585,0,Instructed
553,153,0,0.6466877474957473,0.48996398905389216,0,Instructed
554,154,0,0.6606438942872326,0.49876478029602644,0,Instructed
555,155,0,0.6954781569172412,0.42050669566962096,0,Instructed
556,156,0,0.861196231632966,0.3990637170058853,0,Instructed
557,157,0,0.5384842150648772,0.3963287689592682,0,Instructed
558,158,0,0.5522261958473241,0.6157673039833701,0,Instructed
559,159,0,0.6057489959558454,0.4535305784855819,0,Instructed
560,160,0,0.041416996016997915,0.5356817898475583,0,Instructed
561,161,0,0.24693867031990874,0.9315396017589431,0,Instructed
562,162,0,0.7660888384359161,0.6458559228133733,0,Instructed
563,163,0,0.9541926055213128,0.5295989344889726,0,Instructed
564,164,0,0.3884024696289787,0.4272216397533616,0,Instructed
565,165,0,0.8891188878038765,0.4820553872475173,0,Instructed
566,166,0,0.2600194699092805,0.4914402062313241,0,Instructed
567,167,0,0.12397240369289406,0.4770238845514567,0,Instructed
568,168,0,0.13025654848366036,0.4730685473506412,0,Instructed
569,169,0,0.6516407771068278,0.4304458186884451,0,Instructed
570,170,0,0.6778274053944005,0.3110996435812209,0,Instructed
571,171,0,0.46737251268932833,0.3853061676892492,0,Instructed
572,172,0,0.6255459873643244,0.7249296682340896,0,Instructed
573,173,0,0.7862973413002708,0.4651006743600832,0,Instructed
574,174,0,0.9048586705184669,0.5148827392421162,0,Instructed
575,175,0,0.743964232135741,0.36371353588956057,0,Instructed
576,176,0,0.9033531902001947,0.4769915574112513,0,Instructed
577,177,0,0.41602455701842456,0.35644978476186884,0,Instructed
578,178,0,0.8825720455548127,0.3514010006711336,0,Instructed
579,179,0,0.599917689348785,0.4747471564206437,0,Instructed
580,180,0,0.04799729085910889,0.5189350993524613,0,Instructed
581,181,0,0.7807889163413217,0.3754159439669613,0,Instructed
582,182,0,0.8510625672245727,0.310749040759193,0,Instructed
583,183,0,0.4607176616350994,0.5168310052305429,0,Instructed
584,184,0,0.7244147630504636,0.6910488798696801,0,Instructed
585,185,0,0.5280495638255882,0.41198464528363354,0,Instructed
586,186,0,0.6584902389788895,0.6123197873899497,0,Instructed
587,187,0,0.4988503623845983,0.751939716236564,0,Instructed
588,188,0,0.26512856266500073,0.42041828871558384,0,Instructed
589,189,0,0.42779609745404285,0.6555085441159977,0,Instructed
590,190,0,0.6305996181094933,0.500902279917939,0,Instructed
591,191,0,0.3197048053963416,0.5635555978809691,0,Instructed
592,192,0,0.2685472064214507,0.49380265762932096,0,Instructed
593,193,0,0.5595706129260503,0.3840376912167187,0,Instructed
594,194,0,0.2852981996527705,0.42951493447039524,0,Instructed
595,195,0,0.6905696314648329,0.9152912331476388,0,Instructed
596,196,0,0.20112102938433538,0.49733629278347297,0,Instructed
597,197,0,0.07197138092618144,0.612891280914877,0,Instructed
598,198,0,0.6911715068689325,0.40351228545889856,0,Instructed
599,199,0,0.48992785478175566,0.5028167292885232,0,Instructed
600,0,0,0.4842405544964494,0.8281459593829451,1,Blocked
601,1,0,0.9152221635480227,0.4384000155641259,1,Blocked
602,2,0,0.8755884699314277,0.3710925868163828,1,Blocked
603,3,0,0.6391686872248665,0.6799788497323045,1,Blocked
604,4,0,0.11835193178296297,0.6569820146366391,1,Blocked
605,5,0,0.2675000322979481,0.5921772922244588,1,Blocked
606,6,0,0.7140792063854349,0.36065603173988964,1,Blocked
607,7,0,0.6312046438041474,0.704766142500653,1,Blocked
608,8,0,0.6839187232911323,0.4800305715981561,1,Blocked
609,9,0,0.3852882068013975,0.5698463646408629,1,Blocked
610,10,0,0.25332003523894986,0.571691774751145,1,Blocked
611,11,0,0.5925447079345051,0.4990408679297291,1,Blocked
612,12,0,0.37083339038431706,0.6386448474555763,1,Blocked
613,13,0,0.4196396936739045,0.5257648750762723,1,Blocked
614,14,0,0.646023630140929,0.4332358799068355,1,Blocked
615,15,0,0.5171056856344206,0.5064602235617891,1,Blocked
616,16,0,0.4763662599544609,0.5426690894240676,1,Blocked
617,17,0,0.6870507840393232,0.6093462385940256,1,Blocked
618,18,0,0.10711494555040114,0.7396577896401697,1,Blocked
619,19,0,0.3911156836968086,0.42423667576833424,1,Blocked
620,20,0,0.6177067780115085,0.7265094333386255,1,Blocked
621,21,0,0.6393997147855454,0.4983613278543946,1,Blocked
622,22,0,0.8237360446916411,0.6055866852625138,1,Blocked
623,23,0,0.9039390052063407,0.5266076307975001,1,Blocked
624,24,0,0.5826646705702951,0.5500216910797491,1,Blocked
625,25,0,0.5590437523081323,0.6882646097644141,1,Blocked
626,26,0,0.7427856805424315,0.5547000113531181,1,Blocked
627,27,0,0.4977740596000984,0.7725244272561513,1,Blocked
628,28,0,0.616531136710799,0.6612550791310491,1,Blocked
629,29,0,0.9533640931199896,0.3571009024495171,1,Blocked
630,30,0,0.9420089705066801,0.7464214937381779,1,Blocked
631,31,0,0.9188472885305845,0.542552855328085,1,Blocked
632,32,0,0.9996010768705302,0.7331309267089554,1,Blocked
633,33,0,0.8014502130848318,0.7416204355884277,1,Blocked
634,34,0,0.7121323543701756,0.645771497979831,1,Blocked
635,35,0,0.49539933610349296,0.4938737433039569,1,Blocked
636,36,0,0.8241322801745616,0.491353609943567,1,Blocked
637,37,0,0.9331211510948043,0.5466742548289987,1,Blocked
638,38,0,0.6982938877777252,0.5889049425215587,1,Blocked
639,39,0,0.9815964738184102,0.39036464176461816,1,Blocked
640,40,0,0.3422123349510658,0.6284220348087561,1,Blocked
641,41,0,0.3043107818740496,0.5240352214364355,1,Blocked
642,42,0,0.4496499008400438,0.44265390649735403,1,Blocked
643,43,0,0.30556244826320467,0.5207964789106332,1,Blocked
644,44,0,0.33281385760922827,0.48387493865370146,1,Blocked
645,45,0,0.4730349390537257,0.7436594274496847,1,Blocked
646,46,0,0.9203938329155796,0.7076166663094281,1,Blocked
647,47,0,0.5528643340839032,0.7168673211704713,1,Blocked
648,48,0,0.3886146954313243,0.5034713918638668,1,Blocked
649,49,0,0.7583066625236452,0.6610381980164396,1,Blocked
650,50,0,0.9838406771053281,0.6185269953946392,1,Blocked
651,51,0,0.007414078977036998,0.82034855808979,1,Blocked
652,52,0,0.6780094356032332,0.4973870831277998,1,Blocked
653,53,0,0.20589997134730395,0.47298049477776005,1,Blocked
654,54,0,0.5638020132092894,0.5726362313398503,1,Blocked
655,55,0,0.7141650896918182,0.7818127789708611,1,Blocked
656,56,0,0.11886550928072295,0.5818872338946781,1,Blocked
657,57,0,0.7364640296223639,0.7370103426994822,1,Blocked
658,58,0,0.19105001009145878,0.6981010650388723,1,Blocked
659,59,0,0.3835834250479364,0.6397726850819974,1,Blocked
660,60,0,0.38425903845286385,0.5173523908226345,1,Blocked
661,61,0,0.7782964544771704,0.6845409931158902,1,Blocked
662,62,0,0.9825546758697299,0.6144388618990877,1,Blocked
663,63,0,0.4526869541501191,0.7774440841026238,1,Blocked
664,64,0,0.3621978898575238,0.6272610568005528,1,Blocked
665,65,0,0.9596206253961492,0.6827968046029658,1,Blocked
666,66,0,0.8885600927290286,0.5008292294512234,1,Blocked
667,67,0,0.12617161175799052,0.5173786223025056,1,Blocked
668,68,0,0.484837987268649,0.4536792240622407,1,Blocked
669,69,0,0.5421507432172112,0.49756843063444184,1,Blocked
670,70,0,0.13096424871481038,0.660796310511887,1,Blocked
671,71,0,0.3995180392762998,0.5412338666532557,1,Blocked
672,72,0,0.8498759721623523,0.5808511899884099,1,Blocked
673,73,0,0.30126625999762474,0.4215083257087913,1,Blocked
674,74,0,0.4514244539849961,0.6920322643471791,1,Blocked
675,75,0,0.9541361931337085,0.5129891813814438,1,Blocked
676,76,0,0.25339736790720613,0.5497103478005212,1,Blocked
677,77,0,0.1330766670089552,0.46586441226559633,1,Blocked
678,78,0,0.7566946632333047,0.6382254529410578,1,Blocked
679,79,0,0.5045666984515624,0.5833889678969771,1,Blocked
680,80,0,0.9215433720427071,0.6407404784954591,1,Blocked
681,81,0,0.405629474698436,0.5941887234574658,1,Blocked
682,82,0,0.5961739957093051,0.5710789678298877,1,Blocked
683,83,0,0.07282997875959638,0.9036080061041724,1,Blocked
684,84,0,0.35787675408087105,0.663499599954912,1,Blocked
685,85,0,0.8348879628849875,0.5325812190029459,1,Blocked
686,86,0,0.8650836226855461,0.41603903856415586,1,Blocked
687,87,0,0.4358328788713512,0.568021783155833,1,Blocked
688,88,0,0.7611442677558757,0.4908627827678213,1,Blocked
689,89,0,0.3413784795540919,0.6648067530660502,1,Blocked
690,90,0,0.4884413785921786,0.6878535929908671,1,Blocked
691,91,0,0.2923328223276831,0.6344775571542494,1,Blocked
692,92,0,0.17879755910883138,0.5514004028844777,1,Blocked
693,93,0,0.23852331241264907,0.7497019012240365,1,Blocked
694,94,0,0.38768336623225963,0.579331317051742,1,Blocked
695,95,0,0.46545654342657394,0.6999270479760835,1,Blocked
696,96,0,0.6448274820186221,0.5534134588767605,1,Blocked
697,97,0,0.23645117060956092,0.5163450611380315,1,Blocked
698,98,0,0.4360945020771987,0.5958728197842319,1,Blocked
699,99,0,0.5235501609318277,0.47195562690969095,1,Blocked
700,100,0,0.5753745768796703,0.7212748996932714,1,Blocked
701,101,0,0.8588246563952255,0.47115289989423226,1,Blocked
702,102,0,0.9672551747526306,0.6327948004651831,1,Blocked
703,103,0,0.7412212284550888,0.35694646439136374,1,Blocked
704,104,0,0.7947019619656068,0.4848860898808479,1,Blocked
705,105,0,0.46838882963477635,0.7892457958784758,1,Blocked
706,106,0,0.8044408326450508,0.42342208872439024,1,Blocked
707,107,0,0.42860182963723475,0.7294336618045065,1,Blocked
708,108,0,0.7657863356015393,0.6310531293867803,1,Blocked
709,109,0,0.9556969026367109,0.47855510026505765,1,Blocked
710,110,0,0.48200502918115223,0.79568673029497,1,Blocked
711,111,0,0.499640110086796,0.5102731889005164,1,Blocked
712,112,0,0.22918048201459956,0.5308636603979355,1,Blocked
713,113,0,0.8740029185170083,0.6032587996053418,1,Blocked
714,114,0,0.9676483172182324,0.2733291323534215,1,Blocked
715,115,0,0.0577878350261066,0.6814637220788561,1,Blocked
716,116,0,0.6396526063654537,0.7625169029046899,1,Blocked
717,117,0,0.46705904166631185,0.452061772147365,1,Blocked
718,118,0,0.31349667747436566,0.6627537327091395,1,Blocked
719,119,0,0.39070120500261296,0.5735673604640847,1,Blocked
720,120,0,0.6926681225268501,0.543216768065206,1,Blocked
721,121,0,0.47992811069275504,0.4897281507574045,1,Blocked
722,122,0,0.15681053740338707,0.5416783885562877,1,Blocked
723,123,0,0.16198818512595387,0.6564111554763095,1,Blocked
724,124,0,0.7055069966119332,0.5054260238959328,1,Blocked
725,125,0,0.3695988526792754,0.8210928712909025,1,Blocked
726,126,0,0.06016867275611905,0.7151949466537777,1,Blocked
727,127,0,0.832060118087672,0.7484239012048771,1,Blocked
728,128,0,0.658677049075713,0.5442476117724224,1,Blocked
729,129,0,0.9750573459533222,0.6322007102256315,1,Blocked
730,130,0,0.01287878433888034,0.5269598247567538,1,Blocked
731,131,0,0.8767368837532935,0.6271891029418686,1,Blocked
732,132,0,0.69995778370743,0.433006805678322,1,Blocked
733,133,0,0.10392119178992004,0.5992076052031747,1,Blocked
734,134,0,0.4237353771588436,0.6514640915556916,1,Blocked
735,135,0,0.9506115674274231,0.471571381304188,1,Blocked
736,136,0,0.8893282602454031,0.5745720787399056,1,Blocked
737,137,0,0.8580419212045995,0.49237724619829326,1,Blocked
738,138,0,0.21284138441140055,0.5065763827767455,1,Blocked
739,139,0,0.7442058290027818,0.49559969069178467,1,Blocked
740,140,0,0.19082119956534355,0.6571219907429118,1,Blocked
741,141,0,0.8102337374733404,0.624312275918214,1,Blocked
742,142,0,0.8829810458714471,0.5249095111175761,1,Blocked
743,143,0,0.3493255855028058,0.6457159761932145,1,Blocked
744,144,0,0.6856590060811569,0.5773744166643794,1,Blocked
745,145,0,0.433780782168275,0.6059094258680204,1,Blocked
746,146,0,0.45509458585135254,0.46075149073079213,1,Blocked
747,147,0,0.3609066349298453,0.7454833012052191,1,Blocked
748,148,0,0.4828898937025806,0.5906387513327988,1,Blocked
749,149,0,0.5422239449393478,0.517871487011626,1,Blocked
750,150,0,0.9447435037600908,0.45370712725517376,1,Blocked
751,151,0,0.9504210544319485,0.4681425157591542,1,Blocked
752,152,0,0.7662851821765677,0.4040561411328173,1,Blocked
753,153,0,0.6841820216220453,0.653817697542134,1,Blocked
754,154,0,0.776879030847093,0.5000235583615388,1,Blocked
755,155,0,0.17066860312789334,0.6944247425503469,1,Blocked
756,156,0,0.8342054169196249,0.469739253275954,1,Blocked
757,157,0,0.14835484378403999,0.6917486281822796,1,Blocked
758,158,0,0.543297068637298,0.6188304578683036,1,Blocked
759,159,0,0.4539899189333702,0.6350491705196841,1,Blocked
760,160,0,0.44368859345150174,0.628594903447077,1,Blocked
761,161,0,0.5346150944016932,0.4728575557633917,1,Blocked
762,162,0,0.29871679950053265,0.6814405799757592,1,Blocked
763,163,0,0.42532070005937483,0.6293071585200357,1,Blocked
764,164,0,0.5771959643172715,0.570873439207653,1,Blocked
765,165,0,0.6222301417967179,0.4664463385883443,1,Blocked
766,166,0,0.8935993057355396,0.4786040577664068,1,Blocked
767,167,0,0.4832721562729082,0.4394317495236009,1,Blocked
768,168,0,0.5007228185468163,0.7990078933402113,1,Blocked
769,169,0,0.5871412102963585,0.5850057523954927,1,Blocked
770,170,0,0.9370145008457595,0.5362089237553934,1,Blocked
771,171,0,0.497068913829681,0.7030794778770587,1,Blocked
772,172,0,0.463828240325111,0.895443380851954,1,Blocked
773,173,0,0.2177994810207245,0.6489469190418934,1,Blocked
774,174,0,0.8595997444462304,0.3483880956828879,1,Blocked
775,175,0,0.9692432799103088,0.5426744767534054,1,Blocked
776,176,0,0.01413538142186285,0.6436947218624658,1,Blocked
777,177,0,0.45398502442226774,0.774029716196635,1,Blocked
778,178,0,0.5406670228600048,0.6780277605940007,1,Blocked
779,179,0,0.14605550201576764,0.8935572776163115,1,Blocked
780,180,0,0.5630691066062569,0.5582160200014892,1,Blocked
781,181,0,0.669281667064561,0.43856719358841445,1,Blocked
782,182,0,0.514920999354797,0.6824076186193903,1,Blocked
783,183,0,0.26766789674410857,0.48401430886451746,1,Blocked
784,184,0,0.46910191715982147,0.6068137174550261,1,Blocked
785,185,0,0.4572630048237233,0.3784432638784805,1,Blocked
786,186,0,0.32872875711544614,0.6204328505096799,1,Blocked
787,187,0,0.8568172424059188,0.6029213684778538,1,Blocked
788,188,0,0.14455180593301065,0.6541713672983623,1,Blocked
789,189,0,0.904160357888818,0.40904429554877086,1,Blocked
790,190,0,0.5655018466209797,0.6958472899971407,1,Blocked
791,191,0,0.6555720720576751,0.4891337368881319,1,Blocked
792,192,0,0.8577535389723148,0.5360623040435322,1,Blocked
793,193,0,0.3599783010944145,0.5781925461095265,1,Blocked
794,194,0,0.8017345776240741,0.5147207401052516,1,Blocked
795,195,0,0.2724045338320232,0.42966576885473684,1,Blocked
796,196,0,0.6313036103593666,0.6647604018986677,1,Blocked
797,197,0,0.2722648694565699,0.7000365597393201,1,Blocked
798,198,0,0.5826138775536065,0.545849720748545,1,Blocked
799,199,0,0.7273051153939584,0.4846658058421149,1,Blocked
800,0,0,0.8160989363364051,0.6960571143212353,1,Interleaved
801,1,0,0.2448324952385157,0.9592160801115235,1,Interleaved
802,2,0,0.19735062698075645,0.6352948559422619,1,Interleaved
803,3,0,0.9970440315817481,0.5333404926649384,1,Interleaved
804,4,0,0.672953435232152,0.7605265501858188,1,Interleaved
805,5,0,0.9042738763643146,0.7382533566517379,1,Interleaved
806,6,0,0.5303095482191084,0.5598932495780033,1,Interleaved
807,7,0,0.014072279953033064,0.8256995315040472,1,Interleaved
808,8,0,0.6419801220856074,0.4335309740354981,1,Interleaved
809,9,0,0.3385611099190757,0.8037192776431847,1,Interleaved
810,10,0,0.5923829488082443,0.44772033252898547,1,Interleaved
811,11,0,0.8989354764031836,0.49655411475210465,1,Interleaved
812,12,0,0.37811834739421313,0.7637067716038256,1,Interleaved
813,13,0,0.3437942940429852,0.9112235649889788,1,Interleaved
814,14,0,0.4405242353110438,0.7591826286640935,1,Interleaved
815,15,0,0.07649153708781763,0.6427501107345222,1,Interleaved
816,16,0,0.6109850233850992,0.61943038922765,1,Interleaved
817,17,0,0.34013966984124616,0.6425057959686491,1,Interleaved
818,18,0,0.2542628491006256,0.6990726183068375,1,Interleaved
819,19,0,0.07968537944197118,0.7331186376673793,1,Interleaved
820,20,0,0.6418137848220304,0.3689355391804201,1,Interleaved
821,21,0,0.33959100651834295,0.3848534056302196,1,Interleaved
822,22,0,0.28543067591896815,0.5215707075441604,1,Interleaved
823,23,0,0.2500775834103577,0.6210944031297725,1,Interleaved
824,24,0,0.8614314717435909,0.5270267645422123,1,Interleaved
825,25,0,0.9683233123386625,0.6049639127245261,1,Interleaved
826,26,0,0.7656853839849662,0.46523509703370347,1,Interleaved
827,27,0,0.28582217574688495,0.7105227232987414,1,Interleaved
828,28,0,0.46008661279565605,0.6013329681232482,1,Interleaved
829,29,0,0.15037660717750448,0.6373463425126418,1,Interleaved
830,30,0,0.21039607754873538,0.6093449209793096,1,Interleaved
831,31,0,0.9045371551708297,0.4934691103034363,1,Interleaved
832,32,0,0.26249998667235885,0.6855355544092894,1,Interleaved
833,33,0,0.5026468004071546,0.45665129833155704,1,Interleaved
834,34,0,0.9610782230690736,0.6585279511106568,1,Interleaved
835,35,0,0.47779109990988455,0.5921440038232159,1,Interleaved
836,36,0,0.2188016430021555,0.7160558073522423,1,Interleaved
837,37,0,0.5136048679591259,0.587722207728629,1,Interleaved
838,38,0,0.6401328563008821,0.5458156619051671,1,Interleaved
839,39,0,0.053376623665662926,0.6364400210780106,1,Interleaved
840,40,0,0.57854758982091,0.565800400311662,1,Interleaved
841,41,0,0.551787880635655,0.5999720561575952,1,Interleaved
842,42,0,0.4423467543473465,0.7268592877355724,1,Interleaved
843,43,0,0.07915407354333402,0.7574869052265063,1,Interleaved
844,44,0,0.007151220543194291,0.6181714207652187,1,Interleaved
845,45,0,0.5624602422336633,0.5729979384148091,1,Interleaved
846,46,0,0.47510358105147943,0.5843411178737268,1,Interleaved
847,47,0,0.9542677663962016,0.677321261052167,1,Interleaved
848,48,0,0.539533237615541,0.5323309774464772,1,Interleaved
849,49,0,0.4746931491327161,0.5153041807321156,1,Interleaved
850,50,0,0.24738593215664456,0.4901533524011633,1,Interleaved
851,51,0,0.7090173095075067,0.4088753549744487,1,Interleaved
852,52,0,0.6642321122653139,0.5510678525401299,1,Interleaved
853,53,0,0.401750252458463,0.9463735709059143,1,Interleaved
854,54,0,0.11812335240805584,0.6618457745608362,1,Interleaved
855,55,0,0.7146387060065518,0.5658287995710903,1,Interleaved
856,56,0,0.7347105275392406,0.559742845281047,1,Interleaved
857,57,0,0.7602661525131746,0.7312685785425499,1,Interleaved
858,58,0,0.49170524427362006,0.42266000273630067,1,Interleaved
859,59,0,0.398805791121827,0.5540235391016153,1,Interleaved
860,60,0,0.30143199622742817,0.5875719669069578,1,Interleaved
861,61,0,0.27451139847609934,0.4908507397603966,1,Interleaved
862,62,0,0.47588115545630916,0.48448375982459635,1,Interleaved
863,63,0,0.3513651838541233,0.6030950433952182,1,Interleaved
864,64,0,0.49231762151102104,0.4308695542081309,1,Interleaved
865,65,0,0.7804823833795524,0.41934865105523617,1,Interleaved
866,66,0,0.8328416265635599,0.5547915290309791,1,Interleaved
867,67,0,0.6823199162030102,0.4330264471102623,1,Interleaved
868,68,0,0.4491913518937364,0.5289639987055476,1,Interleaved
869,69,0,0.7556487681952622,0.48390972444693603,1,Interleaved
870,70,0,0.5048820270761709,0.5052615021225606,1,Interleaved
871,71,0,0.1754375350625546,0.5728956701628878,1,Interleaved
872,72,0,0.7044216463118317,0.32298639406385166,1,Interleaved
873,73,0,0.7595649142928077,0.6855875829884458,1,Interleaved
874,74,0,0.3273049290519527,0.5707913287693013,1,Interleaved
875,75,0,0.33662277294811216,0.5569019653450938,1,Interleaved
876,76,0,0.4978500514403858,0.6229926371483459,1,Interleaved
877,77,0,0.10318775497350055,0.8907933036362654,1,Interleaved
878,78,0,0.5162638262734611,0.39401406253095017,1,Interleaved
879,79,0,0.839050959782581,0.6861719338900918,1,Interleaved
880,80,0,0.3280066208833281,0.5700218036713357,1,Interleaved
881,81,0,0.6618190925433077,0.5655892308569692,1,Interleaved
882,82,0,0.6286886935317566,0.5255967009260333,1,Interleaved
883,83,0,0.3909790925249032,0.4983808165198771,1,Interleaved
884,84,0,0.6230636957487106,0.6269335659694073,1,Interleaved
885,85,0,0.6845420851272779,0.5417907874229545,1,Interleaved
886,86,0,0.12632459865577364,0.7559486858972417,1,Interleaved
887,87,0,0.2643618666802952,0.7790298851236519,1,Interleaved
888,88,0,0.7489418687412439,0.5316954877187974,1,Interleaved
889,89,0,0.3597484662600601,0.6717872249341048,1,Interleaved
890,90,0,0.8519682073972721,0.626985005198686,1,Interleaved
891,91,0,0.4546554762225386,0.6698442978088169,1,Interleaved
892,92,0,0.39788718026714615,0.42744192615765775,1,Interleaved
893,93,0,0.7955741646263159,0.487330977112253,1,Interleaved
894,94,0,0.5662526923123578,0.5152204631496943,1,Interleaved
895,95,0,0.6507220256821022,0.7575725962665049,1,Interleaved
896,96,0,0.34181980583743454,0.5531005854924546,1,Interleaved
897,97,0,0.2603678740949253,1.0225136455449158,1,Interleaved
898,98,0,0.6573711453127136,0.5379857796390032,1,Interleaved
899,99,0,0.4581909855225691,0.6406985017341968,1,Interleaved
900,100,0,0.6497488874449079,0.549329334304818,1,Interleaved
901,101,0,0.8314866538642114,0.6895926844607727,1,Interleaved
902,102,0,0.3883317693645469,0.5196869733514241,1,Interleaved
903,103,0,0.682948309473067,0.4764456571215002,1,Interleaved
904,104,0,0.1419489189006425,0.5813536569356319,1,Interleaved
905,105,0,0.5106224305611246,0.40176674900627773,1,Interleaved
906,106,0,0.14151958998922606,0.6810329594282786,1,Interleaved
907,107,0,0.6771381723411263,0.5407488282573604,1,Interleaved
908,108,0,0.7860233945224564,0.6428118105872431,1,Interleaved
909,109,0,0.26291188700364476,0.4403161046413827,1,Interleaved
910,110,0,0.5060544370561053,0.7442971108975303,1,Interleaved
911,111,0,0.31457586216505745,0.4935826628313264,1,Interleaved
912,112,0,0.8850485497934895,0.6247945137069983,1,Interleaved
913,113,0,0.3750173696194613,0.6596349123635721,1,Interleaved
914,114,0,0.6546878273444428,0.529669439493401,1,Interleaved
915,115,0,0.029874452334127298,0.8551101588180376,1,Interleaved
916,116,0,0.06467083196122651,0.708269893850993,1,Interleaved
917,117,0,0.7688973083246577,0.4636308885098962,1,Interleaved
918,118,0,0.6403740787792713,0.4296598522212971,1,Interleaved
919,119,0,0.35881951334330137,0.5901814314180437,1,Interleaved
920,120,0,0.5106248070432091,0.4971103414378035,1,Interleaved
921,121,0,0.17908824663817158,0.5751467611921908,1,Interleaved
922,122,0,0.8552129578325876,0.5487536954857358,1,Interleaved
923,123,0,0.5349656137344292,0.5733584069469455,1,Interleaved
924,124,0,0.33886603641298674,0.6238011906061687,1,Interleaved
925,125,0,0.39062380621130266,0.604217368697184,1,Interleaved
926,126,0,0.5600305655550692,0.6307754518856468,1,Interleaved
927,127,0,0.7617332856692018,0.5843870716500041,1,Interleaved
928,128,0,0.10724657475596319,0.5620337946997179,1,Interleaved
929,129,0,0.4738514637309418,0.6427018570263356,1,Interleaved
930,130,0,0.8699803654684111,0.535640480573387,1,Interleaved
931,131,0,0.8341726157283373,0.4641329533933359,1,Interleaved
932,132,0,0.5476494610732601,0.8547329044116265,1,Interleaved
933,133,0,0.27284221570164274,0.7675327312832938,1,Interleaved
934,134,0,0.49312753373306656,0.5172727997527087,1,Interleaved
935,135,0,0.7618602029314057,0.38281533482505875,1,Interleaved
936,136,0,0.07187896148343736,0.6889304786486883,1,Interleaved
937,137,0,0.1361730615362883,0.6339831992665985,1,Interleaved
938,138,0,0.7825480845403346,0.6336170328280812,1,Interleaved
939,139,0,0.17852938708053503,0.5766451197313692,1,Interleaved
940,140,0,0.6464497222219467,0.5074414112344929,1,Interleaved
941,141,0,0.6045554268874614,0.6037626290689747,1,Interleaved
942,142,0,0.18840977460737518,0.7202358980258976,1,Interleaved
943,143,0,0.6159093642229487,0.5865756683987386,1,Interleaved
944,144,0,0.785129202440009,0.6187456719220712,1,Interleaved
945,145,0,0.12522003185006228,0.792634967682808,1,Interleaved
946,146,0,0.38870129768535894,0.5236757082026984,1,Interleaved
947,147,0,0.9674377376104759,0.634496634721146,1,Interleaved
948,148,0,0.848537937620896,0.3875084034061568,1,Interleaved
949,149,0,0.6343530005487416,0.6110841918468282,1,Interleaved
950,150,0,0.43338706570081154,0.46352118357735517,1,Interleaved
951,151,0,0.23025482609747167,0.6506246758194357,1,Interleaved
952,152,0,0.5077871233009993,0.5568516938232414,1,Interleaved
953,153,0,0.5612376653586649,0.4380921141694868,1,Interleaved
954,154,0,0.7374170417027536,0.5001621953183824,1,Interleaved
955,155,0,0.10835543263629963,0.41667636467401015,1,Interleaved
956,156,0,0.7574248800460603,0.6129088746678513,1,Interleaved
957,157,0,0.5158073603526389,0.5591787015717821,1,Interleaved
958,158,0,0.5705901241034016,0.762137198899682,1,Interleaved
959,159,0,0.4633733106642627,0.5848893798130883,1,Interleaved
960,160,0,0.29073000684072725,0.5629812659673412,1,Interleaved
961,161,0,0.44030534255503834,0.6966410315795507,1,Interleaved
962,162,0,0.4507415742189593,0.6020954284125611,1,Interleaved
963,163,0,0.8156180897907656,0.729510613639302,1,Interleaved
964,164,0,0.49854975131064094,0.5645222628507897,1,Interleaved
965,165,0,0.5069872112324476,0.7162886441199117,1,Interleaved
966,166,0,0.8156216654764112,0.5220328376325405,1,Interleaved
967,167,0,0.9499690878185199,0.45645344535766197,1,Interleaved
968,168,0,0.3192998807442756,0.4789831547374266,1,Interleaved
969,169,0,0.6483045527004779,0.336759507089661,1,Interleaved
970,170,0,0.0017610256082093378,0.7928175644518534,1,Interleaved
971,171,0,0.942205770692689,0.4796701931727273,1,Interleaved
972,172,0,0.5079182745393748,0.5277598533328696,1,Interleaved
973,173,0,0.09094921778370733,0.8288362778732234,1,Interleaved
974,174,0,0.5031571615425317,0.6912514887170536,1,Interleaved
975,175,0,0.19156007804700065,0.6513533500533397,1,Interleaved
976,176,0,0.8211134564863118,0.480453770856439,1,Interleaved
977,177,0,0.20207752248298638,0.7406840505784762,1,Interleaved
978,178,0,0.5354893746019399,0.5958258634780492,1,Interleaved
979,179,0,0.8524936877708011,0.600095682965838,1,Interleaved
980,180,0,0.8996912829415423,0.5625127628041611,1,Interleaved
981,181,0,0.7501732828171064,0.4437958992435648,1,Interleaved
982,182,0,0.3763872619015736,0.5118535326748948,1,Interleaved
983,183,0,0.6298732427472682,0.5765339799828562,1,Interleaved
984,184,0,0.20098164288653425,0.525769465602693,1,Interleaved
985,185,0,0.18708063774372288,0.5979962160098954,1,Interleaved
986,186,0,0.6374924954706879,0.5159460175380999,1,Interleaved
987,187,0,0.5222126814192484,0.6401530079056981,1,Interleaved
988,188,0,0.5540007638861387,0.5456578561039559,1,Interleaved
989,189,0,0.2717133129091208,0.5794646440145911,1,Interleaved
990,190,0,0.2515585092747218,0.591839945902555,1,Interleaved
991,191,0,0.5928118943621117,0.5757982430182684,1,Interleaved
992,192,0,0.8950056149353245,0.5107796888020613,1,Interleaved
993,193,0,0.6798107160627223,0.592738220636222,1,Interleaved
994,194,0,0.9160960680903358,0.5834046996166691,1,Interleaved
995,195,0,0.5061706744224655,0.6651822182517004,1,Interleaved
996,196,0,0.21506969254860306,0.6197399013826994,1,Interleaved
997,197,0,0.30427197264110256,0.5129045180087034,1,Interleaved
998,198,0,0.29046298245049407,0.7120833816214491,1,Interleaved
999,199,0,0.4315109707803257,0.6440107898127168,1,Interleaved
1000,0,0,0.3059035537492435,1.0193328308107494,1,Instructed
1001,1,0,0.7223327514289949,1.0453740465342072,1,Instructed
1002,2,0,0.10610165827757444,0.7828657030670032,1,Instructed
1003,3,0,0.6716231151045425,0.9051500587828187,1,Instructed
1004,4,0,0.9376695953684944,0.7372377824361707,1,Instructed
1005,5,0,0.7302691856689127,0.5651827715835507,1,Instructed
1006,6,0,0.3984389751729126,0.5259574280752555,1,Instructed
1007,7,0,0.6018577285064747,0.5737229664944936,1,Instructed
1008,8,0,0.6449448686879329,0.7291613765478413,1,Instructed
1009,9,0,0.1267759685784873,0.5661568824216778,1,Instructed
1010,10,0,0.0022209629605736744,0.6514815652499468,1,Instructed
1011,11,0,0.416887390096891,0.4236816776067086,1,Instructed
1012,12,0,0.08390838097823995,0.6058261583883593,1,Instructed
1013,13,0,0.9454593373829331,0.6416557209557031,1,Instructed
1014,14,0,0.43530415979865755,0.5698359828986621,1,Instructed
1015,15,0,0.5035628910271236,0.7701849604660617,1,Instructed
1016,16,0,0.8971157062106274,0.5642342060408541,1,Instructed
1017,17,0,0.3445500047362115,0.811484977802027,1,Instructed
1018,18,0,0.23839219772078335,0.5688918337240054,1,Instructed
1019,19,0,0.9767919988499699,0.4236307216236154,1,Instructed
1020,20,0,0.03986027041949278,0.5487958828016275,1,Instructed
1021,21,0,0.6614839559502208,0.39907847431817545,1,Instructed
1022,22,0,0.20545130993242172,0.4912293762799982,1,Instructed
1023,23,0,0.06264280261625077,0.3613895491794985,1,Instructed
1024,24,0,0.3031925296198711,0.6417591796837077,1,Instructed
1025,25,0,0.5092059949389061,0.4312912784655804,1,Instructed
1026,26,0,0.3310991517453876,0.46735482542965157,1,Instructed
1027,27,0,0.6526707422921034,0.6742806002068598,1,Instructed
1028,28,0,0.5079085542378825,0.5667421941852047,1,Instructed
1029,29,0,0.8564252460123787,0.4972825615628099,1,Instructed
1030,30,0,0.8651075319585422,0.622868958649456,1,Instructed
1031,31,0,0.24526724765034075,0.39291363320984174,1,Instructed
1032,32,0,0.7572549579727632,0.4868464447244433,1,Instructed
1033,33,0,0.4195701356673569,0.5133600225449785,1,Instructed
1034,34,0,0.5509789127626545,0.45511534057732045,1,Instructed
1035,35,0,0.49507027326547065,0.4183207276075818,1,Instructed
1036,36,0,0.6394135146389571,0.5122168915376253,1,Instructed
1037,37,0,0.5895892342705169,0.3527601689539557,1,Instructed
1038,38,0,0.403141314494497,0.7844952633522118,1,Instructed
1039,39,0,0.4519889286955918,0.6991381474703535,1,Instructed
1040,40,0,0.6484834832200632,0.3966088918874553,1,Instructed
1041,41,0,0.8915727218496379,0.6523948552037782,1,Instructed
1042,42,0,0.47493256888875923,0.4955211733647542,1,Instructed
1043,43,0,0.3484770372863092,0.46900873899349904,1,Instructed
1044,44,0,0.6644861649108602,0.47344056756714364,1,Instructed
1045,45,0,0.07277622216952465,0.6430825393902841,1,Instructed
1046,46,0,0.6414053139157665,0.36703420884067345,1,Instructed
1047,47,0,0.9391264316447614,0.4097637166612392,1,Instructed
1048,48,0,0.5972859556942554,0.5475651240674827,1,Instructed
1049,49,0,0.534812036111198,0.47720672975773104,1,Instructed
1050,50,0,0.17892816433759343,0.5168722963154072,1,Instructed
1051,51,0,0.8621615607608566,0.6948882185638476,1,Instructed
1052,52,0,0.32642725642025,0.28575130079087196,1,Instructed
1053,53,0,0.4511895649741675,0.48377596800971057,1,Instructed
1054,54,0,0.4695590163298703,0.5807316359362086,1,Instructed
1055,55,0,0.1836736564919351,0.5509728379762521,1,Instructed
1056,56,0,0.8853603381579213,0.5421576547536131,1,Instructed
1057,57,0,0.9971421450613727,0.5272562290770024,1,Instructed
1058,58,0,0.3138672018512311,0.7509536392516353,1,Instructed
1059,59,0,0.24207573855654638,0.6104854183425743,1,Instructed
1060,60,0,0.6078231714256492,0.5544243514815036,1,Instructed
1061,61,0,0.9686832915873859,0.64579419486259,1,Instructed
1062,62,0,0.13614840837573028,0.4065056152202654,1,Instructed
1063,63,0,0.4925463690354969,0.4042543003808261,1,Instructed
1064,64,0,0.7187419419323335,0.5272599726870277,1,Instructed
1065,65,0,0.5589832183129186,0.42556203960272343,1,Instructed
1066,66,0,0.996256953710089,1.5942503429585173,1,Instructed
1067,67,0,0.9326160617504162,0.3902760512449869,1,Instructed
1068,68,0,0.5178895248069503,0.7990827710021926,1,Instructed
1069,69,0,0.2393476557720207,0.6386014022590172,1,Instructed
1070,70,0,0.7899692121643547,0.4989838408537966,1,Instructed
1071,71,0,0.7205339561432273,0.3843589142123952,1,Instructed
1072,72,0,0.5191808883173303,0.7875717832665884,1,Instructed
1073,73,0,0.5272419281232164,0.634539525054008,1,Instructed
1074,74,0,0.5670838839792779,0.3870525243916536,1,Instructed
1075,75,0,0.9459807184838321,0.48178653488593876,1,Instructed
1076,76,0,0.1837044216121071,0.44323091074430965,1,Instructed
1077,77,0,0.9999999520270678,1.192152407080553,1,Instructed
1078,78,0,0.7262337436903985,0.4488669565318732,1,Instructed
1079,79,0,0.5045068544747153,0.47616514221428874,1,Instructed
1080,80,0,0.6868277612965834,0.35655503124445176,1,Instructed
1081,81,0,0.573264826862484,0.29015378904621497,1,Instructed
1082,82,0,0.28632982515863037,0.3457340441664126,1,Instructed
1083,83,0,0.525715683612269,0.6152195569327362,1,Instructed
1084,84,0,0.24793425974416158,0.381003968987203,1,Instructed
1085,85,0,0.4565687630311064,0.42210096273709824,1,Instructed
1086,86,0,0.3425465130272034,0.452595295071488,1,Instructed
1087,87,0,0.5521083070905989,0.4797821185958814,1,Instructed
1088,88,0,0.20408817113929287,0.42027023765079785,1,Instructed
1089,89,0,0.5637969389312542,0.47660654810157643,1,Instructed
1090,90,0,0.8470563378883487,0.4187477254492177,1,Instructed
1091,91,0,0.3417507391982987,0.5054071446652582,1,Instructed
1092,92,0,0.6635938457370488,0.458079336099839,1,Instructed
1093,93,0,0.3902264492244141,0.6414267872330248,1,Instructed
1094,94,0,0.1496679917120426,0.44455211511323733,1,Instructed
1095,95,0,0.5886367060950118,0.5096891713735706,1,Instructed
1096,96,0,0.23418203456898204,0.5533536434219516,1,Instructed
1097,97,0,0.2081985760814793,0.4654948819441302,1,Instructed
1098,98,0,0.001158566376512846,0.8543506917522187,1,Instructed
1099,99,0,0.6789734167219851,0.5233871765269202,1,Instructed
1100,100,0,0.475220518017355,0.5086554328123085,1,Instructed
1101,101,0,0.8467556808874062,0.4002119231559013,1,Instructed
1102,102,0,0.5356529452411736,0.4578016379760811,1,Instructed
1103,103,0,0.6931522799551681,0.8993651583456246,1,Instructed
1104,104,0,0.3791602130270901,0.5671131324816205,1,Instructed
1105,105,0,0.6671369550011721,0.6310319609020971,1,Instructed
1106,106,0,0.8593479943238221,0.4006645688938777,1,Instructed
1107,107,0,0.3461108876353296,0.5894267699482247,1,Instructed
1108,108,0,0.3533782908226025,0.5621772054948011,1,Instructed
1109,109,0,0.6475046054898259,0.5664293664887957,1,Instructed
1110,110,0,0.8027894862835687,0.420798199366934,1,Instructed
1111,111,0,0.9002979452322359,0.5158296206163824,1,Instructed
1112,112,0,0.26068577758784284,0.6680553758591197,1,Instructed
1113,113,0,0.9703485863868582,0.49503936219408506,1,Instructed
1114,114,0,0.49977681565179416,0.8464000197514719,1,Instructed
1115,115,0,0.22218404827534413,0.4837138356059426,1,Instructed
1116,116,0,0.45139741795018673,0.5707987365561369,1,Instructed
1117,117,0,0.8056349896773114,0.3338795681436085,1,Instructed
1118,118,0,0.5515219378009084,0.5856116218677507,1,Instructed
1119,119,0,0.7640347591137013,0.612660716397565,1,Instructed
1120,120,0,0.5487986904847433,0.6304477886146064,1,Instructed
1121,121,0,0.5684237734197742,0.39887139498456037,1,Instructed
1122,122,0,0.09450028477484304,0.4948298828731636,1,Instructed
1123,123,0,0.39980083724433124,0.5591196037719465,1,Instructed
1124,124,0,0.3549340783374532,0.5480339656588139,1,Instructed
1125,125,0,0.4331299926308544,0.4367571284798939,1,Instructed
1126,126,0,0.12835529455630898,0.523506454201188,1,Instructed
1127,127,0,0.43421496813719823,0.559638433183249,1,Instructed
1128,128,0,0.513593284349104,0.3900630469855535,1,Instructed
1129,129,0,0.6364639327185628,0.5052602395194898,1,Instructed
1130,130,0,0.4941906358550777,0.5427100551414132,1,Instructed
1131,131,0,0.6156821032339088,0.478628380395996,1,Instructed
1132,132,0,0.5151614274940455,0.6940339367779008,1,Instructed
1133,133,0,0.31747842708205554,0.6877082628055164,1,Instructed
1134,134,0,0.488730145750867,0.4814793863494048,1,Instructed
1135,135,0,0.6072444032162999,0.5701328689574607,1,Instructed
1136,136,0,0.9230232071622394,0.6451518579850724,1,Instructed
1137,137,0,0.22709296492332065,0.5086552051386364,1,Instructed
1138,138,0,0.13913529817906473,0.5970649096866929,1,Instructed
1139,139,0,0.8062330570891613,0.5392124771223625,1,Instructed
1140,140,0,0.5050286915845689,0.5018822660278949,1,Instructed
1141,141,0,0.9965921488389619,0.41127695074121606,1,Instructed
1142,142,0,0.7565274739277374,0.3648709715885925,1,Instructed
1143,143,0,0.5052112106389389,0.581948085718498,1,Instructed
1144,144,0,0.3864774502691324,0.48291235157260026,1,Instructed
1145,145,0,0.8068484307211554,0.5305302293696533,1,Instructed
1146,146,0,0.7851454515755556,0.49805922193013075,1,Instructed
1147,147,0,0.3917209752630095,0.45307330906369936,1,Instructed
1148,148,0,0.9555839084464129,0.4404317582397593,1,Instructed
1149,149,0,0.2347686778559954,0.5716092562926471,1,Instructed
1150,150,0,0.03905112132405882,0.5035461231050654,1,Instructed
1151,151,0,0.3989884445205898,0.42497433130397927,1,Instructed
1152,152,0,0.9149482196029117,0.2769077441215625,1,Instructed
1153,153,0,0.30097555511835566,0.3318075037129429,1,Instructed
1154,154,0,0.7458785067698934,0.32893213684294687,1,Instructed
1155,155,0,0.39173386143092825,0.3930207901315278,1,Instructed
1156,156,0,0.32890423899617394,0.5347126739183412,1,Instructed
1157,157,0,0.6022558157648692,0.6672358549841121,1,Instructed
1158,158,0,0.15025707377374967,0.5279119827943425,1,Instructed
1159,159,0,0.7172836015383319,0.6573007525037293,1,Instructed
1160,160,0,0.8994571988523004,0.32601090603885585,1,Instructed
1161,161,0,0.06601633136601337,0.5213201287674998,1,Instructed
1162,162,0,0.2633095082125919,0.5109978670518756,1,Instructed
1163,163,0,0.07632716037888063,0.539076768802428,1,Instructed
1164,164,0,0.7731278724895192,0.8414910977544263,1,Instructed
1165,165,0,0.011704651294560085,0.5060466530808322,1,Instructed
1166,166,0,0.5120213265413738,0.5075290874761546,1,Instructed
1167,167,0,0.08930827449972348,0.5523636114882648,1,Instructed
1168,168,0,0.1069336891870522,0.8103338805695874,1,Instructed
1169,169,0,0.708580113158252,0.42752694936679536,1,Instructed
1170,170,0,0.7131666809164299,0.5599459720492037,1,Instructed
1171,171,0,0.8528360005226436,0.39235107125186963,1,Instructed
1172,172,0,0.8821645761460345,0.5128503205407294,1,Instructed
1173,173,0,0.9291485429939446,0.4306692514016973,1,Instructed
1174,174,0,0.7916742212888311,0.7068243841986918,1,Instructed
1175,175,0,0.5287439235989062,0.39202963566748383,1,Instructed
1176,176,0,0.5384337065502894,0.7572654881013114,1,Instructed
1177,177,0,0.6106671408441808,0.28882052979386696,1,Instructed
1178,178,0,0.8593551972272311,0.37508579705018874,1,Instructed
1179,179,0,0.37810747663473465,0.6595565885790593,1,Instructed
1180,180,0,0.32475711971501,0.5813503122389146,1,Instructed
1181,181,0,0.3363445133870949,0.6477403613278745,1,Instructed
1182,182,0,0.7394071534642763,0.41586573661474613,1,Instructed
1183,183,0,0.5095103641035259,0.7538776131886457,1,Instructed
1184,184,0,0.6724894623128017,0.5457068093704769,1,Instructed
1185,185,0,0.5659567783912952,0.6083454864943761,1,Instructed
1186,186,0,0.504299300314649,0.4275519209363765,1,Instructed
1187,187,0,0.8330550776003034,0.37405954752708853,1,Instructed
1188,188,0,0.47727507581430584,0.5641537668423304,1,Instructed
1189,189,0,0.5172093591965168,0.42652380705417225,1,Instructed
1190,190,0,0.3184216499342884,0.6041589902912299,1,Instructed
1191,191,0,0.06315666892327167,0.5824467146250456,1,Instructed
1192,192,0,0.43783614878719174,0.6441691631491668,1,Instructed
1193,193,0,0.8577531698474445,0.45034590345309033,1,Instructed
1194,194,0,0.43967681676679476,0.4924763360138781,1,Instructed
1195,195,0,0.33572670873685073,0.6648038101121103,1,Instructed
1196,196,0,0.4472231711284118,0.3705693528675251,1,Instructed
1197,197,0,0.6050191666783159,0.5174568367828458,1,Instructed
1198,198,0,0.7551057084156152,0.5125320236824001,1,Instructed
1199,199,0,0.2821014849658309,0.40173137068867537,1,Instructed
