,t,e_hat,Accuracy,pe,batch,Condition
0,0,0,0.4932163012645542,0.8423984718639421,0,Blocked
1,1,0,0.996478074766218,0.6413206401570996,0,Blocked
2,2,0,0.6537800057883937,0.6710131394676013,0,Blocked
3,3,0,0.20614448921114883,0.612030612467594,0,Blocked
4,4,0,0.5152600610537034,0.6271048292068848,0,Blocked
5,5,0,0.5137131811539102,0.41104167435440336,0,Blocked
6,6,0,0.5257341149172946,0.41186618128913943,0,Blocked
7,7,0,0.46748508710814113,0.5280639806960152,0,Blocked
8,8,0,0.501215147911522,0.4757233698034339,0,Blocked
9,9,0,0.4143031216002831,0.5764971041604208,0,Blocked
10,10,0,0.8413369137564395,0.4446301956784644,0,Blocked
11,11,0,0.6538521005270985,0.5859245590824728,0,Blocked
12,12,0,0.445638444926719,0.6044846126042376,0,Blocked
13,13,0,0.49633749624882983,0.6299585253996707,0,Blocked
14,14,0,0.5770037600947172,0.4460178408165248,0,Blocked
15,15,0,0.5032530733942813,0.38845374984555014,0,Blocked
16,16,0,0.2632507685622162,0.6314563554541524,0,Blocked
17,17,0,0.6448469096405498,0.43494702343359837,0,Blocked
18,18,0,0.049542611053193165,0.7854527008370085,0,Blocked
19,19,0,0.6968125351741676,0.5750636425388351,0,Blocked
20,20,0,0.32823407589067805,0.8827255206170358,0,Blocked
21,21,0,0.15727571803607315,0.8578030109044787,0,Blocked
22,22,0,0.4963905928168005,0.4795393919088209,0,Blocked
23,23,0,0.362202483561266,0.7232466633539698,0,Blocked
24,24,0,0.6916281960933282,0.5389021332863427,0,Blocked
25,25,0,0.5858732394259915,0.47057841613599843,0,Blocked
26,26,0,0.49797201076187686,0.4404538949652707,0,Blocked
27,27,0,0.5186519684386756,0.7835332811711885,0,Blocked
28,28,0,0.404149248836397,0.5027316812335498,0,Blocked
29,29,0,0.657421477264846,0.6498343060953347,0,Blocked
30,30,0,0.08477694430790803,0.4970360343776975,0,Blocked
31,31,0,0.027747858394829652,0.48276301076661116,0,Blocked
32,32,0,0.34949228614100974,0.5656413875256192,0,Blocked
33,33,0,0.49677509753575133,0.4181781353533739,0,Blocked
34,34,0,0.5306664487332866,0.4399114332334252,0,Blocked
35,35,0,0.7032771249936375,0.48029625534558795,0,Blocked
36,36,0,0.7160514176418148,0.32535340308947447,0,Blocked
37,37,0,0.7808080877048985,0.48873368004514534,0,Blocked
38,38,0,0.13056601838652881,0.4462624545348284,0,Blocked
39,39,0,0.14793804952697612,0.6466864601140547,0,Blocked
40,40,0,0.8306900077083034,0.34795537165545654,0,Blocked
41,41,0,0.6959670400428637,0.5203702451778549,0,Blocked
42,42,0,0.9860319389929934,0.49070345069374294,0,Blocked
43,43,0,0.9611159714491584,0.4642170876994262,0,Blocked
44,44,0,0.8263406844117824,0.5329882006590965,0,Blocked
45,45,0,0.9850182802647705,0.5306086428767856,0,Blocked
46,46,0,0.00961691075862554,0.8561740672039333,0,Blocked
47,47,0,0.9435489203197072,0.5411493890846664,0,Blocked
48,48,0,0.7107618840584986,0.44011895473468343,0,Blocked
49,49,0,0.3865969381075101,0.48571416769473075,0,Blocked
50,50,0,0.16786583931245266,0.6525914149264003,0,Blocked
51,51,0,0.011499592672188677,0.7206885348259231,0,Blocked
52,52,0,0.860284170410538,0.6776750393996949,0,Blocked
53,53,0,0.25737005863282003,0.5568664079521584,0,Blocked
54,54,0,0.02958748088533206,0.4985054281421643,0,Blocked
55,55,0,0.020176926121209096,0.650507844751081,0,Blocked
56,56,0,0.08219292822697011,0.6048351173955879,0,Blocked
57,57,0,0.08715786229941158,0.6664671337988577,0,Blocked
58,58,0,0.1997226202667667,0.7992420685081252,0,Blocked
59,59,0,0.8798766435237382,0.7874523345832277,0,Blocked
60,60,0,0.9900461984909226,0.65700573556791,0,Blocked
61,61,0,0.13581516700093413,0.6939972136797015,0,Blocked
62,62,0,0.9848881234808982,0.5696008277503554,0,Blocked
63,63,0,0.20044940808892175,0.3803939768045229,0,Blocked
64,64,0,0.8737785381676724,0.6156732181809621,0,Blocked
65,65,0,0.2773186888257924,0.643606992285322,0,Blocked
66,66,0,0.5372182513582414,0.43513933062077925,0,Blocked
67,67,0,0.4946269998962008,0.7945353127051958,0,Blocked
68,68,0,0.7062014401390866,0.4305078107739719,0,Blocked
69,69,0,0.20628110498423738,0.5647362640587785,0,Blocked
70,70,0,0.11308449951159585,0.5094271218250771,0,Blocked
71,71,0,0.04372027010144515,0.7951209033198192,0,Blocked
72,72,0,0.4843663441529522,0.5968957432908785,0,Blocked
73,73,0,0.8339200058504377,0.42837529385247675,0,Blocked
74,74,0,0.8814831836461134,0.45072713759277694,0,Blocked
75,75,0,0.8430648645019916,0.42233703808995515,0,Blocked
76,76,0,0.07634413287744043,0.5210892325670823,0,Blocked
77,77,0,0.01315163382483487,0.7151933958900102,0,Blocked
78,78,0,0.917145784274628,0.6117712891570322,0,Blocked
79,79,0,0.3916225328056425,0.7206484434161684,0,Blocked
80,80,0,0.8052600064751412,0.5304490649909879,0,Blocked
81,81,0,0.8950250585031152,0.4563052927704151,0,Blocked
82,82,0,0.739633447364813,0.6142260198196872,0,Blocked
83,83,0,0.0307384430524068,0.5717978746396472,0,Blocked
84,84,0,0.5265405430456533,0.5628533683719044,0,Blocked
85,85,0,0.5348675631148018,0.5823130540654439,0,Blocked
86,86,0,0.3880717838780601,0.49179071656713635,0,Blocked
87,87,0,0.5442991010421492,0.7665253688447071,0,Blocked
88,88,0,0.34728475959285005,0.7980860257230233,0,Blocked
89,89,0,0.044780018886197814,0.5694645940831105,0,Blocked
90,90,0,0.012572885643364314,0.5559309011359196,0,Blocked
91,91,0,0.710051660955828,0.4909452790444403,0,Blocked
92,92,0,0.3146155007688044,0.6048614252955401,0,Blocked
93,93,0,0.5558168481417355,0.5164339780822518,0,Blocked
94,94,0,0.49712264253180355,0.8598454246626291,0,Blocked
95,95,0,0.4983682892951102,0.7530173362990371,0,Blocked
96,96,0,0.3677047583739788,0.5676896608160191,0,Blocked
97,97,0,0.897436039327785,0.42363630964069254,0,Blocked
98,98,0,0.9139304979209095,0.475879814075438,0,Blocked
99,99,0,0.4306463044004796,0.6153784533595943,0,Blocked
100,100,0,0.4646423735125058,0.5889592840493051,0,Blocked
101,101,0,0.40566203414475416,0.7065235217332095,0,Blocked
102,102,0,0.6072777628066175,0.5353432347898036,0,Blocked
103,103,0,0.960972568586903,0.6391235278362747,0,Blocked
104,104,0,0.8019581021608491,0.5695615318298088,0,Blocked
105,105,0,0.4627049656704215,0.5752810602525252,0,Blocked
106,106,0,0.2703087331274063,0.6117806181682423,0,Blocked
107,107,0,0.14845075986698078,0.5518155066664192,0,Blocked
108,108,0,0.5075654499492104,0.3920445962120518,0,Blocked
109,109,0,0.3053662056974016,0.5980337845265364,0,Blocked
110,110,0,0.5662913097090072,0.6616608815641923,0,Blocked
111,111,0,0.5094017307831462,0.5451855467133092,0,Blocked
112,112,0,0.3820194333861802,0.5845739414177497,0,Blocked
113,113,0,0.7896095989427895,0.7622675266898148,0,Blocked
114,114,0,0.5603504429500575,0.4640762728280039,0,Blocked
115,115,0,0.6024083314852207,0.7118234231863398,0,Blocked
116,116,0,0.4890328680422999,0.598952952349666,0,Blocked
117,117,0,0.46544628603122795,0.6309154485835089,0,Blocked
118,118,0,0.3282991933546662,0.6437328515553604,0,Blocked
119,119,0,0.5395215722977446,0.578039629457994,0,Blocked
120,120,0,0.7316431948746427,0.6476922078143474,0,Blocked
121,121,0,0.6101683732344327,0.5144388431918787,0,Blocked
122,122,0,0.8906107235913825,0.6162833537278658,0,Blocked
123,123,0,0.9616458981761056,0.43624347351573967,0,Blocked
124,124,0,0.9470342783910762,0.6215001188877356,0,Blocked
125,125,0,0.8241418537667291,0.426682641531937,0,Blocked
126,126,0,0.8341436689987718,0.535406166865745,0,Blocked
127,127,0,0.9005705897099878,0.5834814356335641,0,Blocked
128,128,0,0.12056511690096969,0.6060193988563065,0,Blocked
129,129,0,0.4537857679861881,0.4162232165258256,0,Blocked
130,130,0,0.4920683954009627,0.6513753925834296,0,Blocked
131,131,0,0.5858887389974206,0.44518264909923533,0,Blocked
132,132,0,0.9685732893558615,0.39015637341845066,0,Blocked
133,133,0,0.9174350711381165,0.7484068936449022,0,Blocked
134,134,0,0.35622002897257526,0.5040817565714321,0,Blocked
135,135,0,0.5202346760761455,0.5152280053761331,0,Blocked
136,136,0,0.4405919061243243,0.5073267492007658,0,Blocked
137,137,0,0.9228688548651571,0.4361778924812678,0,Blocked
138,138,0,0.0175493961245062,0.5487322318069763,0,Blocked
139,139,0,0.9836120758195794,0.49346775217176647,0,Blocked
140,140,0,0.04491646378658165,0.653883770074593,0,Blocked
141,141,0,0.1007434412298622,0.5224601806370779,0,Blocked
142,142,0,0.9264858771667939,0.4193811100404562,0,Blocked
143,143,0,0.918694278039852,0.4421751025834033,0,Blocked
144,144,0,0.049350726538710206,0.4695033785379186,0,Blocked
145,145,0,0.9858827160426716,0.5517921722962604,0,Blocked
146,146,0,0.01690212011633825,0.624844659278833,0,Blocked
147,147,0,0.11708335336372615,0.5021315500737991,0,Blocked
148,148,0,0.40554959153169284,0.7221263787264874,0,Blocked
149,149,0,0.7502858672023622,0.539026170485279,0,Blocked
150,150,0,0.9172272151615675,0.45981858971657463,0,Blocked
151,151,0,0.20834574866949768,0.7929895525888035,0,Blocked
152,152,0,0.3049104970872361,0.7723477886535209,0,Blocked
153,153,0,0.5211957148166166,0.5644683769129348,0,Blocked
154,154,0,0.3715811043492753,0.5453755198498189,0,Blocked
155,155,0,0.18188740459294012,0.6189887404981635,0,Blocked
156,156,0,0.9319318190868224,0.3574648241907256,0,Blocked
157,157,0,0.2061352906178417,0.6264773323405373,0,Blocked
158,158,0,0.5229910920858762,0.5566012923108161,0,Blocked
159,159,0,0.42548075600848906,0.9061465967991307,0,Blocked
160,160,0,0.9942175045498152,0.4730909710742597,0,Blocked
161,161,0,0.07684179848449224,0.8896927296469881,0,Blocked
162,162,0,0.3248643507638997,0.5999032283889071,0,Blocked
163,163,0,0.049630238302454194,0.6919866130613028,0,Blocked
164,164,0,0.5361975870660829,0.47144489301417014,0,Blocked
165,165,0,0.4876825578759669,0.6919861212609187,0,Blocked
166,166,0,0.949065604858307,0.4245417376135191,0,Blocked
167,167,0,0.8280322453785226,0.45952722136918106,0,Blocked
168,168,0,0.9387481729652839,0.4258813401238359,0,Blocked
169,169,0,0.4692393914814807,0.5407285559204423,0,Blocked
170,170,0,0.5352298239894026,0.47936280649079377,0,Blocked
171,171,0,0.30464352755659785,0.6130222274325399,0,Blocked
172,172,0,0.31727987017238696,0.8646189735844226,0,Blocked
173,173,0,0.3208121708807099,0.5627021242596948,0,Blocked
174,174,0,0.7671089296304352,0.4553510421560657,0,Blocked
175,175,0,0.01662241110290144,0.5195433165780485,0,Blocked
176,176,0,0.4859052375557659,0.5823487921023816,0,Blocked
177,177,0,0.034848180084250856,0.778770302508943,0,Blocked
178,178,0,0.8471041912783949,0.5489169220006606,0,Blocked
179,179,0,0.8924664370026794,0.5185177602530602,0,Blocked
180,180,0,0.23463713608893483,0.898631186848033,0,Blocked
181,181,0,0.06794606375347377,0.5369240677978651,0,Blocked
182,182,0,0.49677533950520336,0.5832448520444138,0,Blocked
183,183,0,0.5118448666348595,0.7261720419662963,0,Blocked
184,184,0,0.4281219257445314,0.7603161652079339,0,Blocked
185,185,0,0.04827729904748481,0.5729087864078746,0,Blocked
186,186,0,0.8618241519753824,0.6183320347868133,0,Blocked
187,187,0,0.6091753170844613,0.5645346993720571,0,Blocked
188,188,0,0.6888144509849768,0.44623239387848435,0,Blocked
189,189,0,0.44463418925838966,0.6672259346700582,0,Blocked
190,190,0,0.48058248404210707,0.5752349845694945,0,Blocked
191,191,0,0.9623651097283294,0.46393070011003507,0,Blocked
192,192,0,0.9844112338013162,0.4998912399045964,0,Blocked
193,193,0,0.5245954237916677,0.3810573432287466,0,Blocked
194,194,0,0.12345365389393839,0.6406382324808331,0,Blocked
195,195,0,0.5710532733993046,0.4329955319155919,0,Blocked
196,196,0,0.6013195904144312,0.6125283997523081,0,Blocked
197,197,0,0.8347681611154734,0.5252252072304935,0,Blocked
198,198,0,0.2627772634144826,0.5321852043322095,0,Blocked
199,199,0,0.6201383167330219,0.5832143857424532,0,Blocked
200,0,0,0.28920661130397185,0.6582838805609013,0,Interleaved
201,1,0,0.003040596089558606,0.6530356498500982,0,Interleaved
202,2,0,0.7688388754665072,0.7681467993515719,0,Interleaved
203,3,0,0.5071829388272386,0.5969834277392114,0,Interleaved
204,4,0,0.013175958081722096,0.7923227646373572,0,Interleaved
205,5,0,0.5079816015621987,0.6566118908114191,0,Interleaved
206,6,0,0.5212838020663787,0.5985422962655971,0,Interleaved
207,7,0,0.46405153417707595,0.5148486531773536,0,Interleaved
208,8,0,0.1365289097841607,0.5308413090033546,0,Interleaved
209,9,0,0.5026147902279813,0.4730692520919392,0,Interleaved
210,10,0,0.9955569559870492,0.49833939936356997,0,Interleaved
211,11,0,0.5018819894412777,0.5814416449063284,0,Interleaved
212,12,0,0.9188878017102375,0.4024002479355931,0,Interleaved
213,13,0,0.31753869583023403,0.7008595107081179,0,Interleaved
214,14,0,0.023159428534593393,0.6636116621697407,0,Interleaved
215,15,0,0.4303811976081273,0.6679861592373824,0,Interleaved
216,16,0,0.6608324702457029,0.6389851434061166,0,Interleaved
217,17,0,0.2537710557589258,0.40820921897431794,0,Interleaved
218,18,0,0.03415610541179587,0.5326073156530537,0,Interleaved
219,19,0,0.5136160380791439,0.6425329932583026,0,Interleaved
220,20,0,0.7812383072149867,0.8340052189277236,0,Interleaved
221,21,0,0.9910806281142781,0.6712962453969297,0,Interleaved
222,22,0,0.47656503598619315,0.7211148319151953,0,Interleaved
223,23,0,0.8124724874669682,0.4395706865526344,0,Interleaved
224,24,0,0.7716994226061984,0.5061246591124853,0,Interleaved
225,25,0,0.7255499391829402,0.5480746679459971,0,Interleaved
226,26,0,0.34472993984855044,0.5707160779647436,0,Interleaved
227,27,0,0.7333625387668905,0.584533819936508,0,Interleaved
228,28,0,0.9454407798808255,0.5113087792255104,0,Interleaved
229,29,0,0.5047907048251574,0.5231206927399923,0,Interleaved
230,30,0,0.03513436614444602,0.6739091307091435,0,Interleaved
231,31,0,0.5814942456940068,0.6652073685307904,0,Interleaved
232,32,0,0.3405591601622005,0.5654970848071768,0,Interleaved
233,33,0,0.8740518801980552,0.439460758795222,0,Interleaved
234,34,0,0.2396614287089932,0.4674060486388156,0,Interleaved
235,35,0,0.5330980968797877,0.5748614592857856,0,Interleaved
236,36,0,0.026307250146059197,0.6198523601852445,0,Interleaved
237,37,0,0.5049392462993774,0.48016512989044846,0,Interleaved
238,38,0,0.1893937896027766,0.38153053661663483,0,Interleaved
239,39,0,0.5642937663166132,0.6910885852453236,0,Interleaved
240,40,0,0.20915169984597964,0.4575145065359839,0,Interleaved
241,41,0,0.42945071572346677,0.5059555388017916,0,Interleaved
242,42,0,0.0334852126935853,0.6618753869102713,0,Interleaved
243,43,0,0.4927652686111106,0.482302476927319,0,Interleaved
244,44,0,0.021628740882449097,0.4684675191182702,0,Interleaved
245,45,0,0.9921215509011975,1.0986227806264963,0,Interleaved
246,46,0,0.4036746340995699,0.5212995655657441,0,Interleaved
247,47,0,0.0026756175912682548,0.6815972694242649,0,Interleaved
248,48,0,0.451509933033286,0.731681358184018,0,Interleaved
249,49,0,0.5956552979262112,0.4098824837593261,0,Interleaved
250,50,0,0.27955575319054166,0.6274231587377529,0,Interleaved
251,51,0,0.4682938566464441,0.4891249493855531,0,Interleaved
252,52,0,0.956815810187478,0.5113860503960892,0,Interleaved
253,53,0,0.5401387744621778,0.38812550118192435,0,Interleaved
254,54,0,0.053948938690196575,0.7932263819362324,0,Interleaved
255,55,0,0.531597842241289,0.4248068232239708,0,Interleaved
256,56,0,0.8275311652509418,0.5254090353504476,0,Interleaved
257,57,0,0.5312767360331903,0.718067845935989,0,Interleaved
258,58,0,0.46642857891275047,0.5796812771247523,0,Interleaved
259,59,0,0.17646296819656607,0.7909127726663796,0,Interleaved
260,60,0,0.22822112470209743,0.7688166670178569,0,Interleaved
261,61,0,0.38433401852225213,0.5920324321309978,0,Interleaved
262,62,0,0.9872683786117927,0.4669838626191998,0,Interleaved
263,63,0,0.4580123461082452,0.4735110933381244,0,Interleaved
264,64,0,0.9661767894015925,0.3749169458138011,0,Interleaved
265,65,0,0.5064920816980365,0.5075728300509458,0,Interleaved
266,66,0,0.027132273351039345,0.6423112422119411,0,Interleaved
267,67,0,0.5018755569714929,0.6004190423881464,0,Interleaved
268,68,0,0.034556800091104796,0.6777678726910782,0,Interleaved
269,69,0,0.2548761316299135,0.5783350067762907,0,Interleaved
270,70,0,0.42415786071437855,0.5169711253028216,0,Interleaved
271,71,0,0.30540472990332623,0.7139675487956908,0,Interleaved
272,72,0,0.6696329256583395,0.7205941271422149,0,Interleaved
273,73,0,0.638530281538905,0.45177691146125776,0,Interleaved
274,74,0,0.9716616095509437,0.45994223737763484,0,Interleaved
275,75,0,0.46612961925846136,0.610719964748113,0,Interleaved
276,76,0,0.09157111553545846,0.5493996647370849,0,Interleaved
277,77,0,0.5247284603015521,0.4200572800561091,0,Interleaved
278,78,0,0.9878966368425064,0.4894180054637577,0,Interleaved
279,79,0,0.5058106313898573,0.7334300169275662,0,Interleaved
280,80,0,0.020356232837965792,0.6153545725088858,0,Interleaved
281,81,0,0.7627726334788276,0.6090770971372967,0,Interleaved
282,82,0,0.8151745439415186,0.5832914927736631,0,Interleaved
283,83,0,0.5794119782942111,0.5922355063860454,0,Interleaved
284,84,0,0.7487979879860172,0.5326773315432584,0,Interleaved
285,85,0,0.2507736431104506,0.5046850343848053,0,Interleaved
286,86,0,0.920488123732504,0.4752764662904524,0,Interleaved
287,87,0,0.3700919224048221,0.7773001391533534,0,Interleaved
288,88,0,0.8664453862271533,0.5187120375217223,0,Interleaved
289,89,0,0.39247441760801544,0.4763388517581846,0,Interleaved
290,90,0,0.533873546251629,0.6624497302780956,0,Interleaved
291,91,0,0.9772206544200899,0.5317462891241858,0,Interleaved
292,92,0,0.14204992352846207,0.5063332092809529,0,Interleaved
293,93,0,0.45347956242940196,0.6683069680572615,0,Interleaved
294,94,0,0.06472994644839185,0.5434061065183727,0,Interleaved
295,95,0,0.46132389899879456,0.5161510456301177,0,Interleaved
296,96,0,0.8973279558564,0.4945369932165129,0,Interleaved
297,97,0,0.44353321065468726,0.4545084722927523,0,Interleaved
298,98,0,0.8032149567811535,0.6437746624720341,0,Interleaved
299,99,0,0.4585508009694051,0.497427285596886,0,Interleaved
300,100,0,0.9950597892906599,0.574261001306952,0,Interleaved
301,101,0,0.5029097347023274,0.6789621689475924,0,Interleaved
302,102,0,0.8450499197513901,0.5910138369027484,0,Interleaved
303,103,0,0.2540812836867569,0.5018712127114034,0,Interleaved
304,104,0,0.24870455812851006,0.6795287192407555,0,Interleaved
305,105,0,0.49377114782213705,0.5479073482750876,0,Interleaved
306,106,0,0.037529053336731184,0.6735387023912045,0,Interleaved
307,107,0,0.5003716395808294,0.672701888910648,0,Interleaved
308,108,0,0.03655734144396665,0.6688309215955037,0,Interleaved
309,109,0,0.36469771674021784,0.6326760756055138,0,Interleaved
310,110,0,0.8611249288796639,0.5622439799058194,0,Interleaved
311,111,0,0.6926833015128913,0.5458090677423719,0,Interleaved
312,112,0,0.8313260201989345,0.7146226570889949,0,Interleaved
313,113,0,0.012929362345065401,0.607324123782016,0,Interleaved
314,114,0,0.7101114718257345,0.3393649477244401,0,Interleaved
315,115,0,0.7429837203611884,0.5122201224643523,0,Interleaved
316,116,0,0.2573636405312475,0.46171847157970025,0,Interleaved
317,117,0,0.500446759123562,0.5668751089062797,0,Interleaved
318,118,0,0.9440880347980415,0.5028505196482407,0,Interleaved
319,119,0,0.42393467762335274,0.6273734964394011,0,Interleaved
320,120,0,0.9879736671241452,0.5422171767582964,0,Interleaved
321,121,0,0.3344297489944605,0.6486413879038104,0,Interleaved
322,122,0,0.8978747112363339,0.7649594509484816,0,Interleaved
323,123,0,0.5036952059189632,0.4160891523647696,0,Interleaved
324,124,0,0.19426402174213772,0.4693526318414931,0,Interleaved
325,125,0,0.412132297272399,0.5697191215426178,0,Interleaved
326,126,0,0.9858138840112505,0.525306258279866,0,Interleaved
327,127,0,0.5781450202888705,0.5308081756996921,0,Interleaved
328,128,0,0.9384288314434897,0.6793837166554579,0,Interleaved
329,129,0,0.10188749478151046,0.580933728934373,0,Interleaved
330,130,0,0.6320688156025881,0.6607483261438564,0,Interleaved
331,131,0,0.2580792745263078,0.6314870850347429,0,Interleaved
332,132,0,0.09008453220970578,0.6212111460503364,0,Interleaved
333,133,0,0.5978651827020078,0.7015480710568673,0,Interleaved
334,134,0,0.9212036182700412,0.6598125639471393,0,Interleaved
335,135,0,0.9704712891799969,0.7574632183862899,0,Interleaved
336,136,0,0.49880075664299545,0.8099285486708903,0,Interleaved
337,137,0,0.7856799911166581,0.46151331406437335,0,Interleaved
338,138,0,0.028936632865934387,0.657264721213379,0,Interleaved
339,139,0,0.49037123735238164,0.49298733140942663,0,Interleaved
340,140,0,0.9720400611269051,0.3972132807021304,0,Interleaved
341,141,0,0.5309308992604197,0.39067836574207804,0,Interleaved
342,142,0,0.8836499963152629,0.4398869451675505,0,Interleaved
343,143,0,0.26748865540635036,0.7014859209236433,0,Interleaved
344,144,0,0.9684590945876892,0.5110024122984931,0,Interleaved
345,145,0,0.4609337466941429,0.4311105747045896,0,Interleaved
346,146,0,0.0798806479165914,0.5259542028225814,0,Interleaved
347,147,0,0.48906869272776765,0.4396856806260785,0,Interleaved
348,148,0,0.9116846564804977,0.6596790994080352,0,Interleaved
349,149,0,0.4587547187753789,0.5701261523178371,0,Interleaved
350,150,0,0.08250935881172651,0.5804605112902868,0,Interleaved
351,151,0,0.5859414564303664,0.5189851149150921,0,Interleaved
352,152,0,0.0837288999299349,0.5655502637388549,0,Interleaved
353,153,0,0.5221256507015299,0.6816382876240097,0,Interleaved
354,154,0,0.8041440377676164,0.6648084113145245,0,Interleaved
355,155,0,0.7629981361897311,0.617422596262861,0,Interleaved
356,156,0,0.03896211421830005,0.6539987110644698,0,Interleaved
357,157,0,0.5243406633342284,0.4714136123937918,0,Interleaved
358,158,0,0.7773721848646566,0.4282789078294018,0,Interleaved
359,159,0,0.10629638484385721,0.4741474587105198,0,Interleaved
360,160,0,0.5268817848705843,0.5649235011211303,0,Interleaved
361,161,0,0.30528693952709096,0.5679735381284988,0,Interleaved
362,162,0,0.41311440403178523,0.5447469664428101,0,Interleaved
363,163,0,0.07402522468258234,0.6203919157468756,0,Interleaved
364,164,0,0.712353081209,0.5396230142719685,0,Interleaved
365,165,0,0.7261355517021555,0.4535295538773576,0,Interleaved
366,166,0,0.7695911851874937,0.6597785010779921,0,Interleaved
367,167,0,0.945703288236075,0.4365681451376294,0,Interleaved
368,168,0,0.9657618407500403,0.47588800161126854,0,Interleaved
369,169,0,0.7848823471582707,0.5353495885824013,0,Interleaved
370,170,0,0.9648789911730021,0.5317216836538704,0,Interleaved
371,171,0,0.9904516347829428,0.5164341767169485,0,Interleaved
372,172,0,0.07762909553221535,0.6850977906096116,0,Interleaved
373,173,0,0.01976690343979392,0.6201939695504408,0,Interleaved
374,174,0,0.785039894551943,0.6424362197392695,0,Interleaved
375,175,0,0.2565761823339607,0.5593745733800746,0,Interleaved
376,176,0,0.09753630858242551,0.6401259309261935,0,Interleaved
377,177,0,0.5548414020490656,0.4577252789925439,0,Interleaved
378,178,0,0.9690875766938121,0.37240049041001194,0,Interleaved
379,179,0,0.14647686975297358,0.6491858363573442,0,Interleaved
380,180,0,0.20067418164283654,0.5489564169209789,0,Interleaved
381,181,0,0.8326196766496203,0.5261765420354565,0,Interleaved
382,182,0,0.28846695209302203,0.5633382847677717,0,Interleaved
383,183,0,0.8146589163554641,0.5677568395534489,0,Interleaved
384,184,0,0.023435002636234215,0.595997880048958,0,Interleaved
385,185,0,0.12695449046580326,0.6152852333217513,0,Interleaved
386,186,0,0.5175768599361601,0.666522093672137,0,Interleaved
387,187,0,0.04630371475852683,0.6112933419968906,0,Interleaved
388,188,0,0.44635997254984755,0.45553978771080567,0,Interleaved
389,189,0,0.47952554532448616,0.5858799504710382,0,Interleaved
390,190,0,0.9911215879340001,0.5084443087654814,0,Interleaved
391,191,0,0.07419853898859317,0.8304578058688656,0,Interleaved
392,192,0,0.1417925168181125,0.5849978492208814,0,Interleaved
393,193,0,0.36261703221935404,0.6772140766669822,0,Interleaved
394,194,0,0.31398920023170146,0.6350127727319488,0,Interleaved
395,195,0,0.5226131097264857,0.5908539428957644,0,Interleaved
396,196,0,0.49631948147452404,0.5501639927953755,0,Interleaved
397,197,0,0.50842006426197,0.45325246359073634,0,Interleaved
398,198,0,0.10358948956263139,0.6864505401297734,0,Interleaved
399,199,0,0.2890947878919547,0.6975808155152001,0,Interleaved
400,0,0,0.3243079768005425,0.7110211065415412,0,Instructed
401,1,0,0.5623854019868384,0.9400923154853662,0,Instructed
402,2,0,0.5671330093768473,0.7603441678036494,0,Instructed
403,3,0,0.9494594653613917,0.6814108881615611,0,Instructed
404,4,0,0.41174297677895055,0.4143394087856179,0,Instructed
405,5,0,0.9286173357654491,0.5372474228266553,0,Instructed
406,6,0,0.4300601184876846,0.6368114988277875,0,Instructed
407,7,0,0.03619824772184357,0.5975807887801401,0,Instructed
408,8,0,0.5521045810554108,0.4247577972883207,0,Instructed
409,9,0,0.02078106794031264,0.6602960046013525,0,Instructed
410,10,0,0.4199170595644428,0.49171679971381194,0,Instructed
411,11,0,0.673902999920257,0.582807956661826,0,Instructed
412,12,0,0.04302190030085819,0.7072928321541262,0,Instructed
413,13,0,0.6330389609562463,0.46912689037556105,0,Instructed
414,14,0,0.4757849683067678,0.5563314793887271,0,Instructed
415,15,0,0.9626987788854122,0.5157267811108526,0,Instructed
416,16,0,0.5010748194039967,0.5065811017190321,0,Instructed
417,17,0,0.048478966207031154,0.7353826047790522,0,Instructed
418,18,0,0.08202660068857184,0.4633517615726952,0,Instructed
419,19,0,0.6207235766796697,0.6952123948592497,0,Instructed
420,20,0,0.7762820954115728,0.5943942304041054,0,Instructed
421,21,0,0.9590787910419196,0.43054843941641846,0,Instructed
422,22,0,0.49825263418884086,0.5471603205730536,0,Instructed
423,23,0,0.004236586816277132,0.7704448402142468,0,Instructed
424,24,0,0.5727459746395128,0.46921652920518925,0,Instructed
425,25,0,0.3600610120740848,0.7094197362844403,0,Instructed
426,26,0,0.0043917260834199804,0.8476153031681943,0,Instructed
427,27,0,0.730875685453376,0.5362925104735276,0,Instructed
428,28,0,0.5028152882602188,0.5093887708212871,0,Instructed
429,29,0,0.8680696050253731,0.49666177279363066,0,Instructed
430,30,0,0.464717669895904,0.6337298747042605,0,Instructed
431,31,0,0.9368824515284846,0.514955179693822,0,Instructed
432,32,0,0.508889330026634,0.46552731596115887,0,Instructed
433,33,0,0.06575481548930881,0.5328720673422055,0,Instructed
434,34,0,0.4143734459296727,0.4124046073140979,0,Instructed
435,35,0,0.10860404635631891,0.4850554000084254,0,Instructed
436,36,0,0.2115993888454607,0.4682217934066616,0,Instructed
437,37,0,0.2553675582906874,0.6169235335650028,0,Instructed
438,38,0,0.32535482418713896,0.6095851154239995,0,Instructed
439,39,0,0.7734382571191611,0.6384934262776156,0,Instructed
440,40,0,0.5447577049896185,0.47251931429656663,0,Instructed
441,41,0,0.9231785602556637,0.588003017150201,0,Instructed
442,42,0,0.749741451620697,0.7683686141649843,0,Instructed
443,43,0,0.7454569229383724,0.6514709774677384,0,Instructed
444,44,0,0.5596072012694744,0.7152982381861474,0,Instructed
445,45,0,0.10059283607167949,0.6487538326169964,0,Instructed
446,46,0,0.4846405218495934,0.6309613791157922,0,Instructed
447,47,0,0.8168761705931464,0.47431522685665184,0,Instructed
448,48,0,0.6268336105923419,0.4925960838171897,0,Instructed
449,49,0,0.6852578635085398,0.6871969429507576,0,Instructed
450,50,0,0.25510736678250373,0.5674894678977168,0,Instructed
451,51,0,0.8544112828123975,0.6087785600210904,0,Instructed
452,52,0,0.5315096272285784,0.7097019816483152,0,Instructed
453,53,0,0.732476133389752,0.5561761695439692,0,Instructed
454,54,0,0.7681997936827833,0.44294235434917345,0,Instructed
455,55,0,0.7427100820152108,0.5544879486387546,0,Instructed
456,56,0,0.26033313275411724,0.5072661995477025,0,Instructed
457,57,0,0.9095145982864516,0.4090201481226773,0,Instructed
458,58,0,0.32248226625385246,0.4889826610478499,0,Instructed
459,59,0,0.22288407173532465,0.5875166237472684,0,Instructed
460,60,0,0.6917820670827127,0.4174593635109642,0,Instructed
461,61,0,0.406049125775083,0.4977861282498335,0,Instructed
462,62,0,0.9385035969516065,0.35112044992052627,0,Instructed
463,63,0,0.7728405985380169,0.5525361605123824,0,Instructed
464,64,0,0.6252932597837011,0.5917422809063477,0,Instructed
465,65,0,0.2009739887670565,0.5253016766243415,0,Instructed
466,66,0,0.09358727377071377,0.7890287660063611,0,Instructed
467,67,0,0.44142552889824327,0.4400787733895241,0,Instructed
468,68,0,0.1439391750694117,0.7542102471990157,0,Instructed
469,69,0,0.3470872245863934,0.5834890208390764,0,Instructed
470,70,0,0.48248394582864496,0.4686532500174475,0,Instructed
471,71,0,0.6775995484452217,0.6518472037921346,0,Instructed
472,72,0,0.9336516061157534,0.4870009967308042,0,Instructed
473,73,0,0.2556538608940667,0.5731258895709583,0,Instructed
474,74,0,0.4478881336243063,0.5693427327853371,0,Instructed
475,75,0,0.9513195769130284,0.4177455288646565,0,Instructed
476,76,0,0.49862903085174887,0.42467498009565874,0,Instructed
477,77,0,0.8943185893619223,0.5216292814465429,0,Instructed
478,78,0,0.34704591110544875,0.6683319959320188,0,Instructed
479,79,0,0.444220858191174,0.6014395764215412,0,Instructed
480,80,0,0.5996420417488535,0.4371065594461675,0,Instructed
481,81,0,0.663482992970456,0.4842649697066213,0,Instructed
482,82,0,0.4266124404893625,0.5388441502365,0,Instructed
483,83,0,0.3678101401789273,0.6148445153695943,0,Instructed
484,84,0,0.47715319888799185,1.051623937675579,0,Instructed
485,85,0,0.394225417397348,0.5058989425467608,0,Instructed
486,86,0,0.16947687863894792,0.730373715678797,0,Instructed
487,87,0,0.28793257046231924,0.5424349424846325,0,Instructed
488,88,0,0.8745141353659133,0.3460762826463858,0,Instructed
489,89,0,0.5359055890894193,0.6750709221544922,0,Instructed
490,90,0,0.9425719925698555,0.4538015220812937,0,Instructed
491,91,0,0.4430788111028167,0.5095272127640454,0,Instructed
492,92,0,0.9063188988672761,0.5714886611147105,0,Instructed
493,93,0,0.6489743125390568,0.6504364230464419,0,Instructed
494,94,0,0.7115587725501499,0.4835406450685613,0,Instructed
495,95,0,0.009772331056093498,0.6442545185483985,0,Instructed
496,96,0,0.504372687511461,0.5425499234594886,0,Instructed
497,97,0,0.05854139900985011,0.5348332293280421,0,Instructed
498,98,0,0.27761237310357967,0.5286053403605984,0,Instructed
499,99,0,0.21765072793782755,0.5240679030160713,0,Instructed
500,100,0,0.42012068866828034,0.6550681238868381,0,Instructed
501,101,0,0.08472032524293151,0.7267750070610136,0,Instructed
502,102,0,0.4011500697235863,0.5981530379806015,0,Instructed
503,103,0,0.5626377851570779,0.6292877340473482,0,Instructed
504,104,0,0.42951017255880786,0.489530007279251,0,Instructed
505,105,0,0.9708449146633125,0.6639417758828888,0,Instructed
506,106,0,0.532861757256043,0.6075324302188586,0,Instructed
507,107,0,0.6334380558018043,0.6252822519641507,0,Instructed
508,108,0,0.009116415750370165,0.60351780403478,0,Instructed
509,109,0,0.238125960727055,0.7300882149631608,0,Instructed
510,110,0,0.48745166426773184,0.5817448492508084,0,Instructed
511,111,0,0.2484058753400277,0.6323050123023686,0,Instructed
512,112,0,0.5442424729818497,0.5357725507550702,0,Instructed
513,113,0,0.7861422459366967,0.5434353579880504,0,Instructed
514,114,0,0.3424598826279745,0.7263085195096296,0,Instructed
515,115,0,0.047023240029944596,0.5626097048682054,0,Instructed
516,116,0,0.5167383667143002,0.6494082103698052,0,Instructed
517,117,0,0.6402573798221163,0.6332048899201376,0,Instructed
518,118,0,0.867828570369213,0.659773569722121,0,Instructed
519,119,0,0.4946831821906848,0.49238318756878274,0,Instructed
520,120,0,0.9981534466005051,0.5446177536682306,0,Instructed
521,121,0,0.5248818432701077,0.5966190406844789,0,Instructed
522,122,0,0.31389539910251224,0.401811931134168,0,Instructed
523,123,0,0.13299566142455596,0.6403567814567203,0,Instructed
524,124,0,0.4418651804207727,0.5661334910660767,0,Instructed
525,125,0,0.508040263438702,0.5117523602992247,0,Instructed
526,126,0,0.5622096585791385,0.5779975659771477,0,Instructed
527,127,0,0.12902988146825606,0.7238872120523862,0,Instructed
528,128,0,0.8462570284921362,0.3822911820445564,0,Instructed
529,129,0,0.2241559867401033,0.6937249033755781,0,Instructed
530,130,0,0.2548952657038272,0.5540660277940196,0,Instructed
531,131,0,0.6685549065635689,0.3734453458861105,0,Instructed
532,132,0,0.8382254685673058,0.5572497648917993,0,Instructed
533,133,0,0.6909667698490849,0.4261425904323569,0,Instructed
534,134,0,0.463814377884374,0.5499349910340162,0,Instructed
535,135,0,0.09101112560360625,0.5274541951268461,0,Instructed
536,136,0,0.6005424722759364,0.6022493131440765,0,Instructed
537,137,0,0.19426218495450806,0.7874929151939749,0,Instructed
538,138,0,0.9709596061436057,0.4437646473821516,0,Instructed
539,139,0,0.7204721264497401,0.32245612877724195,0,Instructed
540,140,0,0.4104044658615266,0.7801446741236054,0,Instructed
541,141,0,0.0196240194270224,0.5950177468951265,0,Instructed
542,142,0,0.5074218649842992,0.3888430180062841,0,Instructed
543,143,0,0.5027514642805502,0.603721401391232,0,Instructed
544,144,0,0.8925831160311932,0.39813227059262446,0,Instructed
545,145,0,0.1909896776268434,0.5567592158589512,0,Instructed
546,146,0,0.5107762733267064,0.4790079781665021,0,Instructed
547,147,0,0.9953151828889634,0.504288656899019,0,Instructed
548,148,0,0.4820875440315318,0.49887069151544583,0,Instructed
549,149,0,0.8189517511494095,0.4165009045829282,0,Instructed
550,150,0,0.4688260384740231,0.5437260867541319,0,Instructed
551,151,0,0.017633791175244346,0.5225013756759187,0,Instructed
552,152,0,0.5028663100851246,0.49208826226278213,0,Instructed
553,153,0,0.7179937960045595,0.6046241822900937,0,Instructed
554,154,0,0.5275741587999934,0.4994753722660102,0,Instructed
555,155,0,0.970404617064741,0.5963164948029803,0,Instructed
556,156,0,0.3872594014802,0.667786800037987,0,Instructed
557,157,0,0.05537713744514122,0.5448085260981178,0,Instructed
558,158,0,0.498845716661145,0.5410949899039471,0,Instructed
559,159,0,0.9363770063464664,0.4640284292423587,0,Instructed
560,160,0,0.7251581345155582,0.6531200119338706,0,Instructed
561,161,0,0.16640617905853647,0.6601311402147567,0,Instructed
562,162,0,0.4359593105618925,0.8961212265462986,0,Instructed
563,163,0,0.484572896681656,0.7045823841691968,0,Instructed
564,164,0,0.19050927302747514,0.5359683525031653,0,Instructed
565,165,0,0.5065514199631219,0.9557453227329229,0,Instructed
566,166,0,0.4395860338924189,0.5596598206212242,0,Instructed
567,167,0,0.9019302147679283,0.7096667821648719,0,Instructed
568,168,0,0.06453177981422654,0.7672190413203551,0,Instructed
569,169,0,0.5376194165328121,0.4796199235667727,0,Instructed
570,170,0,0.1667509536232747,0.44882561310398567,0,Instructed
571,171,0,0.6352324929217749,0.4298375124510517,0,Instructed
572,172,0,0.34712150617044346,0.5386858354943453,0,Instructed
573,173,0,0.9077767129330749,0.5817971817067482,0,Instructed
574,174,0,0.9898578939481442,0.4994290717478771,0,Instructed
575,175,0,0.4760328517668754,0.7841734943741387,0,Instructed
576,176,0,0.0695109330624762,0.5755403467600482,0,Instructed
577,177,0,0.6623354172301424,0.6143671741223229,0,Instructed
578,178,0,0.5493639115433172,0.5841718056850618,0,Instructed
579,179,0,0.5384317403494587,0.567928695717133,0,Instructed
580,180,0,0.5027300202467556,0.6048067308589717,0,Instructed
581,181,0,0.4134522725596601,0.6508952042878242,0,Instructed
582,182,0,0.34817514659488474,0.5411725121164028,0,Instructed
583,183,0,0.7862395051302002,0.5169811633165742,0,Instructed
584,184,0,0.19429117642382288,0.6170604325072577,0,Instructed
585,185,0,0.043443855248088206,0.5546183888512878,0,Instructed
586,186,0,0.7901080319000267,0.4411622326705418,0,Instructed
587,187,0,0.2127748427517117,0.6734586147161463,0,Instructed
588,188,0,0.33371111470969245,0.5473290792405395,0,Instructed
589,189,0,0.4443650457351276,0.5444165518266111,0,Instructed
590,190,0,0.30614458760812047,0.42211351102568095,0,Instructed
591,191,0,0.9129512544226995,0.6621016896203266,0,Instructed
592,192,0,0.5463834927080902,0.53332457997303,0,Instructed
593,193,0,0.11258399467556923,0.5814745096192182,0,Instructed
594,194,0,0.3242885471886559,0.6254458032642884,0,Instructed
595,195,0,0.6955489258765689,0.5880495268218637,0,Instructed
596,196,0,0.9682341854348739,0.5736962114728781,0,Instructed
597,197,0,0.4994641707074905,0.7508838139983484,0,Instructed
598,198,0,0.9973726536075133,0.3790636177591599,0,Instructed
599,199,0,0.19765750467117876,0.5997691017585614,0,Instructed
600,0,0,0.006912954613795853,0.6705170313011031,1,Blocked
601,1,0,0.49868680051231284,0.6507573978924229,1,Blocked
602,2,0,0.19875451482815593,0.7274924270790498,1,Blocked
603,3,0,0.027034869389063132,0.7788075849166816,1,Blocked
604,4,0,0.862546662528279,0.388799433513716,1,Blocked
605,5,0,0.6097178219121904,0.6378413159436633,1,Blocked
606,6,0,0.7322999422963693,0.6711681775200538,1,Blocked
607,7,0,0.8642943214720495,0.7787743526023223,1,Blocked
608,8,0,0.07104991235211318,0.8239141920802762,1,Blocked
609,9,0,0.5713969804960004,0.6965527965074121,1,Blocked
610,10,0,0.2932777233643676,0.4112332135978482,1,Blocked
611,11,0,0.9547010744826501,0.5553168366767707,1,Blocked
612,12,0,0.1728703110821926,0.44594735572450944,1,Blocked
613,13,0,0.8921695050207017,0.5407379494985827,1,Blocked
614,14,0,0.8287359664770778,0.4991029742895591,1,Blocked
615,15,0,0.10055165450349879,0.5493729094020093,1,Blocked
616,16,0,0.9509931720214769,0.48543134208118355,1,Blocked
617,17,0,0.8136100797816213,0.7740923983324882,1,Blocked
618,18,0,0.4547137284497902,0.4388331523173866,1,Blocked
619,19,0,0.18906909810374462,0.6574584978439248,1,Blocked
620,20,0,0.7615246305374211,0.7067127400356257,1,Blocked
621,21,0,0.3248607579488475,0.5643668794634553,1,Blocked
622,22,0,0.6084706719444509,0.5225121968669137,1,Blocked
623,23,0,0.5096453530170216,0.5840472733857209,1,Blocked
624,24,0,0.6725969837664226,0.518367750619185,1,Blocked
625,25,0,0.577289816990242,0.5384479128430997,1,Blocked
626,26,0,0.7157476581727098,0.4154727545712496,1,Blocked
627,27,0,0.6941923935942185,0.5350369642433797,1,Blocked
628,28,0,0.8973259290923223,0.4597214245323231,1,Blocked
629,29,0,0.024974201875064828,0.8082051970699885,1,Blocked
630,30,0,0.21206046202186682,0.5947845401002013,1,Blocked
631,31,0,0.47745068549685155,0.5764414019706381,1,Blocked
632,32,0,0.7731034397227832,0.47294865958817944,1,Blocked
633,33,0,0.5357184053414278,0.45103431708628416,1,Blocked
634,34,0,0.4462807119781179,0.4621247545569692,1,Blocked
635,35,0,0.642160968635183,0.5831098463928315,1,Blocked
636,36,0,0.6746714949096302,0.7895206119596485,1,Blocked
637,37,0,0.4740394336862307,0.6334207395555373,1,Blocked
638,38,0,0.37094512529665247,0.8177313970907951,1,Blocked
639,39,0,0.07721250901011556,0.6143343140891835,1,Blocked
640,40,0,0.00503254870142194,0.9354810554653165,1,Blocked
641,41,0,0.9501547422972182,0.4519185412224351,1,Blocked
642,42,0,0.16435315267698478,0.45779011748413845,1,Blocked
643,43,0,0.8959486716597211,0.45163179187329827,1,Blocked
644,44,0,0.6421305851721881,0.6959140688365884,1,Blocked
645,45,0,0.608529669200251,0.5368872717867804,1,Blocked
646,46,0,0.15806297220199406,0.6156250949960009,1,Blocked
647,47,0,0.07351261653950798,0.8938987599929014,1,Blocked
648,48,0,0.5259961776700336,0.5423827560601133,1,Blocked
649,49,0,0.6169620945935815,0.7081606176090287,1,Blocked
650,50,0,0.9206088866561349,0.5287090762070268,1,Blocked
651,51,0,0.22752694219454433,0.5982878496984532,1,Blocked
652,52,0,0.43978507501269426,0.579584102721072,1,Blocked
653,53,0,0.10135609100879409,0.6791598108032284,1,Blocked
654,54,0,0.07144389480658428,0.6095002370573486,1,Blocked
655,55,0,0.7831013090472969,0.6825495017136693,1,Blocked
656,56,0,0.47307966674597335,0.5745499974130881,1,Blocked
657,57,0,0.5742152811671619,0.6687811308061238,1,Blocked
658,58,0,0.33920627658143415,0.7125488449354835,1,Blocked
659,59,0,0.8260252897044722,0.5210502717842245,1,Blocked
660,60,0,0.4981684843764332,0.45006088180198955,1,Blocked
661,61,0,0.5179577859691716,0.6722377677594225,1,Blocked
662,62,0,0.2804925062141989,0.5399996513272309,1,Blocked
663,63,0,0.9157865793625931,0.6015138051320759,1,Blocked
664,64,0,0.7982479019424705,0.609032439482011,1,Blocked
665,65,0,0.8725195912642657,0.6877159753742775,1,Blocked
666,66,0,0.18207532498719714,0.6192690756294956,1,Blocked
667,67,0,0.46558932133667896,0.826220051386885,1,Blocked
668,68,0,0.9650821418904056,0.5061436877252965,1,Blocked
669,69,0,0.06300400107038968,0.7364017749433646,1,Blocked
670,70,0,0.482379919738935,0.6583601635106278,1,Blocked
671,71,0,0.02695428394440789,0.5785049591227114,1,Blocked
672,72,0,0.9694759738812667,0.5488261155453436,1,Blocked
673,73,0,0.972799781703481,0.4468603928243857,1,Blocked
674,74,0,0.9382591903278297,0.4324627169317446,1,Blocked
675,75,0,0.422178886479326,0.5834934184797831,1,Blocked
676,76,0,0.6587995859748137,0.4718792465513313,1,Blocked
677,77,0,0.8977273781723509,0.39625606150918025,1,Blocked
678,78,0,0.967336969735135,0.482499717166756,1,Blocked
679,79,0,0.9866463916018113,0.5159507074831103,1,Blocked
680,80,0,0.4898596724950811,0.726794994052028,1,Blocked
681,81,0,0.8043239490347047,0.5739473530360574,1,Blocked
682,82,0,0.8988244535374891,0.3945717772029216,1,Blocked
683,83,0,0.49610257242383,0.6009685464008973,1,Blocked
684,84,0,0.31151902911372786,0.6015722903549737,1,Blocked
685,85,0,0.5266691844387601,0.6525783623271493,1,Blocked
686,86,0,0.72146769594254,0.7488488808952054,1,Blocked
687,87,0,0.8623146644021049,0.5747491605071129,1,Blocked
688,88,0,0.13789987736145998,0.6095207299145589,1,Blocked
689,89,0,0.5244520169572231,0.5648913127880426,1,Blocked
690,90,0,0.7597959611898837,0.44799976064550107,1,Blocked
691,91,0,0.45366750932103345,0.4838588828055871,1,Blocked
692,92,0,0.6716435814288977,0.5357829533113043,1,Blocked
693,93,0,0.1732834834654747,0.5394948354300992,1,Blocked
694,94,0,0.3531710483261905,0.5287030908014816,1,Blocked
695,95,0,0.28105960645140404,0.43930779077651183,1,Blocked
696,96,0,0.7428193616675927,0.4986908653664419,1,Blocked
697,97,0,0.749080788044228,0.47215426924496423,1,Blocked
698,98,0,0.9640608314879762,0.6113121693689963,1,Blocked
699,99,0,0.9864288198969353,0.5226225991608344,1,Blocked
700,100,0,0.8824077134987807,0.7072289903459745,1,Blocked
701,101,0,0.9543933379455019,0.5273467771376409,1,Blocked
702,102,0,0.5366447533711853,0.5469365943259024,1,Blocked
703,103,0,0.42235300886995975,0.49715991263331705,1,Blocked
704,104,0,0.9303885784659828,0.5093958327227032,1,Blocked
705,105,0,0.005997641123229017,1.1731898033117143,1,Blocked
706,106,0,0.09239034097939859,0.6167978133919956,1,Blocked
707,107,0,0.0647922983346193,0.8187058343726359,1,Blocked
708,108,0,0.14531313960418876,0.7728227834317051,1,Blocked
709,109,0,0.3933041521224536,0.7071979706791975,1,Blocked
710,110,0,0.9827995464944902,0.6397899683402299,1,Blocked
711,111,0,0.9027429847204812,0.5850667186363668,1,Blocked
712,112,0,0.4849372431743577,0.5381512865320215,1,Blocked
713,113,0,0.8198670747057651,0.5723760565567496,1,Blocked
714,114,0,0.09933854419965342,0.8125881298373647,1,Blocked
715,115,0,0.4872087778167851,0.5118808354465652,1,Blocked
716,116,0,0.02387558424352899,0.6090512831500765,1,Blocked
717,117,0,0.9849056121605169,0.5514082716178687,1,Blocked
718,118,0,0.5299575333455568,0.5643472405959278,1,Blocked
719,119,0,0.6424888612405174,0.41056777298848657,1,Blocked
720,120,0,0.8180328772302708,0.5269155151994536,1,Blocked
721,121,0,0.6781837339286638,0.5894761445292227,1,Blocked
722,122,0,0.930589012343598,0.7125746083586113,1,Blocked
723,123,0,0.7325885559862788,0.6407277613670644,1,Blocked
724,124,0,0.5948581598343705,0.4288917877775037,1,Blocked
725,125,0,0.21663111897428558,0.5936304064956162,1,Blocked
726,126,0,0.4413565363217047,0.5619036051873865,1,Blocked
727,127,0,0.13590513508663923,0.6691418569318951,1,Blocked
728,128,0,0.8717214534416136,0.5383544557261002,1,Blocked
729,129,0,0.651487331130212,0.5909156135539908,1,Blocked
730,130,0,0.5443862098525717,0.5704047713111888,1,Blocked
731,131,0,0.38843661773454696,0.4131108542354294,1,Blocked
732,132,0,0.09030394873376554,0.6464776048202041,1,Blocked
733,133,0,0.7086434362035303,0.5558398607352193,1,Blocked
734,134,0,0.543975177013811,0.4613723022253382,1,Blocked
735,135,0,0.3570119624028973,0.49509697225162363,1,Blocked
736,136,0,0.6522319969887771,0.6698412623370305,1,Blocked
737,137,0,0.5766582872254212,0.69041655118137,1,Blocked
738,138,0,0.4574778636818176,0.6189710313810359,1,Blocked
739,139,0,0.5210974472352706,0.41989330050705953,1,Blocked
740,140,0,0.8741264127544115,0.6238454050722688,1,Blocked
741,141,0,0.6943581014952402,0.5824523383233768,1,Blocked
742,142,0,0.51588231352915,0.702440344693354,1,Blocked
743,143,0,0.5584450935571289,0.6788172870160007,1,Blocked
744,144,0,0.7745752310157089,0.6059296499644675,1,Blocked
745,145,0,0.8521320379911068,0.571174741387667,1,Blocked
746,146,0,0.8086135530067085,0.48576460469338867,1,Blocked
747,147,0,0.14253913171251123,0.6173687842860244,1,Blocked
748,148,0,0.18917805091402312,0.8009134381353922,1,Blocked
749,149,0,0.5252606858595806,0.4597855007621471,1,Blocked
750,150,0,0.699367166985386,0.5132290614777693,1,Blocked
751,151,0,0.2803069012815796,0.579687973957258,1,Blocked
752,152,0,0.7113686609640042,0.5605136787273378,1,Blocked
753,153,0,0.5424313374691699,0.5274648314347181,1,Blocked
754,154,0,0.6361860302586233,0.5148532527559173,1,Blocked
755,155,0,0.6173379536558415,0.3769783742693287,1,Blocked
756,156,0,0.2708996950763595,0.5418683528665962,1,Blocked
757,157,0,0.2747133991519307,0.5093391655513307,1,Blocked
758,158,0,0.3500026476336204,0.6096387965089403,1,Blocked
759,159,0,0.6838787724167958,0.7025925049381473,1,Blocked
760,160,0,0.46174608394372757,0.6240717153950893,1,Blocked
761,161,0,0.054262574167067264,0.4502908204045078,1,Blocked
762,162,0,0.17772493563573805,0.632011467716499,1,Blocked
763,163,0,0.33679047240645577,0.5115733879344797,1,Blocked
764,164,0,0.40928613483868403,0.6238362720414397,1,Blocked
765,165,0,0.582349867625792,0.618698431089281,1,Blocked
766,166,0,0.6318630781409513,0.5475938088641399,1,Blocked
767,167,0,0.9503502569036636,0.42857060212385667,1,Blocked
768,168,0,0.5010935678818246,0.8287581701433885,1,Blocked
769,169,0,0.5114988649929064,0.5161183460405805,1,Blocked
770,170,0,0.4770567206470577,0.5447717550450152,1,Blocked
771,171,0,0.38965817704920447,0.49866447176898243,1,Blocked
772,172,0,0.44448509216134674,0.5943115588014524,1,Blocked
773,173,0,0.5419166911500676,0.7086584990747677,1,Blocked
774,174,0,0.5309653494376382,0.5894393065663337,1,Blocked
775,175,0,0.6275502584752713,0.43448680141258966,1,Blocked
776,176,0,0.21098358827529107,0.5791008911714812,1,Blocked
777,177,0,0.4763188859083938,0.5367116921875925,1,Blocked
778,178,0,0.5915213646393488,0.6071634711347891,1,Blocked
779,179,0,0.1558939622503324,0.8333393573028187,1,Blocked
780,180,0,0.6895582941173553,0.593261609388228,1,Blocked
781,181,0,0.014581802585248639,0.9152407776399412,1,Blocked
782,182,0,0.6064543743667044,0.6564905236465144,1,Blocked
783,183,0,0.5221482476416713,0.7052384281939235,1,Blocked
784,184,0,0.17388743614086158,0.6368006879720227,1,Blocked
785,185,0,0.4869606982078462,0.6799573130783798,1,Blocked
786,186,0,0.013183150043638557,0.7444421097618257,1,Blocked
787,187,0,0.6921766241651879,0.6898808150008555,1,Blocked
788,188,0,0.006472692965160853,0.8234745299482892,1,Blocked
789,189,0,0.4924099316154281,0.6788992720727832,1,Blocked
790,190,0,0.22144426628096203,0.5797040717422219,1,Blocked
791,191,0,0.3208403806478191,0.6917812293414114,1,Blocked
792,192,0,0.3768394956599704,0.5159791668539583,1,Blocked
793,193,0,0.5253306709276829,0.7626141774106381,1,Blocked
794,194,0,0.4247406675597946,0.5459955023334098,1,Blocked
795,195,0,0.21271660528277514,0.6262091812153723,1,Blocked
796,196,0,0.5999826136080663,0.7562013086714183,1,Blocked
797,197,0,0.5398933313550495,0.5483782109781461,1,Blocked
798,198,0,0.7592318667307445,0.5633381238878832,1,Blocked
799,199,0,0.06079002083436026,0.603672525967051,1,Blocked
800,0,0,0.282360306294796,0.7491728101595331,1,Interleaved
801,1,0,0.5122926965167032,0.6453073331666865,1,Interleaved
802,2,0,0.7812110770289278,0.504188794417284,1,Interleaved
803,3,0,0.48801511400354775,0.855055275735982,1,Interleaved
804,4,0,0.20879233072905493,0.7276408795801967,1,Interleaved
805,5,0,0.5620083923024396,0.8717056462250223,1,Interleaved
806,6,0,0.7494425381225637,0.5880065613319126,1,Interleaved
807,7,0,0.3910187959422012,0.686178577006018,1,Interleaved
808,8,0,0.5538700105238912,0.47195752706889005,1,Interleaved
809,9,0,0.4225133707293147,0.7997088215277748,1,Interleaved
810,10,0,0.06620803271754254,0.6778253451702883,1,Interleaved
811,11,0,0.552472150619368,0.5840280182082589,1,Interleaved
812,12,0,0.35577103030443963,0.5902339526521839,1,Interleaved
813,13,0,0.1297355729456694,0.7392304527093283,1,Interleaved
814,14,0,0.1933159411281993,0.7010790253662991,1,Interleaved
815,15,0,0.7708941827979857,0.6393212628881542,1,Interleaved
816,16,0,0.3843768738745093,0.5755726799090253,1,Interleaved
817,17,0,0.174001888274884,0.6294571066003876,1,Interleaved
818,18,0,0.3544097812179738,0.5155424860551643,1,Interleaved
819,19,0,0.5331513023090093,0.5723054582381224,1,Interleaved
820,20,0,0.4699463049122426,0.7967271128996987,1,Interleaved
821,21,0,0.30498692390120796,0.49494600502642916,1,Interleaved
822,22,0,0.5123371210725115,0.5831361517959865,1,Interleaved
823,23,0,0.5172698199878951,0.6691864283454906,1,Interleaved
824,24,0,0.8783926148863808,0.6284249486003585,1,Interleaved
825,25,0,0.613420758794437,0.5902797359876429,1,Interleaved
826,26,0,0.15178485040713036,0.817315202040571,1,Interleaved
827,27,0,0.7225747291511349,0.574721931803946,1,Interleaved
828,28,0,0.9364240742357607,0.5471416179086916,1,Interleaved
829,29,0,0.5958698797729959,0.5032821463977938,1,Interleaved
830,30,0,0.4706834467734746,0.3979910439000642,1,Interleaved
831,31,0,0.46341444332242654,0.7506504721861655,1,Interleaved
832,32,0,0.20156269603600713,0.648553441882698,1,Interleaved
833,33,0,0.8520101454127934,0.5498503437642529,1,Interleaved
834,34,0,0.23698767576304783,0.6950328372264655,1,Interleaved
835,35,0,0.26459288189133234,0.7372465302484,1,Interleaved
836,36,0,0.45743709320521003,0.5633257398725926,1,Interleaved
837,37,0,0.9531414874911337,0.7442587524672792,1,Interleaved
838,38,0,0.4595129574583435,0.7950542051102307,1,Interleaved
839,39,0,0.7400634453491802,0.45007216966009306,1,Interleaved
840,40,0,0.5289035713173385,0.7445714849811671,1,Interleaved
841,41,0,0.2345433718018402,0.6745676937740683,1,Interleaved
842,42,0,0.6722672171624093,0.5385991362465509,1,Interleaved
843,43,0,0.051455078882552546,0.7313088964266607,1,Interleaved
844,44,0,0.6487758346342729,0.6821719841531164,1,Interleaved
845,45,0,0.2935772428318555,0.5380691854315395,1,Interleaved
846,46,0,0.9952200363991488,0.5810666502826392,1,Interleaved
847,47,0,0.5725295070820253,0.6549827754366635,1,Interleaved
848,48,0,0.41611202498940736,0.6727626479952022,1,Interleaved
849,49,0,0.4581819499964871,0.7458195689713735,1,Interleaved
850,50,0,0.8031088740879777,0.6170036391154943,1,Interleaved
851,51,0,0.751487772830363,0.6418670668436746,1,Interleaved
852,52,0,0.3459248589865827,0.6806496116661245,1,Interleaved
853,53,0,0.7388092509049379,0.6730042722530539,1,Interleaved
854,54,0,0.33145259967062013,0.7408752535921042,1,Interleaved
855,55,0,0.6998699165075808,0.41415590893544796,1,Interleaved
856,56,0,0.17619031855070785,0.5861447837625409,1,Interleaved
857,57,0,0.46915057112473796,0.6883861502964901,1,Interleaved
858,58,0,0.15451879817952024,0.760407225437868,1,Interleaved
859,59,0,0.7246601484726187,0.392910286268543,1,Interleaved
860,60,0,0.11056349392028796,0.8141017204165383,1,Interleaved
861,61,0,0.6567107869004619,0.6848053397314182,1,Interleaved
862,62,0,0.8030698590080945,0.5660120762251832,1,Interleaved
863,63,0,0.5185669739724339,0.6957671303298396,1,Interleaved
864,64,0,0.23655692472008757,0.6859597347960626,1,Interleaved
865,65,0,0.6921177271147589,0.6359534077397111,1,Interleaved
866,66,0,0.5461634521072333,0.5902066296168971,1,Interleaved
867,67,0,0.5059545933555991,0.6813383693737141,1,Interleaved
868,68,0,0.03889077508473674,0.8493279972300183,1,Interleaved
869,69,0,0.322458012500999,0.6433046762195034,1,Interleaved
870,70,0,0.9947934276477406,0.5924088943804846,1,Interleaved
871,71,0,0.3834346991226201,0.7708039105799119,1,Interleaved
872,72,0,0.5568504480990741,0.5449535198406804,1,Interleaved
873,73,0,0.48461911402156266,0.5630685116456282,1,Interleaved
874,74,0,0.013119373968167935,1.0453925087793223,1,Interleaved
875,75,0,0.37885295135496916,0.7536849459605448,1,Interleaved
876,76,0,0.7894408822488514,0.5222033830576784,1,Interleaved
877,77,0,0.7646356410927623,0.8615092520711155,1,Interleaved
878,78,0,0.3463990576615488,0.553395372302774,1,Interleaved
879,79,0,0.12732301553438483,0.7181021454233234,1,Interleaved
880,80,0,0.778865145194711,0.5007871718641043,1,Interleaved
881,81,0,0.42561957595923156,0.5264391578024952,1,Interleaved
882,82,0,0.9474497899037253,0.6466889246643254,1,Interleaved
883,83,0,0.5101034477412794,0.6086691085798778,1,Interleaved
884,84,0,0.9728517665529346,0.6574880340752107,1,Interleaved
885,85,0,0.5152392793290643,0.6761207826405766,1,Interleaved
886,86,0,0.7984494528648974,0.5712060923885867,1,Interleaved
887,87,0,0.850755694410309,0.45583168817102476,1,Interleaved
888,88,0,0.6696681260965707,0.5918501014768719,1,Interleaved
889,89,0,0.6878087802523563,0.5550109528102822,1,Interleaved
890,90,0,0.33773270420419366,0.45056450320887187,1,Interleaved
891,91,0,0.6111323403116015,0.7311423744820005,1,Interleaved
892,92,0,0.766230687750825,0.6299807465228442,1,Interleaved
893,93,0,0.499885158279986,0.6867207488477473,1,Interleaved
894,94,0,0.019520713877909265,0.8824950164070142,1,Interleaved
895,95,0,0.6959194328223781,0.39152569903605405,1,Interleaved
896,96,0,0.373637556932912,0.4764297113453663,1,Interleaved
897,97,0,0.5183538656739534,0.7859909007801608,1,Interleaved
898,98,0,0.5623350763225577,0.5842395891691086,1,Interleaved
899,99,0,0.6421114962357632,0.6990816910523392,1,Interleaved
900,100,0,0.30348629855142173,0.6780808655579443,1,Interleaved
901,101,0,0.2175730223912642,0.5002009835453607,1,Interleaved
902,102,0,0.8827729689760677,0.49000743494567756,1,Interleaved
903,103,0,0.5351078562092009,0.5960237993993964,1,Interleaved
904,104,0,0.2244684274702323,0.7261483721926547,1,Interleaved
905,105,0,0.7748550212700607,0.48973904446258243,1,Interleaved
906,106,0,0.3480366144767977,0.5456746525589595,1,Interleaved
907,107,0,0.8179564681851339,0.5159995234201846,1,Interleaved
908,108,0,0.7618701714160876,0.8901291445537061,1,Interleaved
909,109,0,0.5063594520749569,0.5856054348617018,1,Interleaved
910,110,0,0.12925423636343109,0.7365831866593453,1,Interleaved
911,111,0,0.778734877273371,0.558014373546852,1,Interleaved
912,112,0,0.8469805996678866,0.5025218533130914,1,Interleaved
913,113,0,0.596703964343645,0.5338021577910366,1,Interleaved
914,114,0,0.5842601245686723,0.722173477850246,1,Interleaved
915,115,0,0.2842460780448126,0.7114964858369394,1,Interleaved
916,116,0,0.08949477700453956,0.8639384747371524,1,Interleaved
917,117,0,0.4141216464976708,0.6999798408555813,1,Interleaved
918,118,0,0.4257773636313288,0.4778156279164214,1,Interleaved
919,119,0,0.7767434712240633,0.6294535864800592,1,Interleaved
920,120,0,0.5685004261251918,0.7377092856250488,1,Interleaved
921,121,0,0.5293958659495618,0.5569365916661301,1,Interleaved
922,122,0,0.03589437089798398,0.7317352030925626,1,Interleaved
923,123,0,0.5038295141564593,0.617725477753624,1,Interleaved
924,124,0,0.2803275747214381,0.7009995599220636,1,Interleaved
925,125,0,0.6907457770101825,0.5262072519066984,1,Interleaved
926,126,0,0.2248733135676023,0.6230785931902283,1,Interleaved
927,127,0,0.43186434082596115,0.7458814969465721,1,Interleaved
928,128,0,0.851820136376203,0.4852011437188053,1,Interleaved
929,129,0,0.33409124916207467,0.7108926097092982,1,Interleaved
930,130,0,0.8425291773091663,0.5312478773983621,1,Interleaved
931,131,0,0.4351211263124953,0.6687713962219601,1,Interleaved
932,132,0,0.9441386344904112,0.6173568865275941,1,Interleaved
933,133,0,0.5052811832227068,0.7551485628274703,1,Interleaved
934,134,0,0.97596366011684,0.4678115808328898,1,Interleaved
935,135,0,0.4564455029860161,0.5601402183244149,1,Interleaved
936,136,0,0.09438961771439414,0.8986359866890143,1,Interleaved
937,137,0,0.5164442751762456,0.4710574868445244,1,Interleaved
938,138,0,0.9638197449779207,0.5522724998251194,1,Interleaved
939,139,0,0.5117033744222554,0.7066647114579627,1,Interleaved
940,140,0,0.7119654886146183,0.4666454418475715,1,Interleaved
941,141,0,0.48945772633461104,0.4761891274907767,1,Interleaved
942,142,0,0.9256186453093918,0.3938555761638137,1,Interleaved
943,143,0,0.5128488754369964,0.6539607935144647,1,Interleaved
944,144,0,0.17708758470320923,0.5833005133732012,1,Interleaved
945,145,0,0.2813425999959302,0.6893427743566977,1,Interleaved
946,146,0,0.9523562935117917,0.5071793580861215,1,Interleaved
947,147,0,0.42642412790477185,0.6004873804592692,1,Interleaved
948,148,0,0.9408936968492156,0.5302535482085828,1,Interleaved
949,149,0,0.5043107226610554,0.6201020343490078,1,Interleaved
950,150,0,0.946627079645652,0.5002871000937692,1,Interleaved
951,151,0,0.8719117523434408,0.5199592848732755,1,Interleaved
952,152,0,0.6735570231468951,0.5014454260164076,1,Interleaved
953,153,0,0.5933763641602219,0.5400839329332794,1,Interleaved
954,154,0,0.7172742318134451,0.5333422822693636,1,Interleaved
955,155,0,0.647739094280827,0.5894301358038575,1,Interleaved
956,156,0,0.8652270223205321,0.43300144225007187,1,Interleaved
957,157,0,0.5140174780333091,0.7216108285326224,1,Interleaved
958,158,0,0.3082167832136753,0.7047518029881805,1,Interleaved
959,159,0,0.3847909353960452,0.5451531540582919,1,Interleaved
960,160,0,0.4497044798176529,0.7567702453946512,1,Interleaved
961,161,0,0.7414150346388236,0.5154956798861484,1,Interleaved
962,162,0,0.3609055666393309,0.540310449893868,1,Interleaved
963,163,0,0.7631473453159962,0.48890747220342656,1,Interleaved
964,164,0,0.4483266232267985,0.4649418308158602,1,Interleaved
965,165,0,0.5449023984575436,0.48934189834538344,1,Interleaved
966,166,0,0.7330083774639663,0.5065825581803809,1,Interleaved
967,167,0,0.8266748613909194,0.535182815495451,1,Interleaved
968,168,0,0.021203786711782923,0.7663440818236092,1,Interleaved
969,169,0,0.034132685404781565,0.7165577389934562,1,Interleaved
970,170,0,0.6738482060154783,0.7265899355643377,1,Interleaved
971,171,0,0.4752728530576631,0.5819576192335603,1,Interleaved
972,172,0,0.9765867448218,0.4985227039939272,1,Interleaved
973,173,0,0.9634804417805034,0.4084943787830321,1,Interleaved
974,174,0,0.34299119173068454,0.5823374302909314,1,Interleaved
975,175,0,0.65563160373742,0.6028499145985702,1,Interleaved
976,176,0,0.26623782420718306,0.6773753694342195,1,Interleaved
977,177,0,0.2886981848108921,0.5653781462098604,1,Interleaved
978,178,0,0.4407536953498465,0.5608819088180773,1,Interleaved
979,179,0,0.6849519223876601,0.6278208627506405,1,Interleaved
980,180,0,0.342635395827145,0.5755017037762062,1,Interleaved
981,181,0,0.5577914883935784,0.5165416161986994,1,Interleaved
982,182,0,0.6199695413124295,0.6816369366293613,1,Interleaved
983,183,0,0.4111403355343041,0.6378571200456045,1,Interleaved
984,184,0,0.6415281180007739,0.5721461228065672,1,Interleaved
985,185,0,0.44711665606391354,0.7198344692207367,1,Interleaved
986,186,0,0.5509315255600867,0.653430016843942,1,Interleaved
987,187,0,0.5265368710086518,0.461525949177786,1,Interleaved
988,188,0,0.9541550620396237,0.48384820640572723,1,Interleaved
989,189,0,0.5015563497644494,0.8645965160093486,1,Interleaved
990,190,0,0.49556421177198734,0.6426843056430673,1,Interleaved
991,191,0,0.49077690850637673,0.5370413051678619,1,Interleaved
992,192,0,0.49786860327267546,0.7252054956281939,1,Interleaved
993,193,0,0.7862762496521727,0.7878141599200719,1,Interleaved
994,194,0,0.42382146655814534,0.5859119708897402,1,Interleaved
995,195,0,0.3088031072225585,0.5470104610347029,1,Interleaved
996,196,0,0.5738049071781054,0.5758667579604746,1,Interleaved
997,197,0,0.5592387806154855,0.6096534445889292,1,Interleaved
998,198,0,0.335929283399926,0.40770698448671194,1,Interleaved
999,199,0,0.6994606124659208,0.6774689990767635,1,Interleaved
1000,0,0,0.4716216562623383,0.43759082358921986,1,Instructed
1001,1,0,0.44960963232105,0.8681678004624942,1,Instructed
1002,2,0,0.43998772115918267,0.8256944325806763,1,Instructed
1003,3,0,0.6545495865181491,0.8280766529455181,1,Instructed
1004,4,0,0.5104094812277694,0.6872759391937946,1,Instructed
1005,5,0,0.004617214141045478,0.7007315093877171,1,Instructed
1006,6,0,0.27675061819101215,0.7189153172443503,1,Instructed
1007,7,0,0.7814494446862554,0.48412436121802815,1,Instructed
1008,8,0,0.6836817479537979,0.49587856743623293,1,Instructed
1009,9,0,0.5970035844196542,0.5482464722615669,1,Instructed
1010,10,0,0.5858136929886932,0.602189850580386,1,Instructed
1011,11,0,0.001048157995509689,0.8078069231410978,1,Instructed
1012,12,0,0.5031296440399782,0.5282375873266416,1,Instructed
1013,13,0,0.5009299412708912,0.6929721944722397,1,Instructed
1014,14,0,0.2651521044624848,0.6236896012172517,1,Instructed
1015,15,0,0.45861992760590686,0.6431293884870872,1,Instructed
1016,16,0,0.49173160245129377,0.8479905515961697,1,Instructed
1017,17,0,0.07721605456395197,0.7057464309598378,1,Instructed
1018,18,0,0.6454492102989726,0.47482416395253874,1,Instructed
1019,19,0,0.40763590156191215,0.8025518187016834,1,Instructed
1020,20,0,0.4892724767681972,0.6201264090724322,1,Instructed
1021,21,0,0.49485476881789275,0.43686345374284885,1,Instructed
1022,22,0,0.14153951701901785,0.6169874010872762,1,Instructed
1023,23,0,0.6325806403794895,0.5027757912095543,1,Instructed
1024,24,0,0.46470879242188035,0.5850703416176962,1,Instructed
1025,25,0,0.7764446408664343,0.5303122730582646,1,Instructed
1026,26,0,0.2654432402929885,0.5295107125522946,1,Instructed
1027,27,0,0.5919139303890724,0.4330955283059211,1,Instructed
1028,28,0,0.5657827876450253,0.5983669929070308,1,Instructed
1029,29,0,0.23977442641981123,0.5903136639517395,1,Instructed
1030,30,0,0.17821990379817124,0.4662025950521361,1,Instructed
1031,31,0,0.68702259261556,0.5972042774461914,1,Instructed
1032,32,0,0.38713719656408196,0.5965363585887465,1,Instructed
1033,33,0,0.7338446435484138,0.5030686130039017,1,Instructed
1034,34,0,0.3844135654485543,0.3777945832680904,1,Instructed
1035,35,0,0.5482794183079482,0.6084967442549976,1,Instructed
1036,36,0,0.6491151110579501,0.4014231292394444,1,Instructed
1037,37,0,0.20870850836021376,0.3528076320420632,1,Instructed
1038,38,0,0.6209037448749126,0.5269766915441794,1,Instructed
1039,39,0,0.3636698414847516,0.5354157580593473,1,Instructed
1040,40,0,0.5759123906876187,0.509346770007843,1,Instructed
1041,41,0,0.0015375202922608192,0.9729238108581009,1,Instructed
1042,42,0,0.37522558355608177,0.564285931855492,1,Instructed
1043,43,0,0.004920396852883052,0.5877614954553279,1,Instructed
1044,44,0,0.49925507122639773,0.7483370835137824,1,Instructed
1045,45,0,0.16157594800291836,0.598074690374306,1,Instructed
1046,46,0,0.22774756227058154,0.5443204254389447,1,Instructed
1047,47,0,0.37401175765221983,0.652622143448776,1,Instructed
1048,48,0,0.648026509200611,0.531108475710035,1,Instructed
1049,49,0,0.7924776760999954,0.5755301269594111,1,Instructed
1050,50,0,0.43501398050112394,0.47261579778065665,1,Instructed
1051,51,0,0.9956753019037962,0.40772460547173645,1,Instructed
1052,52,0,0.5011908106560272,0.45590446923278805,1,Instructed
1053,53,0,0.7421611990178647,0.564887959602304,1,Instructed
1054,54,0,0.5013267359758772,0.7007330810763626,1,Instructed
1055,55,0,0.8641908029403655,0.4375901185587897,1,Instructed
1056,56,0,0.5105763246648287,0.7066521242787034,1,Instructed
1057,57,0,0.9892808971847166,0.3586745788197254,1,Instructed
1058,58,0,0.5227141290082684,0.47613833821410434,1,Instructed
1059,59,0,0.08655255342448517,0.5824060640592474,1,Instructed
1060,60,0,0.5401582097369747,0.44452489450028665,1,Instructed
1061,61,0,0.1502491214944632,0.6424137567610162,1,Instructed
1062,62,0,0.6426512102558257,0.5176708543100146,1,Instructed
1063,63,0,0.9549343708459085,0.42974240551327764,1,Instructed
1064,64,0,0.48837456678496766,0.633203381586628,1,Instructed
1065,65,0,0.9331532945930034,0.5080552475860377,1,Instructed
1066,66,0,0.5924431404866505,0.5765645833206586,1,Instructed
1067,67,0,0.6169078177125269,0.7111334852557207,1,Instructed
1068,68,0,0.48369180724999283,0.4813252334210811,1,Instructed
1069,69,0,0.3212674657759269,0.6244075490762566,1,Instructed
1070,70,0,0.1707886020293471,0.5204655146963951,1,Instructed
1071,71,0,0.7489069192912174,0.6010995484793681,1,Instructed
1072,72,0,0.4989081878366099,0.5373740370522269,1,Instructed
1073,73,0,0.9874917793642148,0.6154668077484504,1,Instructed
1074,74,0,0.2522719428994459,0.695918023269473,1,Instructed
1075,75,0,0.6074713614280098,0.4710448375984906,1,Instructed
1076,76,0,0.6903485009984223,0.6281758541256657,1,Instructed
1077,77,0,0.33289324288441496,0.5616887780381653,1,Instructed
1078,78,0,0.10044586366860841,0.7003856859007862,1,Instructed
1079,79,0,0.7495223212999295,0.40969748462685784,1,Instructed
1080,80,0,0.26762128099843724,0.6013907934478117,1,Instructed
1081,81,0,0.4989458313872863,0.4364094605455975,1,Instructed
1082,82,0,0.678299634610443,0.3652224039026152,1,Instructed
1083,83,0,0.6499377498615786,0.4838088531133362,1,Instructed
1084,84,0,0.7124250187842038,0.3912234083193513,1,Instructed
1085,85,0,0.8905694181589641,0.39709431019452324,1,Instructed
1086,86,0,0.7275480793255851,0.4871316117708373,1,Instructed
1087,87,0,0.42722738979166686,0.49079207696907645,1,Instructed
1088,88,0,0.49940950376181886,0.7387972356960248,1,Instructed
1089,89,0,0.3285943905152217,0.6985835413684618,1,Instructed
1090,90,0,0.2347308425712645,0.6416134711421562,1,Instructed
1091,91,0,0.939541715998111,0.46902475043639147,1,Instructed
1092,92,0,0.5129938546010018,0.7331351587783209,1,Instructed
1093,93,0,0.26229516532613023,0.6138356266994613,1,Instructed
1094,94,0,0.3690868689087956,0.5651451235504781,1,Instructed
1095,95,0,0.034201799199204685,0.6599322945004225,1,Instructed
1096,96,0,0.8168131973537984,0.5309112361317236,1,Instructed
1097,97,0,0.42293969470818965,0.5494027070248654,1,Instructed
1098,98,0,0.15296730197664643,0.6163847289153872,1,Instructed
1099,99,0,0.6036164546077909,0.5139909980802433,1,Instructed
1100,100,0,0.244498434827693,0.4252436967673611,1,Instructed
1101,101,0,0.11295481152800492,0.6525896898389634,1,Instructed
1102,102,0,0.48175145827113863,0.5750263445543664,1,Instructed
1103,103,0,0.6824806528675327,0.4835589374442434,1,Instructed
1104,104,0,0.569747353708751,0.4327592711411754,1,Instructed
1105,105,0,0.5639973153556793,0.5885500548252802,1,Instructed
1106,106,0,0.2633840582152223,0.5072466983000892,1,Instructed
1107,107,0,0.2641215944033905,0.7998805035445717,1,Instructed
1108,108,0,0.4833207670858523,0.6368366011059808,1,Instructed
1109,109,0,0.12403618820152934,0.6658523041352017,1,Instructed
1110,110,0,0.6368074136221891,0.4023623948750416,1,Instructed
1111,111,0,0.9973789493358072,2.458528507933897,1,Instructed
1112,112,0,0.3233927281847747,0.7100722941629185,1,Instructed
1113,113,0,0.7013408684003084,0.8990702164308395,1,Instructed
1114,114,0,0.3814398241591986,0.4284196527085215,1,Instructed
1115,115,0,0.3601892471833018,0.7475329098242286,1,Instructed
1116,116,0,0.7303342644003328,0.5766518935432959,1,Instructed
1117,117,0,0.5816110527077814,0.40252696415072453,1,Instructed
1118,118,0,0.6888448960483764,0.539310474628725,1,Instructed
1119,119,0,0.7556999860805704,0.5111306648836331,1,Instructed
1120,120,0,0.49387595911122173,0.4214052812228948,1,Instructed
1121,121,0,0.01799308003904852,0.6345601079908145,1,Instructed
1122,122,0,0.44987827365609107,0.6808043134330972,1,Instructed
1123,123,0,0.38830242226974204,0.6150361044449004,1,Instructed
1124,124,0,0.1282944393741677,0.5440638214999005,1,Instructed
1125,125,0,0.13743006239646754,0.5713011639507714,1,Instructed
1126,126,0,0.6271459866480004,0.5049459502492424,1,Instructed
1127,127,0,0.8961002977175926,0.36368725212589387,1,Instructed
1128,128,0,0.5001785422338098,0.7810619435402371,1,Instructed
1129,129,0,0.9241605024544941,0.4016120483145053,1,Instructed
1130,130,0,0.8377260804627678,0.4037028532575105,1,Instructed
1131,131,0,0.6054640378671764,0.40283623707092375,1,Instructed
1132,132,0,0.2859368835274998,0.49089904817622493,1,Instructed
1133,133,0,0.7902910835986768,0.46462206386901306,1,Instructed
1134,134,0,0.2922311253522745,0.4469430766665069,1,Instructed
1135,135,0,0.6911675287212249,0.44964496125612213,1,Instructed
1136,136,0,0.8123707446134936,0.5150559484802141,1,Instructed
1137,137,0,0.1219815916762558,0.5502350292661724,1,Instructed
1138,138,0,0.3828839415562388,0.8536648856049831,1,Instructed
1139,139,0,0.8127143471593847,0.5762720423050438,1,Instructed
1140,140,0,0.41472662018056894,0.490988713465711,1,Instructed
1141,141,0,0.5923377737603756,0.7003923347192273,1,Instructed
1142,142,0,0.5085384965409279,0.6799714153808473,1,Instructed
1143,143,0,0.866926368838894,0.46026975231278683,1,Instructed
1144,144,0,0.959041881204035,0.4475829751845678,1,Instructed
1145,145,0,0.6332079951092953,0.49968655812759755,1,Instructed
1146,146,0,0.771477346002229,0.5153796970343163,1,Instructed
1147,147,0,0.8694937543359367,0.5434542861440094,1,Instructed
1148,148,0,0.54184963943913,0.580674809302367,1,Instructed
1149,149,0,0.0571369664432551,0.46962160824943183,1,Instructed
1150,150,0,0.44143063735136795,0.6620188154352149,1,Instructed
1151,151,0,0.5193863895253873,0.5436511130836597,1,Instructed
1152,152,0,0.165072667027298,0.5782847068586138,1,Instructed
1153,153,0,0.38168548205095704,0.577878770580377,1,Instructed
1154,154,0,0.4613541767913562,0.8606667290571283,1,Instructed
1155,155,0,0.1760145014351716,0.5583062528351409,1,Instructed
1156,156,0,0.7630175619363427,0.39290314795968406,1,Instructed
1157,157,0,0.6805497045688481,0.44467440408055003,1,Instructed
1158,158,0,0.4828688388642859,0.740180718292768,1,Instructed
1159,159,0,0.07419290284543407,0.5977125665611875,1,Instructed
1160,160,0,0.8794696135124233,0.6243712348799766,1,Instructed
1161,161,0,0.4755273063341441,0.4376895992046663,1,Instructed
1162,162,0,0.801669498412208,0.4365283954847601,1,Instructed
1163,163,0,0.5460964226719957,0.5189508322306918,1,Instructed
1164,164,0,0.4296184930343268,0.5525035107076665,1,Instructed
1165,165,0,0.5486665123852575,0.39192342187301565,1,Instructed
1166,166,0,0.21610350570208503,0.5814450835166601,1,Instructed
1167,167,0,0.5257710683868895,0.5165857876966389,1,Instructed
1168,168,0,0.24263284918694916,0.5876221449705575,1,Instructed
1169,169,0,0.3503749589188713,0.5567595069697091,1,Instructed
1170,170,0,0.40510423694042075,0.6884599722140572,1,Instructed
1171,171,0,0.49853155753823303,0.5474489758111286,1,Instructed
1172,172,0,0.15703801266295694,0.6449114054430373,1,Instructed
1173,173,0,0.6207161970857369,0.3866327391909658,1,Instructed
1174,174,0,0.7562870257417487,0.7617820725088831,1,Instructed
1175,175,0,0.32777814914196535,0.5428849425288111,1,Instructed
1176,176,0,0.4993781247512933,0.5603238535722926,1,Instructed
1177,177,0,0.46398610132684287,0.5016927058754703,1,Instructed
1178,178,0,0.802903834607035,0.5607381873193917,1,Instructed
1179,179,0,0.6030439377130794,0.541762623037548,1,Instructed
1180,180,0,0.5277727669875806,0.5409551396411589,1,Instructed
1181,181,0,0.6587886418034321,0.6060556801943828,1,Instructed
1182,182,0,0.5935750365534872,0.4804390417258088,1,Instructed
1183,183,0,0.4549115573494726,0.8655243952377203,1,Instructed
1184,184,0,0.4581793009894988,0.587966281372123,1,Instructed
1185,185,0,0.878396414410958,0.5212981212349584,1,Instructed
1186,186,0,0.1409401748236925,0.6447482837891932,1,Instructed
1187,187,0,0.8667720845790602,0.5359202117003252,1,Instructed
1188,188,0,0.3059642806985546,0.6862829311449923,1,Instructed
1189,189,0,0.46177508491588043,0.5083708447180295,1,Instructed
1190,190,0,0.5183329485497675,0.41635921231341366,1,Instructed
1191,191,0,0.7812431078930621,0.475505358447185,1,Instructed
1192,192,0,0.5863227685111613,0.4173412017421649,1,Instructed
1193,193,0,0.2524895931010151,0.3931762332727756,1,Instructed
1194,194,0,0.4801410518817284,0.7157657690880359,1,Instructed
1195,195,0,0.7746099569741287,0.4124083228484907,1,Instructed
1196,196,0,0.1708819071766869,0.624129711668899,1,Instructed
1197,197,0,0.9264781764986276,0.43053961129059953,1,Instructed
1198,198,0,0.5072635783240967,0.6879354977865177,1,Instructed
1199,199,0,0.47143811099416055,0.6063703526728673,1,Instructed
