,t,e_hat,Accuracy,pe,batch,Condition
0,0,0,0.5972863036501,0.7656292046700726,0,Blocked
1,1,0,0.2795866334572655,0.6671481937607159,0,Blocked
2,2,0,0.5861144198850113,0.544864290572624,0,Blocked
3,3,0,0.5899087746186839,0.5689082708882272,0,Blocked
4,4,0,0.3359608398295473,0.4838037622375676,0,Blocked
5,5,0,0.6412805838641953,0.48041082972410426,0,Blocked
6,6,0,0.6190490209650668,0.6379413746128091,0,Blocked
7,7,0,0.2639783418280701,0.8004507069710507,0,Blocked
8,8,0,0.3635713586451903,0.6019967702917017,0,Blocked
9,9,0,0.33149045633899793,0.6857974580915982,0,Blocked
10,10,0,0.5102701651369239,0.5832724351569392,0,Blocked
11,11,0,0.3287909711446033,0.670199838696763,0,Blocked
12,12,0,0.4177126740543452,0.6010396470201521,0,Blocked
13,13,0,0.7090336154518448,0.4757482251249119,0,Blocked
14,14,0,0.905523763641439,0.8281157165489674,0,Blocked
15,15,0,0.9141578421656882,0.673376914568631,0,Blocked
16,16,0,0.05949266889410679,0.7967712615710516,0,Blocked
17,17,0,0.9599753198908335,0.5865519685124965,0,Blocked
18,18,0,0.8058873493166115,0.592013249598621,0,Blocked
19,19,0,0.3038813759895427,0.6834330342477306,0,Blocked
20,20,0,0.6291198373957426,0.47934684855001464,0,Blocked
21,21,0,0.796726013137299,0.6466171496127395,0,Blocked
22,22,0,0.7130029296385095,0.4713472730134874,0,Blocked
23,23,0,0.6258092853984806,0.4491042951539187,0,Blocked
24,24,0,0.5127126940364239,0.7064158395175048,0,Blocked
25,25,0,0.5169556724978368,0.4473851423145895,0,Blocked
26,26,0,0.4776791556717508,0.6234109678976255,0,Blocked
27,27,0,0.5645687573340064,0.5487810575839907,0,Blocked
28,28,0,0.66792794674583,0.4688838120587644,0,Blocked
29,29,0,0.6366875709974127,0.5866343351204516,0,Blocked
30,30,0,0.4484555664417331,0.5521818033574357,0,Blocked
31,31,0,0.42164080629918643,0.47025532359157785,0,Blocked
32,32,0,0.4699608803158185,0.588559579716383,0,Blocked
33,33,0,0.6063018070500776,0.5446711998404139,0,Blocked
34,34,0,0.6829501555841705,0.5868359925514546,0,Blocked
35,35,0,0.5765339467378885,0.6142850049152991,0,Blocked
36,36,0,0.33790111652388877,0.5808650531652333,0,Blocked
37,37,0,0.43703029803034454,0.5816636735170047,0,Blocked
38,38,0,0.6164632545663717,0.564708245273257,0,Blocked
39,39,0,0.43114188496564665,0.5956220006628805,0,Blocked
40,40,0,0.4318321033077014,0.5914680098629341,0,Blocked
41,41,0,0.4427939489003926,0.6561607282294206,0,Blocked
42,42,0,0.5768962988542108,0.5132208837769252,0,Blocked
43,43,0,0.7856090173216396,0.6052927608764888,0,Blocked
44,44,0,0.9478944115096208,0.41633439437312636,0,Blocked
45,45,0,0.23285256519854894,0.6043278411469992,0,Blocked
46,46,0,0.3081952397660817,0.618727260121988,0,Blocked
47,47,0,0.6508863352517572,0.4023285064602862,0,Blocked
48,48,0,0.43134682801420376,0.46811382277335467,0,Blocked
49,49,0,0.3535404222983591,0.7422377173704077,0,Blocked
50,50,0,0.6107050649565076,0.5386738985084352,0,Blocked
51,51,0,0.6930026876644946,0.6046074558984973,0,Blocked
52,52,0,0.8034725935503206,0.45748695630102787,0,Blocked
53,53,0,0.13961895328181112,0.5049111831981006,0,Blocked
54,54,0,0.8988420006027589,0.3406347776095676,0,Blocked
55,55,0,0.6673756300432958,0.6477520565122552,0,Blocked
56,56,0,0.7539077793301409,0.5424542717158536,0,Blocked
57,57,0,0.7761844757202748,0.5389470019668072,0,Blocked
58,58,0,0.963647232426076,0.42552565210658044,0,Blocked
59,59,0,0.8967110759403345,0.4997008057162614,0,Blocked
60,60,0,0.17724922869783266,0.5629551355888309,0,Blocked
61,61,0,0.9220742018101105,0.5029201821967141,0,Blocked
62,62,0,0.9159503260507285,0.40972501075982404,0,Blocked
63,63,0,0.07569327155393787,0.4936228984331741,0,Blocked
64,64,0,0.902493859545665,0.3881679053790211,0,Blocked
65,65,0,0.17883288875635497,0.5277235699251653,0,Blocked
66,66,0,0.8634648765758264,0.4049786298940767,0,Blocked
67,67,0,0.7037867559420091,0.4044135308198693,0,Blocked
68,68,0,0.672044069893909,0.43912368904810595,0,Blocked
69,69,0,0.32278245551949675,0.5953439586505853,0,Blocked
70,70,0,0.9277074439003563,0.4966090705386589,0,Blocked
71,71,0,0.2545806100599834,0.4619714433070712,0,Blocked
72,72,0,0.24587414154001982,0.6124304661942579,0,Blocked
73,73,0,0.7923557464540156,0.3846879040243521,0,Blocked
74,74,0,0.449413999081883,0.44573570212073205,0,Blocked
75,75,0,0.6291535700530586,0.455709764560952,0,Blocked
76,76,0,0.45192214722879354,0.5902041167578949,0,Blocked
77,77,0,0.182330791683042,0.5579387997437334,0,Blocked
78,78,0,0.1823598782777744,0.7595940877383176,0,Blocked
79,79,0,0.5104385666535486,0.4650228593604067,0,Blocked
80,80,0,0.6167187730024797,0.5609180235469386,0,Blocked
81,81,0,0.30347448253648757,0.599586273153529,0,Blocked
82,82,0,0.4755130986965167,0.5793859029893447,0,Blocked
83,83,0,0.5901715392903939,0.5077166651392466,0,Blocked
84,84,0,0.5697587666688172,0.5644889880685595,0,Blocked
85,85,0,0.30718113478662284,0.7668283017104891,0,Blocked
86,86,0,0.26241427776876086,0.48640286595865573,0,Blocked
87,87,0,0.7080859225915412,0.5284341037874111,0,Blocked
88,88,0,0.7487151182956293,0.5388433546205156,0,Blocked
89,89,0,0.43684942780141456,0.4651807078581118,0,Blocked
90,90,0,0.5970690534740867,0.39774979292800167,0,Blocked
91,91,0,0.5809524524609609,0.508152421884922,0,Blocked
92,92,0,0.3495094866660915,0.4431065093173241,0,Blocked
93,93,0,0.7693157209835062,0.4552586520723703,0,Blocked
94,94,0,0.3008036385528463,0.5386939647142497,0,Blocked
95,95,0,0.30739998120714557,0.49857475636380677,0,Blocked
96,96,0,0.644067835938561,0.49243072255125236,0,Blocked
97,97,0,0.45622694326242735,0.4302330278903469,0,Blocked
98,98,0,0.9075237983028619,0.4810622360529662,0,Blocked
99,99,0,0.2982450812618683,0.6117602038985338,0,Blocked
100,100,0,0.36277304545755096,0.49841581521963974,0,Blocked
101,101,0,0.6031558786256465,0.4679196248174863,0,Blocked
102,102,0,0.713861368423546,0.40936667128329873,0,Blocked
103,103,0,0.6667776908482963,0.4838494624647995,0,Blocked
104,104,0,0.7281386989339105,0.5322140727921848,0,Blocked
105,105,0,0.7872315518523505,0.6168374326400106,0,Blocked
106,106,0,0.810180284746675,0.4344340464497067,0,Blocked
107,107,0,0.5970494969739485,0.4983139888561604,0,Blocked
108,108,0,0.8145700607846428,0.46559883815904135,0,Blocked
109,109,0,0.6827455646924133,0.4849244943137042,0,Blocked
110,110,0,0.8955314287784626,0.4293752900592851,0,Blocked
111,111,0,0.5403712799520839,0.5300604941563665,0,Blocked
112,112,0,0.9384118738984955,0.40560079176593644,0,Blocked
113,113,0,0.770648871367581,0.5111365318479256,0,Blocked
114,114,0,0.4051234944941159,0.6236373954229237,0,Blocked
115,115,0,0.9141249551065485,0.44541724158898455,0,Blocked
116,116,0,0.6304474520295714,0.3791597249063131,0,Blocked
117,117,0,0.7102637879205458,0.4298683779928645,0,Blocked
118,118,0,0.5482450650958379,0.5036607729192973,0,Blocked
119,119,0,0.9211026011578334,0.3323608380456814,0,Blocked
120,120,0,0.253093625570276,0.7861427599420459,0,Blocked
121,121,0,0.8598507211508419,0.4307117525183076,0,Blocked
122,122,0,0.2558238283564578,0.5920988046805585,0,Blocked
123,123,0,0.828143567253632,0.5643959026955603,0,Blocked
124,124,0,0.21677374037924457,0.5951625632716477,0,Blocked
125,125,0,0.7953137134223396,0.3761760335162262,0,Blocked
126,126,0,0.6303003603763735,0.4802961609876789,0,Blocked
127,127,0,0.30943543320515376,0.4428778801707839,0,Blocked
128,128,0,0.880690921944485,0.5064178150092186,0,Blocked
129,129,0,0.8242995251439543,0.4917349177176837,0,Blocked
130,130,0,0.508843486493357,0.3928720549477317,0,Blocked
131,131,0,0.946468091238243,0.3628186467844299,0,Blocked
132,132,0,0.2842786798199433,0.7071711004355351,0,Blocked
133,133,0,0.8346491962228848,0.3670661780390016,0,Blocked
134,134,0,0.6536010659884577,0.4801123111277197,0,Blocked
135,135,0,0.9028680928056535,0.5558708201904208,0,Blocked
136,136,0,0.9181426027946831,0.4502663286902261,0,Blocked
137,137,0,0.9484818532767385,0.3714573923510667,0,Blocked
138,138,0,0.4524612969850041,0.5472782262027177,0,Blocked
139,139,0,0.915415882427016,0.3881140444139365,0,Blocked
140,140,0,0.6770953015356314,0.3020998962239468,0,Blocked
141,141,0,0.2119810350685068,0.2955834791928743,0,Blocked
142,142,0,0.8442742948575648,0.3881155859238719,0,Blocked
143,143,0,0.8622233568475645,0.39896778666711963,0,Blocked
144,144,0,0.862204173617632,0.3024859764684834,0,Blocked
145,145,0,0.897547244209045,0.2558680361017071,0,Blocked
146,146,0,0.889874131759417,0.4807603699414682,0,Blocked
147,147,0,0.7508557197597008,0.5668682701460591,0,Blocked
148,148,0,0.46282575647841506,0.5685355106642409,0,Blocked
149,149,0,0.21847798888490733,0.6206211489069912,0,Blocked
150,150,0,0.9530695693386511,0.4618323949827037,0,Blocked
151,151,0,0.5861625335160391,0.4300956682297483,0,Blocked
152,152,0,0.36966468921028384,0.4617666722723396,0,Blocked
153,153,0,0.9613961376042234,0.30417042177479925,0,Blocked
154,154,0,0.5639374587418093,0.5529798956003267,0,Blocked
155,155,0,0.959430515994258,0.3761393959151853,0,Blocked
156,156,0,0.9531012268234524,0.3710708421563095,0,Blocked
157,157,0,0.9829109124983366,0.3044339604095805,0,Blocked
158,158,0,0.9993209126875939,0.27736383168234074,0,Blocked
159,159,0,0.6567914305710394,0.4972496400567019,0,Blocked
160,160,0,0.7389430838489854,0.26796786916755566,0,Blocked
161,161,0,0.5375837593212263,0.4929213795520948,0,Blocked
162,162,0,0.10861802432589325,0.49832740084464355,0,Blocked
163,163,0,0.5248793021921002,0.7575649981939427,0,Blocked
164,164,0,0.9918703093145104,0.3833241676964696,0,Blocked
165,165,0,0.2967524909425908,0.49173929883449097,0,Blocked
166,166,0,0.3996500070540803,0.48047486971980014,0,Blocked
167,167,0,0.5793044476881415,0.4898652678816051,0,Blocked
168,168,0,0.5966262650093247,0.3964619193795328,0,Blocked
169,169,0,0.5458470907473774,0.4453571902980874,0,Blocked
170,170,0,0.10045046053882227,0.4938070138927688,0,Blocked
171,171,0,0.5131327361607242,0.4697524109503438,0,Blocked
172,172,0,0.8235144253272668,0.42012257507847867,0,Blocked
173,173,0,0.42810003598382074,0.5379436192375291,0,Blocked
174,174,0,0.8163274191768232,0.37405409365506814,0,Blocked
175,175,0,0.5370605996247231,0.44903642726040727,0,Blocked
176,176,0,0.6371563818082466,0.5274140246202339,0,Blocked
177,177,0,0.8599753957164229,0.37439109354347944,0,Blocked
178,178,0,0.25753060600469857,0.49968003523001553,0,Blocked
179,179,0,0.6389440634610232,0.3880929814542854,0,Blocked
180,180,0,0.7204233403566798,0.41413643407480455,0,Blocked
181,181,0,0.6113469478852622,0.5279038927275461,0,Blocked
182,182,0,0.4832082367766713,0.45302569124739644,0,Blocked
183,183,0,0.6507632611372061,0.5467177806546207,0,Blocked
184,184,0,0.6939177900759709,0.4604949201579882,0,Blocked
185,185,0,0.49989954731341907,0.558279789661263,0,Blocked
186,186,0,0.9061830329591865,0.2557196023636077,0,Blocked
187,187,0,0.7352762128204242,0.500598005547199,0,Blocked
188,188,0,0.7230453142378432,0.4012093231129365,0,Blocked
189,189,0,0.4641136987173733,0.5621460205829866,0,Blocked
190,190,0,0.5351297380820914,0.3786844512741684,0,Blocked
191,191,0,0.535958059286713,0.3650346788919958,0,Blocked
192,192,0,0.3955971524735147,0.46539038195581106,0,Blocked
193,193,0,0.704371337357433,0.4186688625696887,0,Blocked
194,194,0,0.6271775979226741,0.345485434801302,0,Blocked
195,195,0,0.6553910167585806,0.40979418443003535,0,Blocked
196,196,0,0.43361583690023386,0.4933103459006928,0,Blocked
197,197,0,0.5511912193283286,0.3413939158497486,0,Blocked
198,198,0,0.5254041680443595,0.3404994703386497,0,Blocked
199,199,0,0.8694076186981357,0.390488257583786,0,Blocked
200,0,0,0.8447721429501815,0.9398906496026296,0,Interleaved
201,1,0,0.10320625035956209,0.823093641991661,0,Interleaved
202,2,0,0.2748415105009984,0.5562269037059938,0,Interleaved
203,3,0,0.2716772236991243,0.6496008040093633,0,Interleaved
204,4,0,0.8819438932750285,0.5307703948380027,0,Interleaved
205,5,0,0.9365031826425882,0.3741769428545718,0,Interleaved
206,6,0,0.42090314114813243,0.5815782276662931,0,Interleaved
207,7,0,0.05653350020809929,0.563948671635141,0,Interleaved
208,8,0,0.5044485949268711,0.5260590161917287,0,Interleaved
209,9,0,0.1926039529365146,0.5124017095159554,0,Interleaved
210,10,0,0.5966183902218808,0.5896524798137132,0,Interleaved
211,11,0,0.31698996263079626,0.5495627159886753,0,Interleaved
212,12,0,0.6811405029783262,0.5611562236387247,0,Interleaved
213,13,0,0.4124346402458054,0.5510165214456062,0,Interleaved
214,14,0,0.058062995418871,0.6157595122621875,0,Interleaved
215,15,0,0.7927904044678477,0.42010263547260784,0,Interleaved
216,16,0,0.6889945640477828,0.3675573041760203,0,Interleaved
217,17,0,0.6534683130192788,0.583694821847339,0,Interleaved
218,18,0,0.19994963472241817,0.5706156843111452,0,Interleaved
219,19,0,0.4864884095739582,0.5743646955592296,0,Interleaved
220,20,0,0.3619032514346614,0.33956395569414227,0,Interleaved
221,21,0,0.49491044680595275,0.5213139893899025,0,Interleaved
222,22,0,0.5916038780416808,0.4984599001918335,0,Interleaved
223,23,0,0.27606204899468884,0.4879876707561551,0,Interleaved
224,24,0,0.7832943518210592,0.4398448771475893,0,Interleaved
225,25,0,0.6864495433670873,0.45621599645193456,0,Interleaved
226,26,0,0.7218781995411865,0.4996081127776476,0,Interleaved
227,27,0,0.682940266300566,0.4063914482668718,0,Interleaved
228,28,0,0.5925018659922441,0.44195577528194074,0,Interleaved
229,29,0,0.7173542349500487,0.27695295076601956,0,Interleaved
230,30,0,0.41295771633791634,0.5302099756168417,0,Interleaved
231,31,0,0.6616923233454872,0.34750923007153733,0,Interleaved
232,32,0,0.47028313691593876,0.5971954834170017,0,Interleaved
233,33,0,0.6889733437260679,0.46562221827955774,0,Interleaved
234,34,0,0.5187403716956032,0.5042368222189361,0,Interleaved
235,35,0,0.9588871043743068,0.5603785068883813,0,Interleaved
236,36,0,0.5052906925085747,0.5599159868466171,0,Interleaved
237,37,0,0.022842246066828248,0.5185463165856886,0,Interleaved
238,38,0,0.6953014753374798,0.4024463186216343,0,Interleaved
239,39,0,0.4320655684173835,0.4560803176610366,0,Interleaved
240,40,0,0.721437811475638,0.47424815570719536,0,Interleaved
241,41,0,0.7643687523313827,0.4252806669565031,0,Interleaved
242,42,0,0.5165259460969882,0.5196681841029868,0,Interleaved
243,43,0,0.85750982406256,0.499420611890417,0,Interleaved
244,44,0,0.39197782610136506,0.5603910604375538,0,Interleaved
245,45,0,0.6802943288141452,0.3843144623746849,0,Interleaved
246,46,0,0.6621903305041293,0.3910336186073046,0,Interleaved
247,47,0,0.29512554521899836,0.5232057033587504,0,Interleaved
248,48,0,0.4134841638493959,0.48661422744584787,0,Interleaved
249,49,0,0.5864525597396676,0.5073755688107283,0,Interleaved
250,50,0,0.5647470593011096,0.5588189681338196,0,Interleaved
251,51,0,0.7289725477349887,0.6395979886946856,0,Interleaved
252,52,0,0.767851999131941,0.3782347140618526,0,Interleaved
253,53,0,0.8185235953650165,0.3144515505555562,0,Interleaved
254,54,0,0.2906047710104985,0.48468565145641807,0,Interleaved
255,55,0,0.3245190277667211,0.5185559069410998,0,Interleaved
256,56,0,0.5796604335374731,0.5089154738228653,0,Interleaved
257,57,0,0.27434010689628563,0.5710764748972821,0,Interleaved
258,58,0,0.4860940381150119,0.40020632436525033,0,Interleaved
259,59,0,0.18416243658387288,0.5065829579007447,0,Interleaved
260,60,0,0.3947881742885753,0.3945534304053588,0,Interleaved
261,61,0,0.1359823995480913,0.41808256245383274,0,Interleaved
262,62,0,0.50442049415793,0.4860185194453453,0,Interleaved
263,63,0,0.3530512960035199,0.44111745026067506,0,Interleaved
264,64,0,0.44913077578028165,0.432977451416807,0,Interleaved
265,65,0,0.11218598107079675,0.46680888393126463,0,Interleaved
266,66,0,0.5172461420902225,0.5024524836616298,0,Interleaved
267,67,0,0.3957636696404698,0.4944525927730328,0,Interleaved
268,68,0,0.8313882498951253,0.4917225801862695,0,Interleaved
269,69,0,0.23583187303016373,0.49865370823939315,0,Interleaved
270,70,0,0.7256563524320844,0.4499826745344166,0,Interleaved
271,71,0,0.7570198606441488,0.3725738564860923,0,Interleaved
272,72,0,0.6628552190694393,0.5761046912817108,0,Interleaved
273,73,0,0.20763661802706396,0.5511829564603814,0,Interleaved
274,74,0,0.6238800936359556,0.5058892198608975,0,Interleaved
275,75,0,0.833778970961421,0.4446816025603992,0,Interleaved
276,76,0,0.6329096306174407,0.6666422391873853,0,Interleaved
277,77,0,0.9334692171959851,0.4268045887858046,0,Interleaved
278,78,0,0.38900772990034316,0.5208801957831628,0,Interleaved
279,79,0,0.12477711334945146,0.5029981181677996,0,Interleaved
280,80,0,0.30981981720751695,0.4407751931361791,0,Interleaved
281,81,0,0.6156980195975158,0.4443873776020738,0,Interleaved
282,82,0,0.6160326568822008,0.3592153218810713,0,Interleaved
283,83,0,0.9481647597677678,0.45289665711398197,0,Interleaved
284,84,0,0.4880959372486481,0.4191105964773799,0,Interleaved
285,85,0,0.9526436051709176,0.30655371354025607,0,Interleaved
286,86,0,0.37865906511028136,0.38370381817352844,0,Interleaved
287,87,0,0.904697951993578,0.38872313867818115,0,Interleaved
288,88,0,0.5705890364774778,0.4068254614338319,0,Interleaved
289,89,0,0.8058062541426438,0.4816652860125169,0,Interleaved
290,90,0,0.5060220474784268,0.41407687181161124,0,Interleaved
291,91,0,0.268909751698195,0.5462583535876468,0,Interleaved
292,92,0,0.3297307917789102,0.39026494859602257,0,Interleaved
293,93,0,0.4742927315081653,0.400287301238054,0,Interleaved
294,94,0,0.6134015196975043,0.3266018990404776,0,Interleaved
295,95,0,0.45050992870785567,0.5855143237079828,0,Interleaved
296,96,0,0.7617886693782093,0.4259321504217811,0,Interleaved
297,97,0,0.5410079387570026,0.45650278025590324,0,Interleaved
298,98,0,0.7142295798003319,0.4231948367427949,0,Interleaved
299,99,0,0.7123632950318535,0.3183539704449496,0,Interleaved
300,100,0,0.14727358813141245,0.555362565761842,0,Interleaved
301,101,0,0.4970421665010256,0.4373940193744629,0,Interleaved
302,102,0,0.5144387278304133,0.4514253376043914,0,Interleaved
303,103,0,0.5088854852331909,0.5548467931363446,0,Interleaved
304,104,0,0.320541306731757,0.44703400792691317,0,Interleaved
305,105,0,0.6323934193520275,0.4094220089911619,0,Interleaved
306,106,0,0.22698129796729535,0.4682845029196079,0,Interleaved
307,107,0,0.581035751236209,0.4166287247225763,0,Interleaved
308,108,0,0.510134524221699,0.439056064029148,0,Interleaved
309,109,0,0.3940736534745606,0.5299535928936983,0,Interleaved
310,110,0,0.2798803719576841,0.3553734848934511,0,Interleaved
311,111,0,0.28092554784890794,0.3451151289492079,0,Interleaved
312,112,0,0.4132771633973183,0.3671980358561245,0,Interleaved
313,113,0,0.7756634561383576,0.36968826264843757,0,Interleaved
314,114,0,0.5210801130131169,0.4512246907609839,0,Interleaved
315,115,0,0.17521171826028192,0.5739200584538187,0,Interleaved
316,116,0,0.10999700918089528,0.3633945225660671,0,Interleaved
317,117,0,0.865943999682923,0.3234455607137203,0,Interleaved
318,118,0,0.38118849940997757,0.5065242232990866,0,Interleaved
319,119,0,0.2876148611664785,0.48607004769953277,0,Interleaved
320,120,0,0.4954822636142756,0.29919143871154613,0,Interleaved
321,121,0,0.7460812406955925,0.4316321137597869,0,Interleaved
322,122,0,0.26613859083479074,0.49081405266354744,0,Interleaved
323,123,0,0.6901395370168887,0.5523874643415717,0,Interleaved
324,124,0,0.15724674653560583,0.4350599325891149,0,Interleaved
325,125,0,0.21414826136125428,0.4408667829261161,0,Interleaved
326,126,0,0.3562822020461019,0.43499809384787835,0,Interleaved
327,127,0,0.8919112171654584,0.45411233136421975,0,Interleaved
328,128,0,0.5135192060745247,0.40968699077337023,0,Interleaved
329,129,0,0.07466456086367768,0.4592237422199602,0,Interleaved
330,130,0,0.17923769808310008,0.37125271324752174,0,Interleaved
331,131,0,0.9359698509224269,0.2830502252854127,0,Interleaved
332,132,0,0.11612102348405902,0.7226350941448145,0,Interleaved
333,133,0,0.9685562726287672,0.3795905036388785,0,Interleaved
334,134,0,0.5003518926115214,0.3364310521598338,0,Interleaved
335,135,0,0.9390297400220664,0.33398164471729186,0,Interleaved
336,136,0,0.5424784924101366,0.4526886473114537,0,Interleaved
337,137,0,0.20710450420666665,0.33434613600297514,0,Interleaved
338,138,0,0.4961226194832478,0.3935140157725384,0,Interleaved
339,139,0,0.7850860419378787,0.48573893853370476,0,Interleaved
340,140,0,0.6225894734856965,0.36731003484889574,0,Interleaved
341,141,0,0.14687889777755697,0.3079113388842635,0,Interleaved
342,142,0,0.1729003676972884,0.4452385918028321,0,Interleaved
343,143,0,0.9074103090459783,0.3608262112657365,0,Interleaved
344,144,0,0.5892196273349299,0.4293500446633839,0,Interleaved
345,145,0,0.5665525381217287,0.38801799134517123,0,Interleaved
346,146,0,0.8639349554770048,0.30652109945318073,0,Interleaved
347,147,0,0.7330971108847061,0.3837583678574582,0,Interleaved
348,148,0,0.814845365431729,0.3574058966610978,0,Interleaved
349,149,0,0.9074256955026374,0.3158686942628856,0,Interleaved
350,150,0,0.5963243627399074,0.34100940310247574,0,Interleaved
351,151,0,0.8828090036584239,0.3864750823687435,0,Interleaved
352,152,0,0.440991353088942,0.4246264754037615,0,Interleaved
353,153,0,0.9723490438474878,0.3797643077476468,0,Interleaved
354,154,0,0.6788240723808592,0.36987558380416763,0,Interleaved
355,155,0,0.3370271328944016,0.4622470100556054,0,Interleaved
356,156,0,0.17680997326669312,0.3066383027788104,0,Interleaved
357,157,0,0.4044976932021008,0.39278439239805496,0,Interleaved
358,158,0,0.4040769271139059,0.47888254378835204,0,Interleaved
359,159,0,0.824645565564408,0.34955012824630405,0,Interleaved
360,160,0,0.678836473480634,0.3150836395828763,0,Interleaved
361,161,0,0.23773712486591567,0.5081737898494466,0,Interleaved
362,162,0,0.14913847443883654,0.4077707149801484,0,Interleaved
363,163,0,0.5267357381324512,0.4835239073321056,0,Interleaved
364,164,0,0.48078708751250987,0.37377834112509345,0,Interleaved
365,165,0,0.5531325454750904,0.23201063281141698,0,Interleaved
366,166,0,0.7481581449028716,0.4589339474596603,0,Interleaved
367,167,0,0.6256416541699692,0.2518365873552189,0,Interleaved
368,168,0,0.679375600402534,0.40931134346092723,0,Interleaved
369,169,0,0.7332224855715597,0.4872496335037663,0,Interleaved
370,170,0,0.6712483311417864,0.3509074573919231,0,Interleaved
371,171,0,0.4740677725278119,0.43326463431999285,0,Interleaved
372,172,0,0.5898229649524718,0.301927558967079,0,Interleaved
373,173,0,0.6769169515035486,0.4515352044985842,0,Interleaved
374,174,0,0.7542500021018808,0.4079034386473993,0,Interleaved
375,175,0,0.3739338052782552,0.3355681323978269,0,Interleaved
376,176,0,0.15988009731049344,0.38573876917157957,0,Interleaved
377,177,0,0.19074254463563028,0.34960872926361436,0,Interleaved
378,178,0,0.3912067400568888,0.34498097441232,0,Interleaved
379,179,0,0.5028429081443323,0.3151054221473567,0,Interleaved
380,180,0,0.3674312258113938,0.39646951142869696,0,Interleaved
381,181,0,0.7116108961533028,0.26228859145229144,0,Interleaved
382,182,0,0.5692150493950998,0.30500547821671975,0,Interleaved
383,183,0,0.2554332675722522,0.38412923846351277,0,Interleaved
384,184,0,0.26261939823212405,0.3385104747269606,0,Interleaved
385,185,0,0.530748123458244,0.3629126749830255,0,Interleaved
386,186,0,0.24938698438790063,0.4328215067693179,0,Interleaved
387,187,0,0.71544373539818,0.5367644282965893,0,Interleaved
388,188,0,0.5873757596786184,0.34706118283326637,0,Interleaved
389,189,0,0.9137394586829708,0.22262259418663605,0,Interleaved
390,190,0,0.7538166427084751,0.32583015609279165,0,Interleaved
391,191,0,0.6707780498384526,0.399862648424586,0,Interleaved
392,192,0,0.17624909942928998,0.25406362286851103,0,Interleaved
393,193,0,0.1924113596945827,0.42297015952749106,0,Interleaved
394,194,0,0.6591733787074492,0.3614837900691502,0,Interleaved
395,195,0,0.4311573303742806,0.4152929461281072,0,Interleaved
396,196,0,0.37250141025177214,0.33885345401935807,0,Interleaved
397,197,0,0.5465137218187748,0.3135647280169389,0,Interleaved
398,198,0,0.432981705176586,0.3347703453026902,0,Interleaved
399,199,0,0.5687283685302559,0.5062258190687774,0,Interleaved
400,0,0,0.2847699810012132,0.5724158253083114,0,Instructed
401,1,0,0.6876449549766073,0.44263287230173487,0,Instructed
402,2,0,0.4931208559614572,0.5990004956874968,0,Instructed
403,3,0,0.5372175257888527,0.4079419960843962,0,Instructed
404,4,0,0.6471044145300896,0.30719981617911996,0,Instructed
405,5,0,0.31565454605400256,0.3842060893440842,0,Instructed
406,6,0,0.5970747419225123,0.4738704196922852,0,Instructed
407,7,0,0.45471205151542193,0.5083201243393269,0,Instructed
408,8,0,0.35362976095127086,0.360245877315868,0,Instructed
409,9,0,0.9786454663793118,0.38592735509011145,0,Instructed
410,10,0,0.3667652068046827,0.34560262993470914,0,Instructed
411,11,0,0.3993772354789743,0.5624231516641957,0,Instructed
412,12,0,0.5887539621594602,0.4674442871251365,0,Instructed
413,13,0,0.23802651946036799,0.3708835018858033,0,Instructed
414,14,0,0.32438592885673256,0.5068951945414937,0,Instructed
415,15,0,0.09024350943584955,0.7053104964759649,0,Instructed
416,16,0,0.4711888907940529,0.20742614721521974,0,Instructed
417,17,0,0.3065835489137933,0.4340127791333243,0,Instructed
418,18,0,0.5040902636920238,0.3068824252923822,0,Instructed
419,19,0,0.3623013323538503,0.43793228196128275,0,Instructed
420,20,0,0.46846397518241173,0.265355840242373,0,Instructed
421,21,0,0.19405048947511438,0.24403905075958032,0,Instructed
422,22,0,0.564841992676425,0.321890395116328,0,Instructed
423,23,0,0.37948308896642324,0.3234641389687127,0,Instructed
424,24,0,0.6678170327655989,0.3294365212689323,0,Instructed
425,25,0,0.5107447672018521,0.3968784077594868,0,Instructed
426,26,0,0.892313515175807,0.28284661492728946,0,Instructed
427,27,0,0.29497893035437145,0.3550756633574719,0,Instructed
428,28,0,0.3066432189813469,0.3757061886055772,0,Instructed
429,29,0,0.23437409515454072,0.3314796828797049,0,Instructed
430,30,0,0.4623461100912952,0.24646844415685884,0,Instructed
431,31,0,0.34507350022321215,0.3389394599754956,0,Instructed
432,32,0,0.28879435213334415,0.2850421094361706,0,Instructed
433,33,0,0.45876093137991164,0.4422165321392113,0,Instructed
434,34,0,0.5475100398988457,0.35916641374264724,0,Instructed
435,35,0,0.7510884482564453,0.4032142545241839,0,Instructed
436,36,0,0.5978886610386284,0.2671713437026465,0,Instructed
437,37,0,0.35966281280195705,0.2833824126069331,0,Instructed
438,38,0,0.13052613682953673,0.4572851960236163,0,Instructed
439,39,0,0.6111956216292682,0.4847266018955215,0,Instructed
440,40,0,0.5186180327516401,0.29943273228282585,0,Instructed
441,41,0,0.3021178043241743,0.4779417896999898,0,Instructed
442,42,0,0.7550877605847353,0.3573812921515081,0,Instructed
443,43,0,0.31163953190425564,0.4311965179661032,0,Instructed
444,44,0,0.7143528512737873,0.3904474453894592,0,Instructed
445,45,0,0.7476182799854909,0.28729163843329164,0,Instructed
446,46,0,0.7533212531396508,0.28178964861417416,0,Instructed
447,47,0,0.1614766750291339,0.26065656338094845,0,Instructed
448,48,0,0.18507412790337857,0.31753151596758733,0,Instructed
449,49,0,0.6781259470576018,0.3763382864338491,0,Instructed
450,50,0,0.8603738373001795,0.4509620258220187,0,Instructed
451,51,0,0.647610341704924,0.3841961638532445,0,Instructed
452,52,0,0.3543322605188488,0.34472209291686895,0,Instructed
453,53,0,0.1549798171780758,0.4814016160347717,0,Instructed
454,54,0,0.47331312762212085,0.27003904486893116,0,Instructed
455,55,0,0.572650159228189,0.28007381610741033,0,Instructed
456,56,0,0.5468487516952956,0.43858621361788247,0,Instructed
457,57,0,0.3457244002801529,0.3516876547686762,0,Instructed
458,58,0,0.2236328586151278,0.35132217742261795,0,Instructed
459,59,0,0.5302161651050741,0.3782210088900484,0,Instructed
460,60,0,0.25127388157604014,0.30831457527166994,0,Instructed
461,61,0,0.22394517912820697,0.2937296982828735,0,Instructed
462,62,0,0.3968170251283982,0.3333178542479398,0,Instructed
463,63,0,0.7464531061981428,0.2934015509708241,0,Instructed
464,64,0,0.48030987484217147,0.31890764475365324,0,Instructed
465,65,0,0.44048391694314865,0.2293899063147152,0,Instructed
466,66,0,0.4687382071961241,0.35015051099790917,0,Instructed
467,67,0,0.8018033976074161,0.32735815360990067,0,Instructed
468,68,0,0.5689535550425027,0.3989043136953669,0,Instructed
469,69,0,0.5859340065864196,0.3529383107836055,0,Instructed
470,70,0,0.6480015272074833,0.30680583935035577,0,Instructed
471,71,0,0.7123344975165211,0.24558973864815692,0,Instructed
472,72,0,0.7049955933923467,0.4098794320417306,0,Instructed
473,73,0,0.8330938024171277,0.23460342659262562,0,Instructed
474,74,0,0.6512914737587294,0.4055435170746954,0,Instructed
475,75,0,0.7212160466334944,0.49708011515687056,0,Instructed
476,76,0,0.8300800290349186,0.2869967614056165,0,Instructed
477,77,0,0.5036237081538684,0.20053747896069135,0,Instructed
478,78,0,0.1778212800833496,0.29018634786765807,0,Instructed
479,79,0,0.5961204048157505,0.30098429557029427,0,Instructed
480,80,0,0.1833330761779956,0.44019381295539517,0,Instructed
481,81,0,0.3573291392480883,0.3906330746104596,0,Instructed
482,82,0,0.7179971080118153,0.5127717156564469,0,Instructed
483,83,0,0.7157060579069179,0.248908584528567,0,Instructed
484,84,0,0.6707112417284157,0.5394351584507077,0,Instructed
485,85,0,0.87178307775188,0.22000015074895113,0,Instructed
486,86,0,0.30387836245599076,0.3292454325568419,0,Instructed
487,87,0,0.1607269971259267,0.32525041379008135,0,Instructed
488,88,0,0.37794447510448614,0.3913172006550751,0,Instructed
489,89,0,0.6572073025886256,0.3242694073758676,0,Instructed
490,90,0,0.566859109903097,0.34544759370703193,0,Instructed
491,91,0,0.24273997588127666,0.2955836278455473,0,Instructed
492,92,0,0.3564933028236075,0.4425353335538298,0,Instructed
493,93,0,0.6320986628158897,0.18744034023227027,0,Instructed
494,94,0,0.41437992063512213,0.3084239727485841,0,Instructed
495,95,0,0.5955999477912037,0.3796087045619341,0,Instructed
496,96,0,0.6987261122186676,0.2537543737005181,0,Instructed
497,97,0,0.3362243829975958,0.31641527520812285,0,Instructed
498,98,0,0.3602805065788399,0.3319914846462766,0,Instructed
499,99,0,0.5130079884481187,0.3951023759633603,0,Instructed
500,100,0,0.5174802120944575,0.41829580348100365,0,Instructed
501,101,0,0.20554863896399556,0.35617469811197067,0,Instructed
502,102,0,0.4847776593252524,0.3660137331460943,0,Instructed
503,103,0,0.815496982654776,0.26683892698708217,0,Instructed
504,104,0,0.5089307342629573,0.3226482080814258,0,Instructed
505,105,0,0.8652145297475746,0.3084734816420206,0,Instructed
506,106,0,0.5923345684078027,0.2502726700300768,0,Instructed
507,107,0,0.1821069276331968,0.36682214175602595,0,Instructed
508,108,0,0.745920170256742,0.3927955109281267,0,Instructed
509,109,0,0.6660333593954487,0.17722042317230607,0,Instructed
510,110,0,0.8234706166863413,0.40424719356959227,0,Instructed
511,111,0,0.5457451090324152,0.27871059712983504,0,Instructed
512,112,0,0.15898970073554408,0.35460869697961517,0,Instructed
513,113,0,0.5220296228692471,0.2757532595039383,0,Instructed
514,114,0,0.5248789724108616,0.37261997759923643,0,Instructed
515,115,0,0.6089416760127084,0.3381897230770935,0,Instructed
516,116,0,0.6765457509285968,0.24099128837785166,0,Instructed
517,117,0,0.6343390227326295,0.2723541003266088,0,Instructed
518,118,0,0.3041948376387505,0.35597227824478817,0,Instructed
519,119,0,0.4043597094920276,0.308087369407219,0,Instructed
520,120,0,0.3768583717611262,0.26038196369142175,0,Instructed
521,121,0,0.7400179778990912,0.3078025344683731,0,Instructed
522,122,0,0.7846682739006747,0.29385826787734887,0,Instructed
523,123,0,0.4056399743712237,0.3115196991511802,0,Instructed
524,124,0,0.35603830317680973,0.3714429209555873,0,Instructed
525,125,0,0.8258208222992905,0.2903141371394594,0,Instructed
526,126,0,0.34488461477256216,0.2508346130661625,0,Instructed
527,127,0,0.5260459109425704,0.23956048314352563,0,Instructed
528,128,0,0.054660192271870106,0.38335326610938836,0,Instructed
529,129,0,0.6383799287287011,0.2619372939158705,0,Instructed
530,130,0,0.6238744707173298,0.3239455418097524,0,Instructed
531,131,0,0.2149600034460423,0.2026014064519595,0,Instructed
532,132,0,0.5148858161346931,0.24506691659575258,0,Instructed
533,133,0,0.8918207669916587,0.25571067839557493,0,Instructed
534,134,0,0.49212465934898886,0.3892395275959418,0,Instructed
535,135,0,0.14496066830783494,0.45656357471871967,0,Instructed
536,136,0,0.9097318273788927,0.3533444478335164,0,Instructed
537,137,0,0.7422488098073183,0.2387579110878047,0,Instructed
538,138,0,0.4984479026464048,0.26621485942725415,0,Instructed
539,139,0,0.4897396819112663,0.30372978821149427,0,Instructed
540,140,0,0.5428063804111273,0.30383765163498916,0,Instructed
541,141,0,0.5736851458702446,0.3691805932954474,0,Instructed
542,142,0,0.5029720310649507,0.3326222037274974,0,Instructed
543,143,0,0.12616385156627888,0.2886732466933929,0,Instructed
544,144,0,0.5232178208222148,0.34369100798282354,0,Instructed
545,145,0,0.9174310009344722,0.152921368889741,0,Instructed
546,146,0,0.6241173783423767,0.3012451631637674,0,Instructed
547,147,0,0.12378752597390855,0.3707147926319608,0,Instructed
548,148,0,0.5053887594840527,0.2516733106754229,0,Instructed
549,149,0,0.8234168210447051,0.22189092354089673,0,Instructed
550,150,0,0.5093131476236794,0.22538795268787765,0,Instructed
551,151,0,0.2999709202837477,0.20776982769534869,0,Instructed
552,152,0,0.552629025383871,0.19792764309372565,0,Instructed
553,153,0,0.9354527889830273,0.24245700860140904,0,Instructed
554,154,0,0.6941386893765877,0.35525244862047856,0,Instructed
555,155,0,0.7376111887916791,0.30607223987365306,0,Instructed
556,156,0,0.4617166005553161,0.41514891359391853,0,Instructed
557,157,0,0.9853489445244035,0.4266075752060499,0,Instructed
558,158,0,0.3758820543468646,0.4394579000302273,0,Instructed
559,159,0,0.37633318321728426,0.42832340138170766,0,Instructed
560,160,0,0.6332657063813885,0.3202881476312721,0,Instructed
561,161,0,0.5018775016320685,0.3291145190413596,0,Instructed
562,162,0,0.25383774207598836,0.39605213333173483,0,Instructed
563,163,0,0.42851253870451245,0.21530565638692106,0,Instructed
564,164,0,0.4624044866879746,0.44012785440438995,0,Instructed
565,165,0,0.4888602241615993,0.3217663497316795,0,Instructed
566,166,0,0.44703501733634016,0.3670733526100224,0,Instructed
567,167,0,0.4986434110733896,0.2940072141133139,0,Instructed
568,168,0,0.6076223488995189,0.21126910068439145,0,Instructed
569,169,0,0.33592779846361204,0.27842276412680206,0,Instructed
570,170,0,0.5142419881268344,0.24411973222500197,0,Instructed
571,171,0,0.3977012454829263,0.26312874285642107,0,Instructed
572,172,0,0.5916724531308873,0.30196494634961146,0,Instructed
573,173,0,0.2955911194924435,0.31288403448768454,0,Instructed
574,174,0,0.5042892126428145,0.3072172392007867,0,Instructed
575,175,0,0.35696377835503995,0.3281661164106483,0,Instructed
576,176,0,0.5515716933240915,0.28920257302780966,0,Instructed
577,177,0,0.5802758165239146,0.2536095028866466,0,Instructed
578,178,0,0.5821681443967988,0.40881089246386154,0,Instructed
579,179,0,0.6678749437254299,0.21821017244924362,0,Instructed
580,180,0,0.5242744844149189,0.2856755830072997,0,Instructed
581,181,0,0.2972423203875387,0.2866951515583972,0,Instructed
582,182,0,0.10624418828863096,0.3599221204849406,0,Instructed
583,183,0,0.7912012441787181,0.40143665017174546,0,Instructed
584,184,0,0.40025518114066944,0.26540826505123655,0,Instructed
585,185,0,0.6393852941111486,0.2949595673325895,0,Instructed
586,186,0,0.31687602519824193,0.315499752164745,0,Instructed
587,187,0,0.757232305046615,0.2567435225476491,0,Instructed
588,188,0,0.507964122001756,0.30082782173195544,0,Instructed
589,189,0,0.5300845861332738,0.22571448151679138,0,Instructed
590,190,0,0.7472935271480645,0.4906620784396073,0,Instructed
591,191,0,0.4933227003580729,0.4252943015295911,0,Instructed
592,192,0,0.30671673214739664,0.3521150216480752,0,Instructed
593,193,0,0.3197556382162781,0.30464527643692807,0,Instructed
594,194,0,0.33125246680096954,0.2450857683879026,0,Instructed
595,195,0,0.30023031151047136,0.29130196369828487,0,Instructed
596,196,0,0.5554915362190438,0.264612689206697,0,Instructed
597,197,0,0.7060159285058225,0.3950652128699598,0,Instructed
598,198,0,0.29862787853154116,0.31798454567516055,0,Instructed
599,199,0,0.2554223941244542,0.38218775132652216,0,Instructed
600,0,0,0.00015492970924276103,0.7899952925327735,1,Blocked
601,1,0,0.9839865433606423,0.4175168548146354,1,Blocked
602,2,0,0.8459169627725496,0.7261746755600091,1,Blocked
603,3,0,0.18254495527158876,0.5057926491115516,1,Blocked
604,4,0,0.26680630501833835,0.6071030295746898,1,Blocked
605,5,0,0.3264631184417311,0.41078005800353745,1,Blocked
606,6,0,0.16056701543682184,0.43026451412996436,1,Blocked
607,7,0,0.2614275250317363,0.5849732851086316,1,Blocked
608,8,0,0.853590695853415,0.5293708450546859,1,Blocked
609,9,0,0.48307758349918306,0.5614879314029324,1,Blocked
610,10,0,0.5465473717618874,0.4420450534134869,1,Blocked
611,11,0,0.45340833606133596,0.5160709774817132,1,Blocked
612,12,0,0.6940136009936345,0.3444706925873189,1,Blocked
613,13,0,0.7215477273119556,0.5436948281545272,1,Blocked
614,14,0,0.5388849019672919,0.6111849348983925,1,Blocked
615,15,0,0.6824238998077161,0.44941877955437115,1,Blocked
616,16,0,0.24993546885538245,0.5544159526897556,1,Blocked
617,17,0,0.9376669828810267,0.4847957179682087,1,Blocked
618,18,0,0.9895421687600197,0.44550508524842813,1,Blocked
619,19,0,0.985306025426639,0.43986842780178487,1,Blocked
620,20,0,0.12989744671954062,0.462301314324167,1,Blocked
621,21,0,0.9375409094881095,0.5998945739234851,1,Blocked
622,22,0,0.4486969501897956,0.5953083267094803,1,Blocked
623,23,0,0.5687451281785523,0.4101096257883703,1,Blocked
624,24,0,0.6519542135746693,0.34433541993299666,1,Blocked
625,25,0,0.7177033251254877,0.2765002941619495,1,Blocked
626,26,0,0.4096038733222874,0.446258300849029,1,Blocked
627,27,0,0.9810356747548563,0.5241085882237632,1,Blocked
628,28,0,0.13426394790777532,0.5618727212844867,1,Blocked
629,29,0,0.6059186978714763,0.3468120736873791,1,Blocked
630,30,0,0.8465225521127153,0.4255373317087802,1,Blocked
631,31,0,0.6455106352980711,0.3768648555430007,1,Blocked
632,32,0,0.8573614020891167,0.5474142961297734,1,Blocked
633,33,0,0.9834796898548366,0.456622177296219,1,Blocked
634,34,0,0.7684165999031336,0.4432443503270733,1,Blocked
635,35,0,0.8610734716575752,0.4146180238849546,1,Blocked
636,36,0,0.5603768143720812,0.2950781098244344,1,Blocked
637,37,0,0.9970032198655687,0.48830265300108433,1,Blocked
638,38,0,0.6699836669706599,0.4189416838840424,1,Blocked
639,39,0,0.5699663375180111,0.4072100084208624,1,Blocked
640,40,0,0.2547867528914114,0.35648011015434256,1,Blocked
641,41,0,0.4893691145320156,0.7196855644281706,1,Blocked
642,42,0,0.25297004434447795,0.5487507059437837,1,Blocked
643,43,0,0.6330518355389504,0.5338241315928968,1,Blocked
644,44,0,0.12457330225515412,0.41553125089689974,1,Blocked
645,45,0,0.17659204034732012,0.7404389158670535,1,Blocked
646,46,0,0.46244189828201476,0.5251594138349671,1,Blocked
647,47,0,0.6645865979113621,0.465356665850164,1,Blocked
648,48,0,0.3820215457693102,0.32804114492165215,1,Blocked
649,49,0,0.30217974825549704,0.5614570707091995,1,Blocked
650,50,0,0.3624950192407674,0.4111638938701364,1,Blocked
651,51,0,0.4608273822952754,0.4376605608934151,1,Blocked
652,52,0,0.3263159280247417,0.5629487911506532,1,Blocked
653,53,0,0.37767271246522316,0.43573346828600285,1,Blocked
654,54,0,0.4052377337164663,0.3138975602827687,1,Blocked
655,55,0,0.4125170673199515,0.48095352313046935,1,Blocked
656,56,0,0.40247242735458827,0.4871111916601949,1,Blocked
657,57,0,0.4426983212921715,0.47604478674021256,1,Blocked
658,58,0,0.43413220157559645,0.5481885998601754,1,Blocked
659,59,0,0.22378071213046713,0.6180955637440286,1,Blocked
660,60,0,0.17978147805611,0.40369315135005507,1,Blocked
661,61,0,0.29687715030683426,0.4903059274125673,1,Blocked
662,62,0,0.27065610551365094,0.5821693956360265,1,Blocked
663,63,0,0.6718329990585072,0.3969215602982359,1,Blocked
664,64,0,0.1414786946101273,0.49338786437844157,1,Blocked
665,65,0,0.799446441297684,0.34338883841844015,1,Blocked
666,66,0,0.28652046663598424,0.45817088883280266,1,Blocked
667,67,0,0.4148791388878034,0.41045442778704766,1,Blocked
668,68,0,0.6557025751492913,0.508551486585766,1,Blocked
669,69,0,0.5562904756689976,0.5086263931304043,1,Blocked
670,70,0,0.20606249625680056,0.45649612904302306,1,Blocked
671,71,0,0.8846872368437908,0.3919112949740399,1,Blocked
672,72,0,0.3683427447414229,0.5732788449379451,1,Blocked
673,73,0,0.8225590825784443,0.30038021249102986,1,Blocked
674,74,0,0.39488703970730193,0.4325657841145166,1,Blocked
675,75,0,0.568384918497468,0.5166658988341808,1,Blocked
676,76,0,0.6998028863876158,0.3842710807941905,1,Blocked
677,77,0,0.4924103438172756,0.565388811383813,1,Blocked
678,78,0,0.43668586825929934,0.4477759204403911,1,Blocked
679,79,0,0.7546171644267987,0.30453457643361725,1,Blocked
680,80,0,0.5046481538916389,0.4112140363371563,1,Blocked
681,81,0,0.5412294443527069,0.33053032038567076,1,Blocked
682,82,0,0.4378198822881183,0.338418296191125,1,Blocked
683,83,0,0.5080245613794844,0.4307454854806096,1,Blocked
684,84,0,0.44991379882300175,0.3959171249892198,1,Blocked
685,85,0,0.6621037716203746,0.5602362661776097,1,Blocked
686,86,0,0.8207840248593172,0.3243955017000556,1,Blocked
687,87,0,0.47793838224953006,0.5335382552696305,1,Blocked
688,88,0,0.6839382469100954,0.4070489576929007,1,Blocked
689,89,0,0.7386711854836274,0.4547635512275666,1,Blocked
690,90,0,0.5849403881679268,0.4261796583493447,1,Blocked
691,91,0,0.7979693532908909,0.33916025902196584,1,Blocked
692,92,0,0.9495734373731426,0.6027648517560542,1,Blocked
693,93,0,0.05885339468853335,0.4964842342506013,1,Blocked
694,94,0,0.883483964053196,0.3266391198702352,1,Blocked
695,95,0,0.09214325818836333,0.44100820125043527,1,Blocked
696,96,0,0.7780065306869279,0.3792400302631085,1,Blocked
697,97,0,0.8510054323555918,0.3106157503621798,1,Blocked
698,98,0,0.3309464588337658,0.3887980279580443,1,Blocked
699,99,0,0.7789212382676549,0.3989010796125194,1,Blocked
700,100,0,0.4223453373058638,0.3986860274852006,1,Blocked
701,101,0,0.5782863415962052,0.3014614747645526,1,Blocked
702,102,0,0.377907547734598,0.4871008150702771,1,Blocked
703,103,0,0.6885368458598837,0.4193043260194603,1,Blocked
704,104,0,0.273889867821292,0.3636919572302091,1,Blocked
705,105,0,0.26063441233733764,0.328849301652938,1,Blocked
706,106,0,0.5779502761713884,0.4324991582401454,1,Blocked
707,107,0,0.7919878275441705,0.3126618771256709,1,Blocked
708,108,0,0.18072839794947154,0.493667765845042,1,Blocked
709,109,0,0.7034969765223038,0.5241142486793824,1,Blocked
710,110,0,0.26680112394149097,0.40688460356443246,1,Blocked
711,111,0,0.5362658841201947,0.4688407181842481,1,Blocked
712,112,0,0.13292830287017302,0.5139086896943503,1,Blocked
713,113,0,0.1989995061841744,0.5281432567855903,1,Blocked
714,114,0,0.6661451193343126,0.3841634289228112,1,Blocked
715,115,0,0.4502084245749497,0.4571514822558943,1,Blocked
716,116,0,0.3273158965139242,0.325007532115678,1,Blocked
717,117,0,0.899079804022605,0.3440538117964429,1,Blocked
718,118,0,0.22109347338853075,0.3417046723205125,1,Blocked
719,119,0,0.8910653560495857,0.3141344409858371,1,Blocked
720,120,0,0.2203696636558889,0.4553837124831084,1,Blocked
721,121,0,0.33932059547344495,0.5259886849966989,1,Blocked
722,122,0,0.23649137552336932,0.5261902649633758,1,Blocked
723,123,0,0.30339754229246174,0.3478657958471336,1,Blocked
724,124,0,0.5184446481858047,0.5017565286202681,1,Blocked
725,125,0,0.5286745245368845,0.40208680558743226,1,Blocked
726,126,0,0.4883914271956865,0.4015511008499593,1,Blocked
727,127,0,0.14801450162005653,0.3833597619018665,1,Blocked
728,128,0,0.37826371865065184,0.3202761228709897,1,Blocked
729,129,0,0.5412362787024106,0.38519573963620724,1,Blocked
730,130,0,0.6362925349596319,0.5212947959491758,1,Blocked
731,131,0,0.8307769229756465,0.5330301954295865,1,Blocked
732,132,0,0.6879189970346895,0.47196067788991836,1,Blocked
733,133,0,0.06462017342499915,0.46906019234622115,1,Blocked
734,134,0,0.5861316693993956,0.3523822270786598,1,Blocked
735,135,0,0.16076671964547978,0.4290235123255348,1,Blocked
736,136,0,0.7834163375129877,0.3895694641542377,1,Blocked
737,137,0,0.15383490477881748,0.5610056782126165,1,Blocked
738,138,0,0.6652535688822405,0.4522534387196029,1,Blocked
739,139,0,0.7347144738186187,0.4704009925066536,1,Blocked
740,140,0,0.710135240153993,0.37387757480996153,1,Blocked
741,141,0,0.68833178959431,0.34704502395964754,1,Blocked
742,142,0,0.7431522559577284,0.3461831662040063,1,Blocked
743,143,0,0.824005466328741,0.2791800336686903,1,Blocked
744,144,0,0.6918080270041683,0.3007667182164804,1,Blocked
745,145,0,0.0839109204585731,0.39584361110737776,1,Blocked
746,146,0,0.9095726264081294,0.42893510140460495,1,Blocked
747,147,0,0.8041818743052722,0.2609427845619226,1,Blocked
748,148,0,0.19092895069167,0.43617351626444245,1,Blocked
749,149,0,0.7267123975191113,0.3741374106149201,1,Blocked
750,150,0,0.8096724787379992,0.2922677132355925,1,Blocked
751,151,0,0.2972231866503001,0.44291633051273926,1,Blocked
752,152,0,0.8341814467686753,0.3195716140171351,1,Blocked
753,153,0,0.34353682046850037,0.380892891118496,1,Blocked
754,154,0,0.6358876529142152,0.26398769211934475,1,Blocked
755,155,0,0.7969878041382177,0.39755325925661034,1,Blocked
756,156,0,0.1441553116831676,0.37609682389563853,1,Blocked
757,157,0,0.8737358233538848,0.32491569458664893,1,Blocked
758,158,0,0.31995412575961446,0.36078756170791126,1,Blocked
759,159,0,0.7290936665660324,0.32856626486290397,1,Blocked
760,160,0,0.6054222712019828,0.46812482906581826,1,Blocked
761,161,0,0.39546021366820455,0.5783188905112477,1,Blocked
762,162,0,0.7122720231285846,0.38586273545317296,1,Blocked
763,163,0,0.10439681308581596,0.5345906352309142,1,Blocked
764,164,0,0.8789967225777512,0.4252341008905425,1,Blocked
765,165,0,0.8242384209447131,0.38275827633792425,1,Blocked
766,166,0,0.4620139696010287,0.4169237292205483,1,Blocked
767,167,0,0.03466668709346805,0.4126380163762927,1,Blocked
768,168,0,0.49269844061520685,0.4667856100413098,1,Blocked
769,169,0,0.6009338379339366,0.4335434990073539,1,Blocked
770,170,0,0.9634527625318167,0.4497114895247446,1,Blocked
771,171,0,0.29425361896064445,0.38488277999786735,1,Blocked
772,172,0,0.6938595905550744,0.39122006858964653,1,Blocked
773,173,0,0.6426387944707481,0.36568180413100826,1,Blocked
774,174,0,0.993168690390774,0.3775279764125482,1,Blocked
775,175,0,0.49539334457684464,0.4638659954799228,1,Blocked
776,176,0,0.3121678383707028,0.5740210965179511,1,Blocked
777,177,0,0.584170665349416,0.35230086043885644,1,Blocked
778,178,0,0.5422771581615441,0.5924165675942346,1,Blocked
779,179,0,0.17790679266937415,0.4318076142773072,1,Blocked
780,180,0,0.16627034953428255,0.40558038783190664,1,Blocked
781,181,0,0.19029650930107966,0.2917058205272237,1,Blocked
782,182,0,0.3230007293113223,0.5220889414371146,1,Blocked
783,183,0,0.6655536153649766,0.3075029728207872,1,Blocked
784,184,0,0.5279844296319252,0.4609783490860803,1,Blocked
785,185,0,0.4031626300723654,0.3617020164415385,1,Blocked
786,186,0,0.5400329017406378,0.299314696958903,1,Blocked
787,187,0,0.3889799938796812,0.4607241378071242,1,Blocked
788,188,0,0.3841385327033009,0.36181171931639555,1,Blocked
789,189,0,0.8003864887655849,0.5692128215953611,1,Blocked
790,190,0,0.500504049273753,0.4323316342662553,1,Blocked
791,191,0,0.37225307828076937,0.3680973423578682,1,Blocked
792,192,0,0.7797166195512231,0.3124697434364512,1,Blocked
793,193,0,0.412901358260928,0.39401427474501644,1,Blocked
794,194,0,0.8566827838291373,0.41355495785018603,1,Blocked
795,195,0,0.400692127870442,0.26831345103269233,1,Blocked
796,196,0,0.7887047312453512,0.3723537526680696,1,Blocked
797,197,0,0.7736146368861639,0.3921087845073291,1,Blocked
798,198,0,0.9706072565886389,0.3457801088122945,1,Blocked
799,199,0,0.6046747353057284,0.4396249518983564,1,Blocked
800,0,0,0.45704368932280565,0.7265022383863056,1,Interleaved
801,1,0,0.27073132574664704,0.6822526900092494,1,Interleaved
802,2,0,0.45179336219122684,0.4984243726092615,1,Interleaved
803,3,0,0.655709682737667,0.42392766055855,1,Interleaved
804,4,0,0.16653270501866235,0.5545842857129217,1,Interleaved
805,5,0,0.39096652256150327,0.5772163044746017,1,Interleaved
806,6,0,0.04580397581335392,0.583590937383512,1,Interleaved
807,7,0,0.5796554360346788,0.423357549236231,1,Interleaved
808,8,0,0.4660535922477655,0.5106124941860966,1,Interleaved
809,9,0,0.2340552800492219,0.49234116744769385,1,Interleaved
810,10,0,0.8865840779321464,0.34099587840383805,1,Interleaved
811,11,0,0.37136617736502264,0.5576271614932404,1,Interleaved
812,12,0,0.6760086867959783,0.3358427346359817,1,Interleaved
813,13,0,0.23463269609999743,0.4746995038915782,1,Interleaved
814,14,0,0.4542336076419865,0.4188521092103802,1,Interleaved
815,15,0,0.6105489292074566,0.47651933218166076,1,Interleaved
816,16,0,0.28637587884178145,0.4493969599922789,1,Interleaved
817,17,0,0.631931403141834,0.4078514719385423,1,Interleaved
818,18,0,0.545168202299458,0.4580249028114519,1,Interleaved
819,19,0,0.4707587808083352,0.5286071864485684,1,Interleaved
820,20,0,0.6298629898331047,0.5421824658691722,1,Interleaved
821,21,0,0.7636338246430092,0.40150630030996276,1,Interleaved
822,22,0,0.5730378292995512,0.4030925324373304,1,Interleaved
823,23,0,0.11267883507641042,0.5061204457751693,1,Interleaved
824,24,0,0.2342077671954581,0.6152548524636112,1,Interleaved
825,25,0,0.648844447486524,0.6791097991554544,1,Interleaved
826,26,0,0.6236929193974171,0.32904907547826034,1,Interleaved
827,27,0,0.5776703644608528,0.33545279802671246,1,Interleaved
828,28,0,0.8202643753331929,0.4239497010302826,1,Interleaved
829,29,0,0.44505867792502707,0.6039511384805161,1,Interleaved
830,30,0,0.7630013464875007,0.3984275577433971,1,Interleaved
831,31,0,0.5524452987613433,0.4017766717750232,1,Interleaved
832,32,0,0.49975314289162515,0.44262042938430873,1,Interleaved
833,33,0,0.598790702720559,0.544128861028049,1,Interleaved
834,34,0,0.16446016106281683,0.5537668277126198,1,Interleaved
835,35,0,0.6869194944999041,0.3849282793654365,1,Interleaved
836,36,0,0.5004461673501119,0.3084901118016059,1,Interleaved
837,37,0,0.20982382002424066,0.42330113755212206,1,Interleaved
838,38,0,0.6503671085513398,0.6966478054028102,1,Interleaved
839,39,0,0.6390731768330522,0.5998475014005407,1,Interleaved
840,40,0,0.2589852011002983,0.5430195938308346,1,Interleaved
841,41,0,0.5266367664508751,0.44690217322834835,1,Interleaved
842,42,0,0.393378672781086,0.42638212036357265,1,Interleaved
843,43,0,0.607186597979255,0.4098450318089905,1,Interleaved
844,44,0,0.12143042012880736,0.5543043830220087,1,Interleaved
845,45,0,0.6219960107584546,0.40114893921833084,1,Interleaved
846,46,0,0.31100573677820564,0.5330085692424225,1,Interleaved
847,47,0,0.7487053566480355,0.5775130720128603,1,Interleaved
848,48,0,0.6473041509894264,0.570289001023837,1,Interleaved
849,49,0,0.709453446498667,0.5036091536243761,1,Interleaved
850,50,0,0.6440637787397536,0.5310015930905433,1,Interleaved
851,51,0,0.49731069623858226,0.6550301362966732,1,Interleaved
852,52,0,0.6232249553935177,0.3941848933019111,1,Interleaved
853,53,0,0.28086544465957686,0.6698711998507177,1,Interleaved
854,54,0,0.6015664602126919,0.39975357004059064,1,Interleaved
855,55,0,0.4259028070482094,0.5651118098057631,1,Interleaved
856,56,0,0.6942948772079269,0.3755163824370408,1,Interleaved
857,57,0,0.6255237669461707,0.42919696196615276,1,Interleaved
858,58,0,0.16855614547941083,0.4534130357576341,1,Interleaved
859,59,0,0.41354244101407234,0.4247219877662557,1,Interleaved
860,60,0,0.141074214019844,0.5775770353885945,1,Interleaved
861,61,0,0.729981243986443,0.3367531677202855,1,Interleaved
862,62,0,0.6927676096787767,0.34219589036418363,1,Interleaved
863,63,0,0.7904480327997614,0.37160432373761954,1,Interleaved
864,64,0,0.6335425760630419,0.3459820710231485,1,Interleaved
865,65,0,0.38120478706714844,0.5168572355622703,1,Interleaved
866,66,0,0.37018341072936867,0.4472549412504258,1,Interleaved
867,67,0,0.47370115994393414,0.5481693171492894,1,Interleaved
868,68,0,0.622814166249081,0.3695640216711218,1,Interleaved
869,69,0,0.3329976579727408,0.49465784511526234,1,Interleaved
870,70,0,0.6104259527660703,0.52480727269324,1,Interleaved
871,71,0,0.43812851016266563,0.6607362636535203,1,Interleaved
872,72,0,0.11192451113161586,0.548048548202666,1,Interleaved
873,73,0,0.5226382063807842,0.408032442227375,1,Interleaved
874,74,0,0.3263137330469011,0.41816497698483013,1,Interleaved
875,75,0,0.7834345739674881,0.5208444044082545,1,Interleaved
876,76,0,0.7979278227244249,0.3123925779205794,1,Interleaved
877,77,0,0.5406261231076956,0.42045794805519177,1,Interleaved
878,78,0,0.809783800229631,0.4181788995253452,1,Interleaved
879,79,0,0.4894219214631408,0.3791420899929956,1,Interleaved
880,80,0,0.767940383164538,0.4107821493049083,1,Interleaved
881,81,0,0.7828976317497041,0.30120139692511116,1,Interleaved
882,82,0,0.4786763050149604,0.34106007036913155,1,Interleaved
883,83,0,0.5374021809547451,0.34851195972451854,1,Interleaved
884,84,0,0.33309591224191376,0.40075659626390125,1,Interleaved
885,85,0,0.5339192013225073,0.33913091359395753,1,Interleaved
886,86,0,0.3524488081587909,0.3234705437827803,1,Interleaved
887,87,0,0.575521397467108,0.4128370835219527,1,Interleaved
888,88,0,0.24559823129969888,0.4034828417834694,1,Interleaved
889,89,0,0.48410615375557686,0.48214509406417383,1,Interleaved
890,90,0,0.7091697041015872,0.3829060237035902,1,Interleaved
891,91,0,0.5227639686619667,0.31944466490303475,1,Interleaved
892,92,0,0.207299954386564,0.4780703200366463,1,Interleaved
893,93,0,0.5007304700808249,0.5062885507219372,1,Interleaved
894,94,0,0.2811527450561906,0.7013484713475784,1,Interleaved
895,95,0,0.6733582549790478,0.4214440881251219,1,Interleaved
896,96,0,0.3497488531755335,0.3993502593935684,1,Interleaved
897,97,0,0.8510568721945723,0.5224870703291347,1,Interleaved
898,98,0,0.6668631195303936,0.36023095929552096,1,Interleaved
899,99,0,0.49868884763244803,0.42429597861359747,1,Interleaved
900,100,0,0.665387270847979,0.3146742411607441,1,Interleaved
901,101,0,0.5642390393660307,0.4099426189747354,1,Interleaved
902,102,0,0.6554282675371138,0.41719122924833374,1,Interleaved
903,103,0,0.633744824607495,0.4345375949047573,1,Interleaved
904,104,0,0.15834996738169313,0.29361143745323826,1,Interleaved
905,105,0,0.454559519776787,0.4588961040529017,1,Interleaved
906,106,0,0.6026641192952189,0.32828359639571203,1,Interleaved
907,107,0,0.4627378706962348,0.40489613087533477,1,Interleaved
908,108,0,0.5871972671086015,0.36497795520951326,1,Interleaved
909,109,0,0.5555044191751701,0.3489666139156207,1,Interleaved
910,110,0,0.2798211193943426,0.5282155845384198,1,Interleaved
911,111,0,0.6407756425551905,0.36958627678933004,1,Interleaved
912,112,0,0.17321909545205516,0.5025595423773921,1,Interleaved
913,113,0,0.5141451435527074,0.31192669278221785,1,Interleaved
914,114,0,0.29124900829737577,0.4312033217609665,1,Interleaved
915,115,0,0.6932039628958115,0.4434836888110345,1,Interleaved
916,116,0,0.18343555271105363,0.4802933323768305,1,Interleaved
917,117,0,0.3675314542823912,0.4106772835931296,1,Interleaved
918,118,0,0.2716788783447376,0.43257245823351653,1,Interleaved
919,119,0,0.48250538615503424,0.4907891933429841,1,Interleaved
920,120,0,0.8435911650161938,0.42020525781231494,1,Interleaved
921,121,0,0.5848519499560375,0.49873052771756676,1,Interleaved
922,122,0,0.8813468858731359,0.35295353014419784,1,Interleaved
923,123,0,0.44471132684401626,0.30404875916330726,1,Interleaved
924,124,0,0.6494126963754854,0.25713660681827466,1,Interleaved
925,125,0,0.3827909085986699,0.37822009920009103,1,Interleaved
926,126,0,0.7053367331980549,0.4164789271699454,1,Interleaved
927,127,0,0.5125007948333149,0.36735191696242075,1,Interleaved
928,128,0,0.24587603445770678,0.37529385289246253,1,Interleaved
929,129,0,0.6148454367550555,0.416461019529503,1,Interleaved
930,130,0,0.49290295856470195,0.43404172502109506,1,Interleaved
931,131,0,0.811483198117184,0.3831149586620348,1,Interleaved
932,132,0,0.5752662745178471,0.35862107787134245,1,Interleaved
933,133,0,0.8660280908812237,0.28757012265508264,1,Interleaved
934,134,0,0.49160088565134474,0.22007989897642022,1,Interleaved
935,135,0,0.5272044839852311,0.34584802489869865,1,Interleaved
936,136,0,0.5686713646331844,0.40572614332757295,1,Interleaved
937,137,0,0.6069645454781113,0.4142431187288347,1,Interleaved
938,138,0,0.8650717032886939,0.2796633063958647,1,Interleaved
939,139,0,0.7040903477837751,0.3874018989002459,1,Interleaved
940,140,0,0.6156199598584116,0.3305770599471647,1,Interleaved
941,141,0,0.6348619924852714,0.33546441194756804,1,Interleaved
942,142,0,0.21628301442188963,0.3262896272018291,1,Interleaved
943,143,0,0.5211717466863297,0.39196983146191433,1,Interleaved
944,144,0,0.45065339683597383,0.2829910339960484,1,Interleaved
945,145,0,0.5386379215456054,0.3047328216299951,1,Interleaved
946,146,0,0.7388500167786369,0.28266162748558743,1,Interleaved
947,147,0,0.6212663265286731,0.3623775792379713,1,Interleaved
948,148,0,0.26002278291368874,0.3812476918099705,1,Interleaved
949,149,0,0.24193538275236925,0.31119729081775105,1,Interleaved
950,150,0,0.7060538775599334,0.3011595359873991,1,Interleaved
951,151,0,0.662238637070317,0.41258771465368105,1,Interleaved
952,152,0,0.48051865018622086,0.586087171604599,1,Interleaved
953,153,0,0.5642316569162291,0.3551346824685275,1,Interleaved
954,154,0,0.8295732828071826,0.36738419853371346,1,Interleaved
955,155,0,0.4490996590888439,0.4257305008770906,1,Interleaved
956,156,0,0.7848508418348086,0.32804113436043625,1,Interleaved
957,157,0,0.7111291898412866,0.28986093668769536,1,Interleaved
958,158,0,0.07074328266692095,0.3639411595574079,1,Interleaved
959,159,0,0.5122747338949671,0.35765468871282646,1,Interleaved
960,160,0,0.8231629144963675,0.2819485918332438,1,Interleaved
961,161,0,0.8176910798273778,0.3271674094132852,1,Interleaved
962,162,0,0.5390742827567935,0.318192304594778,1,Interleaved
963,163,0,0.8645687395245538,0.398590526630908,1,Interleaved
964,164,0,0.3575724188056628,0.3183085277007237,1,Interleaved
965,165,0,0.8115975582107178,0.42689218995465694,1,Interleaved
966,166,0,0.5747835106606174,0.3869097052030507,1,Interleaved
967,167,0,0.5586398555485345,0.3810117603295699,1,Interleaved
968,168,0,0.556606645783599,0.4561320498496746,1,Interleaved
969,169,0,0.8227841826542143,0.3172663500659198,1,Interleaved
970,170,0,0.6797744905091968,0.4243208401541265,1,Interleaved
971,171,0,0.7928150471331243,0.2342282320007379,1,Interleaved
972,172,0,0.6451876017074087,0.25746857723257277,1,Interleaved
973,173,0,0.46774891897190407,0.40172844423813875,1,Interleaved
974,174,0,0.7869221279403396,0.631177295476734,1,Interleaved
975,175,0,0.17219020373736713,0.3329106029422312,1,Interleaved
976,176,0,0.48436754770870066,0.4210836561606365,1,Interleaved
977,177,0,0.43989956029055016,0.5362023579368449,1,Interleaved
978,178,0,0.5206685962337682,0.43328462723112915,1,Interleaved
979,179,0,0.18244037407091662,0.5622061566993111,1,Interleaved
980,180,0,0.8688214823043575,0.23915997880803863,1,Interleaved
981,181,0,0.9456700722439304,0.27116958898529997,1,Interleaved
982,182,0,0.5783165259948903,0.34687248084682853,1,Interleaved
983,183,0,0.532212256985039,0.4405081238198798,1,Interleaved
984,184,0,0.21709165867425295,0.4932586250474763,1,Interleaved
985,185,0,0.8907801628069676,0.3288787800273705,1,Interleaved
986,186,0,0.9739263784085828,0.26988740446615206,1,Interleaved
987,187,0,0.11862730792202342,0.530173363515732,1,Interleaved
988,188,0,0.698336090263273,0.25826156470935013,1,Interleaved
989,189,0,0.525973149954345,0.42438732492434816,1,Interleaved
990,190,0,0.40645398306621305,0.3038864724785305,1,Interleaved
991,191,0,0.8662348348931079,0.4777025351092525,1,Interleaved
992,192,0,0.2534202137430168,0.3196770935635773,1,Interleaved
993,193,0,0.1930841528170207,0.40756638122940725,1,Interleaved
994,194,0,0.7328907570535046,0.3346291546163329,1,Interleaved
995,195,0,0.927086166728186,0.26569405219564246,1,Interleaved
996,196,0,0.9359517744783796,0.25050095532969086,1,Interleaved
997,197,0,0.9733542433118085,0.3016608849117281,1,Interleaved
998,198,0,0.7775306916471866,0.35647272396506424,1,Interleaved
999,199,0,0.9912710101306383,0.29535351408253296,1,Interleaved
1000,0,0,0.6793632916494453,0.6711814405710019,1,Instructed
1001,1,0,0.523072684220088,0.5955595366536863,1,Instructed
1002,2,0,0.8210261025038506,0.3935526014990698,1,Instructed
1003,3,0,0.4509955478261813,0.46249756338953885,1,Instructed
1004,4,0,0.1768021610113244,0.4381294827192975,1,Instructed
1005,5,0,0.3605097222356085,0.5666428194737638,1,Instructed
1006,6,0,0.8422752108299332,0.5123901201046976,1,Instructed
1007,7,0,0.22133480386138554,0.5137510645023031,1,Instructed
1008,8,0,0.12869656945526506,0.3806151151806724,1,Instructed
1009,9,0,0.5411953804652262,0.5064820718433727,1,Instructed
1010,10,0,0.8241128227971778,0.4503309847617172,1,Instructed
1011,11,0,0.5290220900186817,0.48304570897787436,1,Instructed
1012,12,0,0.27759027837442113,0.3081111133078128,1,Instructed
1013,13,0,0.4422653354650604,0.4366407895712543,1,Instructed
1014,14,0,0.4910619984825399,0.48608967722897967,1,Instructed
1015,15,0,0.5334000274381252,0.5880971256067452,1,Instructed
1016,16,0,0.2603425996876196,0.6547439421901313,1,Instructed
1017,17,0,0.4684730406240791,0.4294100611174645,1,Instructed
1018,18,0,0.9519241063460571,0.4036359837416107,1,Instructed
1019,19,0,0.8001079409961287,0.3549568933661888,1,Instructed
1020,20,0,0.13801345873878176,0.5088197549473946,1,Instructed
1021,21,0,0.6420987008489676,0.49398368910677015,1,Instructed
1022,22,0,0.2587123029242363,0.3059660688782021,1,Instructed
1023,23,0,0.4248350576062325,0.4449527691538783,1,Instructed
1024,24,0,0.7178507211859002,0.32904592732843047,1,Instructed
1025,25,0,0.3705534109818803,0.3764428134065425,1,Instructed
1026,26,0,0.5777616707713142,0.32929232733363034,1,Instructed
1027,27,0,0.4560840306541533,0.595549394107933,1,Instructed
1028,28,0,0.6110594766763224,0.4726231331600377,1,Instructed
1029,29,0,0.5302215955002509,0.47526296700310533,1,Instructed
1030,30,0,0.9677687103550985,0.3258061832610362,1,Instructed
1031,31,0,0.3993380971912732,0.5047593588571184,1,Instructed
1032,32,0,0.943036918837244,0.3954455933806452,1,Instructed
1033,33,0,0.5225685613161619,0.45051578653544,1,Instructed
1034,34,0,0.4828800898813732,0.4218749656978071,1,Instructed
1035,35,0,0.5164480077004672,0.32326048573012844,1,Instructed
1036,36,0,0.8411536631519976,0.42424768467179175,1,Instructed
1037,37,0,0.5866605343889542,0.49764104529231334,1,Instructed
1038,38,0,0.4969802206289407,0.340519065757985,1,Instructed
1039,39,0,0.19413182824681688,0.47221525154274624,1,Instructed
1040,40,0,0.7288167050025611,0.4011701757992304,1,Instructed
1041,41,0,0.47263909797518333,0.5666747940841974,1,Instructed
1042,42,0,0.941392630437059,0.39836177384278904,1,Instructed
1043,43,0,0.6266989404205804,0.4804977580827333,1,Instructed
1044,44,0,0.8819735147734403,0.34848605250694464,1,Instructed
1045,45,0,0.7476619190544876,0.45495103744611665,1,Instructed
1046,46,0,0.3268651715691143,0.4225857768289957,1,Instructed
1047,47,0,0.42532989769493296,0.5307090375969625,1,Instructed
1048,48,0,0.5965582041426117,0.37361835366373586,1,Instructed
1049,49,0,0.5030253451909803,0.3614742573755053,1,Instructed
1050,50,0,0.9307706342489064,0.37498041758953926,1,Instructed
1051,51,0,0.7131195593236379,0.3573199202240487,1,Instructed
1052,52,0,0.17063693529708984,0.3953370245558546,1,Instructed
1053,53,0,0.408680918126418,0.38368992764177773,1,Instructed
1054,54,0,0.8984537388880406,0.40567858639825877,1,Instructed
1055,55,0,0.7479083956845266,0.3226099988575788,1,Instructed
1056,56,0,0.12244264092538713,0.26696000867991687,1,Instructed
1057,57,0,0.7140075728603816,0.2985094548926487,1,Instructed
1058,58,0,0.9696292142029372,0.30234708808615357,1,Instructed
1059,59,0,0.7600548121425446,0.38465873309271215,1,Instructed
1060,60,0,0.9853828215273719,0.3422646331794451,1,Instructed
1061,61,0,0.46070523889088344,0.4812009460655329,1,Instructed
1062,62,0,0.9138863711433381,0.3561532615401861,1,Instructed
1063,63,0,0.7095851373215181,0.302708738790139,1,Instructed
1064,64,0,0.38620877461558073,0.3230061601255241,1,Instructed
1065,65,0,0.5198775789576005,0.237158863057905,1,Instructed
1066,66,0,0.9481820870727166,0.4055864984539917,1,Instructed
1067,67,0,0.35514037568520773,0.2790846080745238,1,Instructed
1068,68,0,0.9811461487442378,0.30419942704633435,1,Instructed
1069,69,0,0.6906787801805423,0.38582880621685883,1,Instructed
1070,70,0,0.9672937860764947,0.43304766384234483,1,Instructed
1071,71,0,0.700350774513349,0.3074997072579148,1,Instructed
1072,72,0,0.9897011376554744,0.2864655012637681,1,Instructed
1073,73,0,0.8335554616359081,0.30846567915299883,1,Instructed
1074,74,0,0.31375704799077997,0.4479463558345923,1,Instructed
1075,75,0,0.6729380631071283,0.3539829273366774,1,Instructed
1076,76,0,0.9037044573105364,0.3990309972026457,1,Instructed
1077,77,0,0.5670682942732262,0.40995672677382156,1,Instructed
1078,78,0,0.9783386225137458,0.4169740371179937,1,Instructed
1079,79,0,0.58531049333441,0.2904055447744504,1,Instructed
1080,80,0,0.945314613563643,0.3493584672019643,1,Instructed
1081,81,0,0.49937150755843296,0.4191538704628968,1,Instructed
1082,82,0,0.9947465104687518,0.30160634964481603,1,Instructed
1083,83,0,0.602811366145029,0.2884322945092396,1,Instructed
1084,84,0,0.2912027454170256,0.257145309155749,1,Instructed
1085,85,0,0.6311355763556001,0.24085129826531454,1,Instructed
1086,86,0,0.7039999738896855,0.44279822063826785,1,Instructed
1087,87,0,0.2804599972905088,0.38941371034310424,1,Instructed
1088,88,0,0.6791074484109877,0.3335118185264375,1,Instructed
1089,89,0,0.553842621571127,0.2353689682550587,1,Instructed
1090,90,0,0.8591596567346566,0.437902201607422,1,Instructed
1091,91,0,0.5413542935368014,0.5245316260296872,1,Instructed
1092,92,0,0.5420826395722247,0.3330877078072914,1,Instructed
1093,93,0,0.6025489409451248,0.3590464269749508,1,Instructed
1094,94,0,0.47192511862099884,0.25492866300520833,1,Instructed
1095,95,0,0.45694150342206946,0.47884409169321956,1,Instructed
1096,96,0,0.6717393801537896,0.27380165366011733,1,Instructed
1097,97,0,0.543556049659719,0.4229681544117552,1,Instructed
1098,98,0,0.6150575582988242,0.36991242247461564,1,Instructed
1099,99,0,0.4923842744853988,0.43028093830165515,1,Instructed
1100,100,0,0.9210857217251597,0.509146449199523,1,Instructed
1101,101,0,0.5932025496623367,0.3368127858946087,1,Instructed
1102,102,0,0.4943009828296936,0.40192351758107686,1,Instructed
1103,103,0,0.8464491310364546,0.36522530659728497,1,Instructed
1104,104,0,0.7761883856932578,0.34374682426604436,1,Instructed
1105,105,0,0.6308543528873405,0.2956919310789209,1,Instructed
1106,106,0,0.9947452578438184,0.26199660745751746,1,Instructed
1107,107,0,0.45123141186615806,0.387238348504487,1,Instructed
1108,108,0,0.5750986314203731,0.3021926304296156,1,Instructed
1109,109,0,0.535121414348121,0.25624202065485124,1,Instructed
1110,110,0,0.33927896373446814,0.20550834984627236,1,Instructed
1111,111,0,0.7293689588071084,0.33933199463597935,1,Instructed
1112,112,0,0.8738982113689147,0.29117357233937136,1,Instructed
1113,113,0,0.19164532122071104,0.38188060841180493,1,Instructed
1114,114,0,0.9321893886734043,0.28902324756107955,1,Instructed
1115,115,0,0.6049281880079727,0.3280971999755391,1,Instructed
1116,116,0,0.9324190352636152,0.3050445911511679,1,Instructed
1117,117,0,0.5146833855247308,0.39956694541732735,1,Instructed
1118,118,0,0.09394093559287231,0.3624520401907533,1,Instructed
1119,119,0,0.4852059229285849,0.33750815248464705,1,Instructed
1120,120,0,0.9791964149611412,0.43682489549707504,1,Instructed
1121,121,0,0.5059615689419522,0.34698791572059334,1,Instructed
1122,122,0,0.22240842681831235,0.35221039193983616,1,Instructed
1123,123,0,0.5249513108072783,0.34149734050938196,1,Instructed
1124,124,0,0.5615081806874263,0.305886086576912,1,Instructed
1125,125,0,0.5197568278077064,0.326754429142478,1,Instructed
1126,126,0,0.9870517577190616,0.21069387752523588,1,Instructed
1127,127,0,0.5031894412808662,0.4064014276980505,1,Instructed
1128,128,0,0.0965588380541488,0.3339549092407608,1,Instructed
1129,129,0,0.49073018247741995,0.33026722582801593,1,Instructed
1130,130,0,0.8724422835120128,0.3208388433672309,1,Instructed
1131,131,0,0.701849485567893,0.44367197547226167,1,Instructed
1132,132,0,0.05689223642102989,0.4921626096226737,1,Instructed
1133,133,0,0.31349947822048496,0.32498112959703296,1,Instructed
1134,134,0,0.5315988065942596,0.28639683740075006,1,Instructed
1135,135,0,0.5075063377134312,0.43940098645405246,1,Instructed
1136,136,0,0.30814470070480954,0.3750296579505968,1,Instructed
1137,137,0,0.6303591241905704,0.4516004398365268,1,Instructed
1138,138,0,0.48379267878858,0.48689305226357327,1,Instructed
1139,139,0,0.8956980705536057,0.3645626410362857,1,Instructed
1140,140,0,0.2950938805815836,0.40803483088210823,1,Instructed
1141,141,0,0.8282791249830463,0.5087394705310957,1,Instructed
1142,142,0,0.3041327471125288,0.4418719103274471,1,Instructed
1143,143,0,0.8747533562615839,0.43056537137587925,1,Instructed
1144,144,0,0.7350238979481432,0.345898705258828,1,Instructed
1145,145,0,0.8269734901319488,0.3928256376391404,1,Instructed
1146,146,0,0.740805314283984,0.23871201729449412,1,Instructed
1147,147,0,0.6303347641483065,0.28042444196318894,1,Instructed
1148,148,0,0.6581983513045758,0.3844766776059225,1,Instructed
1149,149,0,0.7643265552088393,0.4145631849913186,1,Instructed
1150,150,0,0.24091571961399244,0.32718877266550395,1,Instructed
1151,151,0,0.8180044428522053,0.37746944331588983,1,Instructed
1152,152,0,0.5925999289847692,0.2718896339203715,1,Instructed
1153,153,0,0.8202296285151145,0.24670890036706677,1,Instructed
1154,154,0,0.7126788258894111,0.22169655192408705,1,Instructed
1155,155,0,0.40783311958238977,0.3147011025229496,1,Instructed
1156,156,0,0.8850785882307364,0.3435564257982219,1,Instructed
1157,157,0,0.8138000292880603,0.26429144749169553,1,Instructed
1158,158,0,0.42146471950794906,0.3018220368219768,1,Instructed
1159,159,0,0.7026951611138423,0.43388124642227094,1,Instructed
1160,160,0,0.6049927276668936,0.3776144201522611,1,Instructed
1161,161,0,0.42618660778172057,0.3662317922960713,1,Instructed
1162,162,0,0.7811461411203248,0.4173224343970281,1,Instructed
1163,163,0,0.873750843761885,0.27287432040844606,1,Instructed
1164,164,0,0.6012458235402472,0.42833075632165796,1,Instructed
1165,165,0,0.17290896311584908,0.34475892557194077,1,Instructed
1166,166,0,0.36797163796122123,0.427972685490559,1,Instructed
1167,167,0,0.8245617162618222,0.3632867558165263,1,Instructed
1168,168,0,0.8809745352154872,0.28643580638935867,1,Instructed
1169,169,0,0.4725046560823181,0.3656897297075682,1,Instructed
1170,170,0,0.7656692745392801,0.34928953371910954,1,Instructed
1171,171,0,0.8769225880527893,0.2659072950426138,1,Instructed
1172,172,0,0.5376019219180245,0.21577069188765824,1,Instructed
1173,173,0,0.8186017269754156,0.3962355175767004,1,Instructed
1174,174,0,0.3551796167097542,0.3018822452712573,1,Instructed
1175,175,0,0.978117173492568,0.41045818736684747,1,Instructed
1176,176,0,0.6390114959004835,0.2982018227524924,1,Instructed
1177,177,0,0.5163199064713431,0.281233936550135,1,Instructed
1178,178,0,0.740345016011944,0.40728309080631675,1,Instructed
1179,179,0,0.6109894780033571,0.3304467241891335,1,Instructed
1180,180,0,0.3158789339364816,0.35263247816552357,1,Instructed
1181,181,0,0.836881475532643,0.4506166828807878,1,Instructed
1182,182,0,0.3764653042192468,0.2563187384042666,1,Instructed
1183,183,0,0.5447766734331887,0.28536011540970047,1,Instructed
1184,184,0,0.5316896684774177,0.23040088582379709,1,Instructed
1185,185,0,0.6970961935413895,0.3603691541931364,1,Instructed
1186,186,0,0.23362600596916605,0.4195593739941687,1,Instructed
1187,187,0,0.7429412620953932,0.3905334600033471,1,Instructed
1188,188,0,0.5238824456710672,0.33553875247815945,1,Instructed
1189,189,0,0.9406191749577971,0.30970276308638445,1,Instructed
1190,190,0,0.659875274633398,0.3125820777792931,1,Instructed
1191,191,0,0.9966895686487716,0.3561926291613213,1,Instructed
1192,192,0,0.8646738817751516,0.4709677256367397,1,Instructed
1193,193,0,0.2341247402883413,0.47316988882371874,1,Instructed
1194,194,0,0.8948366583934688,0.28417821098683305,1,Instructed
1195,195,0,0.8208121542400747,0.5255516552405849,1,Instructed
1196,196,0,0.6379290886594569,0.2659354535034155,1,Instructed
1197,197,0,0.5520136158959628,0.385342064312385,1,Instructed
1198,198,0,0.24624704194173225,0.4136973535225674,1,Instructed
1199,199,0,0.8846389814883484,0.3410323287481903,1,Instructed
