,t,e_hat,Accuracy,pe,batch,Condition
0,0,0,0.625115377261367,0.7229248840193245,0,Blocked
1,1,0,0.20194644879154527,0.5521905388351096,0,Blocked
2,2,0,0.7626312699696292,0.7420738115753003,0,Blocked
3,3,0,0.007914497880454263,0.6183532935894699,0,Blocked
4,4,0,0.9945072773511565,0.6611838851921892,0,Blocked
5,5,0,0.29397927740693813,0.6259737550708877,0,Blocked
6,6,0,0.7187894211153487,0.48932708078187886,0,Blocked
7,7,0,0.4623855870646991,0.4270672883327876,0,Blocked
8,8,0,0.40096084831714185,0.5821529355624131,0,Blocked
9,9,0,0.5060273115594617,0.6572127302146491,0,Blocked
10,10,0,0.5291398827873799,0.6984582743658098,0,Blocked
11,11,0,0.35446513307240235,0.5799261506825939,0,Blocked
12,12,0,0.6908103716145495,0.46001016986449533,0,Blocked
13,13,0,0.4488291494817561,0.7044031644065629,0,Blocked
14,14,0,0.6296420581997195,0.4198387212761878,0,Blocked
15,15,0,0.5094224664521481,0.6821344396633603,0,Blocked
16,16,0,0.4199488671912692,0.42245656011083166,0,Blocked
17,17,0,0.5283328097665139,0.4465001167723649,0,Blocked
18,18,0,0.48934902245578327,0.5495077171158423,0,Blocked
19,19,0,0.5147997716655679,0.6150073953107589,0,Blocked
20,20,0,0.4126054115821185,0.5160007639759219,0,Blocked
21,21,0,0.48014037034473755,0.38079479921530224,0,Blocked
22,22,0,0.6158300292011987,0.4847858544709397,0,Blocked
23,23,0,0.5740004224247446,0.4082734058713414,0,Blocked
24,24,0,0.7995167159990046,0.48549119252796297,0,Blocked
25,25,0,0.49214983358019865,0.5474493848248769,0,Blocked
26,26,0,0.41536737387569933,0.5565811253902715,0,Blocked
27,27,0,0.5938089918023112,0.4020363037024903,0,Blocked
28,28,0,0.5647974134107563,0.48465767559135586,0,Blocked
29,29,0,0.536581003786164,0.43942365923598725,0,Blocked
30,30,0,0.7136903099424989,0.2958651662796736,0,Blocked
31,31,0,0.403392495775062,0.3822201364098743,0,Blocked
32,32,0,0.2852737535615229,0.35721566740131927,0,Blocked
33,33,0,0.24898331542817487,0.6162844843774564,0,Blocked
34,34,0,0.8849692801314195,0.5555014243750314,0,Blocked
35,35,0,0.4897037328168005,0.6084033361028192,0,Blocked
36,36,0,0.5279629414751142,0.698146313746518,0,Blocked
37,37,0,0.3773843242999608,0.48867534652737155,0,Blocked
38,38,0,0.9394496540165149,0.5938578416728143,0,Blocked
39,39,0,0.7578720659526039,0.4100623595243552,0,Blocked
40,40,0,0.8533906879978761,0.4619491493520075,0,Blocked
41,41,0,0.5310929607669118,0.5994184462957655,0,Blocked
42,42,0,0.7405213994481255,0.46601853421710615,0,Blocked
43,43,0,0.0029279170142779334,0.725448185320033,0,Blocked
44,44,0,0.8727381137481892,0.3718808388002498,0,Blocked
45,45,0,0.5193853126066094,0.48700152803601904,0,Blocked
46,46,0,0.5010207927850862,0.5007354379291241,0,Blocked
47,47,0,0.4681593525345556,0.39257203456102285,0,Blocked
48,48,0,0.5631508862754109,0.4695755310417937,0,Blocked
49,49,0,0.5491385130821202,0.5492679527640139,0,Blocked
50,50,0,0.6604896309955071,0.4594919531976529,0,Blocked
51,51,0,0.4458606145987205,0.33361228901124873,0,Blocked
52,52,0,0.38832324112584765,0.638777464310934,0,Blocked
53,53,0,0.38188739640830427,0.4419522222250943,0,Blocked
54,54,0,0.7049516279632185,0.5188022360273615,0,Blocked
55,55,0,0.40130231750714473,0.4807316963947878,0,Blocked
56,56,0,0.35495469799692436,0.6382113996713669,0,Blocked
57,57,0,0.5488802202615954,0.5085551740789991,0,Blocked
58,58,0,0.27549755027229633,0.584717737921204,0,Blocked
59,59,0,0.4180100112882344,0.6923702710527848,0,Blocked
60,60,0,0.3705716507709943,0.741775792762513,0,Blocked
61,61,0,0.21524808115017335,0.7510932838816797,0,Blocked
62,62,0,0.5024549836370671,0.587122190363651,0,Blocked
63,63,0,0.8430545622989511,0.4294410470451937,0,Blocked
64,64,0,0.9222265506670401,0.4680771192902349,0,Blocked
65,65,0,0.2431773121907293,0.45656227500117585,0,Blocked
66,66,0,0.5050435325061469,0.4955629835763868,0,Blocked
67,67,0,0.45703321636587635,0.6046084520900239,0,Blocked
68,68,0,0.5943509367934141,0.5781708078117793,0,Blocked
69,69,0,0.6477181251549585,0.46608820487212976,0,Blocked
70,70,0,0.4834329784438718,0.5366919063472435,0,Blocked
71,71,0,0.6143540330015049,0.38559674199722566,0,Blocked
72,72,0,0.47960611828128086,0.6243531063008064,0,Blocked
73,73,0,0.5591589709033282,0.43547133127148996,0,Blocked
74,74,0,0.6502612946786452,0.4353147566961101,0,Blocked
75,75,0,0.49540670454612623,0.5011867003310004,0,Blocked
76,76,0,0.7482868802289435,0.4285913023607699,0,Blocked
77,77,0,0.39246177088868084,0.5286432027309234,0,Blocked
78,78,0,0.8206369868845671,0.2764814443450685,0,Blocked
79,79,0,0.2947914887843023,0.5481683559101795,0,Blocked
80,80,0,0.29430263116628597,0.44278700796151227,0,Blocked
81,81,0,0.48897246235477954,0.42913623419599767,0,Blocked
82,82,0,0.8304884952140144,0.509181577744901,0,Blocked
83,83,0,0.9419332559138622,0.36592180859558343,0,Blocked
84,84,0,0.040027663249790596,0.5784670987334948,0,Blocked
85,85,0,0.06704975890447097,0.6674591719801659,0,Blocked
86,86,0,0.7489321398644964,0.6440056085173644,0,Blocked
87,87,0,0.286688094066627,0.6239786571578058,0,Blocked
88,88,0,0.12464273167018017,0.47524105602042366,0,Blocked
89,89,0,0.24626697194571795,0.5156751551730108,0,Blocked
90,90,0,0.6021392155318012,0.5051900554884938,0,Blocked
91,91,0,0.6020290963177899,0.49081675207574854,0,Blocked
92,92,0,0.3300525754098275,0.6590381209300207,0,Blocked
93,93,0,0.05106526480045624,0.6076520728999222,0,Blocked
94,94,0,0.6007082235210842,0.4775469039049913,0,Blocked
95,95,0,0.5111909790990867,0.5769510449420036,0,Blocked
96,96,0,0.40633993847313465,0.3391447826383507,0,Blocked
97,97,0,0.3072221237781512,0.5902778051526287,0,Blocked
98,98,0,0.46772422548520187,0.6148709446217226,0,Blocked
99,99,0,0.8126955936980094,0.3965376099473059,0,Blocked
100,100,0,0.1704919029749106,0.5673145680075273,0,Blocked
101,101,0,0.2949572457061588,0.4755732697082671,0,Blocked
102,102,0,0.4897871783435898,0.5046077649421832,0,Blocked
103,103,0,0.48189668174193834,0.36087762940533485,0,Blocked
104,104,0,0.522714560743285,0.5128026465498863,0,Blocked
105,105,0,0.3237617528528249,0.4266223552463452,0,Blocked
106,106,0,0.8896746443028694,0.4740339305062653,0,Blocked
107,107,0,0.8505388396824483,0.45591409599950367,0,Blocked
108,108,0,0.3042379773590578,0.5529327600222144,0,Blocked
109,109,0,0.45302002431373406,0.41455354005969963,0,Blocked
110,110,0,0.8710855358879068,0.4610041811465275,0,Blocked
111,111,0,0.21635581528757697,0.4839473085754922,0,Blocked
112,112,0,0.311584711792128,0.3221489735802326,0,Blocked
113,113,0,0.9438277739374825,0.5613482365934659,0,Blocked
114,114,0,0.0995391550332762,0.3400416920927507,0,Blocked
115,115,0,0.08596154877662808,0.6197953410623527,0,Blocked
116,116,0,0.8976736377169945,0.359941264079938,0,Blocked
117,117,0,0.3965588973449593,0.5548291734233552,0,Blocked
118,118,0,0.3934787378642342,0.37403314250859576,0,Blocked
119,119,0,0.42769564651394154,0.458130165413233,0,Blocked
120,120,0,0.66014917367012,0.4630648447840115,0,Blocked
121,121,0,0.018471785116269315,1.0652542298212389,0,Blocked
122,122,0,0.4987335234075516,0.5257733918564858,0,Blocked
123,123,0,0.962525357788881,0.5107303997076409,0,Blocked
124,124,0,0.9857888972197915,0.3724150792769495,0,Blocked
125,125,0,0.9863182663277192,0.28558392488210943,0,Blocked
126,126,0,0.01849433091827697,0.6147086496926552,0,Blocked
127,127,0,0.17876394125321787,0.4509608591443788,0,Blocked
128,128,0,0.19029512669684595,0.511429123214304,0,Blocked
129,129,0,0.23179227067669456,0.4578960824990215,0,Blocked
130,130,0,0.289193484825269,0.551348911815725,0,Blocked
131,131,0,0.16542077036125727,0.6296688681300259,0,Blocked
132,132,0,0.1788866446137506,0.43329630621895554,0,Blocked
133,133,0,0.6083711646387848,0.4665038677185569,0,Blocked
134,134,0,0.5051584410351029,0.5037142629742402,0,Blocked
135,135,0,0.21209245882643618,0.4909995566182985,0,Blocked
136,136,0,0.08348512258088348,0.5934808532546585,0,Blocked
137,137,0,0.9079966013578954,0.4190485631192308,0,Blocked
138,138,0,0.8162597363899604,0.37004684384495645,0,Blocked
139,139,0,0.27303579988994514,0.45759006795094453,0,Blocked
140,140,0,0.9269684061691064,0.4203579049032712,0,Blocked
141,141,0,0.2117311868440005,0.45822326810876157,0,Blocked
142,142,0,0.8414423766820084,0.40160678488339857,0,Blocked
143,143,0,0.3803178176130855,0.47475155176583683,0,Blocked
144,144,0,0.2577323234639356,0.47950035342874764,0,Blocked
145,145,0,0.8323654473940512,0.5608513608720214,0,Blocked
146,146,0,0.295007579262126,0.5073433812923046,0,Blocked
147,147,0,0.3384045637657468,0.4237568534542937,0,Blocked
148,148,0,0.3248689519764552,0.47437984094850005,0,Blocked
149,149,0,0.7705999595541089,0.5960160523803715,0,Blocked
150,150,0,0.8677818068469936,0.24244728071593452,0,Blocked
151,151,0,0.5884796944339453,0.6117075800203177,0,Blocked
152,152,0,0.9638921772826637,0.2988888554478839,0,Blocked
153,153,0,0.9685427579626663,0.346530404137221,0,Blocked
154,154,0,0.5974855136023789,0.47161181435372607,0,Blocked
155,155,0,0.32459437689936754,0.6734219442487994,0,Blocked
156,156,0,0.48159887871693685,0.5149747469788835,0,Blocked
157,157,0,0.5922713116606408,0.79281861203111,0,Blocked
158,158,0,0.4524567381230384,0.6172547402987121,0,Blocked
159,159,0,0.5047637761738288,0.5100396741857947,0,Blocked
160,160,0,0.4931521220825827,0.6004728608192191,0,Blocked
161,161,0,0.503181449649334,0.5601616931738067,0,Blocked
162,162,0,0.9742593586090054,0.4156008158071077,0,Blocked
163,163,0,0.40438767356582733,0.40623918166374906,0,Blocked
164,164,0,0.7642941359950548,0.40329521030941506,0,Blocked
165,165,0,0.3637782729564685,0.4181056570054402,0,Blocked
166,166,0,0.49442792632750193,0.3767456231052667,0,Blocked
167,167,0,0.44662676250814304,0.382119442645662,0,Blocked
168,168,0,0.4337039706882081,0.2998149844763293,0,Blocked
169,169,0,0.2270291713240229,0.45838513957474325,0,Blocked
170,170,0,0.7997526485292126,0.4740258605842317,0,Blocked
171,171,0,0.7161949272225435,0.2847006787428184,0,Blocked
172,172,0,0.41447509646928615,0.6041885512597095,0,Blocked
173,173,0,0.45409344837234666,0.6396207170241449,0,Blocked
174,174,0,0.4145089295059425,0.3690657751400752,0,Blocked
175,175,0,0.8494298263259616,0.6472510736621317,0,Blocked
176,176,0,0.191139904833113,0.44459118152974125,0,Blocked
177,177,0,0.49785698121768807,0.4494378099968983,0,Blocked
178,178,0,0.5089463766863062,0.6085677114901145,0,Blocked
179,179,0,0.3788573528138057,0.6176844827429187,0,Blocked
180,180,0,0.47387887272188456,0.38062538809254504,0,Blocked
181,181,0,0.6382153139456568,0.5112199077683626,0,Blocked
182,182,0,0.5527350005511001,0.5462424909796977,0,Blocked
183,183,0,0.5616947892389297,0.43064402063773816,0,Blocked
184,184,0,0.4647355093444115,0.3723611911967902,0,Blocked
185,185,0,0.10203738863409467,0.4726668392492986,0,Blocked
186,186,0,0.4734546038210286,0.33340248322620286,0,Blocked
187,187,0,0.389340829943702,0.5282234597166025,0,Blocked
188,188,0,0.5951559892705923,0.4011273602644325,0,Blocked
189,189,0,0.3947028326506393,0.422918853699503,0,Blocked
190,190,0,0.5627792677841568,0.6409056284828512,0,Blocked
191,191,0,0.3446919060564444,0.492901415879668,0,Blocked
192,192,0,0.4358541982570238,0.3957573730311007,0,Blocked
193,193,0,0.9594245164570447,0.39954319196286603,0,Blocked
194,194,0,0.537333652498483,0.3318443591797521,0,Blocked
195,195,0,0.14927398735889438,0.5831569050272967,0,Blocked
196,196,0,0.5319945352068732,0.5258886627313517,0,Blocked
197,197,0,0.450303404546249,0.629754427439146,0,Blocked
198,198,0,0.4827029288932446,0.4326173115673324,0,Blocked
199,199,0,0.24282604250527004,0.5613763680365144,0,Blocked
200,0,0,0.46042000858242005,0.8383714944623291,0,Interleaved
201,1,0,0.33147690889045356,0.49208215174717695,0,Interleaved
202,2,0,0.7987516234086969,0.6784295977067603,0,Interleaved
203,3,0,0.9226136893456469,0.6535820925636135,0,Interleaved
204,4,0,0.6639080706973175,0.6887650588331102,0,Interleaved
205,5,0,0.8938566811440645,0.5809958031786844,0,Interleaved
206,6,0,0.7753950852137641,0.5631647593474983,0,Interleaved
207,7,0,0.5126117573403114,0.4992481856140185,0,Interleaved
208,8,0,0.34263969626739377,0.47658550349399936,0,Interleaved
209,9,0,0.5638315982785271,0.6358729186048608,0,Interleaved
210,10,0,0.2993584677942136,0.567987179937214,0,Interleaved
211,11,0,0.22542657673465086,0.7765797240624246,0,Interleaved
212,12,0,0.8147515203777448,0.6441906462402078,0,Interleaved
213,13,0,0.21890126017908995,0.48190808363588783,0,Interleaved
214,14,0,0.4688454922113463,0.5007598412834293,0,Interleaved
215,15,0,0.9598196040337446,0.533192067171592,0,Interleaved
216,16,0,0.43750116407788386,0.6241017587953548,0,Interleaved
217,17,0,0.19358841962180262,0.5677926669637623,0,Interleaved
218,18,0,0.3423456780875048,0.46854965185327196,0,Interleaved
219,19,0,0.4744656103370355,0.5871378447317293,0,Interleaved
220,20,0,0.2763545624238547,0.5553204107039704,0,Interleaved
221,21,0,0.5167674207286367,0.5096305740158464,0,Interleaved
222,22,0,0.24260541518105497,0.5035959179236198,0,Interleaved
223,23,0,0.3838394487421883,0.3288245677309035,0,Interleaved
224,24,0,0.5965154427275531,0.4746591178028342,0,Interleaved
225,25,0,0.7775712022739352,0.5803307994578303,0,Interleaved
226,26,0,0.37595740560874963,0.5498626032028893,0,Interleaved
227,27,0,0.1541865961953683,0.572883326461425,0,Interleaved
228,28,0,0.6131922230851572,0.6767042578518306,0,Interleaved
229,29,0,0.6873090449068917,0.3855363681094508,0,Interleaved
230,30,0,0.10385956698436812,0.5382761939729568,0,Interleaved
231,31,0,0.5078201341071695,0.49925235053962835,0,Interleaved
232,32,0,0.21483049467860652,0.5455514626220116,0,Interleaved
233,33,0,0.9300168333514879,0.4512356587723038,0,Interleaved
234,34,0,0.5189269104599448,0.5883561639051079,0,Interleaved
235,35,0,0.11936438924750317,0.6541987851498681,0,Interleaved
236,36,0,0.7181616801703358,0.49030056139977807,0,Interleaved
237,37,0,0.7084597139163671,0.4969289111604697,0,Interleaved
238,38,0,0.6675451554793022,0.6045057175934685,0,Interleaved
239,39,0,0.36110274094741124,0.5079857377380599,0,Interleaved
240,40,0,0.8647633414788028,0.4497592863726402,0,Interleaved
241,41,0,0.6482259680166231,0.4754519666540734,0,Interleaved
242,42,0,0.8211040377817951,0.4408901653694941,0,Interleaved
243,43,0,0.6714544075832045,0.568759030628117,0,Interleaved
244,44,0,0.46647073936962147,0.48580532488941375,0,Interleaved
245,45,0,0.8864760185190776,0.5317146768654497,0,Interleaved
246,46,0,0.41936808742790843,0.5420331791657138,0,Interleaved
247,47,0,0.8618971150865472,0.45826418081535436,0,Interleaved
248,48,0,0.3834665363414706,0.5484614624125227,0,Interleaved
249,49,0,0.14500308179617888,0.4884349635791507,0,Interleaved
250,50,0,0.8208338387383757,0.7236407789482862,0,Interleaved
251,51,0,0.8570934436780506,0.48534793160661255,0,Interleaved
252,52,0,0.4873649629876933,0.6746277920863244,0,Interleaved
253,53,0,0.1578021426046297,0.7161965184655821,0,Interleaved
254,54,0,0.5192590410743776,0.7248305330730956,0,Interleaved
255,55,0,0.4974969735293538,0.5613711071926888,0,Interleaved
256,56,0,0.9417936460780523,0.44512977387535047,0,Interleaved
257,57,0,0.5327351611412241,0.46886510788151003,0,Interleaved
258,58,0,0.6990254000939056,0.4219148171448813,0,Interleaved
259,59,0,0.5597734359722247,0.5295860701468933,0,Interleaved
260,60,0,0.40640827793464096,0.7162342803350452,0,Interleaved
261,61,0,0.32660058843546397,0.6764452001554975,0,Interleaved
262,62,0,0.48740230573907317,0.5423374040168197,0,Interleaved
263,63,0,0.6496187394184825,0.5893669636014681,0,Interleaved
264,64,0,0.7875072261352509,0.5076123121289323,0,Interleaved
265,65,0,0.656704860581469,0.5154146151811307,0,Interleaved
266,66,0,0.333514721343142,0.46375001466126076,0,Interleaved
267,67,0,0.183429421433506,0.5450547312634726,0,Interleaved
268,68,0,0.37622737663893574,0.4821214152954734,0,Interleaved
269,69,0,0.49008018101186596,0.5084009891357983,0,Interleaved
270,70,0,0.49763552852798043,0.5875988003729825,0,Interleaved
271,71,0,0.8823675551043958,0.44354780262453763,0,Interleaved
272,72,0,0.39381088284939536,0.6796088155828499,0,Interleaved
273,73,0,0.3460532230029227,0.6076812582767026,0,Interleaved
274,74,0,0.4246659332959191,0.4851956968666733,0,Interleaved
275,75,0,0.9320910218270383,0.4801371303301529,0,Interleaved
276,76,0,0.43513384639313246,0.613553173426949,0,Interleaved
277,77,0,0.7263999381483557,0.3767697941110002,0,Interleaved
278,78,0,0.13867273627010926,0.5805588899691503,0,Interleaved
279,79,0,0.6361412491216731,0.3668223723819696,0,Interleaved
280,80,0,0.3790955122691449,0.5074194193406769,0,Interleaved
281,81,0,0.12201937354585302,0.6948976601439729,0,Interleaved
282,82,0,0.53559793332846,0.5423072109079825,0,Interleaved
283,83,0,0.9486999238872251,0.5016292449713277,0,Interleaved
284,84,0,0.5576924949101361,0.560594992980229,0,Interleaved
285,85,0,0.8691536692128673,0.4574052970506076,0,Interleaved
286,86,0,0.6747755751800517,0.3981938434622866,0,Interleaved
287,87,0,0.49585237258927234,0.4933932641150076,0,Interleaved
288,88,0,0.6992182709850113,0.5737280711509571,0,Interleaved
289,89,0,0.31866938125502137,0.42168849027841043,0,Interleaved
290,90,0,0.5005984632366618,0.4829126233360742,0,Interleaved
291,91,0,0.2959736935585001,0.48411568264883936,0,Interleaved
292,92,0,0.44644908507820985,0.6840560698024493,0,Interleaved
293,93,0,0.4970485625366697,0.5129675244818596,0,Interleaved
294,94,0,0.617285046842426,0.5597187544068154,0,Interleaved
295,95,0,0.4589496767119352,0.7192641881272259,0,Interleaved
296,96,0,0.5363580734841538,0.48193840308396096,0,Interleaved
297,97,0,0.7087440593812373,0.39919413131341774,0,Interleaved
298,98,0,0.7862904934773858,0.5681401608499264,0,Interleaved
299,99,0,0.5065502560596238,0.5913644792085706,0,Interleaved
300,100,0,0.7141775587745778,0.5091160007497286,0,Interleaved
301,101,0,0.5324994512901916,0.634524650162448,0,Interleaved
302,102,0,0.05247676596988897,0.6232733245226467,0,Interleaved
303,103,0,0.43338901809445424,0.6143179640303167,0,Interleaved
304,104,0,0.17318868150840377,0.41742416296353146,0,Interleaved
305,105,0,0.4608162881439644,0.5606495677633643,0,Interleaved
306,106,0,0.4508631909865913,0.4351122286040512,0,Interleaved
307,107,0,0.7836796134594166,0.4467423274701202,0,Interleaved
308,108,0,0.3142168443613784,0.6093072065074818,0,Interleaved
309,109,0,0.6695187512305842,0.4394931949649864,0,Interleaved
310,110,0,0.48352048383361435,0.6221163797106142,0,Interleaved
311,111,0,0.1531991817894133,0.5248904196840694,0,Interleaved
312,112,0,0.2694917360564616,0.572315480943417,0,Interleaved
313,113,0,0.8814734162665308,0.37646257315102044,0,Interleaved
314,114,0,0.4648333111711715,0.4252025987490481,0,Interleaved
315,115,0,0.7837647993405218,0.5997577345602849,0,Interleaved
316,116,0,0.2390041075784273,0.3613502441454739,0,Interleaved
317,117,0,0.9316561736191377,0.5443340495500715,0,Interleaved
318,118,0,0.49399988114501936,0.3380190686934744,0,Interleaved
319,119,0,0.06558444460023563,0.626658733909248,0,Interleaved
320,120,0,0.5333657072724376,0.4722061765194474,0,Interleaved
321,121,0,0.5624534523430149,0.46799530510266896,0,Interleaved
322,122,0,0.7863142442377306,0.6265016730523683,0,Interleaved
323,123,0,0.5638701676524909,0.49269301892010864,0,Interleaved
324,124,0,0.8599603515203086,0.4330040068848614,0,Interleaved
325,125,0,0.7436869245325031,0.4441448503129727,0,Interleaved
326,126,0,0.23761742367382227,0.4356490624960094,0,Interleaved
327,127,0,0.595817117010623,0.4033821078059462,0,Interleaved
328,128,0,0.340782984607892,0.46515767254252005,0,Interleaved
329,129,0,0.8991598652793269,0.38021991915623177,0,Interleaved
330,130,0,0.5159792076305748,0.4995846018981559,0,Interleaved
331,131,0,0.19032857600207215,0.551277432643434,0,Interleaved
332,132,0,0.8790917057660916,0.3365612085814077,0,Interleaved
333,133,0,0.5339161051268937,0.6755468499960982,0,Interleaved
334,134,0,0.11018541591239765,0.508745767999417,0,Interleaved
335,135,0,0.11716331419702969,0.416779406916148,0,Interleaved
336,136,0,0.5697237423393557,0.45069123963426333,0,Interleaved
337,137,0,0.31532111577320543,0.4691097557065047,0,Interleaved
338,138,0,0.3628869006656454,0.5369029295541957,0,Interleaved
339,139,0,0.45255394801107685,0.45928644336228086,0,Interleaved
340,140,0,0.9004276505157651,0.5384197921866927,0,Interleaved
341,141,0,0.4980228372991303,0.481749302146513,0,Interleaved
342,142,0,0.14196304626826386,0.4700248806609644,0,Interleaved
343,143,0,0.6801174102624242,0.47573626713735984,0,Interleaved
344,144,0,0.3886088188123962,0.6762410431428643,0,Interleaved
345,145,0,0.08260995705940655,0.5136232765537603,0,Interleaved
346,146,0,0.522206774409476,0.5401615435990649,0,Interleaved
347,147,0,0.9523403940815598,0.47537732239884123,0,Interleaved
348,148,0,0.7066700994543427,0.48532949635866174,0,Interleaved
349,149,0,0.7144657813740067,0.5336495959951224,0,Interleaved
350,150,0,0.3362434897666399,0.4557433966621157,0,Interleaved
351,151,0,0.6244705039935601,0.5520237529567361,0,Interleaved
352,152,0,0.4018370445905904,0.605258984469212,0,Interleaved
353,153,0,0.41100894371946106,0.3971446851221868,0,Interleaved
354,154,0,0.8102127893642235,0.5247304704636186,0,Interleaved
355,155,0,0.19079930911640958,0.5385927677985666,0,Interleaved
356,156,0,0.7397134079075733,0.4536376488053323,0,Interleaved
357,157,0,0.3081980541725266,0.7230571228325151,0,Interleaved
358,158,0,0.2516199250774264,0.4542708330315912,0,Interleaved
359,159,0,0.5067767759512918,0.5469435025783224,0,Interleaved
360,160,0,0.4943145618804609,0.46660906719794726,0,Interleaved
361,161,0,0.4733222854720958,0.45114279121071943,0,Interleaved
362,162,0,0.5614854537909328,0.7049176610865868,0,Interleaved
363,163,0,0.644722130923597,0.5813928845240486,0,Interleaved
364,164,0,0.514663607237367,0.5276720004920078,0,Interleaved
365,165,0,0.25394979813384744,0.6000616485239445,0,Interleaved
366,166,0,0.3958450078482102,0.46423379550635674,0,Interleaved
367,167,0,0.45446190072990045,0.4191581044933563,0,Interleaved
368,168,0,0.8204393799630703,0.5445858268163053,0,Interleaved
369,169,0,0.42798667378417443,0.4579693093604815,0,Interleaved
370,170,0,0.7010355172839671,0.49195221503256503,0,Interleaved
371,171,0,0.4623222297340185,0.521654096986881,0,Interleaved
372,172,0,0.30310208469933864,0.3738646156751124,0,Interleaved
373,173,0,0.7308590414263723,0.3434164698388009,0,Interleaved
374,174,0,0.4369263260527433,0.4551332262426336,0,Interleaved
375,175,0,0.5378194379094978,0.45663034013059933,0,Interleaved
376,176,0,0.4482828871636869,0.5159707809017247,0,Interleaved
377,177,0,0.8024736786762323,0.5224415720366333,0,Interleaved
378,178,0,0.4237186493118211,0.6052262620629796,0,Interleaved
379,179,0,0.6598553948101349,0.520939479107085,0,Interleaved
380,180,0,0.5988970239287535,0.6683744596841925,0,Interleaved
381,181,0,0.7027217437839535,0.7092278826774876,0,Interleaved
382,182,0,0.44613554700090785,0.5104944864996613,0,Interleaved
383,183,0,0.44156441624645393,0.5910458059626158,0,Interleaved
384,184,0,0.4987155489286207,0.5340258730675752,0,Interleaved
385,185,0,0.23171205140257978,0.6610008345670522,0,Interleaved
386,186,0,0.4450025643608678,0.4817035983559427,0,Interleaved
387,187,0,0.7141673689582826,0.3744428196073111,0,Interleaved
388,188,0,0.604121641903664,0.5103575562044124,0,Interleaved
389,189,0,0.5997916282401718,0.6045745529762263,0,Interleaved
390,190,0,0.742624764550222,0.42187225438360787,0,Interleaved
391,191,0,0.44064390045225704,0.3928710298473447,0,Interleaved
392,192,0,0.4663915790817057,0.47612265590338076,0,Interleaved
393,193,0,0.9350534649584672,0.3212070777450001,0,Interleaved
394,194,0,0.5446737205673501,0.5187671927912721,0,Interleaved
395,195,0,0.2567034045428062,0.2796185648356444,0,Interleaved
396,196,0,0.23792511334781558,0.7350606811448243,0,Interleaved
397,197,0,0.7294267555489153,0.5005793474240026,0,Interleaved
398,198,0,0.6584598993984704,0.4400425291646303,0,Interleaved
399,199,0,0.13339956166502998,0.5267361193866447,0,Interleaved
400,0,0,0.9865024417283961,0.8460027020448868,0,Instructed
401,1,0,0.5666527463455138,0.8170199279207788,0,Instructed
402,2,0,0.41018665796616066,0.6686638912044915,0,Instructed
403,3,0,0.513051646605757,0.5278992957017536,0,Instructed
404,4,0,0.9565697710197163,0.3508433874552228,0,Instructed
405,5,0,0.5547064230989334,0.26243967342080593,0,Instructed
406,6,0,0.29133273985506025,0.43507568715219785,0,Instructed
407,7,0,0.4380249136903058,0.4096348216182598,0,Instructed
408,8,0,0.22465583269244183,0.4829045524756268,0,Instructed
409,9,0,0.5168455936375929,0.5029847361086907,0,Instructed
410,10,0,0.7551458759230764,0.3764775054270164,0,Instructed
411,11,0,0.734312397874811,0.40220762952830236,0,Instructed
412,12,0,0.9237703089895859,0.4397792622238044,0,Instructed
413,13,0,0.44246559296619226,0.5702560709034497,0,Instructed
414,14,0,0.8883448207152613,0.436140803146678,0,Instructed
415,15,0,0.6175404028833378,0.6126087272626034,0,Instructed
416,16,0,0.1710254360926986,0.6268236316008458,0,Instructed
417,17,0,0.5532899700464868,0.5236368654288428,0,Instructed
418,18,0,0.9439158142539998,0.3941291006889054,0,Instructed
419,19,0,0.49429092552306986,0.36451257919266633,0,Instructed
420,20,0,0.771254169641248,0.4382642022460901,0,Instructed
421,21,0,0.5179430574945062,0.5326720427530319,0,Instructed
422,22,0,0.6725071409765109,0.4161289885868804,0,Instructed
423,23,0,0.40766809305845203,0.4609226206112941,0,Instructed
424,24,0,0.9336469158294953,0.34317594924263756,0,Instructed
425,25,0,0.5677610134709132,0.5659152359463979,0,Instructed
426,26,0,0.8171143621770924,0.5159881839528959,0,Instructed
427,27,0,0.6287272363173226,0.3942931544432779,0,Instructed
428,28,0,0.8714613805777548,0.4511046074089822,0,Instructed
429,29,0,0.47936663801966867,0.34572691880781686,0,Instructed
430,30,0,0.9905664927701134,0.30766424278894167,0,Instructed
431,31,0,0.5201397222808892,0.45592777919929084,0,Instructed
432,32,0,0.9744984187429084,0.42168436408087195,0,Instructed
433,33,0,0.2837790690893271,0.4486210044256637,0,Instructed
434,34,0,0.28760288440250364,0.3888157245454116,0,Instructed
435,35,0,0.44516266896308504,0.5428431726033496,0,Instructed
436,36,0,0.4897469804034037,0.40041374854143874,0,Instructed
437,37,0,0.5994123616128297,0.5468238514793609,0,Instructed
438,38,0,0.8003502484913159,0.37341523564074064,0,Instructed
439,39,0,0.44988153164945194,0.33766803126869616,0,Instructed
440,40,0,0.9070792582941221,0.3205967807047102,0,Instructed
441,41,0,0.4865771893390877,0.40244781852024075,0,Instructed
442,42,0,0.7862115698705869,0.45040167601021364,0,Instructed
443,43,0,0.434242742490082,0.3838168117663585,0,Instructed
444,44,0,0.7693956500854648,0.4766533523270203,0,Instructed
445,45,0,0.4344519174148382,0.42217056100578687,0,Instructed
446,46,0,0.7172906754483098,0.4155088009885661,0,Instructed
447,47,0,0.37751409985240636,0.38424521462486205,0,Instructed
448,48,0,0.22949345764592963,0.41394235877133,0,Instructed
449,49,0,0.44611914922374785,0.4192472276259416,0,Instructed
450,50,0,0.7792956429955767,0.34280834580604724,0,Instructed
451,51,0,0.37504559108695823,0.5314447471916951,0,Instructed
452,52,0,0.6827546495023539,0.58351078971666,0,Instructed
453,53,0,0.4737612427933031,0.4982029541726688,0,Instructed
454,54,0,0.7624466624794087,0.2799637297575214,0,Instructed
455,55,0,0.40846362083880117,0.29831655150244113,0,Instructed
456,56,0,0.4027673340020835,0.43095569504530756,0,Instructed
457,57,0,0.2867565985547675,0.4658792748922105,0,Instructed
458,58,0,0.5890881408222775,0.37926610790115683,0,Instructed
459,59,0,0.4401872743085865,0.3258442740070676,0,Instructed
460,60,0,0.8099267496994591,0.3901998545160273,0,Instructed
461,61,0,0.5502316645310703,0.5083262536960634,0,Instructed
462,62,0,0.0725318223489248,0.33592474514298915,0,Instructed
463,63,0,0.4007473608256964,0.510208265149287,0,Instructed
464,64,0,0.6746397245161021,0.41556690801634555,0,Instructed
465,65,0,0.44373906921032014,0.5824109388167222,0,Instructed
466,66,0,0.006544595597195498,0.725921919612075,0,Instructed
467,67,0,0.1708444412845579,0.6286701024433613,0,Instructed
468,68,0,0.4456888489269678,0.5165104915400809,0,Instructed
469,69,0,0.5552479173231196,0.5298760902587258,0,Instructed
470,70,0,0.34961355994007576,0.37605506754012114,0,Instructed
471,71,0,0.6172993867450556,0.4489117773580728,0,Instructed
472,72,0,0.9422859057278654,0.3616545386241571,0,Instructed
473,73,0,0.49318527157013786,0.46646189582410363,0,Instructed
474,74,0,0.6983075506460035,0.47968857391489805,0,Instructed
475,75,0,0.35416372693847437,0.5616187852513241,0,Instructed
476,76,0,0.7151787466213149,0.33132458833668055,0,Instructed
477,77,0,0.49046558149062996,0.46047539993555464,0,Instructed
478,78,0,0.6395089360584563,0.5310116307569308,0,Instructed
479,79,0,0.5944813320973442,0.40743394664997945,0,Instructed
480,80,0,0.2143273110621654,0.341257376313207,0,Instructed
481,81,0,0.12456258927403435,0.5118203147888736,0,Instructed
482,82,0,0.4176163855393646,0.44753729778595797,0,Instructed
483,83,0,0.5674683446751236,0.39201461097843227,0,Instructed
484,84,0,0.08791859294684178,0.5856666918088922,0,Instructed
485,85,0,0.5495712204495394,0.4046807095133861,0,Instructed
486,86,0,0.6234390446331679,0.3488037115350072,0,Instructed
487,87,0,0.2929756508120811,0.6675714288974766,0,Instructed
488,88,0,0.07374770978202369,0.43765558318678843,0,Instructed
489,89,0,0.37348323254630555,0.5777189378894576,0,Instructed
490,90,0,0.5067273162198203,0.4013478761425894,0,Instructed
491,91,0,0.5066498416113742,0.45955119107604303,0,Instructed
492,92,0,0.8784010095735582,0.3588371210703737,0,Instructed
493,93,0,0.45873112430482216,0.44933945255115826,0,Instructed
494,94,0,0.9026511352972592,0.3319661055285885,0,Instructed
495,95,0,0.4565186310114303,0.4561754916700054,0,Instructed
496,96,0,0.5898457680843039,0.4594974238793841,0,Instructed
497,97,0,0.407263889996036,0.3618531261262042,0,Instructed
498,98,0,0.3656670493650714,0.48132565912124786,0,Instructed
499,99,0,0.4803588686463668,0.2886570184056633,0,Instructed
500,100,0,0.08356854038722256,0.5207968281200319,0,Instructed
501,101,0,0.2952067969426916,0.45929139653720497,0,Instructed
502,102,0,0.5581059450282329,0.457688801954823,0,Instructed
503,103,0,0.30396433201035283,0.4498368623189908,0,Instructed
504,104,0,0.46749375719234515,0.5156107937770344,0,Instructed
505,105,0,0.32580856654774437,0.5578444267746183,0,Instructed
506,106,0,0.4111176684439366,0.45946362987857586,0,Instructed
507,107,0,0.4017802727195644,0.38049992566002777,0,Instructed
508,108,0,0.6691169205284271,0.3864248732186729,0,Instructed
509,109,0,0.34346321858216766,0.49999351137756587,0,Instructed
510,110,0,0.8177701623005881,0.2905690032934655,0,Instructed
511,111,0,0.4907387971944838,0.40923967928876737,0,Instructed
512,112,0,0.1962571285712577,0.39039112840192175,0,Instructed
513,113,0,0.3875843971013727,0.6118018042147912,0,Instructed
514,114,0,0.24837281582505535,0.4242405976132974,0,Instructed
515,115,0,0.5072049502370448,0.4718004334695872,0,Instructed
516,116,0,0.07378418495176979,0.49601186401257,0,Instructed
517,117,0,0.5110710143236428,0.3822222944597513,0,Instructed
518,118,0,0.46029740924189955,0.35071608628200945,0,Instructed
519,119,0,0.6012188013661368,0.400371183741177,0,Instructed
520,120,0,0.7916816869264872,0.4922807595420768,0,Instructed
521,121,0,0.40787969451143385,0.36009737662161073,0,Instructed
522,122,0,0.5105982458361349,0.5376914987002808,0,Instructed
523,123,0,0.4957490297342695,0.3109728757678512,0,Instructed
524,124,0,0.10159260689643364,0.4366791648541653,0,Instructed
525,125,0,0.5798716445205375,0.30905491058239065,0,Instructed
526,126,0,0.6418608599238785,0.3320645558354685,0,Instructed
527,127,0,0.5628181189617979,0.36838315691299384,0,Instructed
528,128,0,0.2137960872495034,0.42325919580767557,0,Instructed
529,129,0,0.45866062392262474,0.4066175675612732,0,Instructed
530,130,0,0.7140746063735162,0.43774410641477546,0,Instructed
531,131,0,0.5345743858012452,0.46850971834494404,0,Instructed
532,132,0,0.20999956678801834,0.34650456249482325,0,Instructed
533,133,0,0.21612683606533428,0.47113486901252505,0,Instructed
534,134,0,0.3803912006913601,0.3992676425309263,0,Instructed
535,135,0,0.4595740217360007,0.39918933031199244,0,Instructed
536,136,0,0.8575365806475201,0.46131454819514806,0,Instructed
537,137,0,0.5089376915099701,0.4813649475295281,0,Instructed
538,138,0,0.09033715560327421,0.4475436830183154,0,Instructed
539,139,0,0.4720774623384754,0.4851276554052757,0,Instructed
540,140,0,0.5594848502796512,0.3585577489957572,0,Instructed
541,141,0,0.5597677684578287,0.3212335256185639,0,Instructed
542,142,0,0.9615571968035093,0.3878664940800954,0,Instructed
543,143,0,0.48015096290130765,0.49390776859384666,0,Instructed
544,144,0,0.1849648515955082,0.3156432532128912,0,Instructed
545,145,0,0.6128642434640292,0.5033284472920759,0,Instructed
546,146,0,0.10958342317856967,0.5135430945790381,0,Instructed
547,147,0,0.46442311172701617,0.3854004648183682,0,Instructed
548,148,0,0.35622537511054997,0.4630769816606852,0,Instructed
549,149,0,0.49722101152795944,0.417668902056718,0,Instructed
550,150,0,0.5703325212840622,0.29624917390842964,0,Instructed
551,151,0,0.6167087985825271,0.5297900448579907,0,Instructed
552,152,0,0.08441394581244789,0.5385898926886596,0,Instructed
553,153,0,0.41367299317966194,0.32921147459578304,0,Instructed
554,154,0,0.5468341643976198,0.38993498712632907,0,Instructed
555,155,0,0.48542681722857584,0.41463723909069317,0,Instructed
556,156,0,0.5224444807730189,0.4519550627497334,0,Instructed
557,157,0,0.6364278465655273,0.43583405326669156,0,Instructed
558,158,0,0.4767901848937255,0.38186892012963125,0,Instructed
559,159,0,0.6054727560311357,0.2860477872886902,0,Instructed
560,160,0,0.2753761907076262,0.48040230412863616,0,Instructed
561,161,0,0.4931138088404547,0.3763838071376771,0,Instructed
562,162,0,0.5664998264497364,0.46291639381683014,0,Instructed
563,163,0,0.46739987031547453,0.45821852351278997,0,Instructed
564,164,0,0.1845020667133364,0.3329151334827157,0,Instructed
565,165,0,0.5126098701760151,0.4521964640402995,0,Instructed
566,166,0,0.869678105797766,0.39235137640683365,0,Instructed
567,167,0,0.5031634354264672,0.3560027878793284,0,Instructed
568,168,0,0.5042835152024907,0.3532564777713896,0,Instructed
569,169,0,0.2156159943817463,0.4844567507893317,0,Instructed
570,170,0,0.44025901737378703,0.4352069576354122,0,Instructed
571,171,0,0.21370719337021682,0.41500263445615904,0,Instructed
572,172,0,0.5568866600106132,0.36006085354335526,0,Instructed
573,173,0,0.5764323802589799,0.674127031544411,0,Instructed
574,174,0,0.5105075239648268,0.6302482938069873,0,Instructed
575,175,0,0.5004591380190831,0.5117510904913004,0,Instructed
576,176,0,0.18666786814211753,0.7880200003116599,0,Instructed
577,177,0,0.8027472703841902,0.3161049971768455,0,Instructed
578,178,0,0.7002685260287035,0.4041748527465512,0,Instructed
579,179,0,0.3259092767239191,0.38866228501772593,0,Instructed
580,180,0,0.472742107378231,0.5184293746790332,0,Instructed
581,181,0,0.5446129526611181,0.4076403909143308,0,Instructed
582,182,0,0.5725106648578321,0.3285749773204687,0,Instructed
583,183,0,0.36724050740957626,0.41748283546436515,0,Instructed
584,184,0,0.3502720913946671,0.5565188081425598,0,Instructed
585,185,0,0.46963353135865377,0.33411243636588067,0,Instructed
586,186,0,0.9767224022042141,0.6505852605673119,0,Instructed
587,187,0,0.18553721694693345,0.41297687674005606,0,Instructed
588,188,0,0.41267645238547634,0.4246422181765216,0,Instructed
589,189,0,0.8545341366740504,0.46051394925012074,0,Instructed
590,190,0,0.5247450938941485,0.45165699692976036,0,Instructed
591,191,0,0.28639971827649874,0.3121035018376247,0,Instructed
592,192,0,0.6014841187876703,0.4570722274229896,0,Instructed
593,193,0,0.9129629019345682,0.48293727307691936,0,Instructed
594,194,0,0.5044799884369653,0.38534196869791304,0,Instructed
595,195,0,0.5188691958580347,0.3150231812249475,0,Instructed
596,196,0,0.5123223348751822,0.46392451190234923,0,Instructed
597,197,0,0.4243037940009504,0.4437194826416524,0,Instructed
598,198,0,0.5853184635913725,0.45997129900282874,0,Instructed
599,199,0,0.5494903640612614,0.46442140693424494,0,Instructed
600,0,0,0.7343605469904165,0.8704377119427826,1,Blocked
601,1,0,0.17087070407445587,0.9550426222515764,1,Blocked
602,2,0,0.03283738829880388,1.160677472810475,1,Blocked
603,3,0,0.4926826845352168,0.6166020018802505,1,Blocked
604,4,0,0.6974078313028638,0.8079656487637517,1,Blocked
605,5,0,0.9912733972192049,0.6540097158499045,1,Blocked
606,6,0,0.9298931428841939,0.5018429504764006,1,Blocked
607,7,0,0.763611131825989,0.4408518392648497,1,Blocked
608,8,0,0.3094776192011819,0.6085980114000018,1,Blocked
609,9,0,0.36585913839873263,0.44202085221263265,1,Blocked
610,10,0,0.5029888202470449,0.6123461590168786,1,Blocked
611,11,0,0.49456145510117866,0.6966320505303778,1,Blocked
612,12,0,0.5242093176083431,0.655504794593825,1,Blocked
613,13,0,0.4762104814774082,0.8265166854949166,1,Blocked
614,14,0,0.5025822764548193,0.5351821162592145,1,Blocked
615,15,0,0.6987884529675483,0.44760942154136774,1,Blocked
616,16,0,0.09250914870796649,0.5493112656854237,1,Blocked
617,17,0,0.9592510561027645,0.4003480310858667,1,Blocked
618,18,0,0.8531901133902945,0.571948619684014,1,Blocked
619,19,0,0.8544149862097825,0.5659976264839391,1,Blocked
620,20,0,0.2873349561967185,0.6479974043058963,1,Blocked
621,21,0,0.47464721966164153,0.5592314060294783,1,Blocked
622,22,0,0.7778379350874924,0.4116580244247315,1,Blocked
623,23,0,0.927950829386823,0.39412729659165485,1,Blocked
624,24,0,0.09818373847816593,0.5951169345369094,1,Blocked
625,25,0,0.9764105425294085,0.5008961423672607,1,Blocked
626,26,0,0.895398188712473,0.43898751600755587,1,Blocked
627,27,0,0.3571044979124411,0.4056638904782567,1,Blocked
628,28,0,0.8806074311793504,0.48737033348391023,1,Blocked
629,29,0,0.5629704915725113,0.6269123340718048,1,Blocked
630,30,0,0.5531863355533214,0.4257480361350577,1,Blocked
631,31,0,0.8569763432688854,0.2915913768493562,1,Blocked
632,32,0,0.35474041991392136,0.38110020418507684,1,Blocked
633,33,0,0.9098971974367632,0.4794207706010197,1,Blocked
634,34,0,0.5033070434761736,1.0263900154177472,1,Blocked
635,35,0,0.49917216275695353,0.6111223182955798,1,Blocked
636,36,0,0.47333959397052383,0.5890414165408518,1,Blocked
637,37,0,0.4884592848663283,0.540018354586425,1,Blocked
638,38,0,0.5578989071260856,0.5178833484003392,1,Blocked
639,39,0,0.7846902475990407,0.5669639682174651,1,Blocked
640,40,0,0.2768176027211625,0.48554599165369755,1,Blocked
641,41,0,0.22009388838480531,0.4177900055198156,1,Blocked
642,42,0,0.6015261597223205,0.5002760036043526,1,Blocked
643,43,0,0.22217608344973291,0.513136275304952,1,Blocked
644,44,0,0.31551387234479866,0.5179555188139728,1,Blocked
645,45,0,0.4891917411522639,0.4672090433747865,1,Blocked
646,46,0,0.46001338296097594,0.5759133004862276,1,Blocked
647,47,0,0.4607170321914937,0.4638614615405505,1,Blocked
648,48,0,0.5151503222917457,0.5100836938873894,1,Blocked
649,49,0,0.6171369165548739,0.6311910205881951,1,Blocked
650,50,0,0.8521100538209059,0.39406158403984937,1,Blocked
651,51,0,0.023928528120596808,0.5260002878984409,1,Blocked
652,52,0,0.005871993645903211,0.8565861131431873,1,Blocked
653,53,0,0.022436843582885557,0.7497564358378597,1,Blocked
654,54,0,0.5999199007185919,0.5175787587676537,1,Blocked
655,55,0,0.14613552339634087,0.5217901469141342,1,Blocked
656,56,0,0.8429352966601802,0.46485009032749447,1,Blocked
657,57,0,0.306501044338451,0.6560348905292142,1,Blocked
658,58,0,0.7330532302422597,0.3786959853264294,1,Blocked
659,59,0,0.11254160204969199,0.5059040232465375,1,Blocked
660,60,0,0.8783238409183268,0.4499388061647464,1,Blocked
661,61,0,0.13966538905634943,0.7433509895671426,1,Blocked
662,62,0,0.7759736763752818,0.37683776057504204,1,Blocked
663,63,0,0.6984160740642111,0.3909244607658383,1,Blocked
664,64,0,0.5439120143020209,0.4972839012990637,1,Blocked
665,65,0,0.597632849652676,0.5495464815139888,1,Blocked
666,66,0,0.72861294752896,0.42582347220891537,1,Blocked
667,67,0,0.2357131131452139,0.7007452124431557,1,Blocked
668,68,0,0.44058998093401736,0.533207500162803,1,Blocked
669,69,0,0.828740435434236,0.41932698365706744,1,Blocked
670,70,0,0.9508123977969241,0.6099393389587546,1,Blocked
671,71,0,0.9590218556345622,0.3326116686236238,1,Blocked
672,72,0,0.9327482175452838,0.5492338110229387,1,Blocked
673,73,0,0.1867300354728586,0.47092226323597175,1,Blocked
674,74,0,0.9380033192922868,0.43947889076009716,1,Blocked
675,75,0,0.8633271654410563,0.4214977528856407,1,Blocked
676,76,0,0.7261995477827908,0.5323225836715415,1,Blocked
677,77,0,0.7506001174886077,0.31338259861267315,1,Blocked
678,78,0,0.7076633742279259,0.5582132730001812,1,Blocked
679,79,0,0.44648018383658483,0.6030940212506313,1,Blocked
680,80,0,0.45537436923442925,0.4094683097800002,1,Blocked
681,81,0,0.5130283245197658,0.5750247308171592,1,Blocked
682,82,0,0.24354235695412313,0.6233934976231791,1,Blocked
683,83,0,0.5620914312930916,0.43654879861291973,1,Blocked
684,84,0,0.6887146579261272,0.42389375401817264,1,Blocked
685,85,0,0.318969279578218,0.5643109975382735,1,Blocked
686,86,0,0.5934158442480492,0.5966112754771151,1,Blocked
687,87,0,0.5114980534391474,0.5053680977168493,1,Blocked
688,88,0,0.6811949969254283,0.4342454142733173,1,Blocked
689,89,0,0.20463523063703032,0.5498031569950933,1,Blocked
690,90,0,0.8492786914665706,0.8524206268941784,1,Blocked
691,91,0,0.3617374863369398,0.5015968336415954,1,Blocked
692,92,0,0.42705745427915076,0.6336864272641907,1,Blocked
693,93,0,0.9568289922022319,0.5142973344041251,1,Blocked
694,94,0,0.391324638688388,0.46713826424322186,1,Blocked
695,95,0,0.44050770095643854,0.5070460398909357,1,Blocked
696,96,0,0.5850468519764357,0.5608570778960064,1,Blocked
697,97,0,0.36235394009796223,0.6034328841662484,1,Blocked
698,98,0,0.8275131699513503,0.5887550829970976,1,Blocked
699,99,0,0.32018558719824874,0.644884362990368,1,Blocked
700,100,0,0.6432863731708621,0.4429726118073195,1,Blocked
701,101,0,0.7454188452574404,0.44076600962640067,1,Blocked
702,102,0,0.5089753968269382,0.511983579918388,1,Blocked
703,103,0,0.6476890665831204,0.4102097366857595,1,Blocked
704,104,0,0.864890209910961,0.6329847724662414,1,Blocked
705,105,0,0.2626041182880059,0.5769450096789122,1,Blocked
706,106,0,0.280259503155552,0.4430801435918874,1,Blocked
707,107,0,0.920621357654055,0.3546198587992179,1,Blocked
708,108,0,0.38129524145023974,0.3799377772929208,1,Blocked
709,109,0,0.7283728289886682,0.3620752198014729,1,Blocked
710,110,0,0.48226264569700855,0.6058696220464207,1,Blocked
711,111,0,0.44489098248706915,0.582320374978787,1,Blocked
712,112,0,0.6514085328297317,0.6358785266222445,1,Blocked
713,113,0,0.8599998774363704,0.4047647953013367,1,Blocked
714,114,0,0.31553959126234,0.433858273066551,1,Blocked
715,115,0,0.4753356831987742,0.47413572109113655,1,Blocked
716,116,0,0.5510872233865346,0.6094325449569642,1,Blocked
717,117,0,0.8585869264569976,0.5448209580066548,1,Blocked
718,118,0,0.9949284837454928,0.47256103436766417,1,Blocked
719,119,0,0.9959632862057468,0.4309658603221723,1,Blocked
720,120,0,0.4698734620108528,1.0178087292636895,1,Blocked
721,121,0,0.032652629062739205,0.7907475570668985,1,Blocked
722,122,0,0.013324812930382048,0.7322937310863269,1,Blocked
723,123,0,0.6959821563339601,0.4807891019367474,1,Blocked
724,124,0,0.4432514968591349,0.5033681576898993,1,Blocked
725,125,0,0.4059589848169367,0.3779762925127492,1,Blocked
726,126,0,0.33331320425176836,0.5855266242976028,1,Blocked
727,127,0,0.35670848577953645,0.448975850069673,1,Blocked
728,128,0,0.17903885449222004,0.4761292015510415,1,Blocked
729,129,0,0.8701922814300267,0.5555550999492773,1,Blocked
730,130,0,0.9072259513599004,0.49876659496505515,1,Blocked
731,131,0,0.11157337006847769,0.5223994934494902,1,Blocked
732,132,0,0.23883270990892094,0.46515827391765446,1,Blocked
733,133,0,0.4723596359380887,0.5580559970873169,1,Blocked
734,134,0,0.5528915073051472,0.6410507583890356,1,Blocked
735,135,0,0.5494121833610612,0.5186939666538417,1,Blocked
736,136,0,0.479655242924711,0.5166328106948019,1,Blocked
737,137,0,0.5758365862477466,0.5555762902678474,1,Blocked
738,138,0,0.5104118377274096,0.5245206074277797,1,Blocked
739,139,0,0.40508471573747973,0.547447652572606,1,Blocked
740,140,0,0.6936332829871793,0.41747989314431716,1,Blocked
741,141,0,0.4091455506004082,0.5513689672647366,1,Blocked
742,142,0,0.48404660216804996,0.5050887659395218,1,Blocked
743,143,0,0.6040931905524026,0.46440524937579253,1,Blocked
744,144,0,0.39885294501817237,0.5069767151831329,1,Blocked
745,145,0,0.667295105345574,0.4987520639125327,1,Blocked
746,146,0,0.48676147640452755,0.5944809891078231,1,Blocked
747,147,0,0.653849343831489,0.5666753653730628,1,Blocked
748,148,0,0.7410028325797862,0.6274110859353511,1,Blocked
749,149,0,0.5825202969473875,0.520547635769808,1,Blocked
750,150,0,0.36815907244034973,0.4244936116090483,1,Blocked
751,151,0,0.30348323511162817,0.45931348438096603,1,Blocked
752,152,0,0.5338653047088812,0.36728276460979803,1,Blocked
753,153,0,0.4763453587618139,0.4979421985359102,1,Blocked
754,154,0,0.4434928066356163,0.5323529414450564,1,Blocked
755,155,0,0.654177084769935,0.36863365179050533,1,Blocked
756,156,0,0.8318120407861911,0.5121834555610961,1,Blocked
757,157,0,0.9147815029014527,0.38129663386937596,1,Blocked
758,158,0,0.5657393726354197,0.5023302389373794,1,Blocked
759,159,0,0.7270228064622837,0.3529726111257376,1,Blocked
760,160,0,0.9540192752976357,0.5223917069714926,1,Blocked
761,161,0,0.836916402538642,0.4556755293798655,1,Blocked
762,162,0,0.3038041333085716,0.5785512484833679,1,Blocked
763,163,0,0.2755804134137197,0.6698757513858355,1,Blocked
764,164,0,0.7569420310335586,0.4548876921163411,1,Blocked
765,165,0,0.7314302217894463,0.516231485901401,1,Blocked
766,166,0,0.4826893307287366,0.46709811840930404,1,Blocked
767,167,0,0.48111760111173835,0.4143843368622711,1,Blocked
768,168,0,0.6947546455043299,0.6579266393021693,1,Blocked
769,169,0,0.8582042867427606,0.4064042898639747,1,Blocked
770,170,0,0.43145539857155063,0.4540084984447982,1,Blocked
771,171,0,0.5182179788042485,0.44160619847951044,1,Blocked
772,172,0,0.563754381484564,0.629169893194667,1,Blocked
773,173,0,0.7065392244352864,0.47733645048469053,1,Blocked
774,174,0,0.5688288243099202,0.5546442984474032,1,Blocked
775,175,0,0.7498062221379629,0.5629142038742136,1,Blocked
776,176,0,0.5897452371644105,0.48444342217963865,1,Blocked
777,177,0,0.23442175444418928,0.552787501056919,1,Blocked
778,178,0,0.19235797500032054,0.48625921541548744,1,Blocked
779,179,0,0.7975064244816048,0.5638911156532544,1,Blocked
780,180,0,0.6090056609403371,0.539829985688809,1,Blocked
781,181,0,0.30646908295143127,0.5154490981917463,1,Blocked
782,182,0,0.7167820799357223,0.497936723002676,1,Blocked
783,183,0,0.6905794838491984,0.3399013332257592,1,Blocked
784,184,0,0.8111986492619635,0.4086276893149413,1,Blocked
785,185,0,0.25870937029275737,0.4205182775123161,1,Blocked
786,186,0,0.6611789504517098,0.531161485349985,1,Blocked
787,187,0,0.6379049064551431,0.3774697486404769,1,Blocked
788,188,0,0.6104264501190025,0.5403821711117951,1,Blocked
789,189,0,0.7248422508349749,0.4530678724649002,1,Blocked
790,190,0,0.6490584877895247,0.6084973124609581,1,Blocked
791,191,0,0.17087991124422552,0.5989466569479388,1,Blocked
792,192,0,0.48553090841330143,0.44684693929983915,1,Blocked
793,193,0,0.6145286481309504,0.49338556323994515,1,Blocked
794,194,0,0.5244481785745745,0.3535202204330655,1,Blocked
795,195,0,0.27024025337876545,0.6781192111205827,1,Blocked
796,196,0,0.6692156547504851,0.43867035253024117,1,Blocked
797,197,0,0.6820683231846765,0.5580389262418535,1,Blocked
798,198,0,0.30967201163121194,0.5237194124902063,1,Blocked
799,199,0,0.45208999818881335,0.530943131621185,1,Blocked
800,0,0,0.38967905836643946,0.9133749932114852,1,Interleaved
801,1,0,0.4721751712599388,0.6474692687748401,1,Interleaved
802,2,0,0.06902060953418951,0.767135458472755,1,Interleaved
803,3,0,0.9316666611502095,0.6191561675301649,1,Interleaved
804,4,0,0.8687999339282718,0.4705033230901998,1,Interleaved
805,5,0,0.49720661974866337,0.584816046863172,1,Interleaved
806,6,0,0.8677358296432407,0.5459861145714029,1,Interleaved
807,7,0,0.03490318445374615,0.6591304328886185,1,Interleaved
808,8,0,0.47016713281392525,0.7855196874082379,1,Interleaved
809,9,0,0.569074444691146,0.7794545412082377,1,Interleaved
810,10,0,0.538247898389735,0.6118499597952041,1,Interleaved
811,11,0,0.5474960100095755,0.4929670233262694,1,Interleaved
812,12,0,0.0517419666619511,0.5379065951240327,1,Interleaved
813,13,0,0.558366920221685,0.6628426292426798,1,Interleaved
814,14,0,0.5866562289585845,0.5985443211230747,1,Interleaved
815,15,0,0.6482181984189304,0.5258136952496872,1,Interleaved
816,16,0,0.12322161730135772,0.7226352247525212,1,Interleaved
817,17,0,0.3521181293284078,0.6632627003796046,1,Interleaved
818,18,0,0.4605164508904985,0.604663404129176,1,Interleaved
819,19,0,0.37662560215415225,0.34161246213964047,1,Interleaved
820,20,0,0.514492165227957,0.6471144202228944,1,Interleaved
821,21,0,0.7666092577101213,0.4596448997897218,1,Interleaved
822,22,0,0.5008140802293196,0.4525071789543774,1,Interleaved
823,23,0,0.14187907238329503,0.8020336925308892,1,Interleaved
824,24,0,0.9494773599598063,0.6722129245258492,1,Interleaved
825,25,0,0.38772827731604204,0.5983312309645631,1,Interleaved
826,26,0,0.04877305292061758,0.5300574147485285,1,Interleaved
827,27,0,0.4892787075272502,0.5548213163574605,1,Interleaved
828,28,0,0.4831056974590903,0.6938384362727872,1,Interleaved
829,29,0,0.4164662287751394,0.5314739742528166,1,Interleaved
830,30,0,0.474084261245026,0.4557988314872182,1,Interleaved
831,31,0,0.2556987905808815,0.6247034628280259,1,Interleaved
832,32,0,0.1463545405193222,0.5744310383758864,1,Interleaved
833,33,0,0.49887146193086573,0.6076980746257361,1,Interleaved
834,34,0,0.22987763381908935,0.6155798739366067,1,Interleaved
835,35,0,0.5966533044017047,0.46345224116719164,1,Interleaved
836,36,0,0.1584425173448639,0.4557801853896883,1,Interleaved
837,37,0,0.6015788419073335,0.3466510268742213,1,Interleaved
838,38,0,0.276111162998261,0.6202948321738209,1,Interleaved
839,39,0,0.84747694054562,0.4630535065877299,1,Interleaved
840,40,0,0.19054483989258153,0.7878986075496914,1,Interleaved
841,41,0,0.38890282385829505,0.5062026920540205,1,Interleaved
842,42,0,0.28860361905130977,0.395560167958445,1,Interleaved
843,43,0,0.5515313857644958,0.4673168802741063,1,Interleaved
844,44,0,0.6862084465405874,0.4453361787943475,1,Interleaved
845,45,0,0.5577183231357538,0.4054762046547599,1,Interleaved
846,46,0,0.35502767549960884,0.62254895100076,1,Interleaved
847,47,0,0.6209939996083746,0.5378189984847055,1,Interleaved
848,48,0,0.7311035375294332,0.45702130413671377,1,Interleaved
849,49,0,0.5713904026425443,0.6235961326406554,1,Interleaved
850,50,0,0.8242476529522486,0.6011883570690961,1,Interleaved
851,51,0,0.12227454539107327,0.4452222047887524,1,Interleaved
852,52,0,0.4609207914576751,0.6209008043654934,1,Interleaved
853,53,0,0.7553710807126311,0.5163663936414585,1,Interleaved
854,54,0,0.11917431469285852,0.7519138305997939,1,Interleaved
855,55,0,0.47715445242045673,0.7491567067469848,1,Interleaved
856,56,0,0.6946033774815391,0.719765259466945,1,Interleaved
857,57,0,0.3124191289861301,0.696498424297187,1,Interleaved
858,58,0,0.1554455566774656,0.6813329028391686,1,Interleaved
859,59,0,0.13484568117575316,0.6336139720380395,1,Interleaved
860,60,0,0.7116347620788356,0.5277772370914953,1,Interleaved
861,61,0,0.5321166972377588,0.6604312790353911,1,Interleaved
862,62,0,0.8976787825595053,0.47368556985837973,1,Interleaved
863,63,0,0.6379577757013112,0.6586169013737457,1,Interleaved
864,64,0,0.5187581954200887,0.5633096809660687,1,Interleaved
865,65,0,0.15106839358650015,0.6566961400505635,1,Interleaved
866,66,0,0.2816233387003896,0.5756944698191924,1,Interleaved
867,67,0,0.5134241704818125,0.5661942998244591,1,Interleaved
868,68,0,0.4148247806161371,0.4847822726972935,1,Interleaved
869,69,0,0.3209412782882586,0.478570770883161,1,Interleaved
870,70,0,0.8674286281327994,0.40741568640456494,1,Interleaved
871,71,0,0.37161359554934953,0.442099204296868,1,Interleaved
872,72,0,0.11842320060696296,0.520132707068842,1,Interleaved
873,73,0,0.49561903890391545,0.5317498812805188,1,Interleaved
874,74,0,0.6485182456598582,0.5527086416925698,1,Interleaved
875,75,0,0.44014563783574095,0.40282814238244824,1,Interleaved
876,76,0,0.7227596027846127,0.41628559019993916,1,Interleaved
877,77,0,0.30604285589782954,0.5683762829301044,1,Interleaved
878,78,0,0.8330894885738656,0.40357129607473724,1,Interleaved
879,79,0,0.5113002445789296,0.5146318092159594,1,Interleaved
880,80,0,0.4080086467266627,0.5751275251365895,1,Interleaved
881,81,0,0.47974038867005653,0.5331702106489644,1,Interleaved
882,82,0,0.7194939598564039,0.4404718249899353,1,Interleaved
883,83,0,0.5083312396592371,0.42773392482966915,1,Interleaved
884,84,0,0.8349052198730735,0.406516691901323,1,Interleaved
885,85,0,0.585291387018193,0.5398309741617602,1,Interleaved
886,86,0,0.18331838051785176,0.5863532773412207,1,Interleaved
887,87,0,0.49557216545037597,0.6228140590567628,1,Interleaved
888,88,0,0.23388372451848424,0.46402160953001564,1,Interleaved
889,89,0,0.7004979597336127,0.4355753820762323,1,Interleaved
890,90,0,0.402069842795189,0.40566893472183796,1,Interleaved
891,91,0,0.49874049656074654,0.45179392829243215,1,Interleaved
892,92,0,0.2684727252833619,0.5493335723114433,1,Interleaved
893,93,0,0.511013194859052,0.4494920912922928,1,Interleaved
894,94,0,0.4622954021741539,0.5015908063056252,1,Interleaved
895,95,0,0.5510099464193123,0.4740996573507609,1,Interleaved
896,96,0,0.3095361862387559,0.4825913592395848,1,Interleaved
897,97,0,0.39941068223642756,0.5434358330497879,1,Interleaved
898,98,0,0.5106995036999253,0.44301930434425746,1,Interleaved
899,99,0,0.6459283894118211,0.5565298823934,1,Interleaved
900,100,0,0.5127768980564882,0.597224438994564,1,Interleaved
901,101,0,0.6235559985891204,0.4735427715085406,1,Interleaved
902,102,0,0.22247418765027485,0.5143303426958837,1,Interleaved
903,103,0,0.6358222416933716,0.41980324522342216,1,Interleaved
904,104,0,0.6956025886563381,0.46426222411378976,1,Interleaved
905,105,0,0.5323009290823673,0.47166819824917594,1,Interleaved
906,106,0,0.5891486262369087,0.400365038812054,1,Interleaved
907,107,0,0.43373868300239077,0.5614084972684341,1,Interleaved
908,108,0,0.4613123266794339,0.45529411708487444,1,Interleaved
909,109,0,0.7960206024928659,0.5683586791593778,1,Interleaved
910,110,0,0.44095036109488905,0.5169511010468741,1,Interleaved
911,111,0,0.6011929825117672,0.4481210499837097,1,Interleaved
912,112,0,0.8584602439123932,0.5616277539169356,1,Interleaved
913,113,0,0.5786381684986945,0.4656456412259941,1,Interleaved
914,114,0,0.9278284318421908,0.4437175096627919,1,Interleaved
915,115,0,0.7095352858411609,0.48457948530471584,1,Interleaved
916,116,0,0.7243598134020528,0.49189876077956973,1,Interleaved
917,117,0,0.15065098785516992,0.4245415193026677,1,Interleaved
918,118,0,0.41227062778937557,0.6591037382427702,1,Interleaved
919,119,0,0.8225430932208938,0.4709512295183311,1,Interleaved
920,120,0,0.7716442913874693,0.4658179139574107,1,Interleaved
921,121,0,0.45499864882715546,0.6083103100214251,1,Interleaved
922,122,0,0.395567036583463,0.5052966798431092,1,Interleaved
923,123,0,0.7108551534537954,0.43116293452029814,1,Interleaved
924,124,0,0.7144390220922132,0.512282203749464,1,Interleaved
925,125,0,0.5495921977937629,0.3181442940500038,1,Interleaved
926,126,0,0.10796678923235212,0.5099738197464843,1,Interleaved
927,127,0,0.49933345961451864,0.5755899024440532,1,Interleaved
928,128,0,0.32375933509729043,0.397594033856672,1,Interleaved
929,129,0,0.5486863473036256,0.48166501238967263,1,Interleaved
930,130,0,0.29508235871453553,0.5047330996413282,1,Interleaved
931,131,0,0.3588437080183246,0.5249442621048269,1,Interleaved
932,132,0,0.5188159132593475,0.6379102364505659,1,Interleaved
933,133,0,0.38241766002107086,0.6650657771774329,1,Interleaved
934,134,0,0.9809767654046131,0.4465214393723318,1,Interleaved
935,135,0,0.49384181342276245,0.8014363838900294,1,Interleaved
936,136,0,0.03275852483332338,0.6058102854185211,1,Interleaved
937,137,0,0.3622922294398685,0.6489773172945306,1,Interleaved
938,138,0,0.2986489777111262,0.5816140862206005,1,Interleaved
939,139,0,0.507719596843824,0.5658638101972374,1,Interleaved
940,140,0,0.5695658612537753,0.47353014359177314,1,Interleaved
941,141,0,0.8292194663571126,0.5913181215366887,1,Interleaved
942,142,0,0.40118676231537415,0.5262640947798921,1,Interleaved
943,143,0,0.24009657522923505,0.543622634084342,1,Interleaved
944,144,0,0.3202311667739659,0.6272148302501812,1,Interleaved
945,145,0,0.6245625288399257,0.4589660733079435,1,Interleaved
946,146,0,0.9423272768323168,0.31818789221372934,1,Interleaved
947,147,0,0.5038517403473463,0.6337587514154336,1,Interleaved
948,148,0,0.03005319614263168,0.6475781630759447,1,Interleaved
949,149,0,0.6637639980946727,0.3505184396046766,1,Interleaved
950,150,0,0.5000180968763889,0.5405604064071303,1,Interleaved
951,151,0,0.7131068022311764,0.4166772641242198,1,Interleaved
952,152,0,0.1466635239227266,0.47541608619086795,1,Interleaved
953,153,0,0.27164985874857706,0.6470451766951661,1,Interleaved
954,154,0,0.919792001003778,0.47877781182331625,1,Interleaved
955,155,0,0.4497902809737628,0.47703337539815444,1,Interleaved
956,156,0,0.3503689898988962,0.5070218283359195,1,Interleaved
957,157,0,0.7594904365091271,0.4944259699165655,1,Interleaved
958,158,0,0.6860034003013131,0.6466647048070284,1,Interleaved
959,159,0,0.7277199897629119,0.4599411530263353,1,Interleaved
960,160,0,0.09808581724558278,0.5795152351992903,1,Interleaved
961,161,0,0.6289753737622243,0.4724100763472317,1,Interleaved
962,162,0,0.3585462979132503,0.4665934765288666,1,Interleaved
963,163,0,0.46038413771589504,0.3994109492356976,1,Interleaved
964,164,0,0.7785177011800997,0.4045443263007801,1,Interleaved
965,165,0,0.7135224348198439,0.47535847611597,1,Interleaved
966,166,0,0.5497007741760651,0.4579305116494887,1,Interleaved
967,167,0,0.2992219579572678,0.448061329605871,1,Interleaved
968,168,0,0.41942065725472255,0.36419308110684506,1,Interleaved
969,169,0,0.4184313479225865,0.5029929345864987,1,Interleaved
970,170,0,0.7328694853857646,0.39264706314106623,1,Interleaved
971,171,0,0.5728075548895265,0.5930234100763561,1,Interleaved
972,172,0,0.9661126458162311,0.4046018331451582,1,Interleaved
973,173,0,0.9123767900289845,0.547140954439177,1,Interleaved
974,174,0,0.13315346775468884,0.5561673049588843,1,Interleaved
975,175,0,0.2725340401043803,0.6098137520957474,1,Interleaved
976,176,0,0.679930447501109,0.41883595040291705,1,Interleaved
977,177,0,0.5888239585355968,0.5119208744311731,1,Interleaved
978,178,0,0.478758471068069,0.6380240813908304,1,Interleaved
979,179,0,0.5301913268080889,0.37738299367285627,1,Interleaved
980,180,0,0.9060690377583587,0.44962192054150385,1,Interleaved
981,181,0,0.9069306316321482,0.5843965611874657,1,Interleaved
982,182,0,0.4993165688515675,0.4228635724165599,1,Interleaved
983,183,0,0.4332355525516361,0.4832155544511602,1,Interleaved
984,184,0,0.5438503544232978,0.6463239420896449,1,Interleaved
985,185,0,0.6199167137202828,0.6347427232889469,1,Interleaved
986,186,0,0.3044155860147424,0.4194844321298989,1,Interleaved
987,187,0,0.3663538666384521,0.5942606051841244,1,Interleaved
988,188,0,0.46374291085671,0.525758099381244,1,Interleaved
989,189,0,0.49582305127182136,0.6809028998815533,1,Interleaved
990,190,0,0.5270558435355076,0.4321347500167917,1,Interleaved
991,191,0,0.14334751777862326,0.5710526656603314,1,Interleaved
992,192,0,0.6746863237845746,0.33287705132511025,1,Interleaved
993,193,0,0.5543800709969082,0.29535137424806135,1,Interleaved
994,194,0,0.6916662153488591,0.46154880414923255,1,Interleaved
995,195,0,0.3929521186368054,0.4940451796133508,1,Interleaved
996,196,0,0.7688653158465104,0.4816547337995682,1,Interleaved
997,197,0,0.671647629351123,0.41501697443535684,1,Interleaved
998,198,0,0.7582314041499892,0.5063492457828154,1,Interleaved
999,199,0,0.9192209389073347,0.37876900396825264,1,Interleaved
1000,0,0,0.5457680772826341,0.611541615410125,1,Instructed
1001,1,0,0.5309167506263303,0.9016180324825045,1,Instructed
1002,2,0,0.668595152468688,0.7373497420546455,1,Instructed
1003,3,0,0.9853512733261194,0.837170776148652,1,Instructed
1004,4,0,0.2513073136237989,0.766690273348001,1,Instructed
1005,5,0,0.30002667239008785,0.5669329359773,1,Instructed
1006,6,0,0.9529240489911145,0.3254627121076202,1,Instructed
1007,7,0,0.6570414999209627,0.5515559329399207,1,Instructed
1008,8,0,0.7914678253926171,0.5862051426200764,1,Instructed
1009,9,0,0.7639902311168227,0.3563293704748235,1,Instructed
1010,10,0,0.31478595899581474,0.3645769237326556,1,Instructed
1011,11,0,0.7693677132837442,0.5145313181573608,1,Instructed
1012,12,0,0.6611301014857593,0.43443816405754265,1,Instructed
1013,13,0,0.06306134249394799,0.6087108740856955,1,Instructed
1014,14,0,0.028969427956076214,0.48578418196230866,1,Instructed
1015,15,0,0.5111073517488461,0.4443578653814022,1,Instructed
1016,16,0,0.7674132054296305,0.44349829560220766,1,Instructed
1017,17,0,0.5911095371211081,0.41547979093158227,1,Instructed
1018,18,0,0.9181783543719653,0.4304757325987265,1,Instructed
1019,19,0,0.1654585238992254,0.4883766260412217,1,Instructed
1020,20,0,0.7413154168521128,0.523100863188849,1,Instructed
1021,21,0,0.12959891939443177,0.4159340415254502,1,Instructed
1022,22,0,0.16871361678296096,0.39997164004997654,1,Instructed
1023,23,0,0.5176684100671866,0.4223468004331217,1,Instructed
1024,24,0,0.8932906298542498,0.4734973069917908,1,Instructed
1025,25,0,0.15646071623872093,0.5131569597258347,1,Instructed
1026,26,0,0.24484529570910996,0.4587341145842782,1,Instructed
1027,27,0,0.06896987628742826,0.4682301825398887,1,Instructed
1028,28,0,0.4784666777354424,0.552296325911886,1,Instructed
1029,29,0,0.14043146948761026,0.563105238561169,1,Instructed
1030,30,0,0.45003358305024566,0.39803377602913914,1,Instructed
1031,31,0,0.12133472188881847,0.6595977432736335,1,Instructed
1032,32,0,0.3710623177572058,0.43940213697900776,1,Instructed
1033,33,0,0.8703411211744276,0.43801478785531633,1,Instructed
1034,34,0,0.6558547296897128,0.31272244940961125,1,Instructed
1035,35,0,0.1482383240929706,0.4274326597422151,1,Instructed
1036,36,0,0.6356701744410626,0.2897166273484216,1,Instructed
1037,37,0,0.7454731780621966,0.4297821458097216,1,Instructed
1038,38,0,0.42582941877338587,0.4102142289981352,1,Instructed
1039,39,0,0.6601831821848846,0.3888052118054497,1,Instructed
1040,40,0,0.4177581257427366,0.5231286728822843,1,Instructed
1041,41,0,0.703536145290328,0.3983361806304098,1,Instructed
1042,42,0,0.5937911692250236,0.4093785136541952,1,Instructed
1043,43,0,0.6252018985970618,0.3067460235643458,1,Instructed
1044,44,0,0.8708967482890712,0.238283898010135,1,Instructed
1045,45,0,0.655416576545553,0.6252543654554414,1,Instructed
1046,46,0,0.8046451638607712,0.34183412435354954,1,Instructed
1047,47,0,0.5883839792684329,0.5605879665096618,1,Instructed
1048,48,0,0.3043259878076681,0.5613101633705337,1,Instructed
1049,49,0,0.18738271257359376,0.6037062937271728,1,Instructed
1050,50,0,0.763082381015876,0.40275456297310025,1,Instructed
1051,51,0,0.9028230683054768,0.5227381048348445,1,Instructed
1052,52,0,0.5143715854288746,0.4415324572464906,1,Instructed
1053,53,0,0.10613053044565644,0.38032863931543215,1,Instructed
1054,54,0,0.6729928487730661,0.39057533647176834,1,Instructed
1055,55,0,0.7046088157913958,0.4337317332855398,1,Instructed
1056,56,0,0.07221441988169165,0.5065633922126282,1,Instructed
1057,57,0,0.9068774175836949,0.7170620268709892,1,Instructed
1058,58,0,0.8580301950665725,0.3875657943420119,1,Instructed
1059,59,0,0.6481809860862284,0.5637146325775966,1,Instructed
1060,60,0,0.399545731374088,0.5387380274374869,1,Instructed
1061,61,0,0.9083590108670261,0.42594487655720403,1,Instructed
1062,62,0,0.48567764242631956,0.3852125507603268,1,Instructed
1063,63,0,0.7766947945742056,0.3198546895395089,1,Instructed
1064,64,0,0.3323891970040854,0.5701787773512985,1,Instructed
1065,65,0,0.4678388477874206,0.47173163778429056,1,Instructed
1066,66,0,0.4379798787938687,0.37552609839161355,1,Instructed
1067,67,0,0.32709887187228487,0.4420760804027003,1,Instructed
1068,68,0,0.10082052074481332,0.4081715642283861,1,Instructed
1069,69,0,0.49928254184561494,0.408574653263719,1,Instructed
1070,70,0,0.6173474953208544,0.4191547664336157,1,Instructed
1071,71,0,0.46130727853362136,0.44981115825796114,1,Instructed
1072,72,0,0.16478630522644377,0.454753081686196,1,Instructed
1073,73,0,0.6605447111231446,0.4150474293310327,1,Instructed
1074,74,0,0.672792819865982,0.3591195980458698,1,Instructed
1075,75,0,0.47358078142217724,0.4937256325107231,1,Instructed
1076,76,0,0.8084108336666784,0.31775253505657464,1,Instructed
1077,77,0,0.39781196343711467,0.4867147822442116,1,Instructed
1078,78,0,0.5546632552950923,0.3468717223414582,1,Instructed
1079,79,0,0.4897494078088045,0.40809140118633125,1,Instructed
1080,80,0,0.31078970698069147,0.4398378212868155,1,Instructed
1081,81,0,0.4558195513109975,0.5989522295362512,1,Instructed
1082,82,0,0.5436540208355852,0.5453297396579975,1,Instructed
1083,83,0,0.462656152869412,0.5263948450181523,1,Instructed
1084,84,0,0.6737590797338638,0.3578912646704895,1,Instructed
1085,85,0,0.660174718007195,0.5100984283199409,1,Instructed
1086,86,0,0.20499317030776232,0.5726653872671439,1,Instructed
1087,87,0,0.9375747597697466,0.38107917259565105,1,Instructed
1088,88,0,0.7846128278403335,0.3732236975162301,1,Instructed
1089,89,0,0.23637414120828593,0.45103835053425745,1,Instructed
1090,90,0,0.5259503686707052,0.4645841012124886,1,Instructed
1091,91,0,0.7206293753905548,0.38630732694956676,1,Instructed
1092,92,0,0.32474627472455275,0.3744173088143208,1,Instructed
1093,93,0,0.5048913753212451,0.4354592372746101,1,Instructed
1094,94,0,0.6037390920062802,0.4643634046532191,1,Instructed
1095,95,0,0.62597431986736,0.5668353862973254,1,Instructed
1096,96,0,0.5901668960339175,0.5063229139628219,1,Instructed
1097,97,0,0.38076025066962976,0.4291534570792098,1,Instructed
1098,98,0,0.4455254042362957,0.44800907143190843,1,Instructed
1099,99,0,0.6181100509971211,0.7028124393646806,1,Instructed
1100,100,0,0.4507466988531293,0.5889489270724426,1,Instructed
1101,101,0,0.5539226615622352,0.495474626056675,1,Instructed
1102,102,0,0.14644472655648547,0.4062324434143846,1,Instructed
1103,103,0,0.4704476645445354,0.572201526462776,1,Instructed
1104,104,0,0.4302703516825838,0.4977501011230825,1,Instructed
1105,105,0,0.6900162250234498,0.7284218873421728,1,Instructed
1106,106,0,0.7237602049193187,0.37172857978499946,1,Instructed
1107,107,0,0.6463685059448682,0.3593171157231092,1,Instructed
1108,108,0,0.7178222642504206,0.43304777161824515,1,Instructed
1109,109,0,0.6942014020689706,0.5082889534311034,1,Instructed
1110,110,0,0.5422234825491657,0.7306283070087591,1,Instructed
1111,111,0,0.9252874350635973,0.5080372186926825,1,Instructed
1112,112,0,0.9765146780827454,0.3702296273759258,1,Instructed
1113,113,0,0.9365091279070636,0.5671303968590609,1,Instructed
1114,114,0,0.7004842985844864,0.3951822576718279,1,Instructed
1115,115,0,0.4523202792871145,0.4846033619688003,1,Instructed
1116,116,0,0.8202793979232564,0.33547098563241434,1,Instructed
1117,117,0,0.6341846866166306,0.5950907088107715,1,Instructed
1118,118,0,0.400017660021672,0.7019925483628384,1,Instructed
1119,119,0,0.270883453292659,0.48790008993904316,1,Instructed
1120,120,0,0.8002932520025844,0.34585762214374605,1,Instructed
1121,121,0,0.531620969961492,0.41916553096024034,1,Instructed
1122,122,0,0.9877264806835697,0.3227355308650023,1,Instructed
1123,123,0,0.4638432113463552,0.4455631443612531,1,Instructed
1124,124,0,0.7070123546149989,0.41010404300130965,1,Instructed
1125,125,0,0.6615902385804935,0.36760320633399335,1,Instructed
1126,126,0,0.762252573916107,0.2910434315346653,1,Instructed
1127,127,0,0.5494025022942359,0.575790876784665,1,Instructed
1128,128,0,0.9849126283399563,0.4097351537258731,1,Instructed
1129,129,0,0.27919185317322676,0.4504686264565746,1,Instructed
1130,130,0,0.9150833144178044,0.35353954478916044,1,Instructed
1131,131,0,0.29999848876149227,0.3434780223431573,1,Instructed
1132,132,0,0.939084525691363,0.2790508299230907,1,Instructed
1133,133,0,0.6718109761612,0.4237215749043644,1,Instructed
1134,134,0,0.9072861318588918,0.4167936530140779,1,Instructed
1135,135,0,0.7693002678853622,0.3560226581746751,1,Instructed
1136,136,0,0.16963566265913244,0.49204458630617,1,Instructed
1137,137,0,0.6431429462042784,0.4016305128480754,1,Instructed
1138,138,0,0.8246205872526757,0.528971689687783,1,Instructed
1139,139,0,0.3739812258272682,0.4001161761268923,1,Instructed
1140,140,0,0.4821571111335155,0.46626230298512583,1,Instructed
1141,141,0,0.6586986077605888,0.2753112267492185,1,Instructed
1142,142,0,0.452993849702781,0.42106215215537357,1,Instructed
1143,143,0,0.49770577047535114,0.4735835263363891,1,Instructed
1144,144,0,0.8066911045259061,0.32877378282633707,1,Instructed
1145,145,0,0.21840446144161113,0.42093624390893536,1,Instructed
1146,146,0,0.9535613711013889,0.4187086182144497,1,Instructed
1147,147,0,0.4932085861134823,0.509354924585459,1,Instructed
1148,148,0,0.7886062774456656,0.5494723121184,1,Instructed
1149,149,0,0.7235959207089615,0.41058253612044016,1,Instructed
1150,150,0,0.46967373223258607,0.5117013286714391,1,Instructed
1151,151,0,0.42880591703413273,0.43169816632054847,1,Instructed
1152,152,0,0.3024187903778949,0.5064208780281196,1,Instructed
1153,153,0,0.3923045060571879,0.4954926358636445,1,Instructed
1154,154,0,0.5774379782911938,0.44875775241133764,1,Instructed
1155,155,0,0.6563721437681099,0.38336437891705233,1,Instructed
1156,156,0,0.12566599138095932,0.4280742061403271,1,Instructed
1157,157,0,0.6852090683971729,0.3820380572449139,1,Instructed
1158,158,0,0.05357193549759165,0.3864223720987313,1,Instructed
1159,159,0,0.3365651074518083,0.4989004127523447,1,Instructed
1160,160,0,0.860146987518626,0.3550250221529855,1,Instructed
1161,161,0,0.510369288845193,0.4046211652139735,1,Instructed
1162,162,0,0.535782420762642,0.5040430305371288,1,Instructed
1163,163,0,0.5523154060087818,0.4785815426892406,1,Instructed
1164,164,0,0.9339956640524731,0.4462969248663572,1,Instructed
1165,165,0,0.36797849143100286,0.4590551777740057,1,Instructed
1166,166,0,0.8030306314138691,0.43735111010127314,1,Instructed
1167,167,0,0.5146070852624715,0.3239602031180985,1,Instructed
1168,168,0,0.5709867407734314,0.6491186542967933,1,Instructed
1169,169,0,0.7006707529889127,0.3813393146523083,1,Instructed
1170,170,0,0.8001031293213546,0.49923363584734104,1,Instructed
1171,171,0,0.800205618836568,0.5514774370771955,1,Instructed
1172,172,0,0.8586161953926945,0.31213917960951276,1,Instructed
1173,173,0,0.9292368431185924,0.23632361466552576,1,Instructed
1174,174,0,0.9375206404955648,0.4997821249522605,1,Instructed
1175,175,0,0.9278215762619564,0.48998127217323706,1,Instructed
1176,176,0,0.11832444600214587,0.5838865919798735,1,Instructed
1177,177,0,0.8001242190063945,0.615598609048811,1,Instructed
1178,178,0,0.7756633982966507,0.39602837461975204,1,Instructed
1179,179,0,0.6489961871614991,0.22017582071565,1,Instructed
1180,180,0,0.6559956498334697,0.4620070458307087,1,Instructed
1181,181,0,0.8405759542719435,0.5005805113027708,1,Instructed
1182,182,0,0.5352319632866159,0.6232693583099254,1,Instructed
1183,183,0,0.5053987601634485,0.6078355875986798,1,Instructed
1184,184,0,0.2701387694526948,0.4907162054810819,1,Instructed
1185,185,0,0.4537869054331536,0.6930552173319076,1,Instructed
1186,186,0,0.39956648028818725,0.3996814537379613,1,Instructed
1187,187,0,0.5256893748306829,0.4223388007794655,1,Instructed
1188,188,0,0.48727532794938216,0.47561302506793085,1,Instructed
1189,189,0,0.546855025854931,0.36038323358019686,1,Instructed
1190,190,0,0.5670610091422856,0.4767130339003761,1,Instructed
1191,191,0,0.9259913934569881,0.4117296081629924,1,Instructed
1192,192,0,0.7488255485671744,0.34139185671680894,1,Instructed
1193,193,0,0.9726459252742574,0.5887927343998873,1,Instructed
1194,194,0,0.5635829540175743,0.4768364460214725,1,Instructed
1195,195,0,0.5044193381069139,0.45018644724379747,1,Instructed
1196,196,0,0.23529724615675082,0.5284293274326859,1,Instructed
1197,197,0,0.5514852734529909,0.5518818726223861,1,Instructed
1198,198,0,0.8722938718561486,0.5983293560920443,1,Instructed
1199,199,0,0.3929437897036463,0.45467247160496976,1,Instructed
