,t,e_hat,Accuracy,pe,batch,Condition
0,0,0,0.13190040056314692,0.7078022796638569,0,Blocked
1,1,0,0.9821470395616145,0.39572365531843423,0,Blocked
2,2,0,0.031120756177628356,0.4501069387153809,0,Blocked
3,3,0,0.19056984369827668,0.5366286169398666,0,Blocked
4,4,0,0.239115637283243,0.6988895657180153,0,Blocked
5,5,0,0.24295715542435073,0.6860292754925066,0,Blocked
6,6,0,0.20235096190494378,0.43998835977937534,0,Blocked
7,7,0,0.768632256762373,0.5556739946346128,0,Blocked
8,8,0,0.2055725657739566,0.7353775337688635,0,Blocked
9,9,0,0.9738712698854997,0.8931372081170721,0,Blocked
10,10,0,0.9338048656014404,0.658561768838532,0,Blocked
11,11,0,0.23951244427523208,0.659093095267296,0,Blocked
12,12,0,0.9629690419520831,0.6301441738090672,0,Blocked
13,13,0,0.42345798764928133,0.8554418431181912,0,Blocked
14,14,0,0.5834787972128308,0.5620359524919796,0,Blocked
15,15,0,0.4491127264935502,0.5869248089044633,0,Blocked
16,16,0,0.9723183972591118,0.7687742261087345,0,Blocked
17,17,0,0.8312648439332715,0.6855626881203534,0,Blocked
18,18,0,0.9843790200609494,0.5715782535135001,0,Blocked
19,19,0,0.4211700361137826,0.6177946876961056,0,Blocked
20,20,0,0.6115822457342894,0.615400171489606,0,Blocked
21,21,0,0.7732473561315725,0.6486176160690469,0,Blocked
22,22,0,0.5949050040555487,0.7002775478641521,0,Blocked
23,23,0,0.4255433675397753,0.9105883854163976,0,Blocked
24,24,0,0.9939140153299006,0.6336678807466517,0,Blocked
25,25,0,0.7386602199053218,0.7463880490330395,0,Blocked
26,26,0,0.9438594354149696,0.5477727976840239,0,Blocked
27,27,0,0.5376122011553696,0.6267192812995941,0,Blocked
28,28,0,0.5395606199167405,0.9271230453977426,0,Blocked
29,29,0,0.9715595310586302,0.5853163108589645,0,Blocked
30,30,0,0.9955793064798815,0.42791480780996893,0,Blocked
31,31,0,0.9714297321240175,0.5698952618757214,0,Blocked
32,32,0,0.4626789121650137,0.6138030365541813,0,Blocked
33,33,0,0.19734829468334655,0.738711378552776,0,Blocked
34,34,0,0.17489047365464533,0.7127538041230388,0,Blocked
35,35,0,0.9918434604701083,1.0764987976618998,0,Blocked
36,36,0,0.21945962193165885,0.7603493424065756,0,Blocked
37,37,0,0.4068290488506464,0.5620324378533762,0,Blocked
38,38,0,0.24245767006045918,0.764625499548834,0,Blocked
39,39,0,0.730031750972569,0.4816106603219947,0,Blocked
40,40,0,0.43702383505119063,0.6503773607755754,0,Blocked
41,41,0,0.03984192341597066,0.9598370400423306,0,Blocked
42,42,0,0.1478476132778298,0.9746051092834827,0,Blocked
43,43,0,0.6844026294484327,0.5868755885234156,0,Blocked
44,44,0,0.4925118052417318,1.0531992340692828,0,Blocked
45,45,0,0.5206102038458994,0.6927876214787742,0,Blocked
46,46,0,0.2389351841441855,0.7498158256443384,0,Blocked
47,47,0,0.5621495680111475,0.8404598380431699,0,Blocked
48,48,0,0.5060020711601836,0.6748719120908444,0,Blocked
49,49,0,0.11602186512596761,0.7905016446900324,0,Blocked
50,50,0,0.880842405956204,0.6378907313353719,0,Blocked
51,51,0,0.6812874859776962,0.6814631638291879,0,Blocked
52,52,0,0.4765149429984599,0.4741649137123704,0,Blocked
53,53,0,0.5057792691295726,0.9599430596661858,0,Blocked
54,54,0,0.4883453200118839,0.8011129800494354,0,Blocked
55,55,0,0.5269705138234423,0.627255119235127,0,Blocked
56,56,0,0.6900640893684807,0.5613947945640858,0,Blocked
57,57,0,0.4712835161714949,0.8637796988486072,0,Blocked
58,58,0,0.9493618751659714,0.7440898999134622,0,Blocked
59,59,0,0.46933632292594263,0.9124655976326534,0,Blocked
60,60,0,0.9561427124537414,0.8758431740339117,0,Blocked
61,61,0,0.48139664809803256,0.8774773180308821,0,Blocked
62,62,0,0.7648551972825153,0.6153956076734656,0,Blocked
63,63,0,0.642062200539711,0.7453755796352006,0,Blocked
64,64,0,0.516811398292654,0.7353502716213116,0,Blocked
65,65,0,0.5023572603240285,0.4841813104346171,0,Blocked
66,66,0,0.5532302962785605,0.5510879473135801,0,Blocked
67,67,0,0.5032418994953161,0.6477222090912698,0,Blocked
68,68,0,0.5266415788737312,0.6039427710349354,0,Blocked
69,69,0,0.5000000000143625,2.9208985543798005,0,Blocked
70,70,0,0.5000012738225013,0.9130254756297542,0,Blocked
71,71,0,0.43260560840704915,0.576307389893648,0,Blocked
72,72,0,0.4884294920059679,0.7258820302549764,0,Blocked
73,73,0,0.9742654877587968,0.6532828159385141,0,Blocked
74,74,0,0.5492046994700824,0.8438826440943495,0,Blocked
75,75,0,0.5651032792606079,0.6096641173300925,0,Blocked
76,76,0,0.501526745572712,0.7166350986624906,0,Blocked
77,77,0,0.9486847611137205,0.8692298272058114,0,Blocked
78,78,0,0.11229380496836192,0.6603885283172208,0,Blocked
79,79,0,0.8121801958362911,0.6108293997446259,0,Blocked
80,80,0,0.19188311565307734,0.5926438285580133,0,Blocked
81,81,0,0.3618295163558974,0.6793923264568968,0,Blocked
82,82,0,0.6719884019187303,0.5305152215732654,0,Blocked
83,83,0,0.26442957634287106,0.691540693122731,0,Blocked
84,84,0,0.7797049724726413,0.5147908535274648,0,Blocked
85,85,0,0.10654641322107114,0.6313545955894064,0,Blocked
86,86,0,0.26112256395310657,0.6278138645029803,0,Blocked
87,87,0,0.8577608497583409,0.6685671091124236,0,Blocked
88,88,0,0.8664948630289426,0.8386911199375531,0,Blocked
89,89,0,0.5492466315039491,0.942770167277831,0,Blocked
90,90,0,0.9138201844770851,0.8071648847240573,0,Blocked
91,91,0,0.6651454311226872,0.7041077467653186,0,Blocked
92,92,0,0.4234982516618479,0.768859331658829,0,Blocked
93,93,0,0.11309411175345342,0.7744964636270943,0,Blocked
94,94,0,0.5592744020211258,0.7432724028649492,0,Blocked
95,95,0,0.15089497913443972,0.4982546452329588,0,Blocked
96,96,0,0.8584284212695124,0.4122880249224726,0,Blocked
97,97,0,0.22529959967301738,0.8073081497469633,0,Blocked
98,98,0,0.8657729731134387,0.5086311861206597,0,Blocked
99,99,0,0.9403284317910496,0.8484855936924431,0,Blocked
100,100,0,0.20917924544610722,0.7439968070218259,0,Blocked
101,101,0,0.9116006859948678,0.5610176333086011,0,Blocked
102,102,0,0.062333807347971885,0.6501319364059757,0,Blocked
103,103,0,0.7209617792901934,0.8319001823729826,0,Blocked
104,104,0,0.4413816171319857,0.620787310922672,0,Blocked
105,105,0,0.7382420390151307,0.5607761989881141,0,Blocked
106,106,0,0.019412323311817387,0.6321942674392593,0,Blocked
107,107,0,0.7008693266607772,0.5690813936052395,0,Blocked
108,108,0,0.6070404451285216,0.6932157149614032,0,Blocked
109,109,0,0.9588449342510998,0.7393744536959144,0,Blocked
110,110,0,0.5471176118732707,0.6557439744291369,0,Blocked
111,111,0,0.08610793113016411,0.6891631576918991,0,Blocked
112,112,0,0.3007176540119444,0.6532812488940224,0,Blocked
113,113,0,0.49010954565603887,0.618467111668644,0,Blocked
114,114,0,0.9911124946559793,0.6778212353075597,0,Blocked
115,115,0,0.36734810333802537,0.7708686752864233,0,Blocked
116,116,0,0.38817495722445444,0.6907876046453838,0,Blocked
117,117,0,0.5277803844052634,0.6800583451923399,0,Blocked
118,118,0,0.5342511953696,0.828535653965051,0,Blocked
119,119,0,0.46720681967911015,0.6559676972879619,0,Blocked
120,120,0,0.7086573021135207,0.7636763073806003,0,Blocked
121,121,0,0.46851094236522395,1.3076948916517703,0,Blocked
122,122,0,0.500094517092187,0.8873726631979582,0,Blocked
123,123,0,0.507829989309876,0.7176170356352845,0,Blocked
124,124,0,0.5066593068899927,0.774656005496591,0,Blocked
125,125,0,0.29064359212769514,0.9561103980470786,0,Blocked
126,126,0,0.40404814358205343,0.9515894868269575,0,Blocked
127,127,0,0.04503190728077282,0.7329185271792056,0,Blocked
128,128,0,0.6393518579039565,0.47032932008905526,0,Blocked
129,129,0,0.4220238379732172,0.666599656373416,0,Blocked
130,130,0,0.39995387486455586,0.46224876562402384,0,Blocked
131,131,0,0.4974803340521377,0.8213262327355422,0,Blocked
132,132,0,0.4997152016018987,0.8035666087065491,0,Blocked
133,133,0,0.9409253281479222,0.7392376300258093,0,Blocked
134,134,0,0.48503048337023136,0.6027786833836097,0,Blocked
135,135,0,0.4937494709381,0.5135760659480421,0,Blocked
136,136,0,0.573814269865111,0.685513809259267,0,Blocked
137,137,0,0.599997753809631,0.7300571426083682,0,Blocked
138,138,0,0.5050065953761436,0.6554803174456689,0,Blocked
139,139,0,0.4557923413137789,0.8046469882251769,0,Blocked
140,140,0,0.06671597412785485,1.10891027114935,0,Blocked
141,141,0,0.9576219314663452,0.6878918796498005,0,Blocked
142,142,0,0.49929679238354996,0.7500610898719502,0,Blocked
143,143,0,0.5024635881157965,0.8663345131239799,0,Blocked
144,144,0,0.3678682646873538,0.7676517758214184,0,Blocked
145,145,0,0.5000678976802756,0.8564938911027946,0,Blocked
146,146,0,0.035942540696430214,0.6765577754457095,0,Blocked
147,147,0,0.5378683100733919,0.6201166359624766,0,Blocked
148,148,0,0.6546660629727363,0.6842147726512464,0,Blocked
149,149,0,0.49966370072403904,0.7620275931775338,0,Blocked
150,150,0,0.4705818966946841,1.0068401578955408,0,Blocked
151,151,0,0.8226903814792408,0.6256050815782814,0,Blocked
152,152,0,0.5103680606438117,0.6597296195236173,0,Blocked
153,153,0,0.017517554700641157,0.879557279242589,0,Blocked
154,154,0,0.7243679798867335,0.7031621836540498,0,Blocked
155,155,0,0.8097776737505984,0.811855048974567,0,Blocked
156,156,0,0.4962389952293889,0.8203117264855275,0,Blocked
157,157,0,0.5001085152341387,0.7171982926367522,0,Blocked
158,158,0,0.5055738188589712,0.5411868177862125,0,Blocked
159,159,0,0.5151387376260158,0.609663854039795,0,Blocked
160,160,0,0.5980646185464449,0.5768474799171648,0,Blocked
161,161,0,0.5393343022083021,0.7325602545109731,0,Blocked
162,162,0,0.9918824016810861,0.6579680798050669,0,Blocked
163,163,0,0.012622240642379778,0.6043157174595848,0,Blocked
164,164,0,0.498993485484301,0.5215964737842818,0,Blocked
165,165,0,0.9587547394118353,0.5359575178253453,0,Blocked
166,166,0,0.9160544361107501,0.6690249009569109,0,Blocked
167,167,0,0.7045814576122956,0.652252179873476,0,Blocked
168,168,0,0.5073738375044434,0.8982692557437291,0,Blocked
169,169,0,0.49984861913714257,0.7926344696133325,0,Blocked
170,170,0,0.4971219745070861,0.5553617351656528,0,Blocked
171,171,0,0.2326967375506078,0.8095131870348813,0,Blocked
172,172,0,0.050520648782427166,0.5980927063808974,0,Blocked
173,173,0,0.4468434222247862,0.6851403845211503,0,Blocked
174,174,0,0.49836582255461,0.6447960564409085,0,Blocked
175,175,0,0.5677759151396421,0.8068876288276152,0,Blocked
176,176,0,0.9718326714752341,0.7348850389990105,0,Blocked
177,177,0,0.49889309549137023,0.8893549535356975,0,Blocked
178,178,0,0.7634487787767489,0.7259040564611133,0,Blocked
179,179,0,0.39387865475902195,0.7299744665692816,0,Blocked
180,180,0,0.14883362951718204,0.6513435292335149,0,Blocked
181,181,0,0.22185310300275335,0.8188419099058389,0,Blocked
182,182,0,0.6109301822880975,0.5300808777260827,0,Blocked
183,183,0,0.9734350960930689,0.666606670319742,0,Blocked
184,184,0,0.43244296540215715,0.45744690819418543,0,Blocked
185,185,0,0.4956920355300176,0.6665858644297604,0,Blocked
186,186,0,0.49920776107156783,0.5488750631332836,0,Blocked
187,187,0,0.8867523962814288,0.6171309749211018,0,Blocked
188,188,0,0.4582771025207243,0.6600544391442406,0,Blocked
189,189,0,0.19181612578904395,0.688662760218778,0,Blocked
190,190,0,0.07908431774040497,0.6819460676451592,0,Blocked
191,191,0,0.826341404084415,0.577956919092587,0,Blocked
192,192,0,0.7766299136251991,0.5337598823462759,0,Blocked
193,193,0,0.6248887752302139,0.6829607495015879,0,Blocked
194,194,0,0.7090478947604667,0.7033878616876152,0,Blocked
195,195,0,0.9979678366216558,0.5019069095772204,0,Blocked
196,196,0,0.8697131459279728,0.8879881294051126,0,Blocked
197,197,0,0.6815850888266733,0.8102955708837698,0,Blocked
198,198,0,0.17871337433231474,0.7570591018103537,0,Blocked
199,199,0,0.21394520359186886,0.5435196454713456,0,Blocked
200,0,0,0.4982655348118605,0.7299187014617448,0,Interleaved
201,1,0,0.8499924270158393,0.5592597977129455,0,Interleaved
202,2,0,0.2155554578693732,0.6669248527500713,0,Interleaved
203,3,0,0.5030355958219871,0.7482133108057321,0,Interleaved
204,4,0,0.3448986354906995,0.8625591840788336,0,Interleaved
205,5,0,0.40407743668614815,0.6054481747752635,0,Interleaved
206,6,0,0.587256590761202,0.7157760301475827,0,Interleaved
207,7,0,0.5018323211447123,0.9137148236329955,0,Interleaved
208,8,0,0.10805911775431011,0.8703065002719348,0,Interleaved
209,9,0,0.2056160240713193,0.7652389208045883,0,Interleaved
210,10,0,0.9039641710052102,0.6107552280144644,0,Interleaved
211,11,0,0.334383799994031,0.6967388393298697,0,Interleaved
212,12,0,0.05886959793617881,0.6297283515322327,0,Interleaved
213,13,0,0.9013831004971455,0.5789361141019027,0,Interleaved
214,14,0,0.5866729896436134,0.7813217280609759,0,Interleaved
215,15,0,0.9269318978624512,0.6307617569737727,0,Interleaved
216,16,0,0.4335355171779972,0.749117221621633,0,Interleaved
217,17,0,0.4998698915462867,1.0422226290570817,0,Interleaved
218,18,0,0.9998529583525934,0.6558606545268009,0,Interleaved
219,19,0,0.4387515505086995,0.5978336672195492,0,Interleaved
220,20,0,0.1791331039903296,0.6227184194791957,0,Interleaved
221,21,0,0.6465116145713862,1.8242913057285848,0,Interleaved
222,22,0,0.9988282217673978,0.6778852567490677,0,Interleaved
223,23,0,0.8230837613191213,0.7290179299676451,0,Interleaved
224,24,0,0.6151220375706059,0.7216651089503672,0,Interleaved
225,25,0,0.07826657763194163,0.8078866720869827,0,Interleaved
226,26,0,0.24305350061727088,0.5668004609685641,0,Interleaved
227,27,0,0.8757499887829192,0.7950541644033112,0,Interleaved
228,28,0,0.6737433233252788,0.6016215292655829,0,Interleaved
229,29,0,0.9646521605495266,0.5309336513369043,0,Interleaved
230,30,0,0.6738991618303959,0.6575850093654727,0,Interleaved
231,31,0,0.35246387020192577,0.7904232111547438,0,Interleaved
232,32,0,0.12360694623421815,0.4194768407414945,0,Interleaved
233,33,0,0.9947160211750162,0.6139084868996723,0,Interleaved
234,34,0,0.4527517135831455,0.8124560822990954,0,Interleaved
235,35,0,0.5091746840571006,0.6001961371932805,0,Interleaved
236,36,0,0.12039316971733278,0.8079494817202217,0,Interleaved
237,37,0,0.5066306171558365,0.8663437038974038,0,Interleaved
238,38,0,0.4852658213498283,1.0085431972303842,0,Interleaved
239,39,0,0.5409917245032754,0.8254321572763511,0,Interleaved
240,40,0,0.9874238470035417,0.5234764860491787,0,Interleaved
241,41,0,0.49561328750519024,0.800280722730383,0,Interleaved
242,42,0,0.5177361882080668,0.49594809330668327,0,Interleaved
243,43,0,0.8534768924685843,0.55393208739944,0,Interleaved
244,44,0,0.5020732979724563,0.5970229973971133,0,Interleaved
245,45,0,0.95999626072574,0.40610310116609566,0,Interleaved
246,46,0,0.782578531292506,0.48825630508607953,0,Interleaved
247,47,0,0.0049750375630806705,0.5120708985574667,0,Interleaved
248,48,0,0.6433362270991196,0.8917473843874855,0,Interleaved
249,49,0,0.01750147120115327,0.957702396019198,0,Interleaved
250,50,0,0.49722286518085523,0.5883815744086551,0,Interleaved
251,51,0,0.07198605200581383,0.47600535682727974,0,Interleaved
252,52,0,0.0538101653248221,0.6624722978309485,0,Interleaved
253,53,0,0.9537567150922306,0.7832495979495385,0,Interleaved
254,54,0,0.1275892791067833,0.886887407461955,0,Interleaved
255,55,0,0.012953554858826434,0.8794466834344775,0,Interleaved
256,56,0,0.6569019395222246,0.7508210735822736,0,Interleaved
257,57,0,0.4994796482779758,0.8518450883363424,0,Interleaved
258,58,0,0.09445024925775308,0.6578888731096862,0,Interleaved
259,59,0,0.4948199917229589,0.7219832916661564,0,Interleaved
260,60,0,0.2892000588474224,0.8586207701351032,0,Interleaved
261,61,0,0.3130783256676558,0.5777578416501216,0,Interleaved
262,62,0,0.06165705672961763,0.834136511241178,0,Interleaved
263,63,0,0.6858666879896399,0.695338548156909,0,Interleaved
264,64,0,0.029457081597676463,0.8782933734184635,0,Interleaved
265,65,0,0.8944217943920073,0.7719493690081485,0,Interleaved
266,66,0,0.5530136880096241,0.5411188719138266,0,Interleaved
267,67,0,0.48949034706210565,0.7398300404346048,0,Interleaved
268,68,0,0.020555693986275672,0.8053154324900225,0,Interleaved
269,69,0,0.8101823768003439,0.6885263878004921,0,Interleaved
270,70,0,0.4825422641373589,0.5802004392013289,0,Interleaved
271,71,0,0.060940672089900186,0.8532447158071781,0,Interleaved
272,72,0,0.01987563054671089,0.8805973416928188,0,Interleaved
273,73,0,0.9739493152831489,0.6411672260001988,0,Interleaved
274,74,0,0.23748130573115298,0.7730642532771759,0,Interleaved
275,75,0,0.25706572518897475,0.9598063678198128,0,Interleaved
276,76,0,0.4992078933635001,1.0048472434888955,0,Interleaved
277,77,0,0.014284668651439026,0.7564740757891637,0,Interleaved
278,78,0,0.1839875422550082,0.9163465879420516,0,Interleaved
279,79,0,0.6265401426805661,0.7456872885536263,0,Interleaved
280,80,0,0.0759894194726224,0.8798119284490051,0,Interleaved
281,81,0,0.5068028725622605,0.7030019072948704,0,Interleaved
282,82,0,0.6199300453289851,0.6482251116791462,0,Interleaved
283,83,0,0.9720515018237181,0.7090915760096792,0,Interleaved
284,84,0,0.960224157585105,0.8673441943903563,0,Interleaved
285,85,0,0.8369275001170007,0.6586799533016738,0,Interleaved
286,86,0,0.8826316880511024,0.5318349730152194,0,Interleaved
287,87,0,0.4959786135973723,0.5592310295221135,0,Interleaved
288,88,0,0.8022564640591721,0.4558785574094186,0,Interleaved
289,89,0,0.9743063947953989,0.615331158336926,0,Interleaved
290,90,0,0.5279826419772453,1.129624513904323,0,Interleaved
291,91,0,0.015243640414028314,0.7784476384198924,0,Interleaved
292,92,0,0.47498195442240215,0.7516268921038227,0,Interleaved
293,93,0,0.9238045476460983,0.6608627289636466,0,Interleaved
294,94,0,0.20723258023550456,0.7269978625198288,0,Interleaved
295,95,0,0.4711638976713762,0.9065617981406886,0,Interleaved
296,96,0,0.4977548836593025,1.0562418796944648,0,Interleaved
297,97,0,0.5334430817411145,0.5452069907521185,0,Interleaved
298,98,0,0.9520477959233711,0.5410637303279204,0,Interleaved
299,99,0,0.4914212468010558,0.688285155186156,0,Interleaved
300,100,0,0.15743954358526716,0.9467528604299299,0,Interleaved
301,101,0,0.21087354802684288,0.8318470351864629,0,Interleaved
302,102,0,0.5563983850186915,0.46625974940042153,0,Interleaved
303,103,0,0.5935007223787153,0.8276271413798204,0,Interleaved
304,104,0,0.7959337835353202,0.5295990722307053,0,Interleaved
305,105,0,0.5959581901073885,0.4770728438336138,0,Interleaved
306,106,0,0.9374976774064459,0.4517147771827238,0,Interleaved
307,107,0,0.02355246898932896,0.7071906635798514,0,Interleaved
308,108,0,0.4947189467114299,0.4888651802386602,0,Interleaved
309,109,0,0.11305731513925903,0.7010399961051387,0,Interleaved
310,110,0,0.5868903075026963,1.034842838633499,0,Interleaved
311,111,0,0.17733628763308532,0.9009095485024989,0,Interleaved
312,112,0,0.0908999150770688,0.5023857948855147,0,Interleaved
313,113,0,0.6618473117644,0.6550694414419578,0,Interleaved
314,114,0,0.5413099257062308,0.7290310151407791,0,Interleaved
315,115,0,0.4979219653552489,0.7250502441422213,0,Interleaved
316,116,0,0.5723690831214128,0.5089725673066544,0,Interleaved
317,117,0,0.9187321711019023,0.6050348898153706,0,Interleaved
318,118,0,0.4231289821382786,0.564933732824489,0,Interleaved
319,119,0,0.1010259285808335,0.6750941997818756,0,Interleaved
320,120,0,0.7591140175985087,0.7607023130912354,0,Interleaved
321,121,0,0.9931072358239776,0.5481818348571061,0,Interleaved
322,122,0,0.5255418731015292,0.5078073401107044,0,Interleaved
323,123,0,0.4928808401997811,0.7666248445765773,0,Interleaved
324,124,0,0.40646369333874377,0.6868506238304193,0,Interleaved
325,125,0,0.2184109795470332,0.7119615478872194,0,Interleaved
326,126,0,0.47962508687901134,0.7529598616765055,0,Interleaved
327,127,0,0.8545908579453183,0.4915555095391819,0,Interleaved
328,128,0,0.5126505807537166,0.6442200799883937,0,Interleaved
329,129,0,0.7461249472865714,0.6950534065820555,0,Interleaved
330,130,0,0.9218148186921133,0.7407908500182145,0,Interleaved
331,131,0,0.9298608571190283,0.5906272790232339,0,Interleaved
332,132,0,0.4109236254861943,0.7386659653832874,0,Interleaved
333,133,0,0.9952343518163318,0.7623421991774415,0,Interleaved
334,134,0,0.4194344263618066,0.7483982772520184,0,Interleaved
335,135,0,0.5762935032382849,0.8330372167611924,0,Interleaved
336,136,0,0.08017458748370218,0.8486849603011117,0,Interleaved
337,137,0,0.6108504197385637,0.6125998795064971,0,Interleaved
338,138,0,0.9068185685257404,0.6704389277080427,0,Interleaved
339,139,0,0.871910716904341,0.7593471560283722,0,Interleaved
340,140,0,0.0495087844504409,0.7070280717505582,0,Interleaved
341,141,0,0.5067511933573438,0.8742902242622448,0,Interleaved
342,142,0,0.5003699506241517,0.6115035900029442,0,Interleaved
343,143,0,0.6877965092871446,0.631177106477641,0,Interleaved
344,144,0,0.966332285647976,0.840354784606222,0,Interleaved
345,145,0,0.27744396696748014,0.842286020025204,0,Interleaved
346,146,0,0.8068963132134701,0.8444111883507501,0,Interleaved
347,147,0,0.44012265884104407,0.6900914779777845,0,Interleaved
348,148,0,0.6199307589060267,0.7349433297887874,0,Interleaved
349,149,0,0.9270000219360044,0.591825201872521,0,Interleaved
350,150,0,0.7795210660459033,0.6213519950832054,0,Interleaved
351,151,0,0.6499592551666813,0.6491391631964551,0,Interleaved
352,152,0,0.8654569678372619,0.8110334569569914,0,Interleaved
353,153,0,0.8182234422952813,0.7291578375793173,0,Interleaved
354,154,0,0.804422890399349,0.46771202572640874,0,Interleaved
355,155,0,0.6197700738495425,0.4766433116381339,0,Interleaved
356,156,0,0.1628947301651997,0.6531636538265291,0,Interleaved
357,157,0,0.6804460030189949,0.4762375867463106,0,Interleaved
358,158,0,0.6646708636065553,0.44641294834001194,0,Interleaved
359,159,0,0.5344190501312979,0.639776404195982,0,Interleaved
360,160,0,0.571759330269955,0.5916446777871305,0,Interleaved
361,161,0,0.5754687683564759,0.6115262670195998,0,Interleaved
362,162,0,0.7977528369704692,0.6780239166674178,0,Interleaved
363,163,0,0.5098057157668098,0.7717025946038755,0,Interleaved
364,164,0,0.0011095594996806423,1.1279118473373477,0,Interleaved
365,165,0,0.9980398504389936,0.6283400019689555,0,Interleaved
366,166,0,0.5742546758001673,0.5339304542801352,0,Interleaved
367,167,0,0.9793170861691767,0.6505331722648423,0,Interleaved
368,168,0,0.07111738087962084,0.8111340425315414,0,Interleaved
369,169,0,0.25677046462919473,0.520463333287136,0,Interleaved
370,170,0,0.7312561380485851,0.5441721650681737,0,Interleaved
371,171,0,0.2709202691914451,0.5779784753972494,0,Interleaved
372,172,0,0.4870787760570965,0.47040694559601204,0,Interleaved
373,173,0,0.6894194532721591,0.7281563500592352,0,Interleaved
374,174,0,0.8103707563645359,0.6524334360792121,0,Interleaved
375,175,0,0.43245538793408067,0.7798142123180283,0,Interleaved
376,176,0,0.03620443981168894,0.5822515100836683,0,Interleaved
377,177,0,0.45060110015970256,0.7312755869603134,0,Interleaved
378,178,0,0.2964227963143133,0.9318017888225022,0,Interleaved
379,179,0,0.19876151033106454,0.556827302986119,0,Interleaved
380,180,0,0.45110599021152803,1.2532343681293285,0,Interleaved
381,181,0,0.5005729265856249,0.8005301745238592,0,Interleaved
382,182,0,0.026612943724987348,0.8575132384248392,0,Interleaved
383,183,0,0.02381272192203352,0.8490782037096261,0,Interleaved
384,184,0,0.31939700683019967,0.5767071021655868,0,Interleaved
385,185,0,0.40366862278976323,0.5166527241736303,0,Interleaved
386,186,0,0.5000000000000479,2.820745217475258,0,Interleaved
387,187,0,0.5459070464710754,1.155911152848069,0,Interleaved
388,188,0,0.34941133390650364,1.0795514932672863,0,Interleaved
389,189,0,0.16107078286647886,1.0648421773298598,0,Interleaved
390,190,0,0.5811902709709648,0.6113166573986928,0,Interleaved
391,191,0,0.47288810946000165,0.8395034645947927,0,Interleaved
392,192,0,0.06699824763284654,0.8001739389701701,0,Interleaved
393,193,0,0.0013129072623426995,0.8287090934508179,0,Interleaved
394,194,0,0.7639772283645021,0.8175672525319271,0,Interleaved
395,195,0,0.06066371529594948,0.7626421599952591,0,Interleaved
396,196,0,0.6231136492700045,0.39322976975671586,0,Interleaved
397,197,0,0.6256492700079029,0.5663529367366567,0,Interleaved
398,198,0,0.876824321070939,0.6541729401079831,0,Interleaved
399,199,0,0.5306785023349812,0.7179390592287708,0,Interleaved
400,0,0,0.7153433673087082,0.6393035273449243,0,Instructed
401,1,0,0.5052443765200642,0.6074475293598696,0,Instructed
402,2,0,0.5301222680916826,0.6521092587603847,0,Instructed
403,3,0,0.620076287272066,0.5894170344879311,0,Instructed
404,4,0,0.8473675345088691,0.5352704886408778,0,Instructed
405,5,0,0.47028319703470156,0.6000054808096229,0,Instructed
406,6,0,0.9054329317279854,0.6230313736191448,0,Instructed
407,7,0,0.9169083557417473,0.8318795034825243,0,Instructed
408,8,0,0.8906106968980076,0.9796002145031375,0,Instructed
409,9,0,0.4850891127493341,0.9472698389099142,0,Instructed
410,10,0,0.9619337570228501,0.677419228138764,0,Instructed
411,11,0,0.5111747623554043,0.8499117670360565,0,Instructed
412,12,0,0.7030046942608318,0.7304244503740407,0,Instructed
413,13,0,0.7521528864037341,0.5723791184803351,0,Instructed
414,14,0,0.01795610983448552,0.5669608611680361,0,Instructed
415,15,0,0.3644713984028638,0.6046526705419506,0,Instructed
416,16,0,0.5746892161220458,0.6389840555735521,0,Instructed
417,17,0,0.47556785776676225,0.5728370667028903,0,Instructed
418,18,0,0.013489726423691204,0.7294873651928946,0,Instructed
419,19,0,0.5628125477233115,0.6821099164692568,0,Instructed
420,20,0,0.7548422965756965,0.4815865994112919,0,Instructed
421,21,0,0.14999382514992332,0.6334985055772813,0,Instructed
422,22,0,0.9611887590485528,0.5865516409016658,0,Instructed
423,23,0,0.6581342261453775,0.6569216496734349,0,Instructed
424,24,0,0.0823952769987875,0.7136948368532061,0,Instructed
425,25,0,0.37527954563230437,0.7243595089832315,0,Instructed
426,26,0,0.9247940922936386,0.7616181615809257,0,Instructed
427,27,0,0.535674768403595,0.8973220589346373,0,Instructed
428,28,0,0.8578019753423454,0.7023453533624282,0,Instructed
429,29,0,0.03996728681982713,0.8258267283972175,0,Instructed
430,30,0,0.469199659919105,0.7142971905914577,0,Instructed
431,31,0,0.7451816684731847,0.6573624175714132,0,Instructed
432,32,0,0.5279515235657738,0.7172513979746277,0,Instructed
433,33,0,0.5244353371812831,0.6443159306768349,0,Instructed
434,34,0,0.8688917656430803,0.5223017944376612,0,Instructed
435,35,0,0.8382887045519767,0.721600175468745,0,Instructed
436,36,0,0.008361877171166463,0.7959417758073937,0,Instructed
437,37,0,0.5545299613568735,0.8883630106068918,0,Instructed
438,38,0,0.02325566048139135,0.8511142773182395,0,Instructed
439,39,0,0.5048123506647993,0.8578802072363978,0,Instructed
440,40,0,0.5951089201975481,0.8468045928785041,0,Instructed
441,41,0,0.6778654309327846,0.5413863938700065,0,Instructed
442,42,0,0.369471518972626,0.5041295744770341,0,Instructed
443,43,0,0.9326520430702407,0.6303462307102383,0,Instructed
444,44,0,0.1275315015599171,0.6397761183272779,0,Instructed
445,45,0,0.48283149061530345,0.800526684278523,0,Instructed
446,46,0,0.27624782442560136,0.8160372051441964,0,Instructed
447,47,0,0.2374510085918882,0.8969769002795976,0,Instructed
448,48,0,0.852994445898873,0.7710657752066055,0,Instructed
449,49,0,0.9046739464985365,0.8484392764566175,0,Instructed
450,50,0,0.26261299407019983,0.7993171366079617,0,Instructed
451,51,0,0.7377148991464186,0.816249394301193,0,Instructed
452,52,0,0.6536504616878756,0.6096609925784854,0,Instructed
453,53,0,0.39034329734890555,0.6533680922603229,0,Instructed
454,54,0,0.5582798776802584,0.6022291279235708,0,Instructed
455,55,0,0.5269390501496223,0.6396223433332651,0,Instructed
456,56,0,0.3777035604496588,0.7832987238760345,0,Instructed
457,57,0,0.5532345319476305,0.5711518475665358,0,Instructed
458,58,0,0.5478849982233243,0.4088579256842276,0,Instructed
459,59,0,0.4314392332276684,0.6325630795192034,0,Instructed
460,60,0,0.688953077890897,0.5502157867069684,0,Instructed
461,61,0,0.751946770101914,0.5519129613590534,0,Instructed
462,62,0,0.9325773324848541,0.8491380534054345,0,Instructed
463,63,0,0.5659403682875507,1.0315499069440381,0,Instructed
464,64,0,0.04276077108673148,0.8084427324863412,0,Instructed
465,65,0,0.39118536091370565,0.5971251333598449,0,Instructed
466,66,0,0.9629217500205871,0.6742713041898165,0,Instructed
467,67,0,0.3503184062132583,0.8142164652066506,0,Instructed
468,68,0,0.08051426618490969,0.8937155092876352,0,Instructed
469,69,0,0.3286639684013329,0.6449287879610368,0,Instructed
470,70,0,0.9871711163081847,0.5039048060679967,0,Instructed
471,71,0,0.362783164722464,0.7504955372899316,0,Instructed
472,72,0,0.7594634938528416,0.801733254764001,0,Instructed
473,73,0,0.5436184521023095,0.7273627864588081,0,Instructed
474,74,0,0.4996494740349045,0.608758813576471,0,Instructed
475,75,0,0.41367879487704234,0.6985858276067998,0,Instructed
476,76,0,0.6311127688923759,0.6777428756456229,0,Instructed
477,77,0,0.5299718994077206,0.5759836015180552,0,Instructed
478,78,0,0.3833174879229283,0.7189811583071914,0,Instructed
479,79,0,0.4961035654286439,0.610890984301079,0,Instructed
480,80,0,0.6289283049110013,0.6811567849470761,0,Instructed
481,81,0,0.5353672403997863,0.7701176625772133,0,Instructed
482,82,0,0.3753952086476776,0.7695735068849872,0,Instructed
483,83,0,0.5405368861635819,0.6690225138819468,0,Instructed
484,84,0,0.9571273513599914,0.6670296387485596,0,Instructed
485,85,0,0.30023927469402706,0.71155846048082,0,Instructed
486,86,0,0.7036170305940652,0.5932069119052955,0,Instructed
487,87,0,0.5187922987131449,0.6622623317413228,0,Instructed
488,88,0,0.8564562452088716,0.9453899914923601,0,Instructed
489,89,0,0.8286992337142796,0.6720800864514285,0,Instructed
490,90,0,0.6058232162506426,0.518442040125662,0,Instructed
491,91,0,0.8987784726804241,0.699441860187362,0,Instructed
492,92,0,0.8356396163536385,0.530398853196042,0,Instructed
493,93,0,0.4228792986425057,0.5641435862167138,0,Instructed
494,94,0,0.9842319415496676,0.7504503896948507,0,Instructed
495,95,0,0.5750719426051896,0.7577261872823211,0,Instructed
496,96,0,0.968733916713545,0.7378635940777633,0,Instructed
497,97,0,0.4215315920278358,0.6481283493695524,0,Instructed
498,98,0,0.4016775345608862,0.3598092759304189,0,Instructed
499,99,0,0.48680028758285776,0.6358163736853124,0,Instructed
500,100,0,0.9953382356576193,0.5686378513215138,0,Instructed
501,101,0,0.44227332933024954,0.5396092296615336,0,Instructed
502,102,0,0.44587133836210435,0.4929683700191596,0,Instructed
503,103,0,0.5851537290858257,0.5926661377553152,0,Instructed
504,104,0,0.0055975236462283825,0.8379591022145697,0,Instructed
505,105,0,0.504448327275974,0.9471482037200629,0,Instructed
506,106,0,0.5642066091209258,0.8717810840644709,0,Instructed
507,107,0,0.49014343220688883,0.7482208371194756,0,Instructed
508,108,0,0.9428093376690427,0.6145765706755149,0,Instructed
509,109,0,0.5359273467217609,0.6003447401625948,0,Instructed
510,110,0,0.9767489056639073,0.5209731049732144,0,Instructed
511,111,0,0.3486980870422026,0.7574178679136683,0,Instructed
512,112,0,0.8998635169944589,0.5602871613905029,0,Instructed
513,113,0,0.3441173475264486,0.7484683060426238,0,Instructed
514,114,0,0.41966471742961803,0.8338967800391173,0,Instructed
515,115,0,0.5227083680472567,0.7873156970284301,0,Instructed
516,116,0,0.02597513558438453,0.6894820295481805,0,Instructed
517,117,0,0.5047997690891162,0.5959277940187573,0,Instructed
518,118,0,0.02989615242997173,0.7762047916791632,0,Instructed
519,119,0,0.5591232427467974,0.6206922944538437,0,Instructed
520,120,0,0.6068927820140475,0.8161891015249287,0,Instructed
521,121,0,0.29968958952093344,0.7010752451800002,0,Instructed
522,122,0,0.368903211192177,0.610035613786714,0,Instructed
523,123,0,0.36084349231582097,0.6474997331467778,0,Instructed
524,124,0,0.6373664381534389,0.6743078191106382,0,Instructed
525,125,0,0.5503698085175274,0.7789693916210192,0,Instructed
526,126,0,0.9533981886863688,0.6374283718666145,0,Instructed
527,127,0,0.4516119485777264,0.8679281038836097,0,Instructed
528,128,0,0.7606790400982748,0.6951707683350721,0,Instructed
529,129,0,0.6488548376311989,0.9909871625790145,0,Instructed
530,130,0,0.842080835982993,0.8880690958821476,0,Instructed
531,131,0,0.29989915770342807,0.6371103637464117,0,Instructed
532,132,0,0.49486917318443163,0.7414683483792799,0,Instructed
533,133,0,0.5138962167913499,0.4470326504889552,0,Instructed
534,134,0,0.50271099572213,0.5755722987304108,0,Instructed
535,135,0,0.76483021182203,0.6740307709025288,0,Instructed
536,136,0,0.954225582365376,0.7871302992502252,0,Instructed
537,137,0,0.7005184612798986,1.026396632711075,0,Instructed
538,138,0,0.011425429506737172,0.861856689119126,0,Instructed
539,139,0,0.8237893954866906,0.6004539750185056,0,Instructed
540,140,0,0.7421948849681806,0.7399462898703093,0,Instructed
541,141,0,0.46336035654405316,0.823436485541798,0,Instructed
542,142,0,0.1544852560102563,0.7218257076281028,0,Instructed
543,143,0,0.4840296432788647,0.4933992912089664,0,Instructed
544,144,0,0.3867539803865424,0.6760183495053034,0,Instructed
545,145,0,0.6742225514695185,0.5409416302140851,0,Instructed
546,146,0,0.18602490429212754,0.8287074509423518,0,Instructed
547,147,0,0.27561246381904614,0.8850683607883925,0,Instructed
548,148,0,0.3530520550896927,0.8007650040788838,0,Instructed
549,149,0,0.2811188284937714,0.7744749275279207,0,Instructed
550,150,0,0.4746507959895519,0.8041443170096745,0,Instructed
551,151,0,0.5607701623161929,0.7974493675133707,0,Instructed
552,152,0,0.015518503433007976,0.734327552544039,0,Instructed
553,153,0,0.37244572815102106,0.6187993135768557,0,Instructed
554,154,0,0.3094586150604554,0.5259234847052574,0,Instructed
555,155,0,0.6286402161118556,0.7505507946566315,0,Instructed
556,156,0,0.8940218273628122,0.7174786227742499,0,Instructed
557,157,0,0.14473600442671572,0.9801116985053295,0,Instructed
558,158,0,0.7988009425966023,0.6607021482060614,0,Instructed
559,159,0,0.46162109575378135,0.6001197198761905,0,Instructed
560,160,0,0.21198423044538517,0.6392226790559798,0,Instructed
561,161,0,0.29700745119263255,0.5080288506910691,0,Instructed
562,162,0,0.5044336170725238,0.7841132966093505,0,Instructed
563,163,0,0.6304767566792535,0.547722120944053,0,Instructed
564,164,0,0.09609538599389048,0.8741204722541858,0,Instructed
565,165,0,0.10627315594778869,0.4842663566424221,0,Instructed
566,166,0,0.4270787930839509,0.39071067998235076,0,Instructed
567,167,0,0.3581223218415832,0.5386446380168657,0,Instructed
568,168,0,0.9950987873790458,0.385909183471765,0,Instructed
569,169,0,0.1651517625074213,0.7185204078686013,0,Instructed
570,170,0,0.48865129507361876,0.5674767424800546,0,Instructed
571,171,0,0.20585199622501618,0.5713299020699016,0,Instructed
572,172,0,0.17644182715069057,0.7808786265628347,0,Instructed
573,173,0,0.9805212616301127,0.677077688896847,0,Instructed
574,174,0,0.143054762040469,0.8009269068175047,0,Instructed
575,175,0,0.5468884661914363,0.854745744606991,0,Instructed
576,176,0,0.5998851976445898,0.7614942284526882,0,Instructed
577,177,0,0.060412161507315515,0.4945057265118963,0,Instructed
578,178,0,0.6318358581951483,0.5516542566712392,0,Instructed
579,179,0,0.22715698838585008,0.7080793472850708,0,Instructed
580,180,0,0.5655428609342203,0.6771393076315999,0,Instructed
581,181,0,0.6615917801883145,0.5105364167321338,0,Instructed
582,182,0,0.07339734645972072,0.6459997377602182,0,Instructed
583,183,0,0.33785474205805477,0.8700967859183659,0,Instructed
584,184,0,0.30915607723990185,1.001942919093031,0,Instructed
585,185,0,0.8156632707262688,1.011854347435837,0,Instructed
586,186,0,0.4543931485457614,0.47379273690393026,0,Instructed
587,187,0,0.9079201060549649,0.44918886163851807,0,Instructed
588,188,0,0.8233107265445652,0.7003786543118797,0,Instructed
589,189,0,0.3462670975288416,0.696773950997567,0,Instructed
590,190,0,0.8172068215601117,0.4420404045440279,0,Instructed
591,191,0,0.4556317056656779,0.4297187524808768,0,Instructed
592,192,0,0.7481262693884357,0.9477805198848338,0,Instructed
593,193,0,0.39387890342763754,0.9507294692304964,0,Instructed
594,194,0,0.4222495393432181,0.5417114450129445,0,Instructed
595,195,0,0.5443045287429982,0.5421175155109784,0,Instructed
596,196,0,0.9855816498932395,0.6742154984226421,0,Instructed
597,197,0,0.5365828248392628,0.7829050672585627,0,Instructed
598,198,0,0.16769767619043777,0.8620984568551555,0,Instructed
599,199,0,0.0021251102667706094,0.646714198237629,0,Instructed
600,0,0,0.5893863297345012,0.7477197432447356,1,Blocked
601,1,0,0.6287213457385514,0.7818256415362013,1,Blocked
602,2,0,0.5212153081562388,0.6453127780394259,1,Blocked
603,3,0,0.49581097734036483,0.7771954231347086,1,Blocked
604,4,0,0.27767375606320605,0.8132195534288946,1,Blocked
605,5,0,0.05538784296952125,0.6086289400359568,1,Blocked
606,6,0,0.204417281733764,0.5172607191414507,1,Blocked
607,7,0,0.8653617475815927,0.39263507236382367,1,Blocked
608,8,0,0.5816465159460281,0.6513514263105225,1,Blocked
609,9,0,0.8494077777749733,0.5185400334424095,1,Blocked
610,10,0,0.2678344484856863,0.5014019504355961,1,Blocked
611,11,0,0.5133770996008368,0.7877499236015211,1,Blocked
612,12,0,0.878024315026304,0.6085535546045695,1,Blocked
613,13,0,0.22944511593280636,0.846261851334849,1,Blocked
614,14,0,0.9768386820148813,0.4384286757567263,1,Blocked
615,15,0,0.5090502589325734,0.5971571211303022,1,Blocked
616,16,0,0.4800795471990316,0.7050820183671851,1,Blocked
617,17,0,0.18669225742769452,0.789477136885294,1,Blocked
618,18,0,0.9470272505929271,0.5231471736208937,1,Blocked
619,19,0,0.7242424280650551,0.6085632235699359,1,Blocked
620,20,0,0.030895494656519494,0.7156148076449553,1,Blocked
621,21,0,0.8193182646592616,0.815067401638867,1,Blocked
622,22,0,0.9640792601188226,0.5306548526018979,1,Blocked
623,23,0,0.20013099883283186,0.540445488989743,1,Blocked
624,24,0,0.5065168043634912,0.6926732490903489,1,Blocked
625,25,0,0.8331716862753027,0.5973255848052992,1,Blocked
626,26,0,0.9464188654918495,0.5518758259389905,1,Blocked
627,27,0,0.48177890321804184,0.7389983123405126,1,Blocked
628,28,0,0.9779600235685479,0.7194283710425036,1,Blocked
629,29,0,0.44789779616972775,0.8153635513620914,1,Blocked
630,30,0,0.5012566764052211,0.6610125046123296,1,Blocked
631,31,0,0.5454238620550059,0.9070617285389648,1,Blocked
632,32,0,0.06309507022823363,0.7739241862874826,1,Blocked
633,33,0,0.9004402413448727,0.5208421503746666,1,Blocked
634,34,0,0.710026573374421,0.48779260527544965,1,Blocked
635,35,0,0.2579434691939918,0.6226495050310833,1,Blocked
636,36,0,0.5124569330872643,0.9270945759729388,1,Blocked
637,37,0,0.21278459875282624,0.8612091872680248,1,Blocked
638,38,0,0.5031920440830007,0.669370762882852,1,Blocked
639,39,0,0.8569143375144133,0.45322958338383534,1,Blocked
640,40,0,0.35276615510134507,0.45564779866284477,1,Blocked
641,41,0,0.7042169844307385,0.5909643320105483,1,Blocked
642,42,0,0.0471813802442578,0.6562857323460687,1,Blocked
643,43,0,0.5577142045681588,0.566445248468169,1,Blocked
644,44,0,0.13879491901975682,0.5039821197407484,1,Blocked
645,45,0,0.8006020580459096,0.6601875716510217,1,Blocked
646,46,0,0.4506464092081418,0.4909352228811078,1,Blocked
647,47,0,0.452780472828054,0.4430969413096568,1,Blocked
648,48,0,0.15591160787074274,0.7375497216899879,1,Blocked
649,49,0,0.7880283073139626,0.596810463835048,1,Blocked
650,50,0,0.7295053768204119,0.6580398018669869,1,Blocked
651,51,0,0.07615875641095132,0.7351364596554009,1,Blocked
652,52,0,0.2692414228760833,1.0042773766678146,1,Blocked
653,53,0,0.001320857436686099,0.9260743255082853,1,Blocked
654,54,0,0.4216361955843619,0.7521582689073789,1,Blocked
655,55,0,0.39209685677794687,0.9855057699230874,1,Blocked
656,56,0,0.17955111543512597,0.9846148866987439,1,Blocked
657,57,0,0.12391892687415601,0.9249217640785171,1,Blocked
658,58,0,0.5212272849308932,0.6412602568039417,1,Blocked
659,59,0,0.49412823473686235,0.5980233822377387,1,Blocked
660,60,0,0.9010920152643789,0.7421063751633479,1,Blocked
661,61,0,0.5918331149927593,0.5585242634349193,1,Blocked
662,62,0,0.5630143437004916,0.6321854201115538,1,Blocked
663,63,0,0.27218709325533286,0.6396060938952646,1,Blocked
664,64,0,0.5190720949412305,0.5835161731289853,1,Blocked
665,65,0,0.5337385384358162,0.6190256415235232,1,Blocked
666,66,0,0.3228009782257824,0.6594173738014785,1,Blocked
667,67,0,0.4766161032432113,0.5922849570995177,1,Blocked
668,68,0,0.5153197689439116,0.4446189584180956,1,Blocked
669,69,0,0.49806328920576737,0.6574123409772861,1,Blocked
670,70,0,0.3773181222966722,0.6541623662601256,1,Blocked
671,71,0,0.8807113195627823,0.6684091501984171,1,Blocked
672,72,0,0.14774234623952287,0.876696575174221,1,Blocked
673,73,0,0.8944213572950288,0.770878335327066,1,Blocked
674,74,0,0.44791997904658043,0.5016008188192356,1,Blocked
675,75,0,0.5557581965301546,0.5733854995612038,1,Blocked
676,76,0,0.4377853262664535,0.6391586699497447,1,Blocked
677,77,0,0.06422828756365374,0.5855544306406701,1,Blocked
678,78,0,0.5119379560010023,0.46830756138410023,1,Blocked
679,79,0,0.1707243269501167,0.7067977357154743,1,Blocked
680,80,0,0.5837797867190467,0.7539964132747204,1,Blocked
681,81,0,0.21352696476784352,0.8777363076461524,1,Blocked
682,82,0,0.016999512763432784,0.6986448563337785,1,Blocked
683,83,0,0.2312996843283899,0.4856617452683345,1,Blocked
684,84,0,0.9931568057008355,0.7187189833694094,1,Blocked
685,85,0,0.825228032585791,0.8595834977184007,1,Blocked
686,86,0,0.2121261019336139,0.8577037596800339,1,Blocked
687,87,0,0.9807728457083553,0.7895855329333039,1,Blocked
688,88,0,0.5569304267444898,0.8855440360306399,1,Blocked
689,89,0,0.9989362387047889,1.0023850108284509,1,Blocked
690,90,0,0.650443282444652,0.5546327472169508,1,Blocked
691,91,0,0.03346794990128881,0.8041178165559542,1,Blocked
692,92,0,0.020727523332474747,0.5485770236108741,1,Blocked
693,93,0,0.6947982047604714,0.3914284738366272,1,Blocked
694,94,0,0.3500643766602907,0.49509115129393394,1,Blocked
695,95,0,0.9258489297422224,0.6090414071957275,1,Blocked
696,96,0,0.8489007747941284,0.47388230016097577,1,Blocked
697,97,0,0.928196252289848,0.6061017263007579,1,Blocked
698,98,0,0.35611172043898076,0.520573384308975,1,Blocked
699,99,0,0.29239951406426834,0.7768849891865526,1,Blocked
700,100,0,0.0003687276196058532,0.9649195469902487,1,Blocked
701,101,0,0.10212138672005912,1.0233306349668618,1,Blocked
702,102,0,0.009836187558845532,0.790895937828773,1,Blocked
703,103,0,0.30518896848047816,0.7803210712693008,1,Blocked
704,104,0,0.45130937874216487,0.7355436297166407,1,Blocked
705,105,0,0.33298757527393724,0.6947734976863843,1,Blocked
706,106,0,0.6738475064218328,0.5222483792039398,1,Blocked
707,107,0,0.9509894887059538,0.5969540116278109,1,Blocked
708,108,0,0.7545523458352152,0.5752399384941398,1,Blocked
709,109,0,0.28084429203753764,0.6643110337010336,1,Blocked
710,110,0,0.8265051291367772,0.46461943455678745,1,Blocked
711,111,0,0.5526887181751008,0.4931101200612579,1,Blocked
712,112,0,0.8949349205856945,0.6295105731881583,1,Blocked
713,113,0,0.6183442077194786,0.5018638512672924,1,Blocked
714,114,0,0.09085089190628286,0.8354352707993251,1,Blocked
715,115,0,0.3563018023052476,0.805826308053542,1,Blocked
716,116,0,0.0022882701193850667,0.8275592664584466,1,Blocked
717,117,0,0.7032099434430134,0.5679633376317019,1,Blocked
718,118,0,0.4948059234222769,0.6665192774374709,1,Blocked
719,119,0,0.8892038269236036,0.7034872384932571,1,Blocked
720,120,0,0.0010062589066500737,1.1417859200302383,1,Blocked
721,121,0,0.49063291477372395,0.7688426455007744,1,Blocked
722,122,0,0.9877725560053872,0.6778554373928365,1,Blocked
723,123,0,0.3570971751570962,0.602408564298644,1,Blocked
724,124,0,0.5560075963432394,0.5003841212782971,1,Blocked
725,125,0,0.03766479970565702,0.6939753924992702,1,Blocked
726,126,0,0.5031983784502883,0.6565887676411759,1,Blocked
727,127,0,0.5844536852127492,0.47602390468298594,1,Blocked
728,128,0,0.4540963007366203,0.5249363027848309,1,Blocked
729,129,0,0.9418335442895673,0.37078148561393576,1,Blocked
730,130,0,0.40665221300612664,0.5187131897477102,1,Blocked
731,131,0,0.5548491108701215,0.6390158537122416,1,Blocked
732,132,0,0.3264173931871874,0.4603989013067954,1,Blocked
733,133,0,0.7879068482423516,0.5208998803820717,1,Blocked
734,134,0,0.25980762811337843,0.7461960122327085,1,Blocked
735,135,0,0.16171724922641348,0.5546836619646387,1,Blocked
736,136,0,0.6390581366026904,0.5393199910603941,1,Blocked
737,137,0,0.2965854209781804,0.9340853885741077,1,Blocked
738,138,0,0.5153406787750814,0.6337491331903699,1,Blocked
739,139,0,0.7804437813624787,0.7187096648098323,1,Blocked
740,140,0,0.4296320816546994,1.0535845095040486,1,Blocked
741,141,0,0.5017503619442533,0.8967901736154693,1,Blocked
742,142,0,0.5632163645809031,0.3983656389588226,1,Blocked
743,143,0,0.4971125386081239,0.49230346749950926,1,Blocked
744,144,0,0.47855979425393264,0.47639607548446306,1,Blocked
745,145,0,0.45407030891424016,0.8193747831410755,1,Blocked
746,146,0,0.9332888349900907,0.6429483723216176,1,Blocked
747,147,0,0.824619185281566,0.6451705614296226,1,Blocked
748,148,0,0.20766636086014129,0.6447651629887987,1,Blocked
749,149,0,0.3707398371301144,0.6031274032323328,1,Blocked
750,150,0,0.4042055231477164,0.4590425489739481,1,Blocked
751,151,0,0.6479105666217985,0.5213425920854572,1,Blocked
752,152,0,0.20350781849929553,0.5210479724808406,1,Blocked
753,153,0,0.43073860531433456,0.6657108643800813,1,Blocked
754,154,0,0.2349035050628079,0.836118625610855,1,Blocked
755,155,0,0.21644153227835503,0.8885137619138226,1,Blocked
756,156,0,0.9658488663809013,0.6962015031740192,1,Blocked
757,157,0,0.17702847050626166,0.8725637267956844,1,Blocked
758,158,0,0.5273534462378235,0.7142825258599605,1,Blocked
759,159,0,0.7051509280649604,0.7933326693572827,1,Blocked
760,160,0,0.6046795841244689,0.7956964768445476,1,Blocked
761,161,0,0.43060720389282064,0.8744423025525598,1,Blocked
762,162,0,0.002078491223186536,0.9362149053118822,1,Blocked
763,163,0,0.9676168991971101,0.7033268227481172,1,Blocked
764,164,0,0.7304436242416488,0.5528293081068572,1,Blocked
765,165,0,0.8237945324882138,0.719904700859854,1,Blocked
766,166,0,0.5440335394575109,0.9546708577087893,1,Blocked
767,167,0,0.5116025809147033,0.8678598590164961,1,Blocked
768,168,0,0.9904216437110442,0.4529122727052793,1,Blocked
769,169,0,0.10202100590343544,0.6278109458602883,1,Blocked
770,170,0,0.5756497015298984,0.6245310617958746,1,Blocked
771,171,0,0.13553914571504708,0.6117097021033819,1,Blocked
772,172,0,0.4049404036112749,0.7107789600527473,1,Blocked
773,173,0,0.5379618077873783,0.8269336540742861,1,Blocked
774,174,0,0.5914806967367202,0.6642296073919738,1,Blocked
775,175,0,0.36088339646792267,0.4417643950213632,1,Blocked
776,176,0,0.9558536512798317,0.7721813284730868,1,Blocked
777,177,0,0.32423534921773395,0.603225849832284,1,Blocked
778,178,0,0.6571561530007242,0.6548195313804137,1,Blocked
779,179,0,0.5472286065726997,0.5794908271340281,1,Blocked
780,180,0,0.8032381381711429,0.5253645967492226,1,Blocked
781,181,0,0.05869799163359742,0.6798263046859372,1,Blocked
782,182,0,0.5542840679182769,0.5560304973108914,1,Blocked
783,183,0,0.010133184373970637,0.719725141133438,1,Blocked
784,184,0,0.48619158172372123,0.8701784157949987,1,Blocked
785,185,0,0.5215054465692204,0.8295354154565742,1,Blocked
786,186,0,0.4998619382542313,1.522105994926038,1,Blocked
787,187,0,0.7051665132514389,0.7201087313478293,1,Blocked
788,188,0,0.6781854393096858,0.7164614212072888,1,Blocked
789,189,0,0.5363662181681876,0.791129775256159,1,Blocked
790,190,0,0.47792095866915385,0.9503792914855633,1,Blocked
791,191,0,0.9147989967644288,0.45615299858984526,1,Blocked
792,192,0,0.50482001807811,0.7453724439060994,1,Blocked
793,193,0,0.4782745776179015,0.8967850516795497,1,Blocked
794,194,0,0.11143193522276727,0.8682773192247188,1,Blocked
795,195,0,0.5920438919978571,0.5914883178581651,1,Blocked
796,196,0,0.5489960765249355,0.5904690940225112,1,Blocked
797,197,0,0.31056001253765564,0.8014328709811089,1,Blocked
798,198,0,0.08509725977883911,0.8106914102700711,1,Blocked
799,199,0,0.9956959210568588,0.6109447095891711,1,Blocked
800,0,0,0.8801813894353244,0.5977641074720543,1,Interleaved
801,1,0,0.04099992244249991,0.7476642831910096,1,Interleaved
802,2,0,0.5016526367463532,0.8973289586762271,1,Interleaved
803,3,0,0.463620605745665,0.8754148557152512,1,Interleaved
804,4,0,0.38800761060730105,0.8774637588264935,1,Interleaved
805,5,0,0.13160604774744772,0.8142908265229544,1,Interleaved
806,6,0,0.4742115832677456,0.7467554635013021,1,Interleaved
807,7,0,0.49804535896849234,0.7896729631141658,1,Interleaved
808,8,0,0.49210517993739483,0.880475209470883,1,Interleaved
809,9,0,0.27751787244718595,0.726768498115273,1,Interleaved
810,10,0,0.034630629736782326,0.7593099562906711,1,Interleaved
811,11,0,0.9436682328561848,0.6312548020234562,1,Interleaved
812,12,0,0.7961781613334836,0.39911476744019914,1,Interleaved
813,13,0,0.02223416731889985,0.6360219095191338,1,Interleaved
814,14,0,0.5059710011592289,0.5539816027825408,1,Interleaved
815,15,0,0.44830601069533377,0.5770395060662543,1,Interleaved
816,16,0,0.5100888033959117,0.6404851037159783,1,Interleaved
817,17,0,0.8113193203922889,0.5250394383605779,1,Interleaved
818,18,0,0.4524083667022084,0.40406824069413144,1,Interleaved
819,19,0,0.5264810498722164,0.5411619346826742,1,Interleaved
820,20,0,0.4999964910690684,0.7812204966008465,1,Interleaved
821,21,0,0.35327479111588855,0.7874013479216924,1,Interleaved
822,22,0,0.4991501631069511,0.7594748719370138,1,Interleaved
823,23,0,0.804817782327494,0.6653718722343885,1,Interleaved
824,24,0,0.20663641708561195,0.776347607865109,1,Interleaved
825,25,0,0.333521970474322,0.5866278644410967,1,Interleaved
826,26,0,0.9437234923158071,0.7225214252541828,1,Interleaved
827,27,0,0.9910746956457914,0.6633651865572707,1,Interleaved
828,28,0,0.5603510806697141,0.6080909075648874,1,Interleaved
829,29,0,0.7871030438478562,0.59119329571482,1,Interleaved
830,30,0,0.3994004734171258,0.5745703330306784,1,Interleaved
831,31,0,0.0266064464773135,0.6652840032203147,1,Interleaved
832,32,0,0.08395914132261026,0.6296426910071216,1,Interleaved
833,33,0,0.0051868431925780984,1.0090269177956788,1,Interleaved
834,34,0,0.5044361541356432,1.107367173536829,1,Interleaved
835,35,0,0.9953127887804081,0.6984260777414677,1,Interleaved
836,36,0,0.15537551826471133,0.5871369861445278,1,Interleaved
837,37,0,0.5314135777600455,0.6882635193138331,1,Interleaved
838,38,0,0.1744420887282947,0.5460706097467906,1,Interleaved
839,39,0,0.15993159969988432,0.4825997225720482,1,Interleaved
840,40,0,0.19646924162915017,0.7784688263360908,1,Interleaved
841,41,0,0.40883621959909283,0.6013162569193725,1,Interleaved
842,42,0,0.7350871648157531,0.5546015957926409,1,Interleaved
843,43,0,0.04537748646077711,0.7272091694949967,1,Interleaved
844,44,0,0.4449419501917449,0.6567174667211918,1,Interleaved
845,45,0,0.2312130923189578,0.435060063958125,1,Interleaved
846,46,0,0.902775561855732,0.7324464787853939,1,Interleaved
847,47,0,0.00024942954280058726,1.4352894903032851,1,Interleaved
848,48,0,0.4898356187704271,0.7977057767170523,1,Interleaved
849,49,0,0.5802070545502604,0.5735972869180037,1,Interleaved
850,50,0,0.09292447116807834,0.5822052599771561,1,Interleaved
851,51,0,0.8407523999788502,0.6875888824195419,1,Interleaved
852,52,0,0.7624636210666498,0.4393267505437396,1,Interleaved
853,53,0,0.1424652498700673,0.6647424086590239,1,Interleaved
854,54,0,0.40874524558563907,0.6659865605373037,1,Interleaved
855,55,0,0.11143145284488483,0.6434838609908942,1,Interleaved
856,56,0,0.8043036338480428,0.4963513707943711,1,Interleaved
857,57,0,0.5592418764411139,0.729776905552231,1,Interleaved
858,58,0,0.265392642548561,0.5891121483533601,1,Interleaved
859,59,0,0.9217301319466585,0.6611248605960702,1,Interleaved
860,60,0,0.32686399471201993,0.6849738787112742,1,Interleaved
861,61,0,0.5021850632139505,0.6795164666072677,1,Interleaved
862,62,0,0.7094400080758997,0.5805438400873717,1,Interleaved
863,63,0,0.6202729514031532,0.7219383462792168,1,Interleaved
864,64,0,0.903381298469924,0.7230238865890164,1,Interleaved
865,65,0,0.571686985417007,0.733913472522685,1,Interleaved
866,66,0,0.3726798990249341,0.7650015302291818,1,Interleaved
867,67,0,0.9338813395516252,0.7212000738473452,1,Interleaved
868,68,0,0.43764830270537636,0.5396694607821735,1,Interleaved
869,69,0,0.005530198715688918,0.8405210007248224,1,Interleaved
870,70,0,0.5469259391470249,0.8240146487592317,1,Interleaved
871,71,0,0.21987828965430256,0.8688286027056725,1,Interleaved
872,72,0,0.4958565158030551,0.788404664453121,1,Interleaved
873,73,0,0.7840637040409193,0.8971273612866749,1,Interleaved
874,74,0,0.5000005894570972,1.276799882320164,1,Interleaved
875,75,0,0.009955350761306974,0.8202525901690836,1,Interleaved
876,76,0,0.6075526816697348,0.6737484135432856,1,Interleaved
877,77,0,0.29377110966514786,0.5992586307961056,1,Interleaved
878,78,0,0.7559360841174959,0.6611816415012995,1,Interleaved
879,79,0,0.965539187712692,0.6650278908196243,1,Interleaved
880,80,0,0.17027967814235107,0.7918976400851305,1,Interleaved
881,81,0,0.8309079766942359,0.6975539394554083,1,Interleaved
882,82,0,0.5123917312400975,0.9094831895698041,1,Interleaved
883,83,0,0.7858418756380892,0.7558773556307349,1,Interleaved
884,84,0,0.8129734685160092,0.6935855803478147,1,Interleaved
885,85,0,0.8892085002154443,0.718554116025428,1,Interleaved
886,86,0,0.3842254608925156,0.737277957366063,1,Interleaved
887,87,0,0.2178306221425691,0.6940627422794906,1,Interleaved
888,88,0,0.5089342726784731,0.5128038705702375,1,Interleaved
889,89,0,0.8293456693394445,0.5200253941313693,1,Interleaved
890,90,0,0.39265896156538505,0.7702212065939452,1,Interleaved
891,91,0,0.49375137894030663,0.6464974578420278,1,Interleaved
892,92,0,0.33550246689877483,0.7190218037081285,1,Interleaved
893,93,0,0.2939973371273907,0.6263889310643738,1,Interleaved
894,94,0,0.5190455599751038,0.5707466135652023,1,Interleaved
895,95,0,0.12470525569539248,0.8546665812114488,1,Interleaved
896,96,0,0.6006457157997643,0.8287206366322415,1,Interleaved
897,97,0,0.42740147477012513,0.7346539615608247,1,Interleaved
898,98,0,0.6286284989886353,0.6824180296011423,1,Interleaved
899,99,0,0.2192492238675392,0.9387929559677631,1,Interleaved
900,100,0,0.4999605176769908,0.673597030022006,1,Interleaved
901,101,0,0.5467590660271587,0.5473889990691289,1,Interleaved
902,102,0,0.4809593966367135,0.5990614076767606,1,Interleaved
903,103,0,0.4938197054029321,0.5746680232038315,1,Interleaved
904,104,0,0.3940714473680001,0.9256321022941056,1,Interleaved
905,105,0,0.0013488990366543534,0.8089348227519968,1,Interleaved
906,106,0,0.5117684659320106,0.5897915600293212,1,Interleaved
907,107,0,0.8234002984782836,0.5393637015144036,1,Interleaved
908,108,0,0.6999820630594222,0.6382382521634933,1,Interleaved
909,109,0,0.44656397481449667,0.733659055313648,1,Interleaved
910,110,0,0.4947852544161077,0.9068741684739234,1,Interleaved
911,111,0,0.5214762701822975,0.6675496356714292,1,Interleaved
912,112,0,0.16051810994493987,0.5396004898773468,1,Interleaved
913,113,0,0.4627783175742714,0.601313100810196,1,Interleaved
914,114,0,0.3918510564935893,0.8251622302503476,1,Interleaved
915,115,0,0.044195537667114856,0.7181137244952722,1,Interleaved
916,116,0,0.04911930062049315,0.6665695891690908,1,Interleaved
917,117,0,0.3320914082963485,0.6563601062071724,1,Interleaved
918,118,0,0.3755370863109757,0.5191143606435793,1,Interleaved
919,119,0,0.7048095449033082,0.7231399785991275,1,Interleaved
920,120,0,0.44449103098019743,0.6813234470589966,1,Interleaved
921,121,0,0.46519066669283105,0.8962266320444132,1,Interleaved
922,122,0,0.5552709583266427,0.7868006239957477,1,Interleaved
923,123,0,0.4184945488717404,0.8857936871048584,1,Interleaved
924,124,0,0.7454897162757431,0.7383692330833762,1,Interleaved
925,125,0,0.19267076137658629,0.8405487671059118,1,Interleaved
926,126,0,0.6943997836999494,0.5799350059127657,1,Interleaved
927,127,0,0.32068957328450365,0.8104780768274114,1,Interleaved
928,128,0,0.4999245926191374,0.889201061416933,1,Interleaved
929,129,0,0.0501732983668353,0.7745938687577798,1,Interleaved
930,130,0,0.22317411267562337,0.9069826382023636,1,Interleaved
931,131,0,0.009655380649463833,0.9620556208035171,1,Interleaved
932,132,0,0.4421335085144259,0.7064843128260578,1,Interleaved
933,133,0,0.4420825833472553,0.7344420917838461,1,Interleaved
934,134,0,0.5287260650317789,0.7815192931853024,1,Interleaved
935,135,0,0.5219185866356538,0.675405160283788,1,Interleaved
936,136,0,0.5523102184618064,0.5565786803923589,1,Interleaved
937,137,0,0.4930788052687803,0.6847893398241329,1,Interleaved
938,138,0,0.4975587482791031,0.9007315452845501,1,Interleaved
939,139,0,0.5013169570523324,0.870325067647517,1,Interleaved
940,140,0,0.49957625031882347,0.5497311448146449,1,Interleaved
941,141,0,0.35863738377802146,0.725636795061366,1,Interleaved
942,142,0,0.4991573806106261,0.7776001286012303,1,Interleaved
943,143,0,0.0006613917055898206,1.111266661938323,1,Interleaved
944,144,0,0.5003279393616065,0.5536712675868571,1,Interleaved
945,145,0,0.3727822112708201,0.6290648087901809,1,Interleaved
946,146,0,0.4516631869195506,0.7431847884075448,1,Interleaved
947,147,0,0.3648942067645847,0.6762167497255076,1,Interleaved
948,148,0,0.469896837580091,0.6402223018040154,1,Interleaved
949,149,0,0.011574729130641302,0.8374123921309842,1,Interleaved
950,150,0,0.49936900678950313,0.8191497415662763,1,Interleaved
951,151,0,0.7813880243043694,0.6236445109935298,1,Interleaved
952,152,0,0.5033339945570509,0.9134778300110478,1,Interleaved
953,153,0,0.048807272805621575,0.59163430423789,1,Interleaved
954,154,0,0.08226035015240749,0.6073367897794075,1,Interleaved
955,155,0,0.8869259903278632,0.7715228042020882,1,Interleaved
956,156,0,0.9886488945648115,0.5841115741893992,1,Interleaved
957,157,0,0.22319782881578915,0.7944002762896722,1,Interleaved
958,158,0,0.40820841111385514,0.7405048490688932,1,Interleaved
959,159,0,0.06455236220655212,0.7623519360810753,1,Interleaved
960,160,0,0.026837006756967995,0.704224327318139,1,Interleaved
961,161,0,0.4712553310313506,0.9449310348684982,1,Interleaved
962,162,0,0.828020243078964,0.6359790060233365,1,Interleaved
963,163,0,0.38200427753073585,0.7818891846865867,1,Interleaved
964,164,0,0.623575772753381,0.7488452525967464,1,Interleaved
965,165,0,0.40135907269797066,0.9045189190648442,1,Interleaved
966,166,0,0.9535670267294413,0.6100340556022292,1,Interleaved
967,167,0,0.40171828045398544,0.8038972418905983,1,Interleaved
968,168,0,0.8033672791451651,0.62527757264887,1,Interleaved
969,169,0,0.47616079642347114,0.5748715325199403,1,Interleaved
970,170,0,0.8091074484265599,0.5719589669646399,1,Interleaved
971,171,0,0.5003783153091738,0.7889041028128054,1,Interleaved
972,172,0,0.50002707555521,0.6383102622987511,1,Interleaved
973,173,0,0.4989374283116365,0.6539984882118699,1,Interleaved
974,174,0,0.37164420391750097,0.6045482936939544,1,Interleaved
975,175,0,0.25301236686358947,0.8001563930232563,1,Interleaved
976,176,0,0.6097307850598556,0.7065147049130378,1,Interleaved
977,177,0,0.9268750657708806,0.4042683968191288,1,Interleaved
978,178,0,0.48529723478022874,0.9016714750119452,1,Interleaved
979,179,0,0.4918902801064028,0.6040972736721659,1,Interleaved
980,180,0,0.11833642429261233,0.7669225667067957,1,Interleaved
981,181,0,0.6702145113391538,0.7320728846998046,1,Interleaved
982,182,0,0.9022217499106604,0.8034442499681547,1,Interleaved
983,183,0,0.49461925750788,0.8777719101306415,1,Interleaved
984,184,0,0.004033732338135227,0.9632617986804932,1,Interleaved
985,185,0,0.2706298296429931,1.1199358460661082,1,Interleaved
986,186,0,0.01760718804532044,1.1722277841316129,1,Interleaved
987,187,0,0.10177423016751128,1.2198690290547787,1,Interleaved
988,188,0,0.8140013729096611,0.6344968106731059,1,Interleaved
989,189,0,0.5255528361758196,0.6436585288153736,1,Interleaved
990,190,0,0.5104216419925751,0.7518750059995651,1,Interleaved
991,191,0,0.9735243615704968,0.8647461029242101,1,Interleaved
992,192,0,0.4310440671836974,0.8563575608612888,1,Interleaved
993,193,0,0.9612695799823004,0.7131693305476168,1,Interleaved
994,194,0,0.6687656772037187,0.528103980151218,1,Interleaved
995,195,0,0.48944723432882525,0.7733280797495632,1,Interleaved
996,196,0,0.16049478589155108,0.6248070625219198,1,Interleaved
997,197,0,0.8734904902430306,0.7826021084162902,1,Interleaved
998,198,0,0.012891746488410497,1.032821693475282,1,Interleaved
999,199,0,0.019303939507256996,0.8366828006317821,1,Interleaved
1000,0,0,0.6377365911254494,0.9888790917377839,1,Instructed
1001,1,0,0.49525853133840925,1.1616750375058889,1,Instructed
1002,2,0,0.8121171701559301,0.8835107111607581,1,Instructed
1003,3,0,0.47462771485856386,1.355156325990472,1,Instructed
1004,4,0,0.10418432235575875,0.9519503084456384,1,Instructed
1005,5,0,0.8169218364131743,0.9151809682341487,1,Instructed
1006,6,0,0.6030859134771076,0.9105400018404513,1,Instructed
1007,7,0,0.2036347568532353,0.8696553786840067,1,Instructed
1008,8,0,0.4589126020543843,0.5715383705865699,1,Instructed
1009,9,0,0.4486388787805429,0.6528110685891337,1,Instructed
1010,10,0,0.8962275083980722,0.6095309032993286,1,Instructed
1011,11,0,0.515112889433455,0.6108450326286315,1,Instructed
1012,12,0,0.07109119788148385,0.8324626800403732,1,Instructed
1013,13,0,0.5039823297518905,0.6720967990174946,1,Instructed
1014,14,0,0.2744817261475919,0.6967451646584728,1,Instructed
1015,15,0,0.05410702416542845,0.6556088175610991,1,Instructed
1016,16,0,0.7174367429667806,0.5938101092241225,1,Instructed
1017,17,0,0.5180133740410714,0.7346593098400003,1,Instructed
1018,18,0,0.6195703268767517,0.6304228285617842,1,Instructed
1019,19,0,0.32834456343676044,0.509476742261949,1,Instructed
1020,20,0,0.6634417635127302,0.5756024730941928,1,Instructed
1021,21,0,0.7094774792750016,0.5470535685174638,1,Instructed
1022,22,0,0.4380088833990864,0.755083424945725,1,Instructed
1023,23,0,0.46694712214260475,0.9232704324289895,1,Instructed
1024,24,0,0.4146880860281007,0.9260537593871673,1,Instructed
1025,25,0,0.5568102238809959,0.9093059466601214,1,Instructed
1026,26,0,0.5927029671649783,1.0958491894034794,1,Instructed
1027,27,0,0.4067268748215984,0.7493713325852118,1,Instructed
1028,28,0,0.15618852527727964,1.0281003149648382,1,Instructed
1029,29,0,0.4841044044663935,0.8823301134003463,1,Instructed
1030,30,0,0.49653243142602477,0.8052856120030344,1,Instructed
1031,31,0,0.15304158549296662,0.7753356359936379,1,Instructed
1032,32,0,0.5750075588230182,0.6414244379145672,1,Instructed
1033,33,0,0.775807252205672,0.6835950337077643,1,Instructed
1034,34,0,0.026464390073841885,0.815464776436562,1,Instructed
1035,35,0,0.5095715698085971,0.7261157890394279,1,Instructed
1036,36,0,0.5030028448777155,0.7939978978172364,1,Instructed
1037,37,0,0.4414046072829282,0.8309305493597294,1,Instructed
1038,38,0,0.8372480903403352,0.9690545384930904,1,Instructed
1039,39,0,0.5000059932823486,3.0586653678490485,1,Instructed
1040,40,0,0.02458643652082917,0.9814996374836793,1,Instructed
1041,41,0,0.4961418314037784,1.050670152949928,1,Instructed
1042,42,0,0.999999994913668,3.7439166912352464,1,Instructed
1043,43,0,0.665970682973823,0.6639755637878989,1,Instructed
1044,44,0,0.45986644272186966,0.6728649218176295,1,Instructed
1045,45,0,0.5212321194839543,0.5855049906720681,1,Instructed
1046,46,0,0.9862740941484955,0.6139370283486236,1,Instructed
1047,47,0,0.7573976593589129,0.5954522038882928,1,Instructed
1048,48,0,0.5062762732177828,0.6317639421907929,1,Instructed
1049,49,0,0.3459328774920256,0.6119952900279215,1,Instructed
1050,50,0,0.9606176931422071,0.8239386032566427,1,Instructed
1051,51,0,0.7255301023224325,0.7570854596885565,1,Instructed
1052,52,0,0.6450444471291681,0.9194789166863716,1,Instructed
1053,53,0,0.999943188409075,1.4964629310851099,1,Instructed
1054,54,0,0.3359829515400467,0.7431866691265832,1,Instructed
1055,55,0,0.9769533093536729,0.7241298774805327,1,Instructed
1056,56,0,0.6009376629605331,0.9376526145749247,1,Instructed
1057,57,0,0.1880259306054855,0.917270963645922,1,Instructed
1058,58,0,0.9401923342079237,0.9183057789792257,1,Instructed
1059,59,0,0.23973575633213762,0.7030625013779108,1,Instructed
1060,60,0,0.9213671700354111,0.6311393314645575,1,Instructed
1061,61,0,0.999899187596139,0.868061554627201,1,Instructed
1062,62,0,0.3375106695859073,0.6302098989504402,1,Instructed
1063,63,0,0.5737725712479879,0.5999096585107266,1,Instructed
1064,64,0,0.3846655364719066,0.5667249552367608,1,Instructed
1065,65,0,0.46454491441740886,0.575924735151317,1,Instructed
1066,66,0,0.19298657815743184,0.592812346396066,1,Instructed
1067,67,0,0.5701699668964413,0.6593529859759757,1,Instructed
1068,68,0,0.49411658116099616,0.6479974431888011,1,Instructed
1069,69,0,0.8874882433101028,0.5774846295936462,1,Instructed
1070,70,0,0.3828345961198657,0.5425321736336977,1,Instructed
1071,71,0,0.641828581439436,0.4820275454943896,1,Instructed
1072,72,0,0.08112608882205585,0.6809377465464199,1,Instructed
1073,73,0,0.9976922266078974,0.8006121988762422,1,Instructed
1074,74,0,0.005539177016898986,0.6927359375073048,1,Instructed
1075,75,0,0.46991604215177774,0.5216661328452379,1,Instructed
1076,76,0,0.453544954118334,0.5149728512638267,1,Instructed
1077,77,0,0.5464050446934232,0.5239503435552872,1,Instructed
1078,78,0,0.9677142493394348,0.6524906316045773,1,Instructed
1079,79,0,0.2321606892923814,0.6515502323421707,1,Instructed
1080,80,0,0.3645794370382842,0.7206612486949163,1,Instructed
1081,81,0,0.5639674504710586,0.6145026760868788,1,Instructed
1082,82,0,0.9907697188440032,0.6427440569298453,1,Instructed
1083,83,0,0.11317034574729315,0.7451358940042071,1,Instructed
1084,84,0,0.5449005425267713,0.8884419234420164,1,Instructed
1085,85,0,0.7843556342472373,0.6396534143458639,1,Instructed
1086,86,0,0.35123387886794966,0.7242521544616342,1,Instructed
1087,87,0,0.29632114846210095,0.5257715953413908,1,Instructed
1088,88,0,0.6981916757452791,0.7446634885166045,1,Instructed
1089,89,0,0.4898134367420725,0.5749660409252745,1,Instructed
1090,90,0,0.4469977923004384,0.6584793112124785,1,Instructed
1091,91,0,0.46847474367407943,0.6131628637415181,1,Instructed
1092,92,0,0.25746709292933734,0.7546840770291419,1,Instructed
1093,93,0,0.010940582510432105,0.7443454762734723,1,Instructed
1094,94,0,0.015762493990215735,0.7766306124916238,1,Instructed
1095,95,0,0.27966191250830075,0.6785355456282592,1,Instructed
1096,96,0,0.7653706944767313,0.5540207976834777,1,Instructed
1097,97,0,0.5472576243441895,0.6756809299392951,1,Instructed
1098,98,0,0.49875001198757374,1.0009573367669033,1,Instructed
1099,99,0,0.500731889754792,0.7568061617590973,1,Instructed
1100,100,0,0.8701108000586075,0.6266674799551903,1,Instructed
1101,101,0,0.9652652607478159,0.4323643352744556,1,Instructed
1102,102,0,0.38995369528324536,0.5442504455368604,1,Instructed
1103,103,0,0.9701788156334417,0.5453149264544584,1,Instructed
1104,104,0,0.49389138035798497,0.7556077877691496,1,Instructed
1105,105,0,0.2690829923645509,0.6861916616130581,1,Instructed
1106,106,0,0.5764520873719795,0.6180425880928665,1,Instructed
1107,107,0,0.5193971408089371,0.5883044852361521,1,Instructed
1108,108,0,0.8753143241841851,0.5636401855357667,1,Instructed
1109,109,0,0.4655246913312251,0.6216779699922239,1,Instructed
1110,110,0,0.12249591885106928,0.5256949558380544,1,Instructed
1111,111,0,0.16450326288988965,0.4734637184639977,1,Instructed
1112,112,0,0.6552050126557494,0.726859317856851,1,Instructed
1113,113,0,0.5031969290692816,0.8070442370725355,1,Instructed
1114,114,0,0.3233670190503365,0.7095487792280237,1,Instructed
1115,115,0,0.2328364340346794,0.614557513410876,1,Instructed
1116,116,0,0.5009381528888629,0.7317415386225019,1,Instructed
1117,117,0,0.5729534712321296,0.516384587461875,1,Instructed
1118,118,0,0.0001891172894268592,0.941332098093113,1,Instructed
1119,119,0,0.4907209800448267,0.5601703486658857,1,Instructed
1120,120,0,0.517235311526295,0.7093257631817464,1,Instructed
1121,121,0,0.05444855971392946,0.6717262531798447,1,Instructed
1122,122,0,0.46445666470883695,0.7874203597320875,1,Instructed
1123,123,0,0.5020586865328132,0.8561560361694571,1,Instructed
1124,124,0,0.0007680341978191622,0.8835316735181382,1,Instructed
1125,125,0,0.48864688531720246,0.7300013202600734,1,Instructed
1126,126,0,0.5399282397070504,0.7654692546269783,1,Instructed
1127,127,0,0.597942147403115,0.7812776116588154,1,Instructed
1128,128,0,0.413733542759821,0.7790996949078861,1,Instructed
1129,129,0,0.5187664963844789,0.6564627664069832,1,Instructed
1130,130,0,0.8399063713083921,0.7191628114975301,1,Instructed
1131,131,0,0.068727036453573,0.7094483405791645,1,Instructed
1132,132,0,0.8628014002855661,0.9155289819127248,1,Instructed
1133,133,0,0.5194928924180153,0.7742666584134017,1,Instructed
1134,134,0,0.576128853233796,0.5582311989227424,1,Instructed
1135,135,0,0.5188233716897837,0.5745359988582928,1,Instructed
1136,136,0,0.016412200499611083,0.7126706748444316,1,Instructed
1137,137,0,0.6103654747905357,0.6551354187839666,1,Instructed
1138,138,0,0.5328822929557612,0.8198835887958715,1,Instructed
1139,139,0,0.3287596815857941,0.7680532659497388,1,Instructed
1140,140,0,0.6099738920222737,0.8027534667122009,1,Instructed
1141,141,0,0.9958195949322166,0.9384998626849588,1,Instructed
1142,142,0,0.9278237154401082,1.0023951386577532,1,Instructed
1143,143,0,0.6095439258821884,0.7478625723380588,1,Instructed
1144,144,0,0.013389850937215252,0.8050638317594192,1,Instructed
1145,145,0,0.48275768197991875,0.5819106905187847,1,Instructed
1146,146,0,0.2021933285543,0.7957752918782274,1,Instructed
1147,147,0,0.5398420400076089,0.8359835238886802,1,Instructed
1148,148,0,0.43069179881493014,0.9688909012706772,1,Instructed
1149,149,0,0.20451710066604864,0.7697028147697051,1,Instructed
1150,150,0,0.9684851544900761,0.7576171394107628,1,Instructed
1151,151,0,0.032840155374495084,1.0086183320335098,1,Instructed
1152,152,0,0.5976715583523684,0.7097747208112444,1,Instructed
1153,153,0,0.7346494953780542,1.6012010529263276,1,Instructed
1154,154,0,0.5062345081239931,0.8170827403904006,1,Instructed
1155,155,0,0.08797162117046112,0.5311582665390581,1,Instructed
1156,156,0,0.46489052196774194,0.6408898616719323,1,Instructed
1157,157,0,0.49713654040658334,0.7798061811238999,1,Instructed
1158,158,0,0.5554157556998295,0.8266710315984931,1,Instructed
1159,159,0,0.2231374808474023,0.7334916985950362,1,Instructed
1160,160,0,0.5041517470884539,0.8906190161588758,1,Instructed
1161,161,0,0.61425255887919,0.6819987560633268,1,Instructed
1162,162,0,0.5540506109640169,0.6029830504184039,1,Instructed
1163,163,0,0.40232759440962357,0.5291064342558525,1,Instructed
1164,164,0,0.16528652798645757,0.6545016149090959,1,Instructed
1165,165,0,0.4903588751422231,0.6296576234201589,1,Instructed
1166,166,0,0.9224024209798976,0.6659271430326827,1,Instructed
1167,167,0,0.41674447568256434,0.6849378322034168,1,Instructed
1168,168,0,0.7616760050207432,0.5329739284653257,1,Instructed
1169,169,0,0.5512150462255705,0.7097492473293474,1,Instructed
1170,170,0,0.036099561181277634,1.0703538503687142,1,Instructed
1171,171,0,0.4241535089958113,1.0226404657682164,1,Instructed
1172,172,0,0.9396901082260232,0.5871266401859796,1,Instructed
1173,173,0,0.6695325184328248,0.7219058729711565,1,Instructed
1174,174,0,0.4978510989298266,0.8478028008516518,1,Instructed
1175,175,0,0.09422003928224851,0.8697687429116199,1,Instructed
1176,176,0,0.4257545827022867,0.8028251011655791,1,Instructed
1177,177,0,0.31943005886181225,0.4881956715003841,1,Instructed
1178,178,0,0.08276112233896998,0.7180488551730813,1,Instructed
1179,179,0,0.834315502984361,0.5669269795384726,1,Instructed
1180,180,0,0.8588328992113305,0.6991206538148909,1,Instructed
1181,181,0,0.1979370336095789,0.7929467008064359,1,Instructed
1182,182,0,0.4720921073031914,0.8746590399229706,1,Instructed
1183,183,0,0.49213228212992005,0.6090761271999254,1,Instructed
1184,184,0,0.4690774262135423,0.5039114128147898,1,Instructed
1185,185,0,0.883387145783932,0.43087590095226935,1,Instructed
1186,186,0,0.5080877805222918,0.931678025912057,1,Instructed
1187,187,0,0.961557523698782,0.9166364035136279,1,Instructed
1188,188,0,0.08727992986386157,1.0234668641982652,1,Instructed
1189,189,0,0.48854613402572666,0.8416540844990851,1,Instructed
1190,190,0,0.4684040607014408,0.7100154162636585,1,Instructed
1191,191,0,0.3428863164079257,0.5847714392207927,1,Instructed
1192,192,0,0.5188328756130679,0.509272423628206,1,Instructed
1193,193,0,0.021977020889239186,0.6405526037480264,1,Instructed
1194,194,0,0.951044132521278,0.47269611943977796,1,Instructed
1195,195,0,0.5803128611087741,0.4810265124926053,1,Instructed
1196,196,0,0.03872639956335361,0.6939958688241017,1,Instructed
1197,197,0,0.5018243769469627,0.9088550923586998,1,Instructed
1198,198,0,0.0796739479897168,0.6689623166557812,1,Instructed
1199,199,0,0.5976970478368528,0.7367370647317372,1,Instructed
