,t,e_hat,Accuracy,pe,batch,Condition
0,0,0,0.09934995989748169,0.6795728349918839,0,Blocked
1,1,0,0.10829743119058237,0.4915306782096888,0,Blocked
2,2,0,0.2517009892992951,0.6504810572420495,0,Blocked
3,3,0,0.16293649127681734,0.7989455534483318,0,Blocked
4,4,0,0.712772059648058,0.6649040092434384,0,Blocked
5,5,0,0.46066225630587965,0.8053849090342805,0,Blocked
6,6,0,0.6144346314433335,0.7371238841085412,0,Blocked
7,7,0,0.7674135450130779,0.590503990506126,0,Blocked
8,8,0,0.6753122673778557,0.6038665251910906,0,Blocked
9,9,0,0.5448296217629528,0.6390726798671964,0,Blocked
10,10,0,0.8454872413969119,0.575210792382246,0,Blocked
11,11,0,0.7821978971310157,0.6152718987093537,0,Blocked
12,12,0,0.7768017175618727,0.6459940713001527,0,Blocked
13,13,0,0.48462309335622,0.6420583272570266,0,Blocked
14,14,0,0.11882750150857105,0.5557217830395493,0,Blocked
15,15,0,0.9483453193038436,0.5079964596184379,0,Blocked
16,16,0,0.5318136739167258,0.5750187171984462,0,Blocked
17,17,0,0.9874519951097342,0.46274807067361917,0,Blocked
18,18,0,0.023156074956120657,0.8382063752219171,0,Blocked
19,19,0,0.7244400622403613,0.6847005189710491,0,Blocked
20,20,0,0.9113339006124974,0.6323781527478832,0,Blocked
21,21,0,0.4756927797623748,0.4713362607403373,0,Blocked
22,22,0,0.5605027561810623,0.4924515916217913,0,Blocked
23,23,0,0.9522979904970881,0.40631088068482946,0,Blocked
24,24,0,0.08969993234965122,0.8326967540005512,0,Blocked
25,25,0,0.9758968806215607,0.7313592406393766,0,Blocked
26,26,0,0.25755550627572876,0.7203589090822657,0,Blocked
27,27,0,0.39217634287857567,0.9397405274027946,0,Blocked
28,28,0,0.8061009495937117,0.821200301167446,0,Blocked
29,29,0,0.9945428093993082,0.6077138184452211,0,Blocked
30,30,0,0.5058785503039219,0.7689318816507591,0,Blocked
31,31,0,0.4836747724474685,0.7172122419710525,0,Blocked
32,32,0,0.9589324415411273,1.0987200355563662,0,Blocked
33,33,0,0.9996661117143137,0.8130665559961954,0,Blocked
34,34,0,0.8136995227130543,0.6787975650146616,0,Blocked
35,35,0,0.6985785303872879,0.5908603730459644,0,Blocked
36,36,0,0.5225436842575559,0.650967002068914,0,Blocked
37,37,0,0.7533916499436184,0.8590710955043819,0,Blocked
38,38,0,0.5095354784580247,0.7618901266728613,0,Blocked
39,39,0,0.8174299754184746,0.6065120628560603,0,Blocked
40,40,0,0.7805666261902926,0.5122770161825791,0,Blocked
41,41,0,0.49327275416811867,0.8283461880408772,0,Blocked
42,42,0,0.5024970624532914,0.816887024708902,0,Blocked
43,43,0,0.09660149481192853,0.8290563010586618,0,Blocked
44,44,0,0.31394463604714823,0.7851135314852591,0,Blocked
45,45,0,0.4908977983036085,0.8213056154860536,0,Blocked
46,46,0,0.6643915381527202,0.8161260733538922,0,Blocked
47,47,0,0.4978340512898668,0.8818805124127551,0,Blocked
48,48,0,0.4769181994746405,0.7630451369674318,0,Blocked
49,49,0,0.4898099618083667,0.6239995353201224,0,Blocked
50,50,0,0.047924823607269844,0.8084562035222556,0,Blocked
51,51,0,0.6760304355241269,0.5748575253134721,0,Blocked
52,52,0,0.32477116548430646,0.6895860609886162,0,Blocked
53,53,0,0.2074194011835642,0.5693011698607333,0,Blocked
54,54,0,0.5345614763319143,0.7826931447888922,0,Blocked
55,55,0,0.49931361234713223,0.6883969033450008,0,Blocked
56,56,0,0.9632002981690294,0.8322516493292562,0,Blocked
57,57,0,0.622544417517432,0.7104346813171032,0,Blocked
58,58,0,0.021317273999705857,0.6024377474465215,0,Blocked
59,59,0,0.36564636706053666,0.5748057135029974,0,Blocked
60,60,0,0.2849583961184989,0.8622402837953871,0,Blocked
61,61,0,0.05041922671358604,1.0711385406037766,0,Blocked
62,62,0,0.5782489371084216,0.5814146736338575,0,Blocked
63,63,0,0.8809895138773084,0.4024445064087124,0,Blocked
64,64,0,0.45667200786135653,0.5178479856540368,0,Blocked
65,65,0,0.14890133208865614,0.6123485487250413,0,Blocked
66,66,0,0.6787997130248804,0.8861666393205605,0,Blocked
67,67,0,0.5074239637813662,0.8968353034881351,0,Blocked
68,68,0,0.5029161460932734,0.6557647982181956,0,Blocked
69,69,0,0.0006835472122950065,0.9078989800761854,0,Blocked
70,70,0,0.4959179166381597,0.7119164247984633,0,Blocked
71,71,0,0.7076309618642492,0.4413946590155713,0,Blocked
72,72,0,0.02114254001998852,0.7033980932463644,0,Blocked
73,73,0,0.30971920824817795,0.6308010676212958,0,Blocked
74,74,0,0.8083325164622089,0.5262761351960616,0,Blocked
75,75,0,0.746241838016053,0.5634503640281295,0,Blocked
76,76,0,0.5404540319519544,0.5408146679162599,0,Blocked
77,77,0,0.34593239994696795,0.5865768267968334,0,Blocked
78,78,0,0.474796886172822,0.5107839373711015,0,Blocked
79,79,0,0.7535388754704964,0.6808146278098064,0,Blocked
80,80,0,0.02407836511050849,0.7906727325315106,0,Blocked
81,81,0,0.9908694793000679,0.5637558594090817,0,Blocked
82,82,0,0.5572434098683086,0.7292231055596784,0,Blocked
83,83,0,0.027393456314850496,1.1921400613806927,0,Blocked
84,84,0,0.01212894510011602,0.8889651660523183,0,Blocked
85,85,0,0.45456470637421614,0.7116971359454214,0,Blocked
86,86,0,0.2711351645763537,0.7449740515919795,0,Blocked
87,87,0,0.16815649620781864,0.9033466005867403,0,Blocked
88,88,0,0.9200889431628785,0.5735195776773513,0,Blocked
89,89,0,0.4671503822567546,0.7401733181237531,0,Blocked
90,90,0,0.7106538644742407,0.5405607003853969,0,Blocked
91,91,0,0.024952668987553356,0.9068460835376078,0,Blocked
92,92,0,0.0008631147454663032,0.8182330142131561,0,Blocked
93,93,0,0.07157483656640938,0.6553427456893579,0,Blocked
94,94,0,0.0006733989612037037,0.9226410291244569,0,Blocked
95,95,0,0.8203926953033384,0.6599800131509643,0,Blocked
96,96,0,0.24146093650608413,0.5967202817209168,0,Blocked
97,97,0,0.5013959857049312,0.6888713152958176,0,Blocked
98,98,0,0.9494029826314041,0.6367867778443186,0,Blocked
99,99,0,0.4942576872378631,0.5857049172643097,0,Blocked
100,100,0,0.637296874980641,0.5282643549635802,0,Blocked
101,101,0,0.0800061362415586,0.6432901275589822,0,Blocked
102,102,0,0.18584388389508033,0.872180387062792,0,Blocked
103,103,0,0.08136007068186327,1.8306642921466043,0,Blocked
104,104,0,0.7577512814095715,0.6167412263738623,0,Blocked
105,105,0,0.4309089418973819,0.7356083431590398,0,Blocked
106,106,0,0.7032491664378627,0.7856759830465376,0,Blocked
107,107,0,0.05559536191897403,0.6719963270595624,0,Blocked
108,108,0,0.4235061990279575,0.9019549817030681,0,Blocked
109,109,0,0.4885896077454048,0.8462276753833899,0,Blocked
110,110,0,0.4373273391877073,0.7681185016625542,0,Blocked
111,111,0,0.7059944522390496,0.3612047622658091,0,Blocked
112,112,0,0.14621956117231497,0.48812637494757444,0,Blocked
113,113,0,0.5837916338318422,0.6010259465318406,0,Blocked
114,114,0,0.833467745804509,0.5881945807929105,0,Blocked
115,115,0,0.009720893552747691,0.7010157301692463,0,Blocked
116,116,0,0.07889358447117419,0.542768520030124,0,Blocked
117,117,0,0.46252151168005495,0.6728083406349191,0,Blocked
118,118,0,0.4078187632208785,0.8789334529744489,0,Blocked
119,119,0,0.9882248037023335,0.6326639588417653,0,Blocked
120,120,0,0.5546031312158216,0.5102044511268053,0,Blocked
121,121,0,0.4600701574322117,0.5080031569833703,0,Blocked
122,122,0,0.4923847988957684,0.6710176342305255,0,Blocked
123,123,0,0.4902972195060461,0.66141822662692,0,Blocked
124,124,0,0.991895965375457,0.6652862124210601,0,Blocked
125,125,0,0.49795891906224743,0.6573736478964141,0,Blocked
126,126,0,0.4247795014162799,0.5566283502897502,0,Blocked
127,127,0,0.053230473386389275,0.5715132902439398,0,Blocked
128,128,0,0.3764949819253602,0.6492500321133505,0,Blocked
129,129,0,0.8156414365256834,0.6982772601441607,0,Blocked
130,130,0,0.6717649578498415,0.6131219397072014,0,Blocked
131,131,0,0.15221537684309724,0.7994177736920532,0,Blocked
132,132,0,0.49498550979001127,0.9478040007286948,0,Blocked
133,133,0,0.9193673195066271,0.7232511411968401,0,Blocked
134,134,0,0.11766990325599418,1.1304262418315258,0,Blocked
135,135,0,0.014069543970456337,0.8029042044515036,0,Blocked
136,136,0,0.49222552689892524,0.6283518747387943,0,Blocked
137,137,0,0.7708474951839954,0.7368889952623032,0,Blocked
138,138,0,0.8473114896858438,0.5564340706989074,0,Blocked
139,139,0,0.4299340772906634,0.46010137152789954,0,Blocked
140,140,0,0.3838909490749719,0.4289653468604139,0,Blocked
141,141,0,0.4955852716786584,0.4875612133101799,0,Blocked
142,142,0,0.5639483878912452,0.6224777018656712,0,Blocked
143,143,0,0.5015622722970601,0.656871495617052,0,Blocked
144,144,0,0.9604064459051784,0.5491505534395641,0,Blocked
145,145,0,0.5417802520401783,0.610735078978143,0,Blocked
146,146,0,0.4978578176368718,0.6058679002944817,0,Blocked
147,147,0,0.8482332477206787,0.327717616540979,0,Blocked
148,148,0,0.8619508134703762,0.5177072271569808,0,Blocked
149,149,0,0.8471040364159217,0.5960077261943233,0,Blocked
150,150,0,0.008888674577351607,0.7228855594976615,0,Blocked
151,151,0,0.5083360634865149,0.7547820622605707,0,Blocked
152,152,0,0.11425019588694245,0.7872770638040689,0,Blocked
153,153,0,0.5032136394714549,0.6546776750852885,0,Blocked
154,154,0,0.9749197970394621,0.6654841141977582,0,Blocked
155,155,0,0.8693786714179389,0.6339855914433884,0,Blocked
156,156,0,0.5188470818500707,0.807386118463195,0,Blocked
157,157,0,0.5072210474561176,0.7134827538186481,0,Blocked
158,158,0,0.7463045391122505,0.585231411010021,0,Blocked
159,159,0,0.5375491748577377,0.5383175977207607,0,Blocked
160,160,0,0.9462695088659605,0.7061035785439358,0,Blocked
161,161,0,0.5054689058906092,0.6399708573880503,0,Blocked
162,162,0,0.5129045680686123,0.6562553349099296,0,Blocked
163,163,0,0.7215736798025831,0.5111684641930858,0,Blocked
164,164,0,0.13254340853813507,0.7687828995250137,0,Blocked
165,165,0,0.10473651369812623,0.8394518937581901,0,Blocked
166,166,0,0.9712506574475175,0.6336970190477379,0,Blocked
167,167,0,0.37082387035780245,0.5537639823433911,0,Blocked
168,168,0,0.8262753989237352,0.5386477042218102,0,Blocked
169,169,0,0.9159411195149805,0.32616771273375744,0,Blocked
170,170,0,0.13973406818468131,0.6193204614609246,0,Blocked
171,171,0,0.9824595126927544,0.5172381670377981,0,Blocked
172,172,0,0.5750864147754984,0.5580967772159484,0,Blocked
173,173,0,0.0004776857643941628,0.8314120209633002,0,Blocked
174,174,0,0.5898541887053524,0.721991579253635,0,Blocked
175,175,0,0.44991071222652973,0.7562027389686705,0,Blocked
176,176,0,0.21974889515130955,0.8070490263050525,0,Blocked
177,177,0,0.6490443600603174,0.6194866874752414,0,Blocked
178,178,0,0.06652753238730152,0.6887061647349255,0,Blocked
179,179,0,0.2471772335050172,0.6138059533049336,0,Blocked
180,180,0,0.011177828618567786,0.894926967509466,0,Blocked
181,181,0,0.9995640009738347,0.6662867547779103,0,Blocked
182,182,0,0.6951420628676324,0.5989363580361724,0,Blocked
183,183,0,0.3973712108074635,0.6483148697416875,0,Blocked
184,184,0,0.3214230378131433,0.6674390406239612,0,Blocked
185,185,0,0.02464342002644741,0.7892213616658451,0,Blocked
186,186,0,0.7862141105422531,0.6480791135240042,0,Blocked
187,187,0,0.9258883608212474,0.8008637744325973,0,Blocked
188,188,0,0.9179139424676612,0.6921599400622946,0,Blocked
189,189,0,0.2965836166285295,0.5633874851197973,0,Blocked
190,190,0,0.09774487937147902,0.6674462367455247,0,Blocked
191,191,0,0.6235313005767215,0.543643395923494,0,Blocked
192,192,0,0.03851045806159856,0.5810125097320171,0,Blocked
193,193,0,0.7640045911062532,0.5726255815490972,0,Blocked
194,194,0,0.8129123580763458,0.4521135744919654,0,Blocked
195,195,0,0.9676038641293705,0.5565088715791574,0,Blocked
196,196,0,0.24149480760379582,0.5998039228031884,0,Blocked
197,197,0,0.8929112946227238,0.7789028104869569,0,Blocked
198,198,0,0.3530022739295846,0.7457311744964252,0,Blocked
199,199,0,0.17043303307897012,0.6259172444733323,0,Blocked
200,0,0,0.6478037048588982,0.5469608974242008,0,Interleaved
201,1,0,0.43780183208737056,0.7144507642959264,0,Interleaved
202,2,0,0.2590167238366673,0.74971287023475,0,Interleaved
203,3,0,0.7763714640371635,0.45477786598364245,0,Interleaved
204,4,0,0.5262148619097998,0.6089382167169293,0,Interleaved
205,5,0,0.2079239520014417,0.6275592551900686,0,Interleaved
206,6,0,0.5301956212262088,0.4506850205490109,0,Interleaved
207,7,0,0.151954830762297,0.5068695093221381,0,Interleaved
208,8,0,0.4822771136916822,0.5764992659465923,0,Interleaved
209,9,0,0.9612660381840394,0.7267050142319855,0,Interleaved
210,10,0,0.49626439747922196,0.6825857361396639,0,Interleaved
211,11,0,0.5774512094836327,0.5629902668343473,0,Interleaved
212,12,0,0.5484180288983369,0.766581735741473,0,Interleaved
213,13,0,0.14374924537053127,0.9203732912214289,0,Interleaved
214,14,0,0.6814438241985202,0.7907964537307334,0,Interleaved
215,15,0,0.37818243424309633,0.7809748778296262,0,Interleaved
216,16,0,0.9870756539501292,0.5804012007867259,0,Interleaved
217,17,0,0.5879841817345719,0.6871990172233442,0,Interleaved
218,18,0,0.0013171194372750522,0.7547619848147948,0,Interleaved
219,19,0,0.0038924650004655116,0.7086287813075207,0,Interleaved
220,20,0,0.4048770820492128,0.8272512391729471,0,Interleaved
221,21,0,0.35123716166587626,0.9104532307674832,0,Interleaved
222,22,0,0.9753102934695561,0.6100968131837556,0,Interleaved
223,23,0,0.026160783418264385,0.7704869478632974,0,Interleaved
224,24,0,0.07920269401945106,0.7769996526526053,0,Interleaved
225,25,0,0.8345000619937113,0.5223441498628414,0,Interleaved
226,26,0,0.01118280243801355,0.7350674391404398,0,Interleaved
227,27,0,0.9500223461900525,0.5752199959971482,0,Interleaved
228,28,0,0.7137339826821769,0.40653191404183764,0,Interleaved
229,29,0,0.1553813656106553,0.7124556670499992,0,Interleaved
230,30,0,0.49986461754073924,0.7528662940796856,0,Interleaved
231,31,0,0.5970969189481963,0.7388478083607661,0,Interleaved
232,32,0,0.7405183651395337,0.7375211222551368,0,Interleaved
233,33,0,0.8109211122134776,0.45502478279894465,0,Interleaved
234,34,0,0.4814464825761711,1.2313875152589766,0,Interleaved
235,35,0,0.8017834305671055,0.5363129793758016,0,Interleaved
236,36,0,0.5119515729873433,0.439021539190297,0,Interleaved
237,37,0,0.5004537405137277,0.6295664941626238,0,Interleaved
238,38,0,0.9028414553367428,0.7485979899986933,0,Interleaved
239,39,0,0.09348714712451939,0.6741136121740714,0,Interleaved
240,40,0,0.4995029663283315,0.5026277557063137,0,Interleaved
241,41,0,0.5015678024962059,0.6058494546609563,0,Interleaved
242,42,0,0.48179021999253485,0.9567603980981894,0,Interleaved
243,43,0,0.47839988189384375,0.9645381572146882,0,Interleaved
244,44,0,0.68816882095901,0.7806162564044935,0,Interleaved
245,45,0,0.500818782396582,0.7718568550173759,0,Interleaved
246,46,0,0.7682083248572111,0.5570739275317607,0,Interleaved
247,47,0,0.4829094306765658,0.6686177600955469,0,Interleaved
248,48,0,0.5916992702734769,0.8995460793927399,0,Interleaved
249,49,0,0.0012901370373034383,1.0131338025449033,0,Interleaved
250,50,0,0.5310063607947023,0.7932051663923354,0,Interleaved
251,51,0,0.12750035287676553,0.6546086125441744,0,Interleaved
252,52,0,0.44859606075664976,0.5253592071552743,0,Interleaved
253,53,0,0.29932659997153843,0.7737558042741994,0,Interleaved
254,54,0,0.5014239038086798,0.8603127737424334,0,Interleaved
255,55,0,0.506987393554683,0.8980896932355218,0,Interleaved
256,56,0,0.5653240605413563,0.5938076373958914,0,Interleaved
257,57,0,0.3105495662450304,0.719105739808438,0,Interleaved
258,58,0,0.7584210182442999,0.6145691049836988,0,Interleaved
259,59,0,0.9141864024391952,0.655415374378215,0,Interleaved
260,60,0,0.5117138399999991,0.8179695284583344,0,Interleaved
261,61,0,0.4305731584630075,0.6402112410170895,0,Interleaved
262,62,0,0.5240652537171855,0.5825495822833278,0,Interleaved
263,63,0,0.48484102466831525,0.7611554052819277,0,Interleaved
264,64,0,0.5020869580321784,0.7629164250445392,0,Interleaved
265,65,0,0.4277184975989975,0.6237559108587281,0,Interleaved
266,66,0,0.39818380207212556,0.6526561721564814,0,Interleaved
267,67,0,0.65575401720662,0.7832708775784916,0,Interleaved
268,68,0,0.8525317007845475,0.6525982844877274,0,Interleaved
269,69,0,0.12504190105653593,0.8564752924681263,0,Interleaved
270,70,0,0.6960971276692284,0.7592700241028896,0,Interleaved
271,71,0,0.5915680030046626,0.6003189253738809,0,Interleaved
272,72,0,0.0190986976609067,0.7837654846659832,0,Interleaved
273,73,0,0.7992409161700014,0.6125474769427496,0,Interleaved
274,74,0,0.27236217114794553,0.6163743966961437,0,Interleaved
275,75,0,0.06012190128734423,0.7499086037075329,0,Interleaved
276,76,0,0.48967436122022595,0.8079405438580367,0,Interleaved
277,77,0,0.5018304995322805,0.5825167046002087,0,Interleaved
278,78,0,0.40425599422444736,0.4587154247742954,0,Interleaved
279,79,0,0.4929394815095575,0.5726085598560937,0,Interleaved
280,80,0,0.08399216553555884,0.813374816230706,0,Interleaved
281,81,0,0.49652973975939513,0.7616967614317832,0,Interleaved
282,82,0,0.41467305638708213,0.8063809142278525,0,Interleaved
283,83,0,0.023010722768513958,0.6352130752748537,0,Interleaved
284,84,0,0.5956942405131405,0.713656934654909,0,Interleaved
285,85,0,0.5015914954219621,0.5639881287076576,0,Interleaved
286,86,0,0.10634083910705286,0.5275344701066653,0,Interleaved
287,87,0,0.5480590209928284,0.6604318140436524,0,Interleaved
288,88,0,0.5634763689564211,0.6416668555318678,0,Interleaved
289,89,0,0.9790655836499083,0.5994773629170749,0,Interleaved
290,90,0,0.8275876455756339,0.5928023709757682,0,Interleaved
291,91,0,0.10616886671765449,0.6881520113999968,0,Interleaved
292,92,0,0.5533067370072718,0.37001015687543315,0,Interleaved
293,93,0,0.6078089049326104,0.7902968001871638,0,Interleaved
294,94,0,0.5042714953319618,0.5282315728091703,0,Interleaved
295,95,0,0.18451301032716047,0.845195905283713,0,Interleaved
296,96,0,0.500719020663729,0.6931867577865555,0,Interleaved
297,97,0,0.8500444051925835,0.604276247805666,0,Interleaved
298,98,0,0.13254335847767962,0.5347165230266219,0,Interleaved
299,99,0,0.15534867049729761,0.8654598824540327,0,Interleaved
300,100,0,0.486350833504096,0.9168902742087491,0,Interleaved
301,101,0,0.12331430657694802,0.7731916052389716,0,Interleaved
302,102,0,0.14539056678033535,0.6068045759740832,0,Interleaved
303,103,0,0.47107284972827124,0.6691566968945379,0,Interleaved
304,104,0,0.5484889067435823,0.8958016417868817,0,Interleaved
305,105,0,0.7736796893450685,0.6822849189518068,0,Interleaved
306,106,0,0.5087359479127646,0.8062583727594891,0,Interleaved
307,107,0,0.23016204310445046,1.1884266401313566,0,Interleaved
308,108,0,0.500593204972335,0.6153170483054273,0,Interleaved
309,109,0,0.6168700790308839,0.5875271927957663,0,Interleaved
310,110,0,0.6050801961169009,0.4343155486462207,0,Interleaved
311,111,0,0.6616585822578899,0.6342050193157174,0,Interleaved
312,112,0,0.2665576246393791,0.5860341213740562,0,Interleaved
313,113,0,0.3396729435460786,0.760268458040875,0,Interleaved
314,114,0,0.46417960473268804,0.6542200840573016,0,Interleaved
315,115,0,0.3081583240631412,1.2156739409563375,0,Interleaved
316,116,0,0.44318490171779995,0.8520319496315694,0,Interleaved
317,117,0,0.993595735692762,0.6986164054215644,0,Interleaved
318,118,0,0.8239422872903075,0.5274462161059493,0,Interleaved
319,119,0,0.49893832408012645,0.5500070275988842,0,Interleaved
320,120,0,0.42158578515983963,0.5321292161723977,0,Interleaved
321,121,0,0.8030880276030549,0.46499999933474695,0,Interleaved
322,122,0,0.6045743799936233,0.7263614692976232,0,Interleaved
323,123,0,0.5051198169136828,0.8379059856776178,0,Interleaved
324,124,0,0.49984487929044946,2.401567088650506,0,Interleaved
325,125,0,0.4998953793358635,1.0501002607899643,0,Interleaved
326,126,0,0.9107889803363529,0.9382838395005797,0,Interleaved
327,127,0,0.5449788358046393,0.8488680285036513,0,Interleaved
328,128,0,0.9064699687901062,0.4262456608193363,0,Interleaved
329,129,0,0.43253684622886424,0.4055624686734118,0,Interleaved
330,130,0,0.3341749836597862,0.5549979682495404,0,Interleaved
331,131,0,0.5153908600214381,0.7091194652579413,0,Interleaved
332,132,0,0.10214221917564681,0.6054356443154331,0,Interleaved
333,133,0,0.5607303091773637,0.6480528484365022,0,Interleaved
334,134,0,0.09818533020103289,0.6058366891324654,0,Interleaved
335,135,0,0.5318938035817482,0.723756958175312,0,Interleaved
336,136,0,0.5055594307592011,0.6673918353002545,0,Interleaved
337,137,0,0.6683011275379294,0.4754650823411508,0,Interleaved
338,138,0,0.46016050883596565,0.6650178235431968,0,Interleaved
339,139,0,0.03939090809295088,0.6125731346995648,0,Interleaved
340,140,0,0.4183936115510093,0.6179689903581765,0,Interleaved
341,141,0,0.010705599379754783,0.9702752029937254,0,Interleaved
342,142,0,0.8356133343492647,0.6716730838602012,0,Interleaved
343,143,0,0.5726582874247956,0.5861710265938325,0,Interleaved
344,144,0,0.24532392471844697,0.5339459762116578,0,Interleaved
345,145,0,0.4082051644728219,1.3035732759418652,0,Interleaved
346,146,0,0.7204779712011269,0.8960346879750929,0,Interleaved
347,147,0,0.6607883193113907,0.6930690305112914,0,Interleaved
348,148,0,0.39846977159208774,0.8740319742513054,0,Interleaved
349,149,0,0.03443613335812504,0.9154501543580236,0,Interleaved
350,150,0,0.9904695001995066,0.6767064691265005,0,Interleaved
351,151,0,0.4889210858791927,0.926420495213306,0,Interleaved
352,152,0,0.4350237802425238,0.8548600870003348,0,Interleaved
353,153,0,0.3396506215268234,0.6721175809326451,0,Interleaved
354,154,0,0.7770219847415853,0.5875729285336797,0,Interleaved
355,155,0,0.8904291700423796,0.6215925906906246,0,Interleaved
356,156,0,0.7490988628415849,0.8025538984177287,0,Interleaved
357,157,0,0.11902909079155113,0.9017138625236369,0,Interleaved
358,158,0,0.8672956092947546,0.5937169074622423,0,Interleaved
359,159,0,0.5570191055795252,0.42709905899403333,0,Interleaved
360,160,0,0.49008067071444,0.49772545872557017,0,Interleaved
361,161,0,0.540886000141398,0.7442307332156843,0,Interleaved
362,162,0,0.4971815221632284,0.875068529767464,0,Interleaved
363,163,0,0.07112319920968962,0.7341467312036665,0,Interleaved
364,164,0,0.07291838096355936,0.4888021918148729,0,Interleaved
365,165,0,0.7221378102552644,0.6554560011874907,0,Interleaved
366,166,0,0.9591389887664161,0.5504609285651544,0,Interleaved
367,167,0,0.14151875772840627,0.789581499487607,0,Interleaved
368,168,0,0.449904640726097,0.7337699651888085,0,Interleaved
369,169,0,0.6246426216559782,0.9612656094080998,0,Interleaved
370,170,0,0.4586383039128686,0.7313174331999912,0,Interleaved
371,171,0,0.43096556537434877,0.5661755481451493,0,Interleaved
372,172,0,0.10250647989942521,0.6315218742987663,0,Interleaved
373,173,0,0.6220442744215468,0.713220178017048,0,Interleaved
374,174,0,0.7288675131902189,0.7276348319005093,0,Interleaved
375,175,0,0.15521028230810985,0.6550473572976863,0,Interleaved
376,176,0,0.478075146782912,0.7258001780360578,0,Interleaved
377,177,0,0.5880668392377535,0.5400203486147661,0,Interleaved
378,178,0,0.8754381944273324,0.5714532451507992,0,Interleaved
379,179,0,0.027605213403469674,0.8413507816811372,0,Interleaved
380,180,0,0.5592501772379388,0.6464652071014729,0,Interleaved
381,181,0,0.26200829145851107,0.6224925776011023,0,Interleaved
382,182,0,0.922381446452729,0.4054472490833734,0,Interleaved
383,183,0,0.378764199107321,0.74336751964944,0,Interleaved
384,184,0,0.5206987704174529,0.8158971279106706,0,Interleaved
385,185,0,0.1602013812339113,0.7893520677382324,0,Interleaved
386,186,0,0.9661883278938008,0.5984277842479051,0,Interleaved
387,187,0,0.6911703589610175,0.537263625566993,0,Interleaved
388,188,0,0.9772694105419375,0.6295413778062554,0,Interleaved
389,189,0,0.45750286304637106,0.6887526804721089,0,Interleaved
390,190,0,0.8552776096014554,0.7950479415694675,0,Interleaved
391,191,0,0.997819845757177,0.8006374187205771,0,Interleaved
392,192,0,0.9767873272644514,0.6946114267204588,0,Interleaved
393,193,0,0.39706243512861106,0.5118000673056793,0,Interleaved
394,194,0,0.14717180467793103,0.5586299106282717,0,Interleaved
395,195,0,0.04328424814339456,0.674350049099127,0,Interleaved
396,196,0,0.8295481946675217,0.649296078501512,0,Interleaved
397,197,0,0.5331402278797961,0.7938536704593511,0,Interleaved
398,198,0,0.830866481985552,0.5548282277759652,0,Interleaved
399,199,0,0.4936859815988882,0.6083612991571641,0,Interleaved
400,0,0,0.1766740836430215,0.7298097428288974,0,Instructed
401,1,0,0.19573715941418224,0.968004249297418,0,Instructed
402,2,0,0.5051166274038108,1.181581502718068,0,Instructed
403,3,0,0.450538901474449,0.7276122312864607,0,Instructed
404,4,0,0.38234186647846163,0.7443117161991811,0,Instructed
405,5,0,0.4594857049221396,0.8278585043654401,0,Instructed
406,6,0,0.6080653864637214,0.9298293264616488,0,Instructed
407,7,0,0.37194240769815473,0.9586494291633295,0,Instructed
408,8,0,0.4733802971931705,0.9776054409672755,0,Instructed
409,9,0,0.013169143238211454,0.9727143319560911,0,Instructed
410,10,0,0.5000828038735436,0.9060533587397857,0,Instructed
411,11,0,0.9953853574670429,0.8828332645519731,0,Instructed
412,12,0,0.388636314253451,0.9430929901817197,0,Instructed
413,13,0,0.45972384641893493,0.5575753441045095,0,Instructed
414,14,0,0.5750420363581,0.6845396121868852,0,Instructed
415,15,0,0.050814152352705734,0.7545279320505133,0,Instructed
416,16,0,0.499748765348445,0.9804358579677515,0,Instructed
417,17,0,0.7311336789274733,0.6910460875431443,0,Instructed
418,18,0,0.6540533716863648,0.677042860616307,0,Instructed
419,19,0,0.8565008936437699,0.6560524255352652,0,Instructed
420,20,0,0.18501903941069286,0.8106405126564098,0,Instructed
421,21,0,0.6691775654207655,0.7406827105665066,0,Instructed
422,22,0,0.6628550517266028,0.69271931852114,0,Instructed
423,23,0,0.0013735869472071408,0.8809056905284458,0,Instructed
424,24,0,0.5015987410159738,0.7386651324837611,0,Instructed
425,25,0,0.06990019193634407,0.711608243959591,0,Instructed
426,26,0,0.49535419046184587,0.609223726976126,0,Instructed
427,27,0,0.9823957479088494,1.036471300883496,0,Instructed
428,28,0,0.9811759599640981,0.6897120734451989,0,Instructed
429,29,0,0.26614172597806657,0.6464254377560559,0,Instructed
430,30,0,0.5147075653653241,0.5464015849495228,0,Instructed
431,31,0,0.008770264914034289,0.8100302495182041,0,Instructed
432,32,0,0.9782068220951561,2.628303254383863,0,Instructed
433,33,0,0.9223327804806138,0.48238356385222975,0,Instructed
434,34,0,0.919785316586527,1.2968167106654622,0,Instructed
435,35,0,0.6342025893890894,0.6653714044679487,0,Instructed
436,36,0,0.4495699950260845,0.7629370044375097,0,Instructed
437,37,0,0.7748086508185668,0.7484395004083098,0,Instructed
438,38,0,0.5003006391069431,0.8654041437757094,0,Instructed
439,39,0,0.32563785814278795,0.6990535976442724,0,Instructed
440,40,0,0.4604367074923293,0.5724384770835227,0,Instructed
441,41,0,0.4879839998395673,0.6782373645195372,0,Instructed
442,42,0,0.8272685627362995,0.7210009415864878,0,Instructed
443,43,0,0.6368977689321229,0.728748619387867,0,Instructed
444,44,0,0.5773568994725546,0.7407906435116087,0,Instructed
445,45,0,0.5478874521886459,0.9497524449975172,0,Instructed
446,46,0,0.7350020844033425,1.4835535048978268,0,Instructed
447,47,0,0.8732252950641823,1.0945747244856552,0,Instructed
448,48,0,0.6798810314714406,0.9129254620520244,0,Instructed
449,49,0,0.9925824145410318,0.5901193528697328,0,Instructed
450,50,0,0.5229620931636857,0.789320174595532,0,Instructed
451,51,0,6.228708230064917e-05,1.2389312800671566,0,Instructed
452,52,0,0.5866823848362975,1.9401515091668071,0,Instructed
453,53,0,0.019144797390582342,0.626328663279703,0,Instructed
454,54,0,0.6282645316931674,0.5084134027799632,0,Instructed
455,55,0,0.019827011774810905,0.9556712333530897,0,Instructed
456,56,0,0.45249061879264013,0.855817430658404,0,Instructed
457,57,0,0.2747970492135884,0.7061679551799711,0,Instructed
458,58,0,0.49463607026604506,0.8412813679229024,0,Instructed
459,59,0,0.004065312645949432,0.8344853159937713,0,Instructed
460,60,0,0.8340895851085086,0.5756234326054867,0,Instructed
461,61,0,0.9492538298302169,0.6603968936918074,0,Instructed
462,62,0,0.5029145269317137,0.6603622313666895,0,Instructed
463,63,0,0.6358016258564043,0.7236323015525816,0,Instructed
464,64,0,0.6159237626812399,0.3907237715691364,0,Instructed
465,65,0,0.9994395839953287,1.3000910213254875,0,Instructed
466,66,0,0.45850858520141574,0.6396869560660541,0,Instructed
467,67,0,0.8777396149187278,0.700972962428964,0,Instructed
468,68,0,0.5004575243580226,0.7982114097012883,0,Instructed
469,69,0,0.9459271483135634,0.8375322726839936,0,Instructed
470,70,0,0.9910447080580407,0.9224266697945624,0,Instructed
471,71,0,0.10018970224457122,0.8589177566687238,0,Instructed
472,72,0,0.5270546174026804,0.6668437480803312,0,Instructed
473,73,0,0.5613280741785276,0.5961291501680827,0,Instructed
474,74,0,0.7561291436609381,0.8583075357266065,0,Instructed
475,75,0,0.9934072866248567,0.6697649138145704,0,Instructed
476,76,0,0.5206538589625193,0.7811756084830097,0,Instructed
477,77,0,0.039013867885484374,0.5646395000592264,0,Instructed
478,78,0,0.5802553568811631,0.7042216470224089,0,Instructed
479,79,0,0.2513907357139403,0.6112253881040104,0,Instructed
480,80,0,0.9090619757956644,0.8974634408333775,0,Instructed
481,81,0,0.07107252740918854,0.7312404375072014,0,Instructed
482,82,0,0.5107874679995669,0.6939206191994478,0,Instructed
483,83,0,0.009166648548038227,0.7471032631519317,0,Instructed
484,84,0,0.5027130688375129,0.8130031463166157,0,Instructed
485,85,0,0.3189600383576283,1.220729910334737,0,Instructed
486,86,0,0.4986776864735731,1.1991557737645904,0,Instructed
487,87,0,0.9555624085570389,0.8676041654402296,0,Instructed
488,88,0,0.5091303720715461,0.6173583035161179,0,Instructed
489,89,0,0.9638888860171064,0.7823516925128698,0,Instructed
490,90,0,0.9943554891350921,0.4818350092748819,0,Instructed
491,91,0,0.9209245683240319,0.728933833211711,0,Instructed
492,92,0,0.1130715901780805,0.7177449694715466,0,Instructed
493,93,0,0.9344670582867383,0.7317705558980634,0,Instructed
494,94,0,0.5343842374266236,0.7074168774637664,0,Instructed
495,95,0,0.49936291529499593,0.5892829253060454,0,Instructed
496,96,0,0.6061705467431623,0.6345681225868935,0,Instructed
497,97,0,0.18523857253641443,0.7245204577705892,0,Instructed
498,98,0,0.49932059658859035,0.7689300037863875,0,Instructed
499,99,0,0.9779554301869093,0.7792380041745424,0,Instructed
500,100,0,0.49872854445246906,0.6087216253372729,0,Instructed
501,101,0,0.13596236893014907,0.6295590576909971,0,Instructed
502,102,0,0.3815067651099496,0.4614288950910651,0,Instructed
503,103,0,0.9776914077183705,0.7694698593534476,0,Instructed
504,104,0,0.6335445792692267,0.6117131228240065,0,Instructed
505,105,0,0.04155599755981771,0.6397876030172411,0,Instructed
506,106,0,0.6123633502369158,0.6631209393008084,0,Instructed
507,107,0,0.6596675802190992,0.6701928228967226,0,Instructed
508,108,0,0.5908811240585434,0.5763398344176269,0,Instructed
509,109,0,0.9675551318881712,0.7937547225781953,0,Instructed
510,110,0,0.2439292672387779,0.8119607679651615,0,Instructed
511,111,0,0.9664433501201398,0.7195205911271194,0,Instructed
512,112,0,0.5016928009770221,0.6853231412426131,0,Instructed
513,113,0,0.053279401317310696,0.8198328916479519,0,Instructed
514,114,0,0.9187507807707714,0.8666929702483428,0,Instructed
515,115,0,0.057310459573451045,0.7562731127207429,0,Instructed
516,116,0,0.5028159889878442,0.5644379320636108,0,Instructed
517,117,0,0.7186916000553465,0.39296001229610966,0,Instructed
518,118,0,0.4767115173566649,0.5146957971140689,0,Instructed
519,119,0,0.4017496956115665,0.7465496908457083,0,Instructed
520,120,0,0.8683009162330624,0.6008783302550555,0,Instructed
521,121,0,0.029103217164136587,0.8448477733459253,0,Instructed
522,122,0,0.5329565338458716,0.7014764387909609,0,Instructed
523,123,0,0.009205713826223703,0.8655588394413161,0,Instructed
524,124,0,0.5002468303552129,0.9405930471723067,0,Instructed
525,125,0,0.9644793671541897,0.8685089482372608,0,Instructed
526,126,0,0.506366142147014,0.7024611825104571,0,Instructed
527,127,0,0.07281840055240736,0.7503495451019229,0,Instructed
528,128,0,0.4810833475331465,0.7287602585641408,0,Instructed
529,129,0,0.9281980598035026,0.7036090384208118,0,Instructed
530,130,0,0.16095609700370891,0.8787626795423312,0,Instructed
531,131,0,0.9960379053232356,0.6555073270413597,0,Instructed
532,132,0,0.3935808408669442,0.846018089662169,0,Instructed
533,133,0,0.4480294009240683,0.9846496517964161,0,Instructed
534,134,0,0.3265673869670646,1.0283670046543323,0,Instructed
535,135,0,0.12241573029278048,0.5691000683598193,0,Instructed
536,136,0,0.3683328154963275,0.7422359061384626,0,Instructed
537,137,0,0.14747792609372565,0.6190549853483636,0,Instructed
538,138,0,0.6553414801818154,0.5820988873278242,0,Instructed
539,139,0,0.4761703690709457,0.4086440303135669,0,Instructed
540,140,0,0.5328558786499668,0.6794802261443595,0,Instructed
541,141,0,0.0744399673928823,0.7536303760552663,0,Instructed
542,142,0,0.48256350751401494,0.6865655576672791,0,Instructed
543,143,0,0.10174851911965298,0.5956742281600861,0,Instructed
544,144,0,0.5440711393768721,0.6060149467303886,0,Instructed
545,145,0,0.10548026222531917,0.7396208043167918,0,Instructed
546,146,0,0.5000842229129772,0.9886756598332325,0,Instructed
547,147,0,0.9966902192529894,0.7560257555820638,0,Instructed
548,148,0,0.43348870074608875,0.7730201666718803,0,Instructed
549,149,0,0.7509111961404714,0.8186305183215397,0,Instructed
550,150,0,0.49803475384976814,0.6643402107755915,0,Instructed
551,151,0,0.9932171107635706,0.46865515897455007,0,Instructed
552,152,0,0.17744945472615617,0.4759210776880431,0,Instructed
553,153,0,0.9888582008148964,0.5343493217544562,0,Instructed
554,154,0,0.5428664956645397,0.6812262469582913,0,Instructed
555,155,0,0.01490627776733009,0.7322653963666205,0,Instructed
556,156,0,0.5150770467409377,0.7830695804333562,0,Instructed
557,157,0,0.9567570929197038,0.6005467004538843,0,Instructed
558,158,0,0.4608271300061708,0.8352049427522465,0,Instructed
559,159,0,0.9999294692797431,0.7713386510954892,0,Instructed
560,160,0,0.42939389877645284,0.590413431478174,0,Instructed
561,161,0,0.9941566376370641,0.5967215968991237,0,Instructed
562,162,0,0.5550098970955728,0.548854896631251,0,Instructed
563,163,0,0.6149715500609996,0.48321711645980103,0,Instructed
564,164,0,0.7119084593222802,0.40841818186606416,0,Instructed
565,165,0,0.4707869279619674,0.5008622548862957,0,Instructed
566,166,0,0.6991314188602394,0.3993193992900007,0,Instructed
567,167,0,0.7894258958617149,0.54612464444236,0,Instructed
568,168,0,0.5209671687118905,0.6149483728317682,0,Instructed
569,169,0,0.34492358741855306,0.5623238685864067,0,Instructed
570,170,0,0.4602063108564133,0.5460129569679144,0,Instructed
571,171,0,0.9913426759580626,0.737813182129996,0,Instructed
572,172,0,0.35831215113967685,0.7004741909338665,0,Instructed
573,173,0,0.3486279835318907,0.6227502396595865,0,Instructed
574,174,0,0.6076745320532029,0.5621148715148526,0,Instructed
575,175,0,0.7796354728196959,0.6739524778040163,0,Instructed
576,176,0,0.02752043187346901,0.7944074067232221,0,Instructed
577,177,0,0.27666237666796184,0.5596087489740611,0,Instructed
578,178,0,0.10913167314484512,0.8055790348553797,0,Instructed
579,179,0,0.5896573437462772,0.9437703992869954,0,Instructed
580,180,0,0.9564429687477074,0.8601025126965802,0,Instructed
581,181,0,0.406054659240806,0.7242479829112838,0,Instructed
582,182,0,0.5269361617900206,0.4425829527368093,0,Instructed
583,183,0,0.05308525541139207,0.5894986488841829,0,Instructed
584,184,0,0.12411835514675722,0.5707967102296334,0,Instructed
585,185,0,0.01923615900607199,0.6306242442591151,0,Instructed
586,186,0,0.21244529859776862,0.7549809495132633,0,Instructed
587,187,0,0.5546097628280791,0.8757896346484751,0,Instructed
588,188,0,0.881546829862651,0.6704070060146754,0,Instructed
589,189,0,0.6866719620542641,0.6428526548599327,0,Instructed
590,190,0,0.9998692858148839,0.7958290937538661,0,Instructed
591,191,0,0.9701175192333515,0.6560727201718555,0,Instructed
592,192,0,0.5097802476636458,0.6622889262041003,0,Instructed
593,193,0,0.4918547493576084,0.7442090223670785,0,Instructed
594,194,0,0.9986969222402491,0.777508094688367,0,Instructed
595,195,0,0.5217440060864347,0.7452029516253622,0,Instructed
596,196,0,0.5178789596567642,0.5750891386150621,0,Instructed
597,197,0,0.19628402078992857,0.6651399520743848,0,Instructed
598,198,0,0.43315755458785343,0.49408407736612703,0,Instructed
599,199,0,0.46375816091128597,0.6263585506679455,0,Instructed
600,0,0,0.11471301502391802,0.6562431559168851,1,Blocked
601,1,0,0.17745752230727255,0.4584508568501604,1,Blocked
602,2,0,0.5402177064033292,0.450719111696981,1,Blocked
603,3,0,0.4634702248028185,0.5415753635682152,1,Blocked
604,4,0,0.9511016804920243,0.5796516208025297,1,Blocked
605,5,0,0.48582853874512266,0.7369600944224541,1,Blocked
606,6,0,0.8537565822063224,0.6494422294514174,1,Blocked
607,7,0,0.4966874686852719,0.6870758002828946,1,Blocked
608,8,0,0.000739736457254825,1.063657988005809,1,Blocked
609,9,0,0.005153385844010863,0.8845430405813131,1,Blocked
610,10,0,0.42267748208450195,0.6673680589411999,1,Blocked
611,11,0,0.38470211063070703,0.9861895439788215,1,Blocked
612,12,0,0.03053518290234675,0.846842653507186,1,Blocked
613,13,0,0.025792173606907325,0.6862006327117514,1,Blocked
614,14,0,0.18330317139126226,0.69331492162166,1,Blocked
615,15,0,0.29743747203619747,0.6213050001859607,1,Blocked
616,16,0,0.34722155354316664,0.587100740009616,1,Blocked
617,17,0,0.7020750584432304,0.4593448654631205,1,Blocked
618,18,0,0.37036425525576055,0.48888059284487084,1,Blocked
619,19,0,0.7558992298053672,0.4610700758545945,1,Blocked
620,20,0,0.912466686420442,0.6972370823991241,1,Blocked
621,21,0,0.9883815064687982,0.5623876139585942,1,Blocked
622,22,0,0.8380799954676459,0.4690943343909256,1,Blocked
623,23,0,0.4910366942572853,0.6466801621138446,1,Blocked
624,24,0,0.015186556585646356,0.8354049423196872,1,Blocked
625,25,0,0.17777218504645437,0.6330015027825171,1,Blocked
626,26,0,0.2679710481486774,0.8015867627162598,1,Blocked
627,27,0,0.7866692528938286,0.48283781795448716,1,Blocked
628,28,0,0.4918985996336502,0.6081040059189919,1,Blocked
629,29,0,0.5066936295026524,0.6203649245447738,1,Blocked
630,30,0,0.012922222583165277,0.775648147456416,1,Blocked
631,31,0,0.08598224713816553,0.6473724755944779,1,Blocked
632,32,0,0.8789521974781948,0.6245420330159903,1,Blocked
633,33,0,0.7297715979767045,0.5795797676098127,1,Blocked
634,34,0,0.3570459020139451,0.4370218057171399,1,Blocked
635,35,0,0.36912646367849156,0.6064504600754077,1,Blocked
636,36,0,0.8128813298955133,0.5547760960933731,1,Blocked
637,37,0,0.4501170079329589,0.5767034911521626,1,Blocked
638,38,0,0.5118856753299009,1.1992618534036428,1,Blocked
639,39,0,0.541448017891529,0.7664962383444416,1,Blocked
640,40,0,0.42628275099702817,0.5522853201559691,1,Blocked
641,41,0,0.9566866650461305,0.5630872131948559,1,Blocked
642,42,0,0.8000387568467635,0.5593385788428514,1,Blocked
643,43,0,0.5015819774490395,0.8139219962805071,1,Blocked
644,44,0,0.5415894345426712,0.7971835742712473,1,Blocked
645,45,0,0.5030557876886377,0.7559297250941142,1,Blocked
646,46,0,0.5024824139508245,0.8250999539533711,1,Blocked
647,47,0,0.763342857907053,0.6035753640925687,1,Blocked
648,48,0,0.049182644199947535,0.6267098348340996,1,Blocked
649,49,0,0.4626869382739412,0.5389765776163353,1,Blocked
650,50,0,0.008246360548283115,0.7831743404334469,1,Blocked
651,51,0,0.9262231677977364,0.754761829442293,1,Blocked
652,52,0,0.9588690861060472,0.5863089929956329,1,Blocked
653,53,0,0.4428896594873919,0.6482111558761088,1,Blocked
654,54,0,0.46836365744827824,0.582500029911917,1,Blocked
655,55,0,0.6518225248432986,0.5860057599009341,1,Blocked
656,56,0,0.4008209909471125,0.713142655365878,1,Blocked
657,57,0,0.32807707677310444,0.5870193112567317,1,Blocked
658,58,0,0.514283924049311,0.9193634110514446,1,Blocked
659,59,0,0.7627010694050333,0.8023925918105794,1,Blocked
660,60,0,0.9074547304391678,0.786610967644901,1,Blocked
661,61,0,0.8700977949887008,0.6720168100080873,1,Blocked
662,62,0,0.5170312848668828,0.47901721164871747,1,Blocked
663,63,0,0.8655324868181942,0.6763097038453225,1,Blocked
664,64,0,0.9954000640961358,0.5004170297981301,1,Blocked
665,65,0,0.019174031521370365,0.7525935265943742,1,Blocked
666,66,0,0.4586867315949786,0.47287977631599654,1,Blocked
667,67,0,0.647362771752052,0.6145053729386585,1,Blocked
668,68,0,0.40372158749953085,0.6993683473753356,1,Blocked
669,69,0,0.36411647264867303,0.8904104821427934,1,Blocked
670,70,0,0.7959492235265926,0.7164950341865644,1,Blocked
671,71,0,0.22181864998576575,0.7892586191798835,1,Blocked
672,72,0,0.5438950572811386,0.7027461168324041,1,Blocked
673,73,0,0.9249076827497399,0.7380877149469889,1,Blocked
674,74,0,0.9323917410654465,0.5616278357237355,1,Blocked
675,75,0,0.9706218297392837,0.514047108336159,1,Blocked
676,76,0,0.6436935468219498,0.35143853152004423,1,Blocked
677,77,0,0.3367405489779737,0.6971775893553727,1,Blocked
678,78,0,0.011694805722076259,0.6070870783047932,1,Blocked
679,79,0,0.9547786781422369,0.46804156677621056,1,Blocked
680,80,0,0.5204461634467954,0.5891944449462003,1,Blocked
681,81,0,0.8235736599457404,0.507066735365942,1,Blocked
682,82,0,0.5517049465850967,0.6431609221167494,1,Blocked
683,83,0,0.492548310615573,0.77168504383627,1,Blocked
684,84,0,0.9823620420176303,0.5793893527339853,1,Blocked
685,85,0,0.6421762327276122,0.7007555289654945,1,Blocked
686,86,0,0.28937859907545993,0.6216114643550054,1,Blocked
687,87,0,0.7879024339097982,0.5720288605491017,1,Blocked
688,88,0,0.6426757312988111,0.6451385849419038,1,Blocked
689,89,0,0.0016718465532083201,1.1744691075772995,1,Blocked
690,90,0,0.9991188865615328,0.8764942829793989,1,Blocked
691,91,0,0.3142574084274984,0.718804192457791,1,Blocked
692,92,0,0.5212800143040445,0.6368118760194588,1,Blocked
693,93,0,0.5800927343436815,0.448954114026968,1,Blocked
694,94,0,0.9039542610588209,0.4549527910543951,1,Blocked
695,95,0,0.6367759959908896,0.5490073966465167,1,Blocked
696,96,0,0.8824641875700916,0.47028341554176323,1,Blocked
697,97,0,0.6580250985636144,0.5264486214643476,1,Blocked
698,98,0,0.4828343211183042,0.6762937700382495,1,Blocked
699,99,0,0.7466788702746461,0.5823208148924374,1,Blocked
700,100,0,0.5473444298133583,0.6620037113316273,1,Blocked
701,101,0,0.07611192283383583,0.7517999103354119,1,Blocked
702,102,0,0.14045233651667133,0.8525032018513639,1,Blocked
703,103,0,0.0022193559973396984,0.8556006497101063,1,Blocked
704,104,0,0.08297659637122855,0.8751169330477548,1,Blocked
705,105,0,0.606915457295114,0.6366883455588959,1,Blocked
706,106,0,0.5261917393119432,0.33396940024365207,1,Blocked
707,107,0,0.48081739363371506,0.7779638007319369,1,Blocked
708,108,0,0.5986155026697831,0.7339477137445078,1,Blocked
709,109,0,0.4966915412657051,0.7952263164316635,1,Blocked
710,110,0,0.056400413352440254,0.7380196544123623,1,Blocked
711,111,0,0.31831328736244696,0.5911694069948435,1,Blocked
712,112,0,0.8397611577133699,0.6774591554856895,1,Blocked
713,113,0,0.5973829922757661,0.7786255638548634,1,Blocked
714,114,0,0.8618275997821613,0.7635665678496151,1,Blocked
715,115,0,0.43562470002239195,0.6194478167772752,1,Blocked
716,116,0,0.2917171407189767,0.9359439575666532,1,Blocked
717,117,0,0.49992990299030043,0.5360435638130082,1,Blocked
718,118,0,0.031853266883868595,0.6401998105468076,1,Blocked
719,119,0,0.9437786424903523,0.5922663091220295,1,Blocked
720,120,0,0.00585338678469402,0.8717139816099182,1,Blocked
721,121,0,0.7030845599636818,0.9442183366822163,1,Blocked
722,122,0,0.011919126191425865,0.9344834013453247,1,Blocked
723,123,0,0.28515247198053256,0.8871790639792799,1,Blocked
724,124,0,0.005620632495854334,0.8852568890403145,1,Blocked
725,125,0,0.4357569863625038,0.9938045013285166,1,Blocked
726,126,0,0.6708778687046488,0.7468625178589996,1,Blocked
727,127,0,0.9362253200400646,0.5802193271607506,1,Blocked
728,128,0,0.6686265437275609,0.5142743437752693,1,Blocked
729,129,0,0.9761457317472557,0.4467157419579747,1,Blocked
730,130,0,0.44066103507168763,0.5698550272604366,1,Blocked
731,131,0,0.7286233490507583,0.49589833088860924,1,Blocked
732,132,0,0.6431059687180849,0.5939359048714399,1,Blocked
733,133,0,0.8313519866098584,0.7042648644328513,1,Blocked
734,134,0,0.9890804322726855,0.564813625394743,1,Blocked
735,135,0,0.05948316789025473,0.6079985660782828,1,Blocked
736,136,0,0.4828806297432262,0.3946707971483682,1,Blocked
737,137,0,0.5027840906254682,0.6470438288170308,1,Blocked
738,138,0,0.971354800566001,0.6941004413802919,1,Blocked
739,139,0,0.6424467540696701,0.601823976639672,1,Blocked
740,140,0,0.9567051783731199,0.4579536620499897,1,Blocked
741,141,0,0.33068990944147586,0.696068471571181,1,Blocked
742,142,0,0.39859931681227967,0.6104081969003979,1,Blocked
743,143,0,0.5519416775799115,0.6759969475853138,1,Blocked
744,144,0,0.994840973404925,0.616849913681546,1,Blocked
745,145,0,0.6040323397073546,0.7477558198810341,1,Blocked
746,146,0,0.002079435080068804,0.9011497869127754,1,Blocked
747,147,0,0.5115082765214131,0.8073658872464466,1,Blocked
748,148,0,0.4079460482436316,0.7066992854387488,1,Blocked
749,149,0,0.53162901749622,0.6704469136565179,1,Blocked
750,150,0,0.6533862495035442,0.9583807632474037,1,Blocked
751,151,0,0.027511847234987917,0.7955259214572984,1,Blocked
752,152,0,0.0657056162510148,0.8624419481387315,1,Blocked
753,153,0,0.6556932618532412,0.6812259995442467,1,Blocked
754,154,0,0.5045070616974908,0.6163145999127475,1,Blocked
755,155,0,0.007584620235069344,0.749815890813594,1,Blocked
756,156,0,0.507143912401762,0.6404546782169374,1,Blocked
757,157,0,0.0035160051888729334,0.778425569790691,1,Blocked
758,158,0,0.4631102559581655,0.6273946829742967,1,Blocked
759,159,0,0.38364846274515685,0.5886807477690672,1,Blocked
760,160,0,0.3870906894671812,0.5922977179678159,1,Blocked
761,161,0,0.8467866814422951,0.8711107363794921,1,Blocked
762,162,0,0.9514572396968877,0.7470795122612659,1,Blocked
763,163,0,0.19816763891314368,0.7792877875660742,1,Blocked
764,164,0,0.7229126949119069,0.6351629469238472,1,Blocked
765,165,0,0.4507077452057072,0.6908694993480411,1,Blocked
766,166,0,0.28330918845869757,0.7857072680042855,1,Blocked
767,167,0,0.996867460277437,0.4854485489985091,1,Blocked
768,168,0,0.9783079020084063,0.49627382565698136,1,Blocked
769,169,0,0.29464230153633875,0.6873156949089732,1,Blocked
770,170,0,0.5088454997919988,0.8105437640957367,1,Blocked
771,171,0,0.8119783551257644,0.7051243520160795,1,Blocked
772,172,0,0.027493174917236622,0.8137191957590589,1,Blocked
773,173,0,0.7814201549917265,0.529804567764111,1,Blocked
774,174,0,0.47271730931331835,0.5528886961789427,1,Blocked
775,175,0,0.1845713364320895,0.6267474188137439,1,Blocked
776,176,0,0.44669679326593875,0.7963175932058013,1,Blocked
777,177,0,0.9942589612337622,0.7797495868663604,1,Blocked
778,178,0,0.46114925890140646,0.6726501522062187,1,Blocked
779,179,0,0.4426449773062807,0.8262646675113702,1,Blocked
780,180,0,0.632076498588976,0.4279912884576741,1,Blocked
781,181,0,0.2729540047610767,0.6940130555771508,1,Blocked
782,182,0,0.5318857832479449,0.5462456848980659,1,Blocked
783,183,0,0.8149941126200818,0.491653334593365,1,Blocked
784,184,0,0.799460288355845,0.447717525656418,1,Blocked
785,185,0,0.09910237252992875,0.5668204755960362,1,Blocked
786,186,0,0.3279276189910766,0.6564040263091127,1,Blocked
787,187,0,0.5659083599013476,0.5009259073255606,1,Blocked
788,188,0,0.46497253135370925,0.5867783361862118,1,Blocked
789,189,0,0.17549890633461254,0.7321838816488848,1,Blocked
790,190,0,0.44493037997103146,0.6047023583628324,1,Blocked
791,191,0,0.16839611263274684,0.621132821559325,1,Blocked
792,192,0,0.32725597720336047,0.5059901882421156,1,Blocked
793,193,0,0.03470478379898811,0.7246888468966624,1,Blocked
794,194,0,0.45907161468358304,0.7033737451055142,1,Blocked
795,195,0,0.9198842294682773,0.6501435137405399,1,Blocked
796,196,0,0.10211054914549983,0.8320036078947682,1,Blocked
797,197,0,0.23052588574412763,0.716859237691175,1,Blocked
798,198,0,0.4986487450514576,0.7959770314043889,1,Blocked
799,199,0,0.3339845657593277,0.6986771298473216,1,Blocked
800,0,0,0.09954798671370611,0.7036390485463737,1,Interleaved
801,1,0,0.5560981586633931,0.6923549481977146,1,Interleaved
802,2,0,0.5227093508761637,0.6845314870684535,1,Interleaved
803,3,0,0.46133929020063746,1.0326733651258806,1,Interleaved
804,4,0,0.9880859126054247,0.6226340486074482,1,Interleaved
805,5,0,0.5986071213952622,0.6958209295595612,1,Interleaved
806,6,0,0.9895701072557337,0.47742242618504116,1,Interleaved
807,7,0,0.4675140767831993,0.6309967277041867,1,Interleaved
808,8,0,0.550013188139134,0.5802622677656046,1,Interleaved
809,9,0,0.9890551393069893,0.8410365920950229,1,Interleaved
810,10,0,0.4675203693515887,0.897257173241659,1,Interleaved
811,11,0,0.567346459843552,0.6787097580451531,1,Interleaved
812,12,0,0.5134264082785415,0.8646090343277593,1,Interleaved
813,13,0,0.03854084682481525,0.6668946043871984,1,Interleaved
814,14,0,0.6162082653217499,0.6938500035621105,1,Interleaved
815,15,0,0.3922322035109604,0.5865318285446606,1,Interleaved
816,16,0,0.5001236919179659,1.0445280531542052,1,Interleaved
817,17,0,0.5359154133079583,0.7360992793708516,1,Interleaved
818,18,0,0.8710949940759682,0.6067049874038146,1,Interleaved
819,19,0,0.6015391440652734,0.5995461350871001,1,Interleaved
820,20,0,0.5235246127700781,0.6564046396265925,1,Interleaved
821,21,0,0.48133976438522363,0.7419661992644799,1,Interleaved
822,22,0,0.11311909645466353,0.841707992220577,1,Interleaved
823,23,0,0.3633045541449904,0.7880391252974523,1,Interleaved
824,24,0,0.4028325820714323,0.942917153057731,1,Interleaved
825,25,0,0.7318616471409276,0.5278720460404487,1,Interleaved
826,26,0,0.14615586069795694,0.9811447133666144,1,Interleaved
827,27,0,0.1775215538769844,0.8743202749979173,1,Interleaved
828,28,0,0.26468913127363813,0.8302109635720856,1,Interleaved
829,29,0,0.6485054491781549,0.5028706220922289,1,Interleaved
830,30,0,0.3991000141972505,0.6748823577012113,1,Interleaved
831,31,0,0.36342420457931846,0.9157503295101721,1,Interleaved
832,32,0,0.5025737405954593,0.5936607565324938,1,Interleaved
833,33,0,0.8873050125182234,0.5176384580581246,1,Interleaved
834,34,0,0.1690638993626378,0.7188424961416089,1,Interleaved
835,35,0,0.005007695569486921,1.0463186411920562,1,Interleaved
836,36,0,0.916709078132512,0.7115974231233577,1,Interleaved
837,37,0,0.8525911252227323,0.6282475405354999,1,Interleaved
838,38,0,0.546427432005889,0.9050245157450489,1,Interleaved
839,39,0,0.6465624216421293,0.9441084111521622,1,Interleaved
840,40,0,0.5438401049870916,0.7265219574037636,1,Interleaved
841,41,0,0.512154729703531,0.7317172178356699,1,Interleaved
842,42,0,0.30465381608677466,0.8836010028857726,1,Interleaved
843,43,0,0.604743855394942,0.8012674395766133,1,Interleaved
844,44,0,0.2083841191066981,0.7799917123810447,1,Interleaved
845,45,0,0.2819506065792021,0.6415820469026444,1,Interleaved
846,46,0,0.7614468626260384,0.6451317489281411,1,Interleaved
847,47,0,0.43291966725503533,0.8781574467157262,1,Interleaved
848,48,0,0.5193938656901576,0.783082863659379,1,Interleaved
849,49,0,0.7997760621089729,0.6081040649722151,1,Interleaved
850,50,0,0.2271483165187218,0.7161380790429615,1,Interleaved
851,51,0,0.32436064594776975,0.597641772505102,1,Interleaved
852,52,0,0.6963222175710901,0.7485832776022119,1,Interleaved
853,53,0,0.0009285739444564304,0.9204913136953033,1,Interleaved
854,54,0,0.5830411775728271,0.6430976841057072,1,Interleaved
855,55,0,0.24238829197711526,0.6516649591931106,1,Interleaved
856,56,0,0.55416529908785,0.8889807937756857,1,Interleaved
857,57,0,0.1223155334638219,0.8144571140438122,1,Interleaved
858,58,0,0.30671572438061817,0.6662135981709305,1,Interleaved
859,59,0,0.5078913008874666,0.5764607208460937,1,Interleaved
860,60,0,0.8023095214963442,1.5044171392057355,1,Interleaved
861,61,0,0.03670494893417448,0.8944089021610342,1,Interleaved
862,62,0,0.3792205434583342,0.7413005363166019,1,Interleaved
863,63,0,0.19723012293568964,0.6304122518871103,1,Interleaved
864,64,0,0.026303616902583905,0.6943547723066323,1,Interleaved
865,65,0,0.24192298626999997,0.7253163210271637,1,Interleaved
866,66,0,0.6404993912762815,0.7230910178427199,1,Interleaved
867,67,0,0.9808927879307188,0.4487891556183006,1,Interleaved
868,68,0,0.5011493482815795,0.6584983585457744,1,Interleaved
869,69,0,0.10673858282888948,0.9215914741893579,1,Interleaved
870,70,0,0.11783583571459803,0.5629957977972044,1,Interleaved
871,71,0,0.5467561741752685,0.6294181943684858,1,Interleaved
872,72,0,0.6734797114643032,0.7861916115811527,1,Interleaved
873,73,0,0.7266250151673168,0.7394713648035907,1,Interleaved
874,74,0,0.5262427113563292,0.8068809222730543,1,Interleaved
875,75,0,0.5001135983636308,1.540145620941377,1,Interleaved
876,76,0,0.008000802966687506,0.8519191003341531,1,Interleaved
877,77,0,0.9861537837744849,0.6267186863094985,1,Interleaved
878,78,0,0.855664770868539,0.687339170394403,1,Interleaved
879,79,0,0.8053877433666964,0.7398455455087991,1,Interleaved
880,80,0,0.5783069062109527,0.6743458369728745,1,Interleaved
881,81,0,0.0826517253675197,0.6881382425584115,1,Interleaved
882,82,0,0.024709442333371363,0.673422528376259,1,Interleaved
883,83,0,0.5743228177427464,0.7160941405758733,1,Interleaved
884,84,0,0.7584526406674563,0.7762250891472671,1,Interleaved
885,85,0,0.21210740365245395,0.786740817340606,1,Interleaved
886,86,0,0.13367009462112195,0.8187125399096493,1,Interleaved
887,87,0,0.4898820410192404,0.8194535733253427,1,Interleaved
888,88,0,0.5828284433255289,0.5516650793550016,1,Interleaved
889,89,0,0.572766359629668,0.8046586378772576,1,Interleaved
890,90,0,0.5132412063342828,0.7162871594982194,1,Interleaved
891,91,0,0.9544612980175065,0.7151811591543478,1,Interleaved
892,92,0,0.8569581767335691,0.8797427591636316,1,Interleaved
893,93,0,0.9956067815788637,0.48689028448433175,1,Interleaved
894,94,0,0.6578788166140211,0.5203124394779669,1,Interleaved
895,95,0,0.6448247997214928,0.5479824161869599,1,Interleaved
896,96,0,0.5562725286689847,0.7991364777932215,1,Interleaved
897,97,0,0.7184756216907299,0.6641642479423931,1,Interleaved
898,98,0,0.8074938926234116,0.7329010734901175,1,Interleaved
899,99,0,0.9492151523306427,0.710754400584025,1,Interleaved
900,100,0,0.4243131849174101,0.795067682611041,1,Interleaved
901,101,0,0.6174576217654759,0.6978371946863817,1,Interleaved
902,102,0,0.5081492617808533,0.6649719520496664,1,Interleaved
903,103,0,0.00045632102478382797,0.9588293453822989,1,Interleaved
904,104,0,0.18567540405164487,0.8430513202603513,1,Interleaved
905,105,0,0.09681033279475366,0.8873252765011777,1,Interleaved
906,106,0,0.8269335613582522,0.8559942024889144,1,Interleaved
907,107,0,0.44989702171022783,0.632993357061959,1,Interleaved
908,108,0,0.6410410550069346,0.6503913632572655,1,Interleaved
909,109,0,0.18846514631513958,0.7620112916871952,1,Interleaved
910,110,0,0.9935306344979036,1.8866137242862768,1,Interleaved
911,111,0,0.4485547265213467,0.8260958082598528,1,Interleaved
912,112,0,0.8220393248890439,0.7748600967909216,1,Interleaved
913,113,0,0.2760920081321286,0.8671618574990769,1,Interleaved
914,114,0,0.5259974636589348,0.8752555837490914,1,Interleaved
915,115,0,0.19058905816639507,0.9317735503336652,1,Interleaved
916,116,0,0.5043648464683785,0.8090160050944961,1,Interleaved
917,117,0,0.4255774678373755,0.8279162687923584,1,Interleaved
918,118,0,0.5811091713446979,0.7624232180784065,1,Interleaved
919,119,0,0.09100724508542249,0.7528242122349885,1,Interleaved
920,120,0,0.06137123107285037,0.8075746722073199,1,Interleaved
921,121,0,0.5582104952832065,0.6714548823245048,1,Interleaved
922,122,0,0.375858509099492,0.6567426889453976,1,Interleaved
923,123,0,0.06126531529372094,0.5656183878356368,1,Interleaved
924,124,0,0.3553117792791097,0.7481008775066,1,Interleaved
925,125,0,0.9424957221112424,0.784851448712439,1,Interleaved
926,126,0,0.6891216748100193,0.8343513498616583,1,Interleaved
927,127,0,0.2186585228278451,0.7908904516214466,1,Interleaved
928,128,0,0.4772810633796182,1.1440648289456927,1,Interleaved
929,129,0,0.9850692822969178,0.513213981231876,1,Interleaved
930,130,0,0.5798348002206252,0.7204680765181803,1,Interleaved
931,131,0,0.16798026718653083,0.9217713752734132,1,Interleaved
932,132,0,0.5042541728275254,0.7002637456840053,1,Interleaved
933,133,0,0.19803380518297925,0.5368487302619811,1,Interleaved
934,134,0,0.44725299231571797,0.6650463241713904,1,Interleaved
935,135,0,0.43274296806380297,0.7602412665841756,1,Interleaved
936,136,0,0.5594963670104082,0.6588868050038464,1,Interleaved
937,137,0,0.11203090673511042,0.7340343909589255,1,Interleaved
938,138,0,0.9691336085206358,0.4484687791994456,1,Interleaved
939,139,0,0.42331927906029515,0.6937898638459385,1,Interleaved
940,140,0,0.6000291028574392,0.7230816209280471,1,Interleaved
941,141,0,0.9726881428700502,0.5357982903771599,1,Interleaved
942,142,0,0.498142312669939,0.9627744184395822,1,Interleaved
943,143,0,0.7038754449827427,0.8333659237814015,1,Interleaved
944,144,0,0.8559135686691994,0.6608851559164038,1,Interleaved
945,145,0,0.06483937994543236,0.9031901309481822,1,Interleaved
946,146,0,0.7588738472941072,0.7083093477236504,1,Interleaved
947,147,0,0.22690060869737733,0.8764110750051182,1,Interleaved
948,148,0,0.4930160279196777,0.9398276071762481,1,Interleaved
949,149,0,0.6002286043495385,0.7417567751172653,1,Interleaved
950,150,0,0.4831513894888165,0.7672453600514135,1,Interleaved
951,151,0,0.6026216305063342,0.7508173163036104,1,Interleaved
952,152,0,0.19437673333593192,0.7673566332996793,1,Interleaved
953,153,0,0.5704198400116265,0.7520072052891376,1,Interleaved
954,154,0,0.4912538334863381,0.8687342321988869,1,Interleaved
955,155,0,0.12263401738543303,0.8566466037812561,1,Interleaved
956,156,0,0.5044152821946278,0.7138608945997379,1,Interleaved
957,157,0,0.4749200506602556,0.6917871604523775,1,Interleaved
958,158,0,0.5116619350126234,0.7954494627471356,1,Interleaved
959,159,0,0.3313064548412192,0.8229608016403445,1,Interleaved
960,160,0,0.3959458876808666,0.7513303628202589,1,Interleaved
961,161,0,0.3283878825320828,0.838521474861073,1,Interleaved
962,162,0,0.010413581412030927,0.8696209854613012,1,Interleaved
963,163,0,0.44932725225147085,0.6921716652069495,1,Interleaved
964,164,0,0.4456817880114177,0.5850359915420147,1,Interleaved
965,165,0,0.5257200796064306,0.7854104697998792,1,Interleaved
966,166,0,0.4742674851121993,1.0288176800333773,1,Interleaved
967,167,0,0.21390575559733588,0.8226914699830983,1,Interleaved
968,168,0,0.5182050745216346,0.6980717730413866,1,Interleaved
969,169,0,0.31908293212987954,0.7258067283718843,1,Interleaved
970,170,0,0.3570534480370211,0.862119281276756,1,Interleaved
971,171,0,0.4944862638973787,0.5793168344803313,1,Interleaved
972,172,0,0.947027110565646,0.7745464096684457,1,Interleaved
973,173,0,0.6395010723626251,0.9382469579012359,1,Interleaved
974,174,0,0.9575182553482566,0.7049409248629736,1,Interleaved
975,175,0,0.5452328942188466,0.7112068723648903,1,Interleaved
976,176,0,0.9238417843837199,0.6804489610378177,1,Interleaved
977,177,0,0.4973724507841472,0.8198263598050566,1,Interleaved
978,178,0,0.3261792781371147,0.6257030503916965,1,Interleaved
979,179,0,0.9944963107856779,0.6943113846312976,1,Interleaved
980,180,0,0.8360499204222008,0.7632932136737698,1,Interleaved
981,181,0,0.02007718011329882,0.6458167912660826,1,Interleaved
982,182,0,0.895294088703561,0.584887188542446,1,Interleaved
983,183,0,0.4995953989545953,0.7641354038619256,1,Interleaved
984,184,0,0.07918056487450423,0.7400105606247629,1,Interleaved
985,185,0,0.48967308179290703,0.827999177304483,1,Interleaved
986,186,0,0.517998290007029,0.729241110485256,1,Interleaved
987,187,0,0.9960621354209954,0.6614748842311782,1,Interleaved
988,188,0,0.6002443893811913,0.5746484607282871,1,Interleaved
989,189,0,0.707281722002111,0.7298546916294623,1,Interleaved
990,190,0,0.4221786114984684,1.1742261805115646,1,Interleaved
991,191,0,0.9975377599935791,0.8288872073179465,1,Interleaved
992,192,0,0.5441818681414177,0.725752331663899,1,Interleaved
993,193,0,0.7417475044127582,0.5491348535536694,1,Interleaved
994,194,0,0.05600466589848118,0.9396932819458624,1,Interleaved
995,195,0,0.4692225537540729,0.7634000327620891,1,Interleaved
996,196,0,0.8193756449812007,1.0170765753421782,1,Interleaved
997,197,0,0.9120317594822631,0.9018544057243572,1,Interleaved
998,198,0,0.5402762595512481,0.548501560204303,1,Interleaved
999,199,0,0.40000920999735246,0.5243647044636323,1,Interleaved
1000,0,0,0.5261809443761312,0.6628533972017612,1,Instructed
1001,1,0,0.5314071775230741,0.7756869796393218,1,Instructed
1002,2,0,0.8051899057196121,0.8590682468843462,1,Instructed
1003,3,0,0.24286788199934137,0.8743050450041668,1,Instructed
1004,4,0,0.36267306358895834,0.810044193994089,1,Instructed
1005,5,0,0.9797674863272606,0.7933111128101438,1,Instructed
1006,6,0,0.5423673100651363,0.913119300639487,1,Instructed
1007,7,0,0.48194758210405914,0.8881776939599764,1,Instructed
1008,8,0,0.912019479295206,0.7209952052694952,1,Instructed
1009,9,0,0.3231391542485057,0.885681889008058,1,Instructed
1010,10,0,0.34851140241121265,0.8158378886125697,1,Instructed
1011,11,0,0.9026424674144868,0.6022400432773669,1,Instructed
1012,12,0,0.27719005011552744,0.4874865937422537,1,Instructed
1013,13,0,0.5868340962716185,0.5307792648903877,1,Instructed
1014,14,0,0.9227125776512815,0.550212104484818,1,Instructed
1015,15,0,0.5500185706137934,0.676656795923736,1,Instructed
1016,16,0,0.8117322930054274,0.5928098215135081,1,Instructed
1017,17,0,0.2866682215376893,0.5892560898762217,1,Instructed
1018,18,0,0.9987004023892542,0.7543295536307323,1,Instructed
1019,19,0,0.4470108717388878,0.6809686820236215,1,Instructed
1020,20,0,0.6946563166314885,0.7962925635507649,1,Instructed
1021,21,0,0.69047826121054,0.6534288076372476,1,Instructed
1022,22,0,0.9836044508544397,0.6354105231705265,1,Instructed
1023,23,0,0.44107584238960335,0.622983861893272,1,Instructed
1024,24,0,0.47092365340053255,0.8051209386618402,1,Instructed
1025,25,0,0.6757658205473984,0.858844473438285,1,Instructed
1026,26,0,0.47939081988466953,0.8936133403744908,1,Instructed
1027,27,0,0.46807077714013784,1.1808139188873894,1,Instructed
1028,28,0,0.307594895733053,0.8883487358258246,1,Instructed
1029,29,0,0.7030578761798981,0.8816296096342195,1,Instructed
1030,30,0,0.676522395714426,0.5807001193696861,1,Instructed
1031,31,0,0.49164939115394635,0.47401494255736554,1,Instructed
1032,32,0,0.015013499258830994,0.5929572234730949,1,Instructed
1033,33,0,0.5662689180311622,0.6776668555251901,1,Instructed
1034,34,0,0.9522721284382207,0.6651709112766203,1,Instructed
1035,35,0,0.7553744111667406,0.8403130369059234,1,Instructed
1036,36,0,0.9939163614936375,0.7945587561651709,1,Instructed
1037,37,0,0.9667258585140976,0.6425076380402053,1,Instructed
1038,38,0,0.513922808855771,0.5456224026214928,1,Instructed
1039,39,0,0.1255824924095797,0.733563118908179,1,Instructed
1040,40,0,0.3226603938312608,0.8678424447521063,1,Instructed
1041,41,0,0.008312354773958154,1.0134564543642481,1,Instructed
1042,42,0,0.2924730834161103,0.8262284902788386,1,Instructed
1043,43,0,0.9893423655252674,1.911501637651679,1,Instructed
1044,44,0,0.17574009481058275,0.7503848233869508,1,Instructed
1045,45,0,0.49868843941735147,0.7913451568182424,1,Instructed
1046,46,0,0.46320891243769546,0.5523969257210517,1,Instructed
1047,47,0,0.6992161849213299,0.6751860846460993,1,Instructed
1048,48,0,0.9862832950743665,0.8404187281617705,1,Instructed
1049,49,0,0.7785178604493952,0.6668167954590196,1,Instructed
1050,50,0,0.519739810724788,0.6686449931322769,1,Instructed
1051,51,0,0.9898656448446467,0.7701924614959907,1,Instructed
1052,52,0,0.9896905393449149,0.9588464798702692,1,Instructed
1053,53,0,0.795068338064739,0.9086124487215012,1,Instructed
1054,54,0,0.6556381562661704,0.6079579540365594,1,Instructed
1055,55,0,0.4918184894228542,0.4765857259566131,1,Instructed
1056,56,0,0.33508585425769244,0.5969401345596643,1,Instructed
1057,57,0,0.046826020783607904,0.8100649712376115,1,Instructed
1058,58,0,0.5919516701776256,0.6842210467738359,1,Instructed
1059,59,0,0.4803279553673079,0.644501322373153,1,Instructed
1060,60,0,0.6592545831741885,0.7286518428125124,1,Instructed
1061,61,0,0.31291619291674944,0.44091982048673967,1,Instructed
1062,62,0,0.7377553248752612,0.5075477006963693,1,Instructed
1063,63,0,0.10116299785207877,0.5077498968621267,1,Instructed
1064,64,0,0.4368418990089519,0.7296677533397637,1,Instructed
1065,65,0,0.5240145454973851,0.9140919905830722,1,Instructed
1066,66,0,0.9986077716807156,0.7660504983489687,1,Instructed
1067,67,0,0.9930904738791742,0.5492699376237875,1,Instructed
1068,68,0,0.5483512283098619,0.7416263737359292,1,Instructed
1069,69,0,0.20595216270310548,0.8203943705059853,1,Instructed
1070,70,0,0.1509086861407736,0.7078989268581599,1,Instructed
1071,71,0,0.5017213451631661,0.5685590626541558,1,Instructed
1072,72,0,0.5865255319292019,0.6627554271125813,1,Instructed
1073,73,0,0.6034120739583726,0.5388805775951759,1,Instructed
1074,74,0,0.9945441321093247,0.6455158943324767,1,Instructed
1075,75,0,0.27475579816614326,1.0858345983245887,1,Instructed
1076,76,0,0.9935623982958703,0.5442454748950676,1,Instructed
1077,77,0,0.9372397275441293,0.6726048399894882,1,Instructed
1078,78,0,0.5600383001224395,0.531234826411001,1,Instructed
1079,79,0,0.17096929320260398,0.7745414575344398,1,Instructed
1080,80,0,0.5062050052424045,0.8080608097902169,1,Instructed
1081,81,0,0.8372540081353634,0.7509876411566776,1,Instructed
1082,82,0,0.6166687857127546,0.8423948449106424,1,Instructed
1083,83,0,0.4903881100861273,0.5890009570788031,1,Instructed
1084,84,0,0.1603994001308512,0.6776574219209198,1,Instructed
1085,85,0,0.3901086412160644,0.8219278837810486,1,Instructed
1086,86,0,0.38650668258047416,0.6585049508181509,1,Instructed
1087,87,0,0.5449642677480633,0.5917949219811283,1,Instructed
1088,88,0,0.41919277844947866,0.7141797817478175,1,Instructed
1089,89,0,0.501890735305014,0.8622689469869154,1,Instructed
1090,90,0,0.19775660115042287,0.5784312342969414,1,Instructed
1091,91,0,0.47163861387157874,0.5223060390505476,1,Instructed
1092,92,0,0.5238718113696286,0.6588192343109873,1,Instructed
1093,93,0,0.2866715959618023,0.6599371133922118,1,Instructed
1094,94,0,0.33591140482582976,0.6532744589543091,1,Instructed
1095,95,0,0.5427086001628342,0.5235183127880916,1,Instructed
1096,96,0,0.1846948399611235,0.6467167016251342,1,Instructed
1097,97,0,0.4837576402949593,0.8548559492481441,1,Instructed
1098,98,0,0.5263783324366462,0.6909222755126531,1,Instructed
1099,99,0,0.4038386798545272,0.611832924326839,1,Instructed
1100,100,0,0.19902020933168973,0.6005782657949363,1,Instructed
1101,101,0,0.9585841858393471,0.5569117589510841,1,Instructed
1102,102,0,0.7933853751862986,0.6814862954466844,1,Instructed
1103,103,0,0.13937355049768937,0.7967831283422975,1,Instructed
1104,104,0,0.2129485895849864,0.8603853626265461,1,Instructed
1105,105,0,0.8182035464083466,0.7352158146951195,1,Instructed
1106,106,0,0.8903140189010746,0.4756458706296851,1,Instructed
1107,107,0,0.4193770365105277,0.5951948294294118,1,Instructed
1108,108,0,0.8823656411670927,0.9555821883580261,1,Instructed
1109,109,0,0.5539726989114505,3.0228653448658926,1,Instructed
1110,110,0,0.566371624238803,0.9064842534808648,1,Instructed
1111,111,0,0.48701210078288676,0.7068802089932077,1,Instructed
1112,112,0,0.4733281327449067,1.1370145842261459,1,Instructed
1113,113,0,0.5470630091594567,0.9381133858002617,1,Instructed
1114,114,0,0.5057438076018455,0.5188717444490327,1,Instructed
1115,115,0,0.4987001962532899,0.7330396026315218,1,Instructed
1116,116,0,0.4801071152694672,0.7474441709081885,1,Instructed
1117,117,0,0.6013711624999537,0.7163622266619005,1,Instructed
1118,118,0,0.7545341764516844,0.7979887787631447,1,Instructed
1119,119,0,0.36717074698462726,0.8422023672718165,1,Instructed
1120,120,0,0.09653362538803993,0.7996753238957754,1,Instructed
1121,121,0,0.954473319143833,0.7698344672318385,1,Instructed
1122,122,0,0.7696198258088522,0.5872040488358097,1,Instructed
1123,123,0,0.9603532481735225,0.6535309012464776,1,Instructed
1124,124,0,0.8355708257534836,0.6200804497422396,1,Instructed
1125,125,0,0.4991018879567356,0.6533092918984796,1,Instructed
1126,126,0,0.6515878372324762,0.5383198165058939,1,Instructed
1127,127,0,0.32237133502702314,0.6115471390247492,1,Instructed
1128,128,0,0.5852475137523597,0.8507533381210554,1,Instructed
1129,129,0,0.5404488920274004,0.7429772509793628,1,Instructed
1130,130,0,0.5104237413529029,0.5043633409783717,1,Instructed
1131,131,0,0.7654025984930635,0.308793046905689,1,Instructed
1132,132,0,0.2902120932665196,0.4972104519230621,1,Instructed
1133,133,0,0.8694114479808769,0.7103615920039815,1,Instructed
1134,134,0,0.5254601512074928,0.6392639605256958,1,Instructed
1135,135,0,0.49040498807888916,0.7301649725089587,1,Instructed
1136,136,0,0.9824465210153945,0.6551440829933979,1,Instructed
1137,137,0,0.8788831753576243,0.447319690121157,1,Instructed
1138,138,0,0.8142387929977087,0.6237940956581123,1,Instructed
1139,139,0,0.6811933092056807,0.712434883797153,1,Instructed
1140,140,0,0.4311688705318696,0.7767779005772617,1,Instructed
1141,141,0,0.18168662412613984,0.7429138884085579,1,Instructed
1142,142,0,0.7826336584876425,0.725091351706229,1,Instructed
1143,143,0,0.06449203973201262,0.746304907606492,1,Instructed
1144,144,0,0.8603740062203453,0.8753731534666827,1,Instructed
1145,145,0,0.6035603337047749,0.6842057465341354,1,Instructed
1146,146,0,0.6982620126884377,0.494393214339404,1,Instructed
1147,147,0,0.12202518105264253,0.5877785270990415,1,Instructed
1148,148,0,0.016099567994381815,0.6636914600728232,1,Instructed
1149,149,0,0.683162495565682,0.6358630041519534,1,Instructed
1150,150,0,0.4527951411379873,0.6499896113323651,1,Instructed
1151,151,0,0.8657916811484021,0.5595724481960251,1,Instructed
1152,152,0,0.21519705112878498,0.5605569020686374,1,Instructed
1153,153,0,0.714209805470744,0.481545491245415,1,Instructed
1154,154,0,0.6861120805816527,0.40235176479012835,1,Instructed
1155,155,0,0.9490389433339659,0.5870912654305003,1,Instructed
1156,156,0,0.702642662431173,0.7108810562389722,1,Instructed
1157,157,0,0.8598506619118558,0.5093478654775874,1,Instructed
1158,158,0,0.8939435018307635,0.6931256798393295,1,Instructed
1159,159,0,0.10217153286555963,0.8442958334816494,1,Instructed
1160,160,0,0.3798863987592622,0.4497051622762105,1,Instructed
1161,161,0,0.6628969797753119,0.43801049470399056,1,Instructed
1162,162,0,0.11568646548177788,0.7406061475137751,1,Instructed
1163,163,0,0.472892713094796,0.7820284944133036,1,Instructed
1164,164,0,0.8520747814139915,0.4611134522650474,1,Instructed
1165,165,0,0.09361086834607067,0.9334953761108318,1,Instructed
1166,166,0,0.5189206493885608,0.9682747180611243,1,Instructed
1167,167,0,0.7878381015777416,0.5929509171141518,1,Instructed
1168,168,0,0.9423709376321505,0.763965488131628,1,Instructed
1169,169,0,0.969553305905074,0.5145144843634177,1,Instructed
1170,170,0,0.7148143094106445,0.6278107102472884,1,Instructed
1171,171,0,0.49117187260425593,0.6752506839655592,1,Instructed
1172,172,0,0.9041179640359347,0.546879716587811,1,Instructed
1173,173,0,0.3989401698784651,0.51942067127301,1,Instructed
1174,174,0,0.5444194152333506,0.413812012964186,1,Instructed
1175,175,0,0.41718457940237347,0.6571785504309486,1,Instructed
1176,176,0,0.47228670222060276,0.8540106275045057,1,Instructed
1177,177,0,0.9975207813317428,0.7705950979389281,1,Instructed
1178,178,0,0.5002475701726116,0.8760517223276671,1,Instructed
1179,179,0,0.1010007925537186,0.6392735426662715,1,Instructed
1180,180,0,0.12965420362396315,1.5975052131484033,1,Instructed
1181,181,0,0.3592357434944987,0.8001225170409514,1,Instructed
1182,182,0,0.021470233873735242,0.7974301006297781,1,Instructed
1183,183,0,0.7262831115212929,0.7878009808256443,1,Instructed
1184,184,0,0.21474119486525142,0.6866242290173316,1,Instructed
1185,185,0,0.3192784740257641,0.8868920047219536,1,Instructed
1186,186,0,0.7271557720595037,0.48025610480329994,1,Instructed
1187,187,0,0.4720064031550128,0.7601397590862111,1,Instructed
1188,188,0,0.09403129667049862,0.6673445200548251,1,Instructed
1189,189,0,0.512632823385498,0.754211381722825,1,Instructed
1190,190,0,0.15353652520423824,0.9440346264855366,1,Instructed
1191,191,0,0.3450964458985134,0.618714504232678,1,Instructed
1192,192,0,0.37366246055890956,0.4943037209106028,1,Instructed
1193,193,0,0.6019661878564113,0.41713786037056466,1,Instructed
1194,194,0,0.7990394361689166,0.4076356080930456,1,Instructed
1195,195,0,0.08443636195901207,0.6707897513515351,1,Instructed
1196,196,0,0.9490389224062599,0.8013671487944238,1,Instructed
1197,197,0,0.6460914744135239,0.8855721322372891,1,Instructed
1198,198,0,0.6280749473631491,0.6835208221436256,1,Instructed
1199,199,0,0.16252373266882358,0.6934323778773592,1,Instructed
