,t,e_hat,Accuracy,pe,batch,Condition
0,0,0,0.8960286245240502,0.8349386180592988,0,Blocked
1,1,0,0.5512254756785621,0.44225646941884367,0,Blocked
2,2,0,0.2636219079532688,0.5655586264800203,0,Blocked
3,3,0,0.48304575867086286,0.5209382415048079,0,Blocked
4,4,0,0.9193161472630816,0.34810847967549974,0,Blocked
5,5,0,0.053681173775993046,0.5091251772807888,0,Blocked
6,6,0,0.6731926429256376,0.31134365450405754,0,Blocked
7,7,0,0.4546300364299566,0.45825786581189126,0,Blocked
8,8,0,0.5150654611671793,0.41911990033461777,0,Blocked
9,9,0,0.49832261235855885,0.5549492650117969,0,Blocked
10,10,0,0.4925535908573924,0.442734173442897,0,Blocked
11,11,0,0.3714886178757153,0.6933305066283293,0,Blocked
12,12,0,0.5564602815840062,0.6636647351088636,0,Blocked
13,13,0,0.8057011802303982,0.564650895350266,0,Blocked
14,14,0,0.8647510138214336,0.3804366342059746,0,Blocked
15,15,0,0.15326914359523142,0.4627141378019494,0,Blocked
16,16,0,0.08399979295317515,0.6540888655735941,0,Blocked
17,17,0,0.6056703505802554,0.7476989667209557,0,Blocked
18,18,0,0.8857015934702163,0.5307662072018221,0,Blocked
19,19,0,0.9442863841211278,0.5280705202540306,0,Blocked
20,20,0,0.3296304067450861,0.40554222531827155,0,Blocked
21,21,0,0.8262457970713295,0.5147962680181535,0,Blocked
22,22,0,0.4556250458740988,0.3653309428087864,0,Blocked
23,23,0,0.382423422841123,0.3788255757973774,0,Blocked
24,24,0,0.36408882500838513,0.3792482113890971,0,Blocked
25,25,0,0.38748063773261754,0.4720472193033171,0,Blocked
26,26,0,0.4549467997825334,0.38813182352452724,0,Blocked
27,27,0,0.3877840508492725,0.43008398757859545,0,Blocked
28,28,0,0.499850922683561,0.671511853416958,0,Blocked
29,29,0,0.3439924368282552,0.36981189559785627,0,Blocked
30,30,0,0.816232957370626,0.4123889155239894,0,Blocked
31,31,0,0.09352727728700935,0.4051941915936916,0,Blocked
32,32,0,0.07239479717526584,0.5737300423564337,0,Blocked
33,33,0,0.1847948849235148,0.41755774857467043,0,Blocked
34,34,0,0.4706048711694326,0.5188094812634932,0,Blocked
35,35,0,0.6729381224638729,0.29703316601320623,0,Blocked
36,36,0,0.3891134993154737,0.5028989347831672,0,Blocked
37,37,0,0.44926295599126,0.31925516287927624,0,Blocked
38,38,0,0.5964561508513246,0.4638332761513825,0,Blocked
39,39,0,0.7372460613358163,0.5313511214765675,0,Blocked
40,40,0,0.5638870852003218,0.6686225944862757,0,Blocked
41,41,0,0.6701021129155796,0.4452518135330966,0,Blocked
42,42,0,0.08210506587727343,0.4595642966627535,0,Blocked
43,43,0,0.7913687687721251,0.4498885899419822,0,Blocked
44,44,0,0.9026964623713407,0.43264589427039013,0,Blocked
45,45,0,0.8722093339994946,0.4790151506257109,0,Blocked
46,46,0,0.7391402021272557,0.48424508763100793,0,Blocked
47,47,0,0.6436438929245604,0.403866398321576,0,Blocked
48,48,0,0.33274833749869076,0.4437047664533815,0,Blocked
49,49,0,0.10615898365007277,0.5861985820146015,0,Blocked
50,50,0,0.1312279897990835,0.4565353585484321,0,Blocked
51,51,0,0.6949922728028988,0.36349881615858254,0,Blocked
52,52,0,0.2815825379720096,0.5821503104529957,0,Blocked
53,53,0,0.8848947771621396,0.2676587981744507,0,Blocked
54,54,0,0.8343911906594043,0.5986144109676392,0,Blocked
55,55,0,0.8738448873040956,0.4446715888415307,0,Blocked
56,56,0,0.2097707785172479,0.4009344395801097,0,Blocked
57,57,0,0.8514759439797758,0.4634441402408819,0,Blocked
58,58,0,0.2234385386272177,0.5103833811398157,0,Blocked
59,59,0,0.8462806646079466,0.3437208801204279,0,Blocked
60,60,0,0.20603885227122473,0.4543456743742684,0,Blocked
61,61,0,0.274719912302808,0.43245821874094703,0,Blocked
62,62,0,0.34832257774375547,0.49531233000964303,0,Blocked
63,63,0,0.4435544748191209,0.3507976782787068,0,Blocked
64,64,0,0.35446581544807615,0.4587262309116199,0,Blocked
65,65,0,0.27206473467908376,0.4183856211605147,0,Blocked
66,66,0,0.918253351581509,0.44179896062038365,0,Blocked
67,67,0,0.8545092812558269,0.5105518460012883,0,Blocked
68,68,0,0.7473641873409066,0.4758952026520979,0,Blocked
69,69,0,0.7475730554976119,0.37298534828940233,0,Blocked
70,70,0,0.9034630472120554,0.42723066779873187,0,Blocked
71,71,0,0.874159088750298,0.3292182335043703,0,Blocked
72,72,0,0.8755660210365881,0.4247059964908309,0,Blocked
73,73,0,0.9427525030670147,0.2683937083209297,0,Blocked
74,74,0,0.06543413752904256,0.3813777075906813,0,Blocked
75,75,0,0.9811609800610294,0.5107205768157362,0,Blocked
76,76,0,0.13436752829637788,0.47113843236999386,0,Blocked
77,77,0,0.7594797929649878,0.3559824804290921,0,Blocked
78,78,0,0.4291200453095493,0.4494763096498935,0,Blocked
79,79,0,0.4476738819754321,0.3691995214259211,0,Blocked
80,80,0,0.24359647401172307,0.3594164703446351,0,Blocked
81,81,0,0.6472773656020919,0.3753890848606052,0,Blocked
82,82,0,0.15442222409365597,0.5124411282612771,0,Blocked
83,83,0,0.02318628511526478,0.5225812489426119,0,Blocked
84,84,0,0.2137777686260856,0.3584524642362613,0,Blocked
85,85,0,0.35626341870228134,0.49084323198768354,0,Blocked
86,86,0,0.400685727933579,0.3866587230202694,0,Blocked
87,87,0,0.5811799507510523,0.4488119636249066,0,Blocked
88,88,0,0.5444811102728633,0.33530489457745105,0,Blocked
89,89,0,0.40172176487452826,0.3930049858287854,0,Blocked
90,90,0,0.6403006956851824,0.3317886975382396,0,Blocked
91,91,0,0.6983530163277373,0.30264179055782237,0,Blocked
92,92,0,0.8704767271919305,0.35895271765590664,0,Blocked
93,93,0,0.39779145398645344,0.5400063907924287,0,Blocked
94,94,0,0.5737621885502753,0.49509594951420255,0,Blocked
95,95,0,0.12605776637665667,0.50250065345278,0,Blocked
96,96,0,0.872711969034381,0.38888500204143495,0,Blocked
97,97,0,0.6377137458971285,0.366672264440939,0,Blocked
98,98,0,0.784863179526287,0.33204108683508826,0,Blocked
99,99,0,0.3086193840012599,0.5176791473837721,0,Blocked
100,100,0,0.7698701770868228,0.49283030723681087,0,Blocked
101,101,0,0.5173742422247527,0.43095639467250424,0,Blocked
102,102,0,0.6610670504848806,0.35891649760876365,0,Blocked
103,103,0,0.8387598267359667,0.30145376944466906,0,Blocked
104,104,0,0.3197073086749551,0.4358642310641824,0,Blocked
105,105,0,0.3760344735449036,0.3617323511872584,0,Blocked
106,106,0,0.7578970181531399,0.5269677696043167,0,Blocked
107,107,0,0.6660141240846404,0.33765811086319103,0,Blocked
108,108,0,0.36256308751328803,0.3814254472684925,0,Blocked
109,109,0,0.3088864377008931,0.38040436177211656,0,Blocked
110,110,0,0.6245887481126087,0.49614211751600157,0,Blocked
111,111,0,0.951427924164244,0.33905513621798966,0,Blocked
112,112,0,0.986481102433123,0.4483849817125747,0,Blocked
113,113,0,0.28490338927726183,0.39528642633817557,0,Blocked
114,114,0,0.4130679940722117,0.363537369903643,0,Blocked
115,115,0,0.4086777003919388,0.37911963532775717,0,Blocked
116,116,0,0.6617303062934022,0.3123093089475335,0,Blocked
117,117,0,0.6771151786741342,0.2846563891487386,0,Blocked
118,118,0,0.7046461689556335,0.3469046507114988,0,Blocked
119,119,0,0.35160195172857334,0.3406745648741843,0,Blocked
120,120,0,0.5390412125749696,0.5178586703043357,0,Blocked
121,121,0,0.4573873399670062,0.3100558168074352,0,Blocked
122,122,0,0.2575017929447328,0.33957117782233714,0,Blocked
123,123,0,0.49577888786141566,0.40662562865537516,0,Blocked
124,124,0,0.52107383760709,0.40378675215364723,0,Blocked
125,125,0,0.16914864988329595,0.4777988496964345,0,Blocked
126,126,0,0.16159676747604473,0.4931089684290452,0,Blocked
127,127,0,0.4719076773939984,0.33518885113477226,0,Blocked
128,128,0,0.42041402870951855,0.4110620393483509,0,Blocked
129,129,0,0.8307836592906214,0.3352310864713559,0,Blocked
130,130,0,0.9639746566560752,0.39681546356987246,0,Blocked
131,131,0,0.9345855697569823,0.2606465901046279,0,Blocked
132,132,0,0.9332894502194204,0.33888822805034763,0,Blocked
133,133,0,0.32927275399165534,0.32594927818849334,0,Blocked
134,134,0,0.44415327431663587,0.313696424818703,0,Blocked
135,135,0,0.4967888142339966,0.34861415520902067,0,Blocked
136,136,0,0.26290526818927057,0.36080027579538343,0,Blocked
137,137,0,0.6591366897814929,0.29141218458445173,0,Blocked
138,138,0,0.3271470380336329,0.3533372669304569,0,Blocked
139,139,0,0.68394436085966,0.43235195958278794,0,Blocked
140,140,0,0.4658112959663322,0.3565885278958143,0,Blocked
141,141,0,0.168308258461632,0.47322713674404493,0,Blocked
142,142,0,0.2673275531196513,0.32825859387513373,0,Blocked
143,143,0,0.5803432513327734,0.40985300634569055,0,Blocked
144,144,0,0.44623567741430753,0.3750650797195221,0,Blocked
145,145,0,0.5219174957317699,0.3961846150393984,0,Blocked
146,146,0,0.1290991747419703,0.3974359812877395,0,Blocked
147,147,0,0.06460210043314155,0.43059121496622,0,Blocked
148,148,0,0.8916968995192984,0.31694223281211725,0,Blocked
149,149,0,0.7504152759612477,0.37844082010266833,0,Blocked
150,150,0,0.09496970687934585,0.2606171074357679,0,Blocked
151,151,0,0.9402077540488496,0.3325683962791704,0,Blocked
152,152,0,0.06783318750436503,0.43993301660840484,0,Blocked
153,153,0,0.16798712623642342,0.38743801013001167,0,Blocked
154,154,0,0.512166878558274,0.39516333731858205,0,Blocked
155,155,0,0.19543346608089415,0.46243962715426673,0,Blocked
156,156,0,0.4293702491490452,0.3090255495076693,0,Blocked
157,157,0,0.14768061147580144,0.3415165808153092,0,Blocked
158,158,0,0.5584374066427598,0.3230526395699339,0,Blocked
159,159,0,0.48571856381544404,0.3368926477090617,0,Blocked
160,160,0,0.5013113024665424,0.3351382358767825,0,Blocked
161,161,0,0.38162648662205517,0.3759901825002705,0,Blocked
162,162,0,0.5912078372220864,0.4147920636893867,0,Blocked
163,163,0,0.4268291038664018,0.4343772971269826,0,Blocked
164,164,0,0.7812874449674942,0.34257578086207696,0,Blocked
165,165,0,0.04173910146491084,0.41407495874651823,0,Blocked
166,166,0,0.20579507601930183,0.3255888419832095,0,Blocked
167,167,0,0.14373955096687036,0.32044695849727955,0,Blocked
168,168,0,0.31903259621386065,0.3502698886537555,0,Blocked
169,169,0,0.6705559068559379,0.3041134183912925,0,Blocked
170,170,0,0.5824961547132397,0.29385882557747944,0,Blocked
171,171,0,0.750700823865885,0.41148125064764074,0,Blocked
172,172,0,0.5340905338987907,0.2429417179183565,0,Blocked
173,173,0,0.35735408169049127,0.30929062199299906,0,Blocked
174,174,0,0.8084485535739271,0.41176064808970236,0,Blocked
175,175,0,0.47894198389613357,0.3556490551416727,0,Blocked
176,176,0,0.27895159242348777,0.4160258976869876,0,Blocked
177,177,0,0.414185501572517,0.44678466451367094,0,Blocked
178,178,0,0.5491933893404354,0.3511578253719216,0,Blocked
179,179,0,0.5414620029901345,0.5015567084949991,0,Blocked
180,180,0,0.5482770920238105,0.2604696363282458,0,Blocked
181,181,0,0.3582007211643001,0.2769394346581886,0,Blocked
182,182,0,0.5893336726459559,0.5417877407925267,0,Blocked
183,183,0,0.497302287734859,0.4460092914250687,0,Blocked
184,184,0,0.9753896375589031,0.2618246580130554,0,Blocked
185,185,0,0.9344867796298846,0.31440035177386094,0,Blocked
186,186,0,0.9692089029182767,0.34932501264777294,0,Blocked
187,187,0,0.8591815625246335,0.264625842489446,0,Blocked
188,188,0,0.9086090880296802,0.4960146678544762,0,Blocked
189,189,0,0.4630437025395592,0.3539837974919695,0,Blocked
190,190,0,0.4703943174884016,0.31518925538786535,0,Blocked
191,191,0,0.9052623218455997,0.275382064198242,0,Blocked
192,192,0,0.1231270838693475,0.4481837926199721,0,Blocked
193,193,0,0.3532062418749157,0.2591895581172676,0,Blocked
194,194,0,0.7508462085223712,0.27767097235716165,0,Blocked
195,195,0,0.5304507407260215,0.4343381039925083,0,Blocked
196,196,0,0.22383625911003488,0.3361870886736677,0,Blocked
197,197,0,0.33256942885657714,0.5276397580849889,0,Blocked
198,198,0,0.3845262046729234,0.28710722024979823,0,Blocked
199,199,0,0.5312213604580536,0.4376640417529163,0,Blocked
200,0,0,0.48060654697915833,0.7022957215462782,0,Interleaved
201,1,0,0.7294278449914378,0.5721180393884804,0,Interleaved
202,2,0,0.4931860885379609,0.604082845445403,0,Interleaved
203,3,0,0.08551148754712902,0.5839646454542655,0,Interleaved
204,4,0,0.423836675136629,0.5145399240812136,0,Interleaved
205,5,0,0.5462510997863944,0.4948765374017813,0,Interleaved
206,6,0,0.8877901622812294,0.4965905104457691,0,Interleaved
207,7,0,0.3520734271346839,0.5814183970401492,0,Interleaved
208,8,0,0.09283503776180108,0.5104536507901611,0,Interleaved
209,9,0,0.7276185388882264,0.4752261894523361,0,Interleaved
210,10,0,0.19683381139173792,0.5540124297090158,0,Interleaved
211,11,0,0.279898810576331,0.5158639900664358,0,Interleaved
212,12,0,0.2862867420136192,0.3552993870688425,0,Interleaved
213,13,0,0.7069053518137685,0.43130597213157973,0,Interleaved
214,14,0,0.7284111869847281,0.4553385753270559,0,Interleaved
215,15,0,0.711013346272061,0.38182319573876955,0,Interleaved
216,16,0,0.8122546586093286,0.5501531417295471,0,Interleaved
217,17,0,0.3465172265968895,0.4112376790992109,0,Interleaved
218,18,0,0.32846824672479813,0.5874492065502892,0,Interleaved
219,19,0,0.3637566900539796,0.4934588669937411,0,Interleaved
220,20,0,0.7810414301205246,0.4490072789442412,0,Interleaved
221,21,0,0.6831435163984475,0.5011477348068125,0,Interleaved
222,22,0,0.7206847784794392,0.3743905143644195,0,Interleaved
223,23,0,0.2644054443792377,0.4650012470902049,0,Interleaved
224,24,0,0.44628831483919595,0.5500573272887379,0,Interleaved
225,25,0,0.5859339629572305,0.4005224971698372,0,Interleaved
226,26,0,0.3275909426883869,0.49887654637722045,0,Interleaved
227,27,0,0.6249746646494262,0.48952457906737346,0,Interleaved
228,28,0,0.41348380685418307,0.45725863998033134,0,Interleaved
229,29,0,0.20332806296038825,0.4099929636696841,0,Interleaved
230,30,0,0.5224866145643953,0.5222778117383359,0,Interleaved
231,31,0,0.33767272136589227,0.5383166802714798,0,Interleaved
232,32,0,0.8453889803527801,0.6088540537845936,0,Interleaved
233,33,0,0.5240931197902385,0.39225405686980086,0,Interleaved
234,34,0,0.7505187724014779,0.49715601954992705,0,Interleaved
235,35,0,0.5988668405500808,0.5669474434261849,0,Interleaved
236,36,0,0.9200579431340747,0.4430416231722484,0,Interleaved
237,37,0,0.6681305120191932,0.4731376580422686,0,Interleaved
238,38,0,0.9079217116986555,0.35275512730854086,0,Interleaved
239,39,0,0.7345097357683481,0.5058427374113501,0,Interleaved
240,40,0,0.4857469205951758,0.49798449798543737,0,Interleaved
241,41,0,0.15262270401385064,0.4983971617828029,0,Interleaved
242,42,0,0.7747363873556574,0.47730809163580734,0,Interleaved
243,43,0,0.7237495882767985,0.4012182173938612,0,Interleaved
244,44,0,0.20084557480981804,0.6176970868220237,0,Interleaved
245,45,0,0.686151504781517,0.3179360226027612,0,Interleaved
246,46,0,0.7352182333719899,0.3106735691317931,0,Interleaved
247,47,0,0.7350814049137111,0.49675667740861557,0,Interleaved
248,48,0,0.686768688478314,0.5322263175567934,0,Interleaved
249,49,0,0.2197204256351588,0.5310021746933513,0,Interleaved
250,50,0,0.8174139608249382,0.5796342195757489,0,Interleaved
251,51,0,0.391089718673769,0.5013709909568541,0,Interleaved
252,52,0,0.8523326917861629,0.5090890378102901,0,Interleaved
253,53,0,0.5017679157403602,0.3802589466126964,0,Interleaved
254,54,0,0.015628092093876392,0.5982361613011644,0,Interleaved
255,55,0,0.4173188946723812,0.5442959318958271,0,Interleaved
256,56,0,0.5839090651157752,0.4580637120655737,0,Interleaved
257,57,0,0.2518253974850731,0.6272781075728715,0,Interleaved
258,58,0,0.39818471076192963,0.4722154695288165,0,Interleaved
259,59,0,0.700223614057693,0.42866408863224875,0,Interleaved
260,60,0,0.88143693268033,0.4468824377156021,0,Interleaved
261,61,0,0.47966615042376615,0.5358762895105984,0,Interleaved
262,62,0,0.9370738972181966,0.4736006964088373,0,Interleaved
263,63,0,0.37923558522260453,0.6287037553716635,0,Interleaved
264,64,0,0.9199265715582368,0.44031574916451516,0,Interleaved
265,65,0,0.30074750200892464,0.6547116978600436,0,Interleaved
266,66,0,0.7980955924865578,0.37711683485212444,0,Interleaved
267,67,0,0.5513813362670367,0.45898436108023954,0,Interleaved
268,68,0,0.12535133628093145,0.7547820428182125,0,Interleaved
269,69,0,0.33354864041481236,0.38209400818548334,0,Interleaved
270,70,0,0.7662447883382578,0.4015100956675902,0,Interleaved
271,71,0,0.523895999989233,0.48109430585145496,0,Interleaved
272,72,0,0.4163243062479812,0.5375925417931313,0,Interleaved
273,73,0,0.5969861395387331,0.45456421071121333,0,Interleaved
274,74,0,0.984982817263103,0.4367895273899397,0,Interleaved
275,75,0,0.4286784031240344,0.5314397865650475,0,Interleaved
276,76,0,0.11004657146048719,0.4519440006629062,0,Interleaved
277,77,0,0.5332214917612005,0.404806134674362,0,Interleaved
278,78,0,0.5164299026959437,0.36860473766302915,0,Interleaved
279,79,0,0.3385586895002394,0.46649643308629135,0,Interleaved
280,80,0,0.820575851401101,0.4851716229736731,0,Interleaved
281,81,0,0.49391475341479707,0.3403233914336197,0,Interleaved
282,82,0,0.6336176235641131,0.5591682922894584,0,Interleaved
283,83,0,0.5051103987864562,0.4558307146610506,0,Interleaved
284,84,0,0.5399700853638392,0.4287533339473254,0,Interleaved
285,85,0,0.5273182312392277,0.40837659118929065,0,Interleaved
286,86,0,0.9001773235698234,0.4003483756767182,0,Interleaved
287,87,0,0.7629030643062084,0.296130141901076,0,Interleaved
288,88,0,0.041190708777410115,0.7754997760639006,0,Interleaved
289,89,0,0.4084911322364193,0.4824637797421186,0,Interleaved
290,90,0,0.3635500992287443,0.5429936588692708,0,Interleaved
291,91,0,0.5701321853694418,0.4549870159083709,0,Interleaved
292,92,0,0.5239101705905188,0.521689151973825,0,Interleaved
293,93,0,0.423758828047408,0.4280527685903762,0,Interleaved
294,94,0,0.5894250314714422,0.508174306457277,0,Interleaved
295,95,0,0.6227202857831727,0.3238018445073234,0,Interleaved
296,96,0,0.5402281505443641,0.41643979539957865,0,Interleaved
297,97,0,0.418757758371402,0.3873738859492367,0,Interleaved
298,98,0,0.7716928458616608,0.30581501952995777,0,Interleaved
299,99,0,0.6736202619846506,0.42806616161501193,0,Interleaved
300,100,0,0.4838874085844228,0.37794419645033367,0,Interleaved
301,101,0,0.3129882908795695,0.5288096646136076,0,Interleaved
302,102,0,0.3653277340033219,0.4625543876839815,0,Interleaved
303,103,0,0.6751500292250608,0.35837739131540214,0,Interleaved
304,104,0,0.951079077195045,0.37968844866049656,0,Interleaved
305,105,0,0.5516190638269812,0.5081702216679044,0,Interleaved
306,106,0,0.9736783573102061,0.46581490234122347,0,Interleaved
307,107,0,0.4061154781306402,0.40374819904923104,0,Interleaved
308,108,0,0.5841977458446838,0.4370840981287059,0,Interleaved
309,109,0,0.7019370281730218,0.4004878733352282,0,Interleaved
310,110,0,0.5108541961821835,0.37253234020593157,0,Interleaved
311,111,0,0.6782541437257135,0.3765205326972243,0,Interleaved
312,112,0,0.06628195202393491,0.5789710796486942,0,Interleaved
313,113,0,0.3999951456970148,0.39450330760053964,0,Interleaved
314,114,0,0.08337987424152542,0.3621906594693248,0,Interleaved
315,115,0,0.597105933951896,0.3055201996197936,0,Interleaved
316,116,0,0.13184499024751767,0.475112630135891,0,Interleaved
317,117,0,0.6623580295637842,0.42275726785023676,0,Interleaved
318,118,0,0.4180552563828359,0.35907277585542696,0,Interleaved
319,119,0,0.31847295123243796,0.45439218928901326,0,Interleaved
320,120,0,0.8492886706980085,0.3205134312607496,0,Interleaved
321,121,0,0.31173029576416206,0.4210865134936516,0,Interleaved
322,122,0,0.7194566235032115,0.23879602823574986,0,Interleaved
323,123,0,0.6592219365535308,0.2802271598384055,0,Interleaved
324,124,0,0.6387024022812264,0.25944031537265266,0,Interleaved
325,125,0,0.8289020528409551,0.3012931709330585,0,Interleaved
326,126,0,0.7252475777644118,0.30568676201673795,0,Interleaved
327,127,0,0.6925952119839263,0.49697462030402373,0,Interleaved
328,128,0,0.5265343000103517,0.2585353506685285,0,Interleaved
329,129,0,0.909958177377029,0.3247870992406754,0,Interleaved
330,130,0,0.8963372150106068,0.35390971188124953,0,Interleaved
331,131,0,0.6355183031173566,0.4289684391431532,0,Interleaved
332,132,0,0.5395213023596306,0.38696150797637024,0,Interleaved
333,133,0,0.699316448545025,0.3126520085269586,0,Interleaved
334,134,0,0.9057057600392309,0.2944630064864479,0,Interleaved
335,135,0,0.1960718256580744,0.40798323289219285,0,Interleaved
336,136,0,0.4929213884576523,0.35607780281677115,0,Interleaved
337,137,0,0.538491390740475,0.37220371397606433,0,Interleaved
338,138,0,0.700124767878895,0.46057723351008795,0,Interleaved
339,139,0,0.5558439216776419,0.5342122032766689,0,Interleaved
340,140,0,0.9928780833041724,0.2605546108659034,0,Interleaved
341,141,0,0.5077528601251218,0.3650767733744186,0,Interleaved
342,142,0,0.633135258782251,0.4167823840657173,0,Interleaved
343,143,0,0.6042303723733753,0.31687629709705595,0,Interleaved
344,144,0,0.9434997244168861,0.35141728372896963,0,Interleaved
345,145,0,0.642885812225533,0.39096811648392094,0,Interleaved
346,146,0,0.9482666049796744,0.3609832951114518,0,Interleaved
347,147,0,0.6067626391324358,0.3624504367474381,0,Interleaved
348,148,0,0.422839950494359,0.3978441342726814,0,Interleaved
349,149,0,0.6393969264485101,0.4379430294106825,0,Interleaved
350,150,0,0.4901251374807223,0.5050530187049214,0,Interleaved
351,151,0,0.42262374457345625,0.5496231897247934,0,Interleaved
352,152,0,0.24399531303113042,0.44845064350420977,0,Interleaved
353,153,0,0.3725086166035176,0.3204405870781182,0,Interleaved
354,154,0,0.6682370532946512,0.24564213437422872,0,Interleaved
355,155,0,0.4573171022428113,0.5479632707029964,0,Interleaved
356,156,0,0.9353977228587455,0.4388350126348093,0,Interleaved
357,157,0,0.32448820759201197,0.45727100612353744,0,Interleaved
358,158,0,0.8055681340106138,0.3618700931243475,0,Interleaved
359,159,0,0.6817597342018749,0.37237902934493605,0,Interleaved
360,160,0,0.6224233046448602,0.4861922479003731,0,Interleaved
361,161,0,0.8043389802791832,0.25923219451736285,0,Interleaved
362,162,0,0.9374070740285706,0.39886131462357904,0,Interleaved
363,163,0,0.7153787044442469,0.3633304836263376,0,Interleaved
364,164,0,0.6601546334943196,0.5880404523586946,0,Interleaved
365,165,0,0.5198719534041749,0.34131135421154124,0,Interleaved
366,166,0,0.569652976270598,0.28298170162705505,0,Interleaved
367,167,0,0.439390610581224,0.45760097355125406,0,Interleaved
368,168,0,0.5678024482535677,0.4145788824885922,0,Interleaved
369,169,0,0.5511664413937243,0.36882917128348686,0,Interleaved
370,170,0,0.7704916783039579,0.31154270636516657,0,Interleaved
371,171,0,0.5008881745522061,0.4411889804775415,0,Interleaved
372,172,0,0.4471550194751446,0.43773296498609615,0,Interleaved
373,173,0,0.6985552096346048,0.36475900668184724,0,Interleaved
374,174,0,0.6052031259221787,0.2920992099823928,0,Interleaved
375,175,0,0.8349737730767517,0.2710677496277224,0,Interleaved
376,176,0,0.7299398603095654,0.2829378099015029,0,Interleaved
377,177,0,0.6637364151762672,0.37750462976122545,0,Interleaved
378,178,0,0.5473233878334656,0.4167088160544479,0,Interleaved
379,179,0,0.9454697266956877,0.3124693470557097,0,Interleaved
380,180,0,0.3741150506744012,0.42096289746089666,0,Interleaved
381,181,0,0.750576715391287,0.376031523232639,0,Interleaved
382,182,0,0.5632444345014159,0.3841274768503484,0,Interleaved
383,183,0,0.6906137413595999,0.3215375816225325,0,Interleaved
384,184,0,0.5275706439361391,0.530487257790291,0,Interleaved
385,185,0,0.2886385394153591,0.4886570451751382,0,Interleaved
386,186,0,0.6422625803381985,0.48274434353446805,0,Interleaved
387,187,0,0.958093217730694,0.43888474784926956,0,Interleaved
388,188,0,0.3070177900101342,0.2842943595562948,0,Interleaved
389,189,0,0.7246380737701408,0.3077295919042641,0,Interleaved
390,190,0,0.8267043578415758,0.2807066324582196,0,Interleaved
391,191,0,0.7030028619971523,0.29286630731006436,0,Interleaved
392,192,0,0.6856344721582476,0.41855775054490685,0,Interleaved
393,193,0,0.7753268183789935,0.30766650619111713,0,Interleaved
394,194,0,0.6732576770249871,0.24415352352890557,0,Interleaved
395,195,0,0.8925414607282324,0.35721174842566783,0,Interleaved
396,196,0,0.6130084110461037,0.30333594837233985,0,Interleaved
397,197,0,0.5103748065370359,0.31664628171421894,0,Interleaved
398,198,0,0.9866344343758426,0.31584658752401495,0,Interleaved
399,199,0,0.4701077414569893,0.360683249171169,0,Interleaved
400,0,0,0.48970336382940316,0.5989110850676626,0,Instructed
401,1,0,0.08816667808045303,0.8025636865113277,0,Instructed
402,2,0,0.5044341050996084,0.629675742863428,0,Instructed
403,3,0,0.11875429783139536,0.48740363503965595,0,Instructed
404,4,0,0.42135500898475087,0.7194362337472096,0,Instructed
405,5,0,0.3332673844466886,0.3757760675483626,0,Instructed
406,6,0,0.7805523716839549,0.4108232040831379,0,Instructed
407,7,0,0.5531911339637021,0.6205393678500168,0,Instructed
408,8,0,0.49000719942140397,0.632895528793536,0,Instructed
409,9,0,0.6781029888910478,0.39321463471096973,0,Instructed
410,10,0,0.27081571338957466,0.41212227737043416,0,Instructed
411,11,0,0.8570289682282928,0.4349107669563771,0,Instructed
412,12,0,0.5121093176055621,0.4077821677119534,0,Instructed
413,13,0,0.39266148791376987,0.5070674831821156,0,Instructed
414,14,0,0.39988529227669417,0.47878976812963975,0,Instructed
415,15,0,0.3209612145338583,0.4945994238841853,0,Instructed
416,16,0,0.758328278319663,0.40311303784977204,0,Instructed
417,17,0,0.3856832218982532,0.47472589960911155,0,Instructed
418,18,0,0.15737530344008696,0.44763421689886895,0,Instructed
419,19,0,0.3703601973741578,0.4757712073617275,0,Instructed
420,20,0,0.4997510011428615,0.3996904896835299,0,Instructed
421,21,0,0.9643962194964774,0.5119478870488505,0,Instructed
422,22,0,0.41960717807409076,0.39877211441988014,0,Instructed
423,23,0,0.0989560121930469,0.5188309461254796,0,Instructed
424,24,0,0.4509993456524236,0.3975687093725291,0,Instructed
425,25,0,0.693790806277221,0.4333298917071171,0,Instructed
426,26,0,0.3186846217485962,0.3838491409782606,0,Instructed
427,27,0,0.21116869093758256,0.5773502841297866,0,Instructed
428,28,0,0.4190844471736881,0.4071995933518395,0,Instructed
429,29,0,0.09707193273271272,0.4420413924150385,0,Instructed
430,30,0,0.3832659214584891,0.4741996233642686,0,Instructed
431,31,0,0.07039084779473456,0.5264530460656431,0,Instructed
432,32,0,0.3587541391073049,0.42971995676287644,0,Instructed
433,33,0,0.399059956333783,0.41774025975176665,0,Instructed
434,34,0,0.5849447361572571,0.3928739272377232,0,Instructed
435,35,0,0.6263506745431893,0.4047116779856338,0,Instructed
436,36,0,0.6660197121056057,0.40375884652790506,0,Instructed
437,37,0,0.45150910259233656,0.4689922644204545,0,Instructed
438,38,0,0.1502447865964944,0.53983855628682,0,Instructed
439,39,0,0.6967661382186117,0.44939735578762785,0,Instructed
440,40,0,0.19863061610833604,0.43310850097036074,0,Instructed
441,41,0,0.8473098033297809,0.35413771110283576,0,Instructed
442,42,0,0.6799779353778659,0.41266001351680426,0,Instructed
443,43,0,0.21606990015953595,0.49600010011067563,0,Instructed
444,44,0,0.5859507126752083,0.2997166102902025,0,Instructed
445,45,0,0.6224687551426643,0.5158842670690948,0,Instructed
446,46,0,0.5629653771751111,0.3349133894385941,0,Instructed
447,47,0,0.03308688369939228,0.5867726582370917,0,Instructed
448,48,0,0.3350761081995719,0.4403081084540993,0,Instructed
449,49,0,0.4298284177969353,0.463840116565508,0,Instructed
450,50,0,0.5150699668139036,0.5072096021579671,0,Instructed
451,51,0,0.1689475028675396,0.5254050265579688,0,Instructed
452,52,0,0.6511379820534747,0.4702482970092529,0,Instructed
453,53,0,0.5032324063143119,0.3667465870912525,0,Instructed
454,54,0,0.3932870855947844,0.4728018234051157,0,Instructed
455,55,0,0.19467291813092866,0.3688926775916116,0,Instructed
456,56,0,0.5031623991159717,0.3985795611011507,0,Instructed
457,57,0,0.7661165419611069,0.45491395576023064,0,Instructed
458,58,0,0.4573644246652409,0.35276270524058795,0,Instructed
459,59,0,0.9786207616934595,0.25916860598937874,0,Instructed
460,60,0,0.5073321057154608,0.45815089493756034,0,Instructed
461,61,0,0.9552456446015181,0.3701008141000428,0,Instructed
462,62,0,0.4696142693482386,0.4090910765847111,0,Instructed
463,63,0,0.9055876256607229,0.390449716983678,0,Instructed
464,64,0,0.6699277433025868,0.3515402537203558,0,Instructed
465,65,0,0.036057835806019345,0.4315325332724931,0,Instructed
466,66,0,0.64167895314346,0.36270833821076376,0,Instructed
467,67,0,0.6960823785686476,0.46129173439617277,0,Instructed
468,68,0,0.535856665133632,0.48132535886490047,0,Instructed
469,69,0,0.35428361197568936,0.3767451258715864,0,Instructed
470,70,0,0.35887332385838916,0.4591766763289252,0,Instructed
471,71,0,0.9269978202536422,0.5149039629715084,0,Instructed
472,72,0,0.512317435863729,0.6087260082028485,0,Instructed
473,73,0,0.06528962930146487,0.40660937736852554,0,Instructed
474,74,0,0.36836731779619725,0.5394231851829808,0,Instructed
475,75,0,0.524088234642349,0.3540550750573367,0,Instructed
476,76,0,0.1967834997366441,0.45331106257814113,0,Instructed
477,77,0,0.734441215231082,0.45128139888763275,0,Instructed
478,78,0,0.4444803237049975,0.41331163240896474,0,Instructed
479,79,0,0.49389777815121183,0.3780970936787399,0,Instructed
480,80,0,0.7113084589043924,0.39652647398506696,0,Instructed
481,81,0,0.8318529730886857,0.3471938960015837,0,Instructed
482,82,0,0.28474653528619503,0.5127277368861167,0,Instructed
483,83,0,0.7633149530867696,0.3231450655600575,0,Instructed
484,84,0,0.6002386092584789,0.45125004796256163,0,Instructed
485,85,0,0.9407844294252601,0.2537225672164038,0,Instructed
486,86,0,0.5259323308482415,0.37187605040527905,0,Instructed
487,87,0,0.8923552136680705,0.3615243237270864,0,Instructed
488,88,0,0.4442817945051837,0.3542300988659881,0,Instructed
489,89,0,0.5692702067251868,0.36644751554074206,0,Instructed
490,90,0,0.5352575347029366,0.4094974571688621,0,Instructed
491,91,0,0.8026759763021185,0.40038920171290615,0,Instructed
492,92,0,0.5844324229186099,0.3534626012031591,0,Instructed
493,93,0,0.13163267014997662,0.348182015689134,0,Instructed
494,94,0,0.5068757726750519,0.4759395390219673,0,Instructed
495,95,0,0.7366807465193373,0.358755207025231,0,Instructed
496,96,0,0.6066581998232954,0.29253282579181666,0,Instructed
497,97,0,0.016795057605398962,0.6161780948519895,0,Instructed
498,98,0,0.6278887494361653,0.3272690353322846,0,Instructed
499,99,0,0.369335352522164,0.40094250738402143,0,Instructed
500,100,0,0.8594333522345148,0.378360878723514,0,Instructed
501,101,0,0.4304655234387812,0.5529999495910038,0,Instructed
502,102,0,0.4051230748840712,0.33274777330776445,0,Instructed
503,103,0,0.6919097777705733,0.3701806776609158,0,Instructed
504,104,0,0.2722786447941678,0.4649746280782099,0,Instructed
505,105,0,0.4303179923374367,0.3688132108927704,0,Instructed
506,106,0,0.7680857558263331,0.27595289747509677,0,Instructed
507,107,0,0.7849096319144693,0.2826454873942359,0,Instructed
508,108,0,0.6168279101817862,0.26535705501895107,0,Instructed
509,109,0,0.6270769124102331,0.4828903595562558,0,Instructed
510,110,0,0.5573920628416089,0.3985459065235508,0,Instructed
511,111,0,0.8632899438901118,0.39845046578656673,0,Instructed
512,112,0,0.5228785569514175,0.3745675623052933,0,Instructed
513,113,0,0.26288546797766515,0.2812551627329057,0,Instructed
514,114,0,0.3713616737723002,0.3303509280840121,0,Instructed
515,115,0,0.5853838533655573,0.30179677066100513,0,Instructed
516,116,0,0.3431721829168257,0.4104286054761639,0,Instructed
517,117,0,0.7988728201746085,0.36887134038962066,0,Instructed
518,118,0,0.500231492511723,0.3815828858874746,0,Instructed
519,119,0,0.9850868276620517,0.24858835085097997,0,Instructed
520,120,0,0.7056322815331,0.36197855611103547,0,Instructed
521,121,0,0.9810292135579863,0.33714997939568,0,Instructed
522,122,0,0.41638801977998197,0.3706876101869376,0,Instructed
523,123,0,0.15895210383193983,0.4713079359027553,0,Instructed
524,124,0,0.5573549629156027,0.3621523527216002,0,Instructed
525,125,0,0.9233828167696607,0.333361698731462,0,Instructed
526,126,0,0.3894534620194595,0.45830741648316975,0,Instructed
527,127,0,0.8173639804953996,0.4236444215289914,0,Instructed
528,128,0,0.3500737066798244,0.3695672513343081,0,Instructed
529,129,0,0.3286819184944167,0.4310850239915861,0,Instructed
530,130,0,0.7449389325567151,0.4198784827026931,0,Instructed
531,131,0,0.6355991853967371,0.33125596521841427,0,Instructed
532,132,0,0.5445407932307222,0.31631415870811547,0,Instructed
533,133,0,0.1039679031324253,0.5313912552744837,0,Instructed
534,134,0,0.43400478829152767,0.3562601314247553,0,Instructed
535,135,0,0.09540050277297757,0.3626709448440595,0,Instructed
536,136,0,0.693921856288253,0.4170529454495921,0,Instructed
537,137,0,0.5415389597656947,0.3061244554657718,0,Instructed
538,138,0,0.3987912409596566,0.4274596544035455,0,Instructed
539,139,0,0.3980385525981269,0.3355466975899066,0,Instructed
540,140,0,0.45506835725735034,0.35461431514583663,0,Instructed
541,141,0,0.5981406312769388,0.5265781272358762,0,Instructed
542,142,0,0.375801023706409,0.3440570301730972,0,Instructed
543,143,0,0.9586267032797322,0.37062275329499406,0,Instructed
544,144,0,0.5775349417854941,0.49941801507967976,0,Instructed
545,145,0,0.1826104500933227,0.4114647998588148,0,Instructed
546,146,0,0.7114467919027117,0.3928959894069727,0,Instructed
547,147,0,0.7860072656843925,0.4085799678381865,0,Instructed
548,148,0,0.30192304047522156,0.4336679301116411,0,Instructed
549,149,0,0.14061955655962508,0.30606188454476974,0,Instructed
550,150,0,0.8456560387071799,0.37994201523134097,0,Instructed
551,151,0,0.659459100301773,0.1916505207721328,0,Instructed
552,152,0,0.23597877276028772,0.3130185788530569,0,Instructed
553,153,0,0.9060146805575688,0.3609275186908375,0,Instructed
554,154,0,0.3928181622407084,0.3182807375949498,0,Instructed
555,155,0,0.9260774086340808,0.23965653126695985,0,Instructed
556,156,0,0.6094822139486401,0.3643093801268087,0,Instructed
557,157,0,0.9977383123015519,0.1990220935106441,0,Instructed
558,158,0,0.6480719846154532,0.29942429831281075,0,Instructed
559,159,0,0.9735231203527095,0.2765350180094285,0,Instructed
560,160,0,0.8995977898396941,0.21884681632568148,0,Instructed
561,161,0,0.7624406997146,0.29045168164241786,0,Instructed
562,162,0,0.5904107316077124,0.49007861052838353,0,Instructed
563,163,0,0.44160837511233003,0.40988570639148725,0,Instructed
564,164,0,0.9920977521484268,0.27534716183630215,0,Instructed
565,165,0,0.9802484468208745,0.25213370772002064,0,Instructed
566,166,0,0.13492589944575592,0.3171668827938364,0,Instructed
567,167,0,0.6310912383107204,0.3311720643076531,0,Instructed
568,168,0,0.5674350914214794,0.4420177339594158,0,Instructed
569,169,0,0.5731522697171254,0.3079442854940324,0,Instructed
570,170,0,0.9640930614131499,0.3448503542041031,0,Instructed
571,171,0,0.5112920464945113,0.3161137650397301,0,Instructed
572,172,0,0.9681754522983645,0.40905917389959856,0,Instructed
573,173,0,0.935572278784881,0.3232434605578578,0,Instructed
574,174,0,0.9978234144077267,0.2542569534731174,0,Instructed
575,175,0,0.9759643481098335,0.24745606628536193,0,Instructed
576,176,0,0.3370699902448376,0.4213459892741027,0,Instructed
577,177,0,0.05101865322877108,0.5041520811198972,0,Instructed
578,178,0,0.05540725013929976,0.3030632959036818,0,Instructed
579,179,0,0.7711549655148674,0.31993029990536564,0,Instructed
580,180,0,0.5482937032085178,0.3270476609160769,0,Instructed
581,181,0,0.4834783037209189,0.35855523400277495,0,Instructed
582,182,0,0.51080133734842,0.4434292490677517,0,Instructed
583,183,0,0.37308612316877027,0.33816356916674845,0,Instructed
584,184,0,0.19740955324432855,0.27181925515241545,0,Instructed
585,185,0,0.5814641633709217,0.26355586207204396,0,Instructed
586,186,0,0.4544034639588153,0.32324287618944547,0,Instructed
587,187,0,0.6816156382757512,0.21869567380878555,0,Instructed
588,188,0,0.6485433454498473,0.30114808594144116,0,Instructed
589,189,0,0.8339821367811411,0.4276868590214923,0,Instructed
590,190,0,0.42490780461988736,0.48506157423369556,0,Instructed
591,191,0,0.9896444836901888,0.3861222986726367,0,Instructed
592,192,0,0.09772577419196361,0.4126230020182921,0,Instructed
593,193,0,0.9946771472764282,0.3949425023709403,0,Instructed
594,194,0,0.21297204400493214,0.28695117188179065,0,Instructed
595,195,0,0.6704850679771546,0.4119465870974041,0,Instructed
596,196,0,0.5763447793635197,0.41052057157501487,0,Instructed
597,197,0,0.7251286815467467,0.2916113247294715,0,Instructed
598,198,0,0.7071485139975404,0.3981297695223972,0,Instructed
599,199,0,0.4814545345517077,0.356286028433878,0,Instructed
600,0,0,0.0023457134227004564,1.1489725119429353,1,Blocked
601,1,0,0.8677157132338252,0.5256895173392668,1,Blocked
602,2,0,0.44832157741758233,0.386806981494057,1,Blocked
603,3,0,0.7098230945740179,0.5842193347121217,1,Blocked
604,4,0,0.5923141284277655,0.4947278305056888,1,Blocked
605,5,0,0.11344184887118108,0.4446142320338367,1,Blocked
606,6,0,0.9164112941825611,0.3943141960082923,1,Blocked
607,7,0,0.4287657977368729,0.4257899816965225,1,Blocked
608,8,0,0.5072843996132315,0.5065682981904115,1,Blocked
609,9,0,0.5420113090230242,0.47120278743587585,1,Blocked
610,10,0,0.4847629641575749,0.5250595099312014,1,Blocked
611,11,0,0.6934299829973549,0.45920274396561855,1,Blocked
612,12,0,0.8622024315339136,0.5846359828571188,1,Blocked
613,13,0,0.22836608033509298,0.6326148849607514,1,Blocked
614,14,0,0.24279652854849015,0.6622106023240644,1,Blocked
615,15,0,0.4646451636395942,0.5632128109407567,1,Blocked
616,16,0,0.9626546908415758,0.3819891405526001,1,Blocked
617,17,0,0.8093355171002838,0.49039629139149565,1,Blocked
618,18,0,0.9745089873893313,0.4904072170659378,1,Blocked
619,19,0,0.97155290515194,0.40563113564120457,1,Blocked
620,20,0,0.8806477078194894,0.4880524371313666,1,Blocked
621,21,0,0.09328055616373064,0.44249141262864955,1,Blocked
622,22,0,0.1639050837191131,0.47172017698323654,1,Blocked
623,23,0,0.23650838155981235,0.46014708720329467,1,Blocked
624,24,0,0.7966136734605389,0.45323268383776993,1,Blocked
625,25,0,0.9037923725654838,0.4100269352520709,1,Blocked
626,26,0,0.2223625856090013,0.5909891636003086,1,Blocked
627,27,0,0.7258947853554784,0.6539322793947716,1,Blocked
628,28,0,0.8371788468013008,0.4779513531007532,1,Blocked
629,29,0,0.4632170879735954,0.49404442128895143,1,Blocked
630,30,0,0.8684215372100292,0.5834462716394897,1,Blocked
631,31,0,0.8246771618666111,0.36634548021813773,1,Blocked
632,32,0,0.15691989144292856,0.6562722045830982,1,Blocked
633,33,0,0.8494940847620565,0.36737738826960364,1,Blocked
634,34,0,0.6378745313085079,0.5787786319264847,1,Blocked
635,35,0,0.9023066339924382,0.3637848950598198,1,Blocked
636,36,0,0.8369464415298796,0.4732281147797299,1,Blocked
637,37,0,0.87712561208276,0.44092989583026565,1,Blocked
638,38,0,0.4536408417283946,0.5483734359702535,1,Blocked
639,39,0,0.9292152788881638,0.4405403061382476,1,Blocked
640,40,0,0.3639969112810749,0.47626362860000243,1,Blocked
641,41,0,0.26448444967738216,0.49603919967931864,1,Blocked
642,42,0,0.2584573704714204,0.5259422778280567,1,Blocked
643,43,0,0.34254840362580086,0.6715835627824082,1,Blocked
644,44,0,0.1248178242027392,0.6093140030537989,1,Blocked
645,45,0,0.7974985053390193,0.6117527601876649,1,Blocked
646,46,0,0.45572504187700963,0.45675846397233455,1,Blocked
647,47,0,0.46418033125141334,0.6564828853082083,1,Blocked
648,48,0,0.29339389999042437,0.5076554301769777,1,Blocked
649,49,0,0.25311246929506237,0.514799331882934,1,Blocked
650,50,0,0.42984662283044794,0.5243594099284373,1,Blocked
651,51,0,0.4767319700317761,0.7657209693494198,1,Blocked
652,52,0,0.5743682948146758,0.7264080636062611,1,Blocked
653,53,0,0.7259935500336304,0.4727115730045703,1,Blocked
654,54,0,0.7357169424938927,0.5049762400733612,1,Blocked
655,55,0,0.748324285109603,0.4390509128988134,1,Blocked
656,56,0,0.5538258999427905,0.4922714361520516,1,Blocked
657,57,0,0.473746499007993,0.394973559251111,1,Blocked
658,58,0,0.4984181247853379,0.5051212309093465,1,Blocked
659,59,0,0.49275000874682406,0.42660388543161293,1,Blocked
660,60,0,0.5214419477841737,0.5277327152621367,1,Blocked
661,61,0,0.4687164994833405,0.5527043992552667,1,Blocked
662,62,0,0.5374639001480399,0.5735063985747291,1,Blocked
663,63,0,0.4975445154743248,0.47831510125606036,1,Blocked
664,64,0,0.682103082419089,0.40360900175448056,1,Blocked
665,65,0,0.742944427917999,0.3284677618144122,1,Blocked
666,66,0,0.808703132669411,0.52121893729852,1,Blocked
667,67,0,0.38642602210261195,0.5354020380349258,1,Blocked
668,68,0,0.4756580334849907,0.636421681704355,1,Blocked
669,69,0,0.6822781511031589,0.42149572143136727,1,Blocked
670,70,0,0.4771784474716174,0.592237078753751,1,Blocked
671,71,0,0.8995255083714878,0.4637636693611949,1,Blocked
672,72,0,0.7004367942552153,0.39392449599601664,1,Blocked
673,73,0,0.5162423029410996,0.4422317047690958,1,Blocked
674,74,0,0.5935296725736819,0.43118819750413384,1,Blocked
675,75,0,0.523090920706474,0.3940695304894305,1,Blocked
676,76,0,0.5663713759165412,0.3918337382204665,1,Blocked
677,77,0,0.5922024926136378,0.46328953738006695,1,Blocked
678,78,0,0.6420935499225182,0.4134352120132446,1,Blocked
679,79,0,0.48633942426178556,0.3921524258553827,1,Blocked
680,80,0,0.13370607885063654,0.4926063078298922,1,Blocked
681,81,0,0.1918768286641572,0.7334552705826758,1,Blocked
682,82,0,0.21193808166315653,0.5347907625041026,1,Blocked
683,83,0,0.09586688493064213,0.6064379515057114,1,Blocked
684,84,0,0.8373871287731014,0.35634846504848033,1,Blocked
685,85,0,0.21392889717345825,0.5187652405143693,1,Blocked
686,86,0,0.7752573878324288,0.39239335652709195,1,Blocked
687,87,0,0.41893639703801633,0.4758202533659733,1,Blocked
688,88,0,0.5395412565077731,0.4993631860319735,1,Blocked
689,89,0,0.8986948184543468,0.30710995903830357,1,Blocked
690,90,0,0.8661826094744165,0.38554016805210994,1,Blocked
691,91,0,0.8814914148653552,0.40496911339795694,1,Blocked
692,92,0,0.2795687108049116,0.5040372351025643,1,Blocked
693,93,0,0.7063386893983069,0.3662627731252772,1,Blocked
694,94,0,0.9578192977228394,0.4656983252795337,1,Blocked
695,95,0,0.9002245761599619,0.46304046499102397,1,Blocked
696,96,0,0.19545022238126344,0.4082881938118139,1,Blocked
697,97,0,0.007964488847441463,0.7485490756669269,1,Blocked
698,98,0,0.09808092029318854,0.6285131844410581,1,Blocked
699,99,0,0.65363238339003,0.5049758937877684,1,Blocked
700,100,0,0.7125081908295947,0.4258776239416612,1,Blocked
701,101,0,0.7791035295623714,0.41507721351739824,1,Blocked
702,102,0,0.772128497744324,0.3756012813817052,1,Blocked
703,103,0,0.9648291236053342,0.43881933953236735,1,Blocked
704,104,0,0.8598665584791397,0.458026749951591,1,Blocked
705,105,0,0.5665736343505403,0.4284264596516024,1,Blocked
706,106,0,0.9938565327099804,0.2944686592728995,1,Blocked
707,107,0,0.8917444581074316,0.5297826840201901,1,Blocked
708,108,0,0.751153427903563,0.29158268294222983,1,Blocked
709,109,0,0.698109142091935,0.45103211146014305,1,Blocked
710,110,0,0.2917884062012234,0.29717521788127355,1,Blocked
711,111,0,0.9601355086532538,0.3129393503035915,1,Blocked
712,112,0,0.09405588858055852,0.4646539222650068,1,Blocked
713,113,0,0.5621254434592391,0.4578350234395633,1,Blocked
714,114,0,0.8124681541805436,0.32271397796305146,1,Blocked
715,115,0,0.7256469365635294,0.5189014839789272,1,Blocked
716,116,0,0.4099499684731811,0.4819129450007946,1,Blocked
717,117,0,0.7165427733300694,0.3654386365057207,1,Blocked
718,118,0,0.8580024960925539,0.4322593396574418,1,Blocked
719,119,0,0.5018458645005531,0.45350425449274573,1,Blocked
720,120,0,0.052776877012102666,0.7570145805169066,1,Blocked
721,121,0,0.41026758492184806,0.5527649355398471,1,Blocked
722,122,0,0.37471544308038907,0.5862364267887223,1,Blocked
723,123,0,0.2688273703615542,0.4692244202877931,1,Blocked
724,124,0,0.309439880214263,0.39267313029982076,1,Blocked
725,125,0,0.2932851785079843,0.48784053122179993,1,Blocked
726,126,0,0.3659229764627232,0.44755683669741747,1,Blocked
727,127,0,0.468070139467858,0.5010975122628518,1,Blocked
728,128,0,0.6176139809941952,0.5513468183634402,1,Blocked
729,129,0,0.3004206921222771,0.5315797838374127,1,Blocked
730,130,0,0.6541490926990301,0.4189916581806245,1,Blocked
731,131,0,0.46286825073290844,0.5046204586652473,1,Blocked
732,132,0,0.5864464482356057,0.58130528444183,1,Blocked
733,133,0,0.5437181216884107,0.5596236135739299,1,Blocked
734,134,0,0.5334417147632317,0.4549843172508221,1,Blocked
735,135,0,0.5742603345730626,0.44235956295035267,1,Blocked
736,136,0,0.49749378580075554,0.5714795436020854,1,Blocked
737,137,0,0.9130741371937503,0.40721573014574075,1,Blocked
738,138,0,0.8411020760770689,0.5842770123113319,1,Blocked
739,139,0,0.7437411049548739,0.5284258539806447,1,Blocked
740,140,0,0.9028835212987443,0.4812736898426708,1,Blocked
741,141,0,0.9454042496798811,0.43496342116375974,1,Blocked
742,142,0,0.3622601827004406,0.4933700783839165,1,Blocked
743,143,0,0.8768868043677814,0.4506885599816584,1,Blocked
744,144,0,0.5815964555089811,0.47675483953580666,1,Blocked
745,145,0,0.9320044802965015,0.3957637110300511,1,Blocked
746,146,0,0.6784357789634536,0.4829832772600351,1,Blocked
747,147,0,0.9605252266125549,0.35362612129487037,1,Blocked
748,148,0,0.9492961808940543,0.26999222041493764,1,Blocked
749,149,0,0.6568268858156574,0.5307199120407904,1,Blocked
750,150,0,0.6529194734902898,0.42430986182556335,1,Blocked
751,151,0,0.9192171994655618,0.38636631584209635,1,Blocked
752,152,0,0.8635259474834338,0.3705940966038267,1,Blocked
753,153,0,0.5531399092435698,0.35531262547896414,1,Blocked
754,154,0,0.5823326968882898,0.5780276329487058,1,Blocked
755,155,0,0.9390960194277987,0.4241775845544655,1,Blocked
756,156,0,0.741316647725423,0.40648287609521583,1,Blocked
757,157,0,0.7058328931360826,0.39917337971176126,1,Blocked
758,158,0,0.9656613665009854,0.3991311477461113,1,Blocked
759,159,0,0.9851664038585749,0.285731700256936,1,Blocked
760,160,0,0.6456049564393256,0.4524108402986963,1,Blocked
761,161,0,0.9352420844803273,0.3682834234453247,1,Blocked
762,162,0,0.9293203750760182,0.5640879089932875,1,Blocked
763,163,0,0.9245694652222195,0.44578950896238195,1,Blocked
764,164,0,0.5722438983249911,0.422300079859399,1,Blocked
765,165,0,0.03729470122733724,0.7050691101725386,1,Blocked
766,166,0,0.9728176981054599,0.45545373014026214,1,Blocked
767,167,0,0.7987066309323736,0.3680480240889047,1,Blocked
768,168,0,0.9143649875333097,0.4940240659465521,1,Blocked
769,169,0,0.9260485318134746,0.35516632306564966,1,Blocked
770,170,0,0.849741763796678,0.5520461273140449,1,Blocked
771,171,0,0.6114663025416249,0.44146456367333675,1,Blocked
772,172,0,0.430465225682097,0.4307403574806644,1,Blocked
773,173,0,0.8259831839972092,0.3374084241137667,1,Blocked
774,174,0,0.512598836292571,0.45942886489927637,1,Blocked
775,175,0,0.5218216948297137,0.5950888471231949,1,Blocked
776,176,0,0.42219447703110957,0.6346581148527985,1,Blocked
777,177,0,0.9433788643828809,0.4024540248190502,1,Blocked
778,178,0,0.9486689766108398,0.5390863433511609,1,Blocked
779,179,0,0.49831989654449127,0.40331660395917435,1,Blocked
780,180,0,0.5743577368971331,0.4699842939276402,1,Blocked
781,181,0,0.4839191823056189,0.3645291391563519,1,Blocked
782,182,0,0.5163127201109294,0.3666825985231753,1,Blocked
783,183,0,0.7726900443786489,0.40660185807163574,1,Blocked
784,184,0,0.630193494545651,0.6313072803833889,1,Blocked
785,185,0,0.864518921873634,0.2796810523253622,1,Blocked
786,186,0,0.4146549741245167,0.49334730437533403,1,Blocked
787,187,0,0.9344273292416121,0.4439325740605091,1,Blocked
788,188,0,0.9021487840995772,0.3967888670516082,1,Blocked
789,189,0,0.6139384213965113,0.37966154318814904,1,Blocked
790,190,0,0.4270045845113132,0.4922528306239068,1,Blocked
791,191,0,0.6302731563233956,0.5641355226396366,1,Blocked
792,192,0,0.9375392464252958,0.37402918501657145,1,Blocked
793,193,0,0.5590793560387722,0.3196327709562554,1,Blocked
794,194,0,0.45607371929325435,0.4282098277108695,1,Blocked
795,195,0,0.11002747459473376,0.5526199092779818,1,Blocked
796,196,0,0.9191302112215436,0.38742876879780597,1,Blocked
797,197,0,0.13310297974534357,0.4871286253760128,1,Blocked
798,198,0,0.525785288183353,0.5600177074462332,1,Blocked
799,199,0,0.6105854187905093,0.33324973508313604,1,Blocked
800,0,0,0.8760944770089079,0.8468677692122957,1,Interleaved
801,1,0,0.44706669762134976,0.673163254090997,1,Interleaved
802,2,0,0.3678154825840714,0.5429683668658589,1,Interleaved
803,3,0,0.19183763828174083,0.4820153523047069,1,Interleaved
804,4,0,0.4014842489964546,0.5542633788127376,1,Interleaved
805,5,0,0.2305179329864676,0.6752207714366494,1,Interleaved
806,6,0,0.4123948757331109,0.5679754696754514,1,Interleaved
807,7,0,0.5555535333283315,0.5102965768095082,1,Interleaved
808,8,0,0.38612494540888836,0.6727769998664128,1,Interleaved
809,9,0,0.6274055787734335,0.3709879390115687,1,Interleaved
810,10,0,0.46697935871974505,0.45830783892620375,1,Interleaved
811,11,0,0.354009811784739,0.6973499822140292,1,Interleaved
812,12,0,0.6517190380013271,0.567825274081465,1,Interleaved
813,13,0,0.6642314242432483,0.4737564186061409,1,Interleaved
814,14,0,0.7239229984771767,0.4095114243320286,1,Interleaved
815,15,0,0.4085891965512412,0.4665852675265997,1,Interleaved
816,16,0,0.22010932197837735,0.46232261306589983,1,Interleaved
817,17,0,0.4774717226822207,0.4865248024016712,1,Interleaved
818,18,0,0.7839412275039206,0.516877086419087,1,Interleaved
819,19,0,0.4172575668067019,0.42928200673504224,1,Interleaved
820,20,0,0.9157089438215813,0.49055038469104406,1,Interleaved
821,21,0,0.5190576028872778,0.42698061542260124,1,Interleaved
822,22,0,0.08832702702693744,0.6167161804796251,1,Interleaved
823,23,0,0.7065186357056923,0.44026380298862844,1,Interleaved
824,24,0,0.503365356281612,0.6241946962079847,1,Interleaved
825,25,0,0.599652707333383,0.4512639123604629,1,Interleaved
826,26,0,0.8400312493866655,0.5103548793355478,1,Interleaved
827,27,0,0.36953653876153686,0.5234093672131934,1,Interleaved
828,28,0,0.9430412210790037,0.35851307621308826,1,Interleaved
829,29,0,0.3754614063054711,0.4475072852743134,1,Interleaved
830,30,0,0.7350968098190281,0.4605877462842462,1,Interleaved
831,31,0,0.3200732352405744,0.5112758670960578,1,Interleaved
832,32,0,0.29313420752824815,0.4180210343039717,1,Interleaved
833,33,0,0.4734936794765603,0.46071922027546186,1,Interleaved
834,34,0,0.4516188003615017,0.408110688306794,1,Interleaved
835,35,0,0.33659349444253606,0.5255460408215885,1,Interleaved
836,36,0,0.34614741072172717,0.43527402810610866,1,Interleaved
837,37,0,0.3231885392306795,0.42659654570741046,1,Interleaved
838,38,0,0.38178080907494477,0.4276618940458795,1,Interleaved
839,39,0,0.7752013718390638,0.490192342733506,1,Interleaved
840,40,0,0.37171458818768555,0.4401434075268467,1,Interleaved
841,41,0,0.40599366998780795,0.5492577037977157,1,Interleaved
842,42,0,0.6497487946534554,0.555303071307848,1,Interleaved
843,43,0,0.35453341005518857,0.7074665199727379,1,Interleaved
844,44,0,0.6026683595490323,0.46960794937360606,1,Interleaved
845,45,0,0.3486176521251162,0.5284946657434876,1,Interleaved
846,46,0,0.626944614105832,0.2905055581178902,1,Interleaved
847,47,0,0.7778499161990247,0.4072406436971754,1,Interleaved
848,48,0,0.6286879752496196,0.5742573184891835,1,Interleaved
849,49,0,0.7657857560570085,0.47983225177457123,1,Interleaved
850,50,0,0.7986672440211572,0.4097370963918555,1,Interleaved
851,51,0,0.5118734380458967,0.4278276064202454,1,Interleaved
852,52,0,0.8459940502824136,0.33503358337253997,1,Interleaved
853,53,0,0.567422327048503,0.5492092378575375,1,Interleaved
854,54,0,0.9603675003150621,0.4211789585084566,1,Interleaved
855,55,0,0.7097927916198541,0.4923763198751123,1,Interleaved
856,56,0,0.01695520553488636,0.7056192752820336,1,Interleaved
857,57,0,0.4857427719860166,0.5446771651992532,1,Interleaved
858,58,0,0.4622788821862638,0.4408875084710051,1,Interleaved
859,59,0,0.2097970565934646,0.6684814913479524,1,Interleaved
860,60,0,0.4500598071326763,0.4831273648800667,1,Interleaved
861,61,0,0.44651572659962124,0.666578794737061,1,Interleaved
862,62,0,0.4465717366039863,0.4340693781100291,1,Interleaved
863,63,0,0.4002208287275857,0.5212969894799628,1,Interleaved
864,64,0,0.8294644447609283,0.29488412607327125,1,Interleaved
865,65,0,0.21074456209272718,0.5462172269251689,1,Interleaved
866,66,0,0.27541328808079374,0.5506258285879635,1,Interleaved
867,67,0,0.4724128686127165,0.6065888586445751,1,Interleaved
868,68,0,0.7745813113410225,0.36226628210651746,1,Interleaved
869,69,0,0.8322980893010044,0.4145675268147938,1,Interleaved
870,70,0,0.6993246710997303,0.4842909779862167,1,Interleaved
871,71,0,0.7283755605433013,0.355776262650382,1,Interleaved
872,72,0,0.7520383706227112,0.537627929231974,1,Interleaved
873,73,0,0.37277614174251267,0.4820223863248536,1,Interleaved
874,74,0,0.9439391633139482,0.44142972788232415,1,Interleaved
875,75,0,0.46792978717229444,0.4633192559522586,1,Interleaved
876,76,0,0.12393954986649897,0.5607573041018213,1,Interleaved
877,77,0,0.4504555488451415,0.5235495175950365,1,Interleaved
878,78,0,0.6974083889507618,0.44762245618390395,1,Interleaved
879,79,0,0.3985989811396537,0.4861904176014134,1,Interleaved
880,80,0,0.9157786782171555,0.37981582030537053,1,Interleaved
881,81,0,0.5003156465975419,0.5034712198549827,1,Interleaved
882,82,0,0.15791005031098468,0.46815327962338477,1,Interleaved
883,83,0,0.5146172755294416,0.48038141171851445,1,Interleaved
884,84,0,0.6676371808419804,0.48095717011210815,1,Interleaved
885,85,0,0.4477345008557605,0.5813454961709563,1,Interleaved
886,86,0,0.4604779652158228,0.43231739631586386,1,Interleaved
887,87,0,0.6945784062366163,0.397072349416491,1,Interleaved
888,88,0,0.22971282917407906,0.4306990820306589,1,Interleaved
889,89,0,0.5514054345444245,0.4667513336648389,1,Interleaved
890,90,0,0.18889516941305043,0.46894619842991797,1,Interleaved
891,91,0,0.3186428652644803,0.6371878830684197,1,Interleaved
892,92,0,0.46039767387359765,0.5709192237562388,1,Interleaved
893,93,0,0.5836836851846084,0.47356509128299606,1,Interleaved
894,94,0,0.36196233341262574,0.4279650503812197,1,Interleaved
895,95,0,0.6388520890685513,0.357876880821536,1,Interleaved
896,96,0,0.14117388658951932,0.4580214967993077,1,Interleaved
897,97,0,0.4729053691728803,0.3592300285588742,1,Interleaved
898,98,0,0.7641471030613258,0.42804380990212704,1,Interleaved
899,99,0,0.2753405671481765,0.45830472552685914,1,Interleaved
900,100,0,0.4711937063578615,0.535935080691333,1,Interleaved
901,101,0,0.5980266470115803,0.5600379362411485,1,Interleaved
902,102,0,0.8938183054037245,0.46569837514196155,1,Interleaved
903,103,0,0.5294521117684532,0.417940054946566,1,Interleaved
904,104,0,0.8382686715551906,0.43874395265935084,1,Interleaved
905,105,0,0.5746278715262226,0.37970030090680695,1,Interleaved
906,106,0,0.5095502627099521,0.47792976367936457,1,Interleaved
907,107,0,0.3035416162490788,0.4405997600770254,1,Interleaved
908,108,0,0.29935581720596194,0.6383250745567048,1,Interleaved
909,109,0,0.5370263405134884,0.4341870202110996,1,Interleaved
910,110,0,0.8416865894935281,0.41200636693710335,1,Interleaved
911,111,0,0.48596939929987176,0.43486543792034604,1,Interleaved
912,112,0,0.19869277458516515,0.49372871085727277,1,Interleaved
913,113,0,0.1495329505606893,0.5015403556789474,1,Interleaved
914,114,0,0.6527331085892617,0.41421192882428826,1,Interleaved
915,115,0,0.5271789821116549,0.5207115926903338,1,Interleaved
916,116,0,0.5804870239154996,0.49898095935642506,1,Interleaved
917,117,0,0.2622258776070585,0.6842976034185706,1,Interleaved
918,118,0,0.6156664260332081,0.36134280889875514,1,Interleaved
919,119,0,0.6997301125522051,0.4120349225601702,1,Interleaved
920,120,0,0.45548085784343106,0.4226299542522719,1,Interleaved
921,121,0,0.4869395836958811,0.5316027271457777,1,Interleaved
922,122,0,0.11778911424440078,0.5705314543577722,1,Interleaved
923,123,0,0.21307647803550855,0.527025883349191,1,Interleaved
924,124,0,0.5443236336906114,0.34224562591883845,1,Interleaved
925,125,0,0.4496265050957019,0.452940198406615,1,Interleaved
926,126,0,0.8180165808379507,0.5183922331649788,1,Interleaved
927,127,0,0.7218876769943408,0.3799966891992719,1,Interleaved
928,128,0,0.9492878404632243,0.6040652448634654,1,Interleaved
929,129,0,0.43852218889763345,0.518605524910986,1,Interleaved
930,130,0,0.5879023946790731,0.5463587983632012,1,Interleaved
931,131,0,0.4993495408258252,0.44396562163946807,1,Interleaved
932,132,0,0.5310767622751694,0.4301788411325954,1,Interleaved
933,133,0,0.7828780447914693,0.41168714746977053,1,Interleaved
934,134,0,0.743277110261852,0.41175829965926336,1,Interleaved
935,135,0,0.46357375316582194,0.4509556370759692,1,Interleaved
936,136,0,0.07047617039647783,0.638940891675323,1,Interleaved
937,137,0,0.39256158445444145,0.38675810256422943,1,Interleaved
938,138,0,0.6040530952120234,0.4927862202837656,1,Interleaved
939,139,0,0.7122300168222198,0.36072079851483396,1,Interleaved
940,140,0,0.9538695081934015,0.3668257156793824,1,Interleaved
941,141,0,0.25371292977254584,0.46866477529444256,1,Interleaved
942,142,0,0.7930316328178804,0.4375709324179492,1,Interleaved
943,143,0,0.4204795492622371,0.3018115150432239,1,Interleaved
944,144,0,0.6418814580155432,0.543624775615888,1,Interleaved
945,145,0,0.4316123332646134,0.4214448099099761,1,Interleaved
946,146,0,0.19389888676989914,0.3761481264883961,1,Interleaved
947,147,0,0.545722293962022,0.46015031442347726,1,Interleaved
948,148,0,0.7974659768572376,0.31987061695188623,1,Interleaved
949,149,0,0.5447189354573553,0.4482024806442636,1,Interleaved
950,150,0,0.7607169811080755,0.41923537957801726,1,Interleaved
951,151,0,0.6956425968468082,0.47804798379021435,1,Interleaved
952,152,0,0.8536221706260816,0.5506079900494295,1,Interleaved
953,153,0,0.5356402887176611,0.4085259672724535,1,Interleaved
954,154,0,0.9452419381012882,0.3973775417320726,1,Interleaved
955,155,0,0.4580134875396361,0.4190226898991479,1,Interleaved
956,156,0,0.7926093674251202,0.47311269649433624,1,Interleaved
957,157,0,0.5799173511741373,0.29892152999793953,1,Interleaved
958,158,0,0.7057415758744424,0.40643072482716336,1,Interleaved
959,159,0,0.92028712337781,0.49076165324558574,1,Interleaved
960,160,0,0.5047878505635962,0.3728708544632727,1,Interleaved
961,161,0,0.5090664780410729,0.4562167972289744,1,Interleaved
962,162,0,0.8668885319448765,0.36174877476106987,1,Interleaved
963,163,0,0.9883926508488988,0.3052198670186882,1,Interleaved
964,164,0,0.8302655494588772,0.2805330796906368,1,Interleaved
965,165,0,0.7622211914741216,0.3290690439693207,1,Interleaved
966,166,0,0.846226822057176,0.4874615244822811,1,Interleaved
967,167,0,0.7645186565182152,0.37055798558169195,1,Interleaved
968,168,0,0.3713154156852407,0.3086763364626661,1,Interleaved
969,169,0,0.5890661730086628,0.4155777523875087,1,Interleaved
970,170,0,0.979872388801527,0.45622656026978126,1,Interleaved
971,171,0,0.4071441321357209,0.4962206615260375,1,Interleaved
972,172,0,0.462709758020276,0.5436659520406318,1,Interleaved
973,173,0,0.5279475834782954,0.3987444989021269,1,Interleaved
974,174,0,0.8108058863069276,0.31930851269901406,1,Interleaved
975,175,0,0.6901551779158175,0.2656344173126854,1,Interleaved
976,176,0,0.5954470530521327,0.3939012269835626,1,Interleaved
977,177,0,0.7895986835476636,0.37361293779683774,1,Interleaved
978,178,0,0.36705402108375473,0.4208196603714843,1,Interleaved
979,179,0,0.6357853790652067,0.35945777001241935,1,Interleaved
980,180,0,0.4973334483927686,0.3834197761598104,1,Interleaved
981,181,0,0.4204771976618523,0.5680897734377603,1,Interleaved
982,182,0,0.22212623170430185,0.4047503704664971,1,Interleaved
983,183,0,0.8408336902572786,0.3032952454599024,1,Interleaved
984,184,0,0.5195774995113717,0.4117972589904429,1,Interleaved
985,185,0,0.3970930821786448,0.3238699490808165,1,Interleaved
986,186,0,0.9560260635173625,0.36274120825416123,1,Interleaved
987,187,0,0.48746880101503215,0.439867775053147,1,Interleaved
988,188,0,0.4412384914865606,0.49615102706329484,1,Interleaved
989,189,0,0.4173174995865273,0.3425569628431462,1,Interleaved
990,190,0,0.9284640411815934,0.22894283406241842,1,Interleaved
991,191,0,0.7291502369438394,0.4636205239414917,1,Interleaved
992,192,0,0.4582074705381312,0.32199412084598905,1,Interleaved
993,193,0,0.9739763570993568,0.2893430606938756,1,Interleaved
994,194,0,0.9151396310365677,0.35767037338943,1,Interleaved
995,195,0,0.9230319009474333,0.34058666984635677,1,Interleaved
996,196,0,0.6985726625844721,0.4375481717380709,1,Interleaved
997,197,0,0.09306240195569568,0.4211264963858,1,Interleaved
998,198,0,0.38166611146193263,0.36171664417191424,1,Interleaved
999,199,0,0.8180795756813489,0.24308821659972532,1,Interleaved
1000,0,0,0.33208425151445903,0.7854622346509418,1,Instructed
1001,1,0,0.14555626720431578,0.6405995527975504,1,Instructed
1002,2,0,0.7071447373292946,0.4219555826383535,1,Instructed
1003,3,0,0.5983275951107891,0.5226301744305097,1,Instructed
1004,4,0,0.21809438035952786,0.4961237357300251,1,Instructed
1005,5,0,0.5259819266972485,0.6064325227232149,1,Instructed
1006,6,0,0.5314484458636448,0.433760112165345,1,Instructed
1007,7,0,0.8762315193262773,0.46242615437831597,1,Instructed
1008,8,0,0.6769371008012546,0.3987345900516559,1,Instructed
1009,9,0,0.8100146821756908,0.38270298629499666,1,Instructed
1010,10,0,0.4850174378574552,0.5057942700445544,1,Instructed
1011,11,0,0.25910089104948,0.5540579163611628,1,Instructed
1012,12,0,0.35305326852415914,0.40490478508458994,1,Instructed
1013,13,0,0.5434029906635542,0.5680201963993257,1,Instructed
1014,14,0,0.41784273983812176,0.4303625604051393,1,Instructed
1015,15,0,0.11247001172452062,0.3955826892620309,1,Instructed
1016,16,0,0.37964371881705083,0.5286737853204683,1,Instructed
1017,17,0,0.631489008773715,0.4193101279947296,1,Instructed
1018,18,0,0.6702329380894667,0.2846534839463978,1,Instructed
1019,19,0,0.439141042014281,0.46180252401233424,1,Instructed
1020,20,0,0.6455935086428316,0.6315241346447165,1,Instructed
1021,21,0,0.5667374283814013,0.4770561685603487,1,Instructed
1022,22,0,0.5335045797488426,0.46104899719018516,1,Instructed
1023,23,0,0.1020323538599591,0.5143893581875557,1,Instructed
1024,24,0,0.6053437856101879,0.5547118997926659,1,Instructed
1025,25,0,0.564727711439873,0.5242816657170676,1,Instructed
1026,26,0,0.769496340373685,0.5063751656749597,1,Instructed
1027,27,0,0.3879284480273473,0.5014009400370811,1,Instructed
1028,28,0,0.8813270820993849,0.34021118733883304,1,Instructed
1029,29,0,0.807560392558095,0.7032093267758159,1,Instructed
1030,30,0,0.43384708925666066,0.3316756849057254,1,Instructed
1031,31,0,0.876556384781021,0.29023852735392097,1,Instructed
1032,32,0,0.8044010465515323,0.41522210705457974,1,Instructed
1033,33,0,0.578808195939174,0.30533291074563773,1,Instructed
1034,34,0,0.9110293059556751,0.4441035144681985,1,Instructed
1035,35,0,0.5638153819662063,0.3857046704755315,1,Instructed
1036,36,0,0.4810680998593292,0.4564924861918873,1,Instructed
1037,37,0,0.6151100439119823,0.504872587325828,1,Instructed
1038,38,0,0.7854021840006278,0.5307170164965205,1,Instructed
1039,39,0,0.5283674260056261,0.48908072438711225,1,Instructed
1040,40,0,0.5564133812759741,0.39614562509613493,1,Instructed
1041,41,0,0.11401097164817078,0.3986917459287449,1,Instructed
1042,42,0,0.6424323440358046,0.38841054439993095,1,Instructed
1043,43,0,0.296595506424376,0.3813098393169543,1,Instructed
1044,44,0,0.43209476784360956,0.49319427097688373,1,Instructed
1045,45,0,0.35141051305889387,0.41753238876033305,1,Instructed
1046,46,0,0.32507788016255207,0.5057241061989618,1,Instructed
1047,47,0,0.4352979272292175,0.3963983859854966,1,Instructed
1048,48,0,0.375191489974299,0.3860985699457794,1,Instructed
1049,49,0,0.5163763840361049,0.3593477936152254,1,Instructed
1050,50,0,0.4576315998087146,0.46693077201746086,1,Instructed
1051,51,0,0.49258684202894487,0.36127266908862865,1,Instructed
1052,52,0,0.6819227682241031,0.35987138643687133,1,Instructed
1053,53,0,0.5004030906722983,0.34041111738331065,1,Instructed
1054,54,0,0.6381092255352078,0.33241088896219007,1,Instructed
1055,55,0,0.4114873233255689,0.3348039545135705,1,Instructed
1056,56,0,0.7316079115716914,0.2821852591329063,1,Instructed
1057,57,0,0.5482077242339943,0.30756657139105836,1,Instructed
1058,58,0,0.4380344349042398,0.4736094824802197,1,Instructed
1059,59,0,0.4866592315319579,0.4243311260732959,1,Instructed
1060,60,0,0.6459109074581475,0.3940749129848078,1,Instructed
1061,61,0,0.6459597572705416,0.32557499514981364,1,Instructed
1062,62,0,0.3835552372648219,0.5095822448711533,1,Instructed
1063,63,0,0.7218615939103157,0.32686926349742174,1,Instructed
1064,64,0,0.4120444889585265,0.42033800352420436,1,Instructed
1065,65,0,0.23235995793046624,0.4721775625016974,1,Instructed
1066,66,0,0.36150349702582185,0.4260979261010601,1,Instructed
1067,67,0,0.17963638671528226,0.5105053710894389,1,Instructed
1068,68,0,0.7742599574196245,0.4197678405851377,1,Instructed
1069,69,0,0.508715624442354,0.37866352131217773,1,Instructed
1070,70,0,0.5593073402891788,0.3982827022630725,1,Instructed
1071,71,0,0.5477187449383881,0.3304362270006712,1,Instructed
1072,72,0,0.7940846489649055,0.3424554009507561,1,Instructed
1073,73,0,0.26548953061590025,0.45821671304247685,1,Instructed
1074,74,0,0.7698923510324515,0.43459098544507174,1,Instructed
1075,75,0,0.38756141354866025,0.4204744051272254,1,Instructed
1076,76,0,0.580490277527763,0.3547757208470918,1,Instructed
1077,77,0,0.3649443258837533,0.4447181728494407,1,Instructed
1078,78,0,0.2734827569099727,0.5097356784901432,1,Instructed
1079,79,0,0.4824765893107927,0.36752782346896107,1,Instructed
1080,80,0,0.5292414960516918,0.29587726676961246,1,Instructed
1081,81,0,0.42465567453654796,0.42805526175332514,1,Instructed
1082,82,0,0.4108685639361369,0.4272667737598392,1,Instructed
1083,83,0,0.36802365818564026,0.4840179459337612,1,Instructed
1084,84,0,0.35700086066086906,0.3769761678730408,1,Instructed
1085,85,0,0.4672503764585075,0.3219432109189622,1,Instructed
1086,86,0,0.2588418036187854,0.4319525677853071,1,Instructed
1087,87,0,0.4616195602052755,0.4671456881762863,1,Instructed
1088,88,0,0.42833158582660447,0.4145300306063112,1,Instructed
1089,89,0,0.6972547874248662,0.47288270323453613,1,Instructed
1090,90,0,0.46028279379716225,0.3490502516789608,1,Instructed
1091,91,0,0.3407559081094084,0.3923037045516607,1,Instructed
1092,92,0,0.8306738430200256,0.27331397020076464,1,Instructed
1093,93,0,0.48628075874856225,0.416064002998112,1,Instructed
1094,94,0,0.5136281792510917,0.3629348379698283,1,Instructed
1095,95,0,0.33128582318193756,0.454007821828363,1,Instructed
1096,96,0,0.45825687723844605,0.40556251010662125,1,Instructed
1097,97,0,0.8082645003879244,0.3944574861137828,1,Instructed
1098,98,0,0.5525769254061681,0.40305340838088644,1,Instructed
1099,99,0,0.38121528075741706,0.5328799281396674,1,Instructed
1100,100,0,0.9471282032708097,0.25397961258958046,1,Instructed
1101,101,0,0.4177518538470306,0.5287716982778969,1,Instructed
1102,102,0,0.1526369826079279,0.37730596220848966,1,Instructed
1103,103,0,0.8513587318203889,0.4547936626269896,1,Instructed
1104,104,0,0.6585983206704003,0.4082792315663517,1,Instructed
1105,105,0,0.5148374858719594,0.4717561131947239,1,Instructed
1106,106,0,0.49632244201639986,0.3342029674821858,1,Instructed
1107,107,0,0.5291296883221444,0.3600164137255757,1,Instructed
1108,108,0,0.794944070226787,0.31965985725497126,1,Instructed
1109,109,0,0.569911540373464,0.45745336338543874,1,Instructed
1110,110,0,0.5889174031857252,0.3631778629153898,1,Instructed
1111,111,0,0.3924182884789494,0.3565051051947117,1,Instructed
1112,112,0,0.5255274552373214,0.3166259025707673,1,Instructed
1113,113,0,0.6028336617573635,0.3505212913063026,1,Instructed
1114,114,0,0.5847372245037206,0.3331580031481429,1,Instructed
1115,115,0,0.30088357980065644,0.49105821351484846,1,Instructed
1116,116,0,0.48524296369790965,0.368835900969209,1,Instructed
1117,117,0,0.3489770728509923,0.34317599939380267,1,Instructed
1118,118,0,0.52581028148745,0.36849936226222163,1,Instructed
1119,119,0,0.3716714872791256,0.35776118426088754,1,Instructed
1120,120,0,0.5673673827951062,0.4139435722585473,1,Instructed
1121,121,0,0.43825619729832327,0.4498764965558327,1,Instructed
1122,122,0,0.2934227500666287,0.4086889789127792,1,Instructed
1123,123,0,0.5245432617253695,0.4111309018138187,1,Instructed
1124,124,0,0.37039995528123765,0.35872598919343335,1,Instructed
1125,125,0,0.477859519316989,0.38578113460073055,1,Instructed
1126,126,0,0.2377636332436942,0.43038673557668194,1,Instructed
1127,127,0,0.27002702909804127,0.46004930061210225,1,Instructed
1128,128,0,0.6846538845470644,0.3532992998316653,1,Instructed
1129,129,0,0.5781329953771477,0.35250622830549194,1,Instructed
1130,130,0,0.2989126661621996,0.522833395797824,1,Instructed
1131,131,0,0.42619888945958145,0.40891350593202763,1,Instructed
1132,132,0,0.4836260083477872,0.35296196109882483,1,Instructed
1133,133,0,0.40528345154435425,0.5468173981878968,1,Instructed
1134,134,0,0.6607209595305809,0.2791531414567181,1,Instructed
1135,135,0,0.7764381751462539,0.40550108831034193,1,Instructed
1136,136,0,0.9210877027085581,0.3366800875600391,1,Instructed
1137,137,0,0.7595003856148538,0.30270068257516725,1,Instructed
1138,138,0,0.9065865236449095,0.4834642378082359,1,Instructed
1139,139,0,0.17314929982292535,0.3698677237651112,1,Instructed
1140,140,0,0.8304087089261257,0.3093034187669512,1,Instructed
1141,141,0,0.7091501244234242,0.3553376899133671,1,Instructed
1142,142,0,0.49666777134905193,0.42551336786553406,1,Instructed
1143,143,0,0.20846276179000703,0.38087505360646656,1,Instructed
1144,144,0,0.30690418311233847,0.43265313837188935,1,Instructed
1145,145,0,0.6284579717992614,0.2897073701658449,1,Instructed
1146,146,0,0.6758774851824213,0.365370878407172,1,Instructed
1147,147,0,0.45237703611673513,0.33385467614435305,1,Instructed
1148,148,0,0.8429719858785955,0.25236385552243285,1,Instructed
1149,149,0,0.2734473730850739,0.28880756812488534,1,Instructed
1150,150,0,0.6728084373712784,0.28118596070223867,1,Instructed
1151,151,0,0.554162184534944,0.4206133117757509,1,Instructed
1152,152,0,0.6044468706302752,0.2715047559872181,1,Instructed
1153,153,0,0.5186967260919262,0.3119862659853805,1,Instructed
1154,154,0,0.5130536312899094,0.4402211739956036,1,Instructed
1155,155,0,0.5024935410114255,0.40479175730289096,1,Instructed
1156,156,0,0.7380363666513041,0.3111156962545591,1,Instructed
1157,157,0,0.47216626619758095,0.3569648707923574,1,Instructed
1158,158,0,0.5252805018591147,0.3472013020194754,1,Instructed
1159,159,0,0.45865213145368233,0.37050210982719667,1,Instructed
1160,160,0,0.4970898960161535,0.3443131237648591,1,Instructed
1161,161,0,0.5259228441315412,0.3305948898024358,1,Instructed
1162,162,0,0.5167692162215454,0.3477411415633027,1,Instructed
1163,163,0,0.31700059955098925,0.2863744489016914,1,Instructed
1164,164,0,0.526350590385303,0.4104994442357553,1,Instructed
1165,165,0,0.5539017081523339,0.3055013625790143,1,Instructed
1166,166,0,0.7199354483708917,0.4784282027961934,1,Instructed
1167,167,0,0.41458222242163706,0.3919414841732136,1,Instructed
1168,168,0,0.39699402080055013,0.4301261524757448,1,Instructed
1169,169,0,0.7395069377877654,0.4693309728504609,1,Instructed
1170,170,0,0.722990649623506,0.3396165411264974,1,Instructed
1171,171,0,0.5056502399740126,0.35526965620349804,1,Instructed
1172,172,0,0.6280198133055315,0.3371603606688172,1,Instructed
1173,173,0,0.859092708388712,0.3305774590674079,1,Instructed
1174,174,0,0.6346414632395979,0.446191854488852,1,Instructed
1175,175,0,0.2554738274135336,0.3762801541381484,1,Instructed
1176,176,0,0.40933468291573166,0.4256996059102567,1,Instructed
1177,177,0,0.1422058623175066,0.44833512824116917,1,Instructed
1178,178,0,0.6225211264183341,0.47749708795999934,1,Instructed
1179,179,0,0.6526715226651089,0.48442051027696836,1,Instructed
1180,180,0,0.47574038841932836,0.41578063863026116,1,Instructed
1181,181,0,0.3181452474086832,0.4627599796335497,1,Instructed
1182,182,0,0.5294078332966443,0.34638355382136743,1,Instructed
1183,183,0,0.4462909006958953,0.5060485319747936,1,Instructed
1184,184,0,0.3689390112659205,0.37412765276099036,1,Instructed
1185,185,0,0.6013414392172405,0.31365211371801216,1,Instructed
1186,186,0,0.8463669235605111,0.33588137044326627,1,Instructed
1187,187,0,0.6786745107776151,0.5323541835351014,1,Instructed
1188,188,0,0.46315453601924883,0.4710382510949902,1,Instructed
1189,189,0,0.8726514608107614,0.4888131216869531,1,Instructed
1190,190,0,0.8021646493819217,0.3998344706234539,1,Instructed
1191,191,0,0.47873022328193626,0.3652185505157912,1,Instructed
1192,192,0,0.6409260556836113,0.4502794039613107,1,Instructed
1193,193,0,0.9518618532488179,0.3544993169991725,1,Instructed
1194,194,0,0.46988503664173287,0.37142544633465624,1,Instructed
1195,195,0,0.4899261828372103,0.3019187178816391,1,Instructed
1196,196,0,0.8177819618603774,0.4363332868249493,1,Instructed
1197,197,0,0.806220981024046,0.3258002359919253,1,Instructed
1198,198,0,0.7162831492703996,0.4071881304449677,1,Instructed
1199,199,0,0.8547443628577222,0.3112021649413944,1,Instructed
