,t,e_hat,Accuracy,pe,batch,Condition
0,0,0,0.5072838014781806,0.5832175350977409,0,Blocked
1,1,0,0.23125678042489123,0.6046046805515393,0,Blocked
2,2,0,0.01339282313512899,0.6970761768242413,0,Blocked
3,3,0,0.6090026435224574,0.7779109565703883,0,Blocked
4,4,0,0.993751894031385,0.8321092668218706,0,Blocked
5,5,0,0.06454036920234572,0.6543701148234824,0,Blocked
6,6,0,0.8080685075420222,0.4442375637675131,0,Blocked
7,7,0,0.4046099336639847,0.7214360894221609,0,Blocked
8,8,0,0.38155162036153933,0.8435815875649935,0,Blocked
9,9,0,0.9971270299839521,0.5542327767952603,0,Blocked
10,10,0,0.47384931628461324,0.7390567097012757,0,Blocked
11,11,0,0.3330980529159337,0.6122461043508346,0,Blocked
12,12,0,0.9680849010277975,0.47423735593302063,0,Blocked
13,13,0,0.39858710668802727,0.7310668174829928,0,Blocked
14,14,0,0.5144295908012668,0.7731940630823531,0,Blocked
15,15,0,0.46697729781551756,0.7567821603197882,0,Blocked
16,16,0,0.0057779305050165266,0.705996249471686,0,Blocked
17,17,0,0.8217942719772091,0.5443864555116028,0,Blocked
18,18,0,0.38423347076559233,0.6440366665988689,0,Blocked
19,19,0,0.14864895808200654,0.7805228247670764,0,Blocked
20,20,0,0.0011922587699515386,1.4817654586472866,0,Blocked
21,21,0,0.45839329729683603,0.9225490045806501,0,Blocked
22,22,0,0.9910661733410884,0.7487720963808577,0,Blocked
23,23,0,0.010690077334363522,0.731583226112541,0,Blocked
24,24,0,0.3334530945179145,0.721915180585589,0,Blocked
25,25,0,0.9762894758629656,0.6787955757138933,0,Blocked
26,26,0,0.06987087446069384,0.6355978132897864,0,Blocked
27,27,0,0.5012024104391953,0.6827559177603476,0,Blocked
28,28,0,0.925013740496244,0.5195202346440335,0,Blocked
29,29,0,0.7930239580746177,0.5551287980256704,0,Blocked
30,30,0,0.8899665414752991,0.6420306100437296,0,Blocked
31,31,0,0.907253834622417,0.7834273767746591,0,Blocked
32,32,0,0.4930056327998387,0.8623502668601732,0,Blocked
33,33,0,0.363216151862182,0.7718422550225801,0,Blocked
34,34,0,0.30059806477812556,0.7724404282890062,0,Blocked
35,35,0,0.04655936060131295,0.730470662531469,0,Blocked
36,36,0,0.5302493614236409,0.6957112653692668,0,Blocked
37,37,0,0.8544611656101425,0.6705930767917347,0,Blocked
38,38,0,0.168887307270824,0.6715878693673754,0,Blocked
39,39,0,0.5012039379527182,0.6531006594360843,0,Blocked
40,40,0,0.5977604487127883,0.5402049234005698,0,Blocked
41,41,0,0.015184938074268618,0.4886415435238702,0,Blocked
42,42,0,0.06528882432968743,0.45767703855583775,0,Blocked
43,43,0,0.5447114765940652,0.7089508651029686,0,Blocked
44,44,0,0.11854676684589924,0.7444427886257516,0,Blocked
45,45,0,0.993771688842279,0.7252095196271147,0,Blocked
46,46,0,0.5547097996969974,0.634724001884889,0,Blocked
47,47,0,0.814199165359471,0.3578762705643155,0,Blocked
48,48,0,0.7655320677586259,0.4497247946906619,0,Blocked
49,49,0,0.5150390385449285,0.6013451622894712,0,Blocked
50,50,0,0.16766414723889297,0.830472858902206,0,Blocked
51,51,0,0.5027397176985298,0.716615237707843,0,Blocked
52,52,0,0.7520427548994426,0.7642382020367259,0,Blocked
53,53,0,0.9544131466701575,0.26032163971371547,0,Blocked
54,54,0,0.8893322943763176,0.3604560040215153,0,Blocked
55,55,0,0.7030803789621671,0.6770265898483318,0,Blocked
56,56,0,0.5463407431196519,0.5263785444623824,0,Blocked
57,57,0,0.5590358690613904,0.5665833662612743,0,Blocked
58,58,0,0.47940812517841347,0.944968456479559,0,Blocked
59,59,0,0.3649197383188373,0.9282427628182853,0,Blocked
60,60,0,0.799649290228977,0.42619285150254216,0,Blocked
61,61,0,0.9653425371486639,0.6142077142168632,0,Blocked
62,62,0,0.4782370953725209,0.8256571525683484,0,Blocked
63,63,0,0.6900768611983318,0.9659304450031687,0,Blocked
64,64,0,0.7004719841757499,0.4406103499077988,0,Blocked
65,65,0,0.7004878419698822,0.43337795452444994,0,Blocked
66,66,0,0.3958355929618963,0.6466823246476088,0,Blocked
67,67,0,0.28218430845260917,0.787834765672726,0,Blocked
68,68,0,0.9693710730717737,0.7872081131810107,0,Blocked
69,69,0,0.4084940526324384,0.9679316151003667,0,Blocked
70,70,0,0.060865309747798274,0.7650804084280489,0,Blocked
71,71,0,0.9640297528798225,0.5997116939976541,0,Blocked
72,72,0,0.4255764114436795,0.8352107354488179,0,Blocked
73,73,0,0.7942707580784836,0.6181064059970631,0,Blocked
74,74,0,0.5652257544794219,0.4825867189065729,0,Blocked
75,75,0,0.7617959229423741,0.6807892103506306,0,Blocked
76,76,0,0.3932291531237878,0.7148534471913373,0,Blocked
77,77,0,0.5713053443729148,0.6371364676698874,0,Blocked
78,78,0,0.5148247290907654,0.6506535908724069,0,Blocked
79,79,0,0.5031588896846476,0.7383701034694896,0,Blocked
80,80,0,0.5069003863660313,0.43952312499169144,0,Blocked
81,81,0,0.570764461347273,0.6120022079736935,0,Blocked
82,82,0,0.1865371171028367,0.5516302882156373,0,Blocked
83,83,0,0.4217962255596088,0.4841432654444032,0,Blocked
84,84,0,0.01990161706753856,0.8398864521488302,0,Blocked
85,85,0,0.004387863985024343,0.9620181702784172,0,Blocked
86,86,0,0.0186619458693232,1.1455647247344345,0,Blocked
87,87,0,0.9971641779039012,0.7959797519855543,0,Blocked
88,88,0,0.44448098841973654,0.6150980544373554,0,Blocked
89,89,0,0.04416400960682177,0.5336570303819598,0,Blocked
90,90,0,0.6354116006889619,0.5671189485944224,0,Blocked
91,91,0,0.5083454158212188,0.887737173713466,0,Blocked
92,92,0,0.49558024668382217,0.8232724437104575,0,Blocked
93,93,0,0.6977973998249491,0.5668265601770814,0,Blocked
94,94,0,0.32361731057255927,0.6494841434923042,0,Blocked
95,95,0,0.9646094471622948,0.6437576167976138,0,Blocked
96,96,0,0.6420721519063479,0.8140234327489447,0,Blocked
97,97,0,0.6308701798667433,0.6965441855487522,0,Blocked
98,98,0,0.024183810314997157,0.7836322136595342,0,Blocked
99,99,0,0.025282187101143445,0.7798116990751318,0,Blocked
100,100,0,0.6928999482644267,0.733368879511543,0,Blocked
101,101,0,0.14841750765648495,0.5903405728852195,0,Blocked
102,102,0,0.40034583599799206,0.5571591384952617,0,Blocked
103,103,0,0.007862228055167165,0.7465195062767125,0,Blocked
104,104,0,0.9787264171014787,0.5439605141614304,0,Blocked
105,105,0,0.5758274887098943,0.6212569877657854,0,Blocked
106,106,0,0.4971496870836379,0.8180741941100569,0,Blocked
107,107,0,0.638370002726727,0.6918679006565691,0,Blocked
108,108,0,0.25221005219975356,0.5056378092708824,0,Blocked
109,109,0,0.9140810713733307,0.4119747231507511,0,Blocked
110,110,0,0.49879765145979293,0.6284177878086437,0,Blocked
111,111,0,0.43699413850757307,0.7918141795602318,0,Blocked
112,112,0,0.198328657679515,0.7258227232907053,0,Blocked
113,113,0,0.820881630676481,0.6448792068771003,0,Blocked
114,114,0,0.5983161208980577,0.5806723042701492,0,Blocked
115,115,0,0.7604070214638783,0.6195508936220397,0,Blocked
116,116,0,0.6115950372929887,0.5237461233235657,0,Blocked
117,117,0,0.46943769208942915,0.4010401015280008,0,Blocked
118,118,0,0.6231474213185566,0.482162216537001,0,Blocked
119,119,0,0.6042185905327145,0.6792743497659903,0,Blocked
120,120,0,0.935681123401547,0.8790100612469518,0,Blocked
121,121,0,0.2710392991829718,0.8356116794307753,0,Blocked
122,122,0,0.32616174388799096,0.7954824964595206,0,Blocked
123,123,0,0.27560342041832353,0.5439996502759766,0,Blocked
124,124,0,0.6458636183546475,0.5740483109239737,0,Blocked
125,125,0,0.320834012602033,0.6436198116173714,0,Blocked
126,126,0,0.6099255331027117,0.7929307951113478,0,Blocked
127,127,0,0.047710679490174795,0.6244759575173044,0,Blocked
128,128,0,0.03303208878987667,0.6354452319885935,0,Blocked
129,129,0,0.7597825834115981,0.6333294514079468,0,Blocked
130,130,0,0.21263631629346028,0.7153612659747283,0,Blocked
131,131,0,0.3133892190142631,0.7253583141194628,0,Blocked
132,132,0,0.9362274296552496,0.5797171601000606,0,Blocked
133,133,0,0.5487480554234423,0.6388541326939701,0,Blocked
134,134,0,0.06849603096982176,0.7387713791499552,0,Blocked
135,135,0,0.484716469038014,0.7193656376006934,0,Blocked
136,136,0,0.7897705469240807,0.49559128791174406,0,Blocked
137,137,0,0.596351591778,0.6407137214352403,0,Blocked
138,138,0,0.3146369598382765,0.6648959684006088,0,Blocked
139,139,0,0.33338890203642974,0.8603710875167369,0,Blocked
140,140,0,0.5326373779914253,0.8824200538065992,0,Blocked
141,141,0,0.012759678169922095,0.7561104327226705,0,Blocked
142,142,0,0.9489855534030236,0.7261585027769056,0,Blocked
143,143,0,0.25694397872680524,0.5654203281465109,0,Blocked
144,144,0,0.3481392677334777,0.6691138122339488,0,Blocked
145,145,0,0.4669996180038221,0.891224311649125,0,Blocked
146,146,0,0.4144194366231023,0.8126756795447388,0,Blocked
147,147,0,0.9739222752043062,0.6542508113058954,0,Blocked
148,148,0,0.46462600061191067,0.5638336866584549,0,Blocked
149,149,0,0.9157097541132886,0.882170048588934,0,Blocked
150,150,0,0.5774242720345323,0.5633049309441751,0,Blocked
151,151,0,0.03837038256971598,0.6101260569602254,0,Blocked
152,152,0,0.5632275398179538,0.5956475975146212,0,Blocked
153,153,0,0.5094500794242669,0.6561937802746067,0,Blocked
154,154,0,0.10681036112851176,0.6912048924286316,0,Blocked
155,155,0,0.7036942829714329,0.7443459400751986,0,Blocked
156,156,0,0.4927300325708198,0.7854080361552302,0,Blocked
157,157,0,0.88501881064386,0.5842774866764388,0,Blocked
158,158,0,0.7818378010766285,0.5448561562435581,0,Blocked
159,159,0,0.037080098740471606,0.721177907639388,0,Blocked
160,160,0,0.5033931851966933,0.8302351474497729,0,Blocked
161,161,0,0.6346602337770241,0.4790773121420742,0,Blocked
162,162,0,0.6386308562375345,0.3194611197738897,0,Blocked
163,163,0,0.5565233611309948,0.8298769298429458,0,Blocked
164,164,0,0.9571143602453227,0.7692665377932195,0,Blocked
165,165,0,0.8352580021175271,0.6411067251650671,0,Blocked
166,166,0,0.0705600112760636,0.5149550344673403,0,Blocked
167,167,0,0.4173393235942005,0.6091691449479593,0,Blocked
168,168,0,0.6453794602763082,0.4996917738178897,0,Blocked
169,169,0,0.7900742359323986,0.6406594496756234,0,Blocked
170,170,0,0.42854001484658355,0.6953627397755642,0,Blocked
171,171,0,0.537879980805879,0.5569889491584644,0,Blocked
172,172,0,0.46971700222681106,0.6187641984987542,0,Blocked
173,173,0,0.9421092172409484,0.6576385166358777,0,Blocked
174,174,0,0.515040939741045,0.7797030136240759,0,Blocked
175,175,0,0.12028516500282573,0.6707446402756324,0,Blocked
176,176,0,0.32993935609320835,0.9993921235244236,0,Blocked
177,177,0,0.7232088583567787,0.8954968078761978,0,Blocked
178,178,0,0.7553745578363409,0.8353585053024797,0,Blocked
179,179,0,0.14997150134455525,0.9648754283108776,0,Blocked
180,180,0,0.9990890049062813,0.5962705998893814,0,Blocked
181,181,0,0.9349878394096813,0.49204064831029315,0,Blocked
182,182,0,0.965153205236625,0.5804629754215248,0,Blocked
183,183,0,0.5119136295623417,0.7074944154504811,0,Blocked
184,184,0,0.9750013635953322,0.6564989379705733,0,Blocked
185,185,0,0.7743733327124642,0.5776270251129203,0,Blocked
186,186,0,0.8913135604567585,0.38490812485970904,0,Blocked
187,187,0,0.5208795346552971,0.6391581452479869,0,Blocked
188,188,0,0.4743910262235581,0.5643461772904825,0,Blocked
189,189,0,0.42398552092184894,0.7170596909444896,0,Blocked
190,190,0,0.6181566062534996,0.8857168700077958,0,Blocked
191,191,0,0.48635810277041364,0.780360121683438,0,Blocked
192,192,0,0.3932104587757056,0.7012183180735381,0,Blocked
193,193,0,0.9875911152454385,0.7023684047126943,0,Blocked
194,194,0,0.14743249337736145,0.7413663594892088,0,Blocked
195,195,0,0.3357075999336162,0.8498530734435137,0,Blocked
196,196,0,0.02548754754446601,0.6678445162937685,0,Blocked
197,197,0,0.8886471685780339,0.6929600639628064,0,Blocked
198,198,0,0.9701746462299135,0.7093324442645819,0,Blocked
199,199,0,0.2872188221240951,0.5306811918872377,0,Blocked
200,0,0,0.6199052181408333,0.5971107085820804,0,Interleaved
201,1,0,0.3848886802562916,0.8345024756458431,0,Interleaved
202,2,0,0.5204305223969758,0.6973407105537818,0,Interleaved
203,3,0,0.03546716604759326,0.8709228030872578,0,Interleaved
204,4,0,0.5425008118096893,0.4773638747277975,0,Interleaved
205,5,0,0.1059320525154695,0.7190212209723523,0,Interleaved
206,6,0,0.6086552079713066,0.916858874157414,0,Interleaved
207,7,0,0.03695040961862213,0.9133249911543415,0,Interleaved
208,8,0,0.07544640882992372,0.6971527838581186,0,Interleaved
209,9,0,0.43184720887761135,0.753099343882546,0,Interleaved
210,10,0,0.4993372409093385,0.8634704246063793,0,Interleaved
211,11,0,0.46681339430814583,0.7821099352076821,0,Interleaved
212,12,0,0.45280314586960074,0.6862505618131043,0,Interleaved
213,13,0,0.7225540182674826,0.5513071938722335,0,Interleaved
214,14,0,0.04007068551989862,0.8342227866262101,0,Interleaved
215,15,0,0.6580757003474046,0.7831153225083374,0,Interleaved
216,16,0,0.5106542971981101,0.6639940656952419,0,Interleaved
217,17,0,0.577705024920772,0.8346956692603036,0,Interleaved
218,18,0,0.383625257162325,0.8386116376624452,0,Interleaved
219,19,0,0.44827328695592694,0.6566582244171951,0,Interleaved
220,20,0,0.9235446653403914,0.50491269148095,0,Interleaved
221,21,0,0.045292340761874786,0.4825653331761166,0,Interleaved
222,22,0,0.47909076779767457,0.5296408022584917,0,Interleaved
223,23,0,0.034868660857682504,0.6849747605816483,0,Interleaved
224,24,0,0.7628455793212469,0.5632774764118743,0,Interleaved
225,25,0,0.017453393539721147,0.44898570441929786,0,Interleaved
226,26,0,0.7909133103271744,0.6916290138922833,0,Interleaved
227,27,0,0.48758362914728637,0.8610598364795733,0,Interleaved
228,28,0,0.8955048851889067,1.3022961850208237,0,Interleaved
229,29,0,0.01340357922699801,0.7177235201699925,0,Interleaved
230,30,0,0.29621681713821857,0.5752129401335956,0,Interleaved
231,31,0,0.3029947706747101,0.5837135961603683,0,Interleaved
232,32,0,0.6377309319409049,0.5806707963504147,0,Interleaved
233,33,0,0.28208590774212183,0.7150988535631602,0,Interleaved
234,34,0,0.49698931607936436,0.6920908012422705,0,Interleaved
235,35,0,0.5988946920784131,0.5309666171169138,0,Interleaved
236,36,0,0.495286414671584,0.7740716240064658,0,Interleaved
237,37,0,0.9856250435915074,0.5535419860577765,0,Interleaved
238,38,0,0.43608836463680606,0.6869915136684943,0,Interleaved
239,39,0,0.8223142076863189,0.5809639177257264,0,Interleaved
240,40,0,0.5100185468034385,0.6704686485898934,0,Interleaved
241,41,0,0.9556455333678798,0.7976960964368656,0,Interleaved
242,42,0,0.6490532912369058,0.4926308464962128,0,Interleaved
243,43,0,0.24499205614427655,0.6159188962238882,0,Interleaved
244,44,0,0.5533694435830613,0.47271048842889646,0,Interleaved
245,45,0,0.47048737505992616,0.6213762939014411,0,Interleaved
246,46,0,0.2172534397346487,0.8061177763735398,0,Interleaved
247,47,0,0.5671596290466354,0.7545779446399565,0,Interleaved
248,48,0,0.4811464731910725,1.0789747794449982,0,Interleaved
249,49,0,0.059242127083392625,0.6771149928524596,0,Interleaved
250,50,0,0.7655305695261476,0.7121669626970515,0,Interleaved
251,51,0,0.5552744646323111,0.6215577019349434,0,Interleaved
252,52,0,0.6205729775695721,0.444478265334204,0,Interleaved
253,53,0,0.7506897455441515,0.4469185894808131,0,Interleaved
254,54,0,0.9113591184252599,0.6819572765162685,0,Interleaved
255,55,0,0.9416551083335853,0.788973757587897,0,Interleaved
256,56,0,0.8115474947461788,0.5943052964827098,0,Interleaved
257,57,0,0.9510585882711601,0.40610107085928665,0,Interleaved
258,58,0,0.8624781413715998,0.713309055385918,0,Interleaved
259,59,0,0.12723641534320673,0.8407604925209569,0,Interleaved
260,60,0,0.48190709940177323,0.7604014578219607,0,Interleaved
261,61,0,0.08113514780815968,0.8588362022580538,0,Interleaved
262,62,0,0.4255773919223334,0.7866119383412888,0,Interleaved
263,63,0,0.2578283627255114,0.7077867035721581,0,Interleaved
264,64,0,0.7117259699737335,0.5055829009830041,0,Interleaved
265,65,0,0.4648431491488755,0.5510832885508334,0,Interleaved
266,66,0,0.7111452965563034,0.5266914963288158,0,Interleaved
267,67,0,0.8716811119551511,0.6841547130633011,0,Interleaved
268,68,0,0.515602125443155,1.36086963833965,0,Interleaved
269,69,0,0.5731087597428771,0.7337581136040705,0,Interleaved
270,70,0,0.5868335195136323,1.875806441832573,0,Interleaved
271,71,0,0.5621993867310313,0.7992311672338359,0,Interleaved
272,72,0,0.7435480200377313,0.9884796328694652,0,Interleaved
273,73,0,0.0022862082694745977,0.8403521317986693,0,Interleaved
274,74,0,0.8439017484412348,0.470582665010945,0,Interleaved
275,75,0,0.6165598902997812,0.4772895303591654,0,Interleaved
276,76,0,0.17847874501441602,0.5644416782988043,0,Interleaved
277,77,0,0.9570917303306303,0.5390641732699287,0,Interleaved
278,78,0,0.6529972502078566,0.7469693126500159,0,Interleaved
279,79,0,0.9966352739792261,0.8257063879278859,0,Interleaved
280,80,0,0.7782142574669246,0.9652090630606556,0,Interleaved
281,81,0,0.9774087677972779,0.8453212478992485,0,Interleaved
282,82,0,0.24288467663862262,0.985243949113853,0,Interleaved
283,83,0,0.06466313081955619,0.7717306863592857,0,Interleaved
284,84,0,0.32891723152379293,0.5935201505373175,0,Interleaved
285,85,0,0.46294096694198583,0.6534270764798957,0,Interleaved
286,86,0,0.5539022094925817,0.7255969678906771,0,Interleaved
287,87,0,0.9760619166060749,0.5367088720665101,0,Interleaved
288,88,0,0.03840905448168265,0.658348630492624,0,Interleaved
289,89,0,0.010829294323873348,0.5784271481434273,0,Interleaved
290,90,0,0.49566668121065605,0.49658466902673115,0,Interleaved
291,91,0,0.0010755118795590188,0.798459328084989,0,Interleaved
292,92,0,0.7266980784953022,0.6066370017090827,0,Interleaved
293,93,0,0.9724142103935349,0.49934305831555825,0,Interleaved
294,94,0,0.4931969160172012,0.6262159993317407,0,Interleaved
295,95,0,0.4340322898026792,0.7479123055979886,0,Interleaved
296,96,0,0.4943106519681385,0.578735048609845,0,Interleaved
297,97,0,0.9293285900859667,0.5122613914816223,0,Interleaved
298,98,0,0.10982918349244299,0.8450662792833391,0,Interleaved
299,99,0,0.07717651397971659,0.8795672790859932,0,Interleaved
300,100,0,0.8298400108873965,0.6595685657130449,0,Interleaved
301,101,0,0.07272927960182476,0.5053233697827825,0,Interleaved
302,102,0,0.45143923646684236,0.5341105484917995,0,Interleaved
303,103,0,0.9001326033121547,0.34714430637111265,0,Interleaved
304,104,0,0.5281151176915678,0.4567436082725245,0,Interleaved
305,105,0,0.37588833535273464,0.7387773771078239,0,Interleaved
306,106,0,0.8556691978798674,0.5906050640531979,0,Interleaved
307,107,0,0.5302870942802035,0.7748533634817194,0,Interleaved
308,108,0,0.4235119010872954,0.8049548350024378,0,Interleaved
309,109,0,0.6513320161349635,0.6427603603162468,0,Interleaved
310,110,0,0.2505663720061153,0.6098208520495676,0,Interleaved
311,111,0,0.5097658340606008,0.4262435060428206,0,Interleaved
312,112,0,0.32172713237747763,0.6287882196325861,0,Interleaved
313,113,0,0.836620749626984,0.8127664425602226,0,Interleaved
314,114,0,0.6251310823111182,0.6717659369554786,0,Interleaved
315,115,0,0.268158758568523,0.6395074651522017,0,Interleaved
316,116,0,0.5741899362404741,0.43825558080722654,0,Interleaved
317,117,0,0.8737444653024262,0.46240084645468227,0,Interleaved
318,118,0,0.3072460327600914,0.5959742823762629,0,Interleaved
319,119,0,0.924547804252976,0.8986569277146296,0,Interleaved
320,120,0,0.025597387882008493,0.5369457721557442,0,Interleaved
321,121,0,0.9977086770065837,0.5429734322388554,0,Interleaved
322,122,0,0.3341123802717583,0.5946800888703552,0,Interleaved
323,123,0,0.49719764683313594,0.8585038615831986,0,Interleaved
324,124,0,0.5294361358406584,0.5044809450608594,0,Interleaved
325,125,0,0.5786132687530984,0.7154391472556645,0,Interleaved
326,126,0,0.9703923149197657,0.44512678866733724,0,Interleaved
327,127,0,0.5129067374060827,0.6441290477288522,0,Interleaved
328,128,0,0.6661848913741425,0.6869865598187295,0,Interleaved
329,129,0,0.5711580579127062,0.6744762002638425,0,Interleaved
330,130,0,0.4240530046068161,0.6174214597085159,0,Interleaved
331,131,0,0.9637245278440097,0.45874675329083464,0,Interleaved
332,132,0,0.550705949023631,0.6257534147714315,0,Interleaved
333,133,0,0.09506943115102941,0.5040267723692131,0,Interleaved
334,134,0,0.573505702031452,0.676733479697861,0,Interleaved
335,135,0,0.8038743110048976,0.6700055967408258,0,Interleaved
336,136,0,0.9106745305575439,0.7052934600615892,0,Interleaved
337,137,0,0.9996750177316873,0.5769263259171096,0,Interleaved
338,138,0,0.4450337990244242,0.43848070232373076,0,Interleaved
339,139,0,0.9212413700698291,0.6541152463486706,0,Interleaved
340,140,0,0.5114967216190379,0.724777148039716,0,Interleaved
341,141,0,0.9424632378444266,0.6737128237323007,0,Interleaved
342,142,0,0.5312678790932107,0.6311409972642664,0,Interleaved
343,143,0,0.8949409572273195,1.2533388019632605,0,Interleaved
344,144,0,0.23239740789605548,0.8324404097288187,0,Interleaved
345,145,0,0.9865726206265276,0.6622766377560354,0,Interleaved
346,146,0,0.7448350496027998,0.5788435799086502,0,Interleaved
347,147,0,0.9235303554820349,0.6537540818184298,0,Interleaved
348,148,0,0.4717303389245369,0.4970889502091266,0,Interleaved
349,149,0,0.0047036283212121,0.8248812566359351,0,Interleaved
350,150,0,0.48815260788309955,0.6705224134491419,0,Interleaved
351,151,0,0.958400895271966,0.7531057764189042,0,Interleaved
352,152,0,0.1457597571344668,0.6073756659538501,0,Interleaved
353,153,0,0.8524932771251015,0.6452436010447964,0,Interleaved
354,154,0,0.439654796757671,0.8317902655224867,0,Interleaved
355,155,0,0.03529516286055574,1.008892239071848,0,Interleaved
356,156,0,0.01878918632289747,1.1280593699632955,0,Interleaved
357,157,0,0.5338733331723101,0.9332025303214173,0,Interleaved
358,158,0,0.5147421806891361,0.7388246333793177,0,Interleaved
359,159,0,0.9722690954774631,0.6896298262768779,0,Interleaved
360,160,0,0.023579195430192313,0.7837565655455271,0,Interleaved
361,161,0,0.8287371507156334,0.4697089883065467,0,Interleaved
362,162,0,0.4455403313729813,0.7407260811516128,0,Interleaved
363,163,0,0.08358615634557108,0.8817647988542547,0,Interleaved
364,164,0,0.0006694953861105397,1.0927096519387338,0,Interleaved
365,165,0,0.16487177018626492,0.8748648990273789,0,Interleaved
366,166,0,0.4881043412587026,0.6439723515404201,0,Interleaved
367,167,0,0.4288351110438006,0.5514087920644938,0,Interleaved
368,168,0,0.9729698287631986,0.715148744447816,0,Interleaved
369,169,0,0.8338950344659651,0.9706417177365412,0,Interleaved
370,170,0,0.3818728675859992,0.66684971219303,0,Interleaved
371,171,0,0.44817075690614777,1.3021674065441262,0,Interleaved
372,172,0,0.008200910901557007,0.8810056654836163,0,Interleaved
373,173,0,0.03544800600409701,0.7839600489963359,0,Interleaved
374,174,0,0.11232875916731976,0.6816573259860133,0,Interleaved
375,175,0,0.22250134243299877,0.6775319739737526,0,Interleaved
376,176,0,0.9596611038818956,0.689444924510613,0,Interleaved
377,177,0,0.9353171271132221,0.5078665886275647,0,Interleaved
378,178,0,0.8301116923492606,0.6428937191408949,0,Interleaved
379,179,0,0.28467489574740207,0.7307291753095516,0,Interleaved
380,180,0,0.452834756793216,0.730974100603368,0,Interleaved
381,181,0,0.49551052705499943,0.49714690992172833,0,Interleaved
382,182,0,0.36295421809682316,0.6450711510085237,0,Interleaved
383,183,0,0.5292326340764384,0.8104463221471937,0,Interleaved
384,184,0,0.5974271796012307,0.5955691064458145,0,Interleaved
385,185,0,0.4953758766338544,0.6947817907394449,0,Interleaved
386,186,0,0.9887381032290283,0.5079248495328907,0,Interleaved
387,187,0,0.5206845882498378,0.7105273624847006,0,Interleaved
388,188,0,0.2095980138788287,0.6941696070452494,0,Interleaved
389,189,0,0.872331785975085,0.6064697948768105,0,Interleaved
390,190,0,0.11992868566580484,0.5725934055804778,0,Interleaved
391,191,0,0.016607839536319405,0.7928671271558903,0,Interleaved
392,192,0,0.49388148452120795,0.6994821344679161,0,Interleaved
393,193,0,0.7246113418436511,0.570185244423854,0,Interleaved
394,194,0,0.5853283689097458,0.528613068758698,0,Interleaved
395,195,0,0.5262116128272301,0.6201035320793417,0,Interleaved
396,196,0,0.04197371411709744,0.8086163776579163,0,Interleaved
397,197,0,0.423888364235229,0.8228440991688715,0,Interleaved
398,198,0,0.9400254066970011,0.917036823887477,0,Interleaved
399,199,0,0.6667410757590468,0.904440487470028,0,Interleaved
400,0,0,0.6847764513207508,0.7490523551373081,0,Instructed
401,1,0,0.8841802468986719,0.8200044141560789,0,Instructed
402,2,0,0.5170570045944948,0.7150390457711588,0,Instructed
403,3,0,0.5761800820558025,0.8932439506956802,0,Instructed
404,4,0,0.45122016424789724,0.805001425970656,0,Instructed
405,5,0,0.7990575968254721,0.8211570648197111,0,Instructed
406,6,0,0.45386754352529196,0.7833966876967298,0,Instructed
407,7,0,0.4879806294851654,1.0681547599664392,0,Instructed
408,8,0,0.14374177510526592,1.028512928317957,0,Instructed
409,9,0,0.49838277996279057,0.9527648066416476,0,Instructed
410,10,0,0.654505596159098,0.9992367984553241,0,Instructed
411,11,0,0.09706253657484827,0.7868886841011431,0,Instructed
412,12,0,0.5026863284013671,0.8880466741534109,0,Instructed
413,13,0,0.3409410348299633,1.0977398817788515,0,Instructed
414,14,0,0.9392515517591679,1.0296763806334446,0,Instructed
415,15,0,0.7503931051274244,0.9031843969390987,0,Instructed
416,16,0,0.43985067757854973,0.8157465492349816,0,Instructed
417,17,0,0.2628010757565007,1.06865222753774,0,Instructed
418,18,0,0.47063903075793895,0.8327151434710187,0,Instructed
419,19,0,0.9770135903437783,0.5912270400239887,0,Instructed
420,20,0,0.5000064148766914,1.3281448190903102,0,Instructed
421,21,0,0.9040127406826202,0.525845944860885,0,Instructed
422,22,0,0.5002111500018569,0.7821109065423311,0,Instructed
423,23,0,0.81807673329201,0.6970114872470572,0,Instructed
424,24,0,0.7231602485864721,0.8031548636083048,0,Instructed
425,25,0,0.9775358941690009,1.03575845725048,0,Instructed
426,26,0,0.12507909062941275,1.0231956934083462,0,Instructed
427,27,0,0.34606913466013134,0.729752525178516,0,Instructed
428,28,0,0.5001153068635075,1.0355352151755377,0,Instructed
429,29,0,0.9106229232533902,0.7237105334885894,0,Instructed
430,30,0,0.9455365479112667,0.7562016931837091,0,Instructed
431,31,0,0.12102438508016344,0.8007615930843388,0,Instructed
432,32,0,0.49879267381717585,0.7362106099915235,0,Instructed
433,33,0,0.3971753421860333,0.8872126287019035,0,Instructed
434,34,0,0.5280767245412339,0.738013600417381,0,Instructed
435,35,0,0.6044151394937661,0.8807764466046355,0,Instructed
436,36,0,0.42611454264126647,0.6534263614946454,0,Instructed
437,37,0,0.2703827906026947,0.8326822239622493,0,Instructed
438,38,0,0.5960111259403559,0.6081495482703856,0,Instructed
439,39,0,0.14071071962744766,0.7811537982638234,0,Instructed
440,40,0,0.4834663153452816,0.8513088046133304,0,Instructed
441,41,0,0.3998643969783129,0.4212748670136591,0,Instructed
442,42,0,0.39387141793332636,0.5505985119629992,0,Instructed
443,43,0,0.5738853680813312,0.8415791257029095,0,Instructed
444,44,0,0.9361488252436292,0.8306039861442374,0,Instructed
445,45,0,0.6247969434886635,0.5983020442804845,0,Instructed
446,46,0,0.5064865144426229,0.6249886793801778,0,Instructed
447,47,0,0.9943335313875648,0.7749336082147165,0,Instructed
448,48,0,0.7925293509370133,0.818383368041905,0,Instructed
449,49,0,0.3218193181624119,1.0062355839424424,0,Instructed
450,50,0,0.9533188204686016,1.047852107493835,0,Instructed
451,51,0,0.22011571775875055,0.6981671148946333,0,Instructed
452,52,0,0.64952335204218,0.8515292116176908,0,Instructed
453,53,0,0.03037941888224452,0.8912066141204769,0,Instructed
454,54,0,0.8548410033930935,0.7682852090036307,0,Instructed
455,55,0,0.05529019555632739,0.7534734413657138,0,Instructed
456,56,0,0.4451520984526875,0.6131557855490308,0,Instructed
457,57,0,0.27361343821971656,0.6041073262139388,0,Instructed
458,58,0,0.3375156976455366,0.6747211134493593,0,Instructed
459,59,0,0.9502040455667452,0.594204547571255,0,Instructed
460,60,0,0.4691255173486146,0.5866354838555046,0,Instructed
461,61,0,0.556077170058412,0.5366861733314694,0,Instructed
462,62,0,0.624001297998415,0.6641946216024214,0,Instructed
463,63,0,0.9888102887283264,0.6214158154330893,0,Instructed
464,64,0,0.5008308084408728,0.6258837031360516,0,Instructed
465,65,0,0.8532676286137424,0.7327260293050641,0,Instructed
466,66,0,0.12307674828214016,0.7543680641223571,0,Instructed
467,67,0,0.9576251425622971,0.5713983216980314,0,Instructed
468,68,0,0.3425051982052372,0.6285481904680863,0,Instructed
469,69,0,0.7718623832657769,0.7701254564661757,0,Instructed
470,70,0,0.39951103278110084,0.5721963034411591,0,Instructed
471,71,0,0.5094645610697347,0.6956776345848876,0,Instructed
472,72,0,0.4618061518047064,0.5155989484120086,0,Instructed
473,73,0,0.407376800470106,0.6392403813151973,0,Instructed
474,74,0,0.9241231313126708,0.8054664606830282,0,Instructed
475,75,0,0.2603282402530478,0.6361114859946158,0,Instructed
476,76,0,0.48654623069901404,0.8014303458640202,0,Instructed
477,77,0,0.8271965858612537,0.6633609943099277,0,Instructed
478,78,0,0.6943439499858218,0.7353728722365298,0,Instructed
479,79,0,0.5440251098352953,0.6877601617381999,0,Instructed
480,80,0,0.5145335404664579,0.775652644461654,0,Instructed
481,81,0,0.8377468968973011,0.6569533951612251,0,Instructed
482,82,0,0.23942427739655783,0.700765151852619,0,Instructed
483,83,0,0.1642573498274995,0.6783776103564402,0,Instructed
484,84,0,0.8120845263286407,0.7629939604189065,0,Instructed
485,85,0,0.39532922513727187,0.9372253253434322,0,Instructed
486,86,0,0.49962570111628907,0.8332650835581433,0,Instructed
487,87,0,0.9168378085860044,0.49521337862198367,0,Instructed
488,88,0,0.6728193926260159,0.70932065171269,0,Instructed
489,89,0,0.08093974061103337,0.7576987204817218,0,Instructed
490,90,0,0.5828803176668356,0.7527311749713745,0,Instructed
491,91,0,0.7719627655747694,0.5686163980876087,0,Instructed
492,92,0,0.941023737401484,0.6856385354032426,0,Instructed
493,93,0,0.7548535133236258,0.5693258237798032,0,Instructed
494,94,0,0.8220319561554054,0.6339217487277435,0,Instructed
495,95,0,0.20328718512728108,0.6583952871155931,0,Instructed
496,96,0,0.3238382376398238,0.9358556457431149,0,Instructed
497,97,0,0.1914233862837436,1.0144001565082776,0,Instructed
498,98,0,0.5736773760925836,0.943070523146194,0,Instructed
499,99,0,0.35934910940107667,1.000463746872188,0,Instructed
500,100,0,0.51612162019824,0.9128931484886276,0,Instructed
501,101,0,0.3949406992385698,0.9451662596272706,0,Instructed
502,102,0,0.49853262761413936,1.026648388003822,0,Instructed
503,103,0,0.25351446936060673,0.8654038222092764,0,Instructed
504,104,0,0.4870381290740376,0.7003798749091827,0,Instructed
505,105,0,0.039970372973549086,0.5791653024514714,0,Instructed
506,106,0,0.5709715528604801,0.7686176888785848,0,Instructed
507,107,0,0.6455535613247406,0.8433240669425012,0,Instructed
508,108,0,0.062121758722848607,1.0040467792446317,0,Instructed
509,109,0,0.2768208923079704,0.9449664917676829,0,Instructed
510,110,0,0.035044206457258524,0.678740944014349,0,Instructed
511,111,0,0.7336498250842687,0.5139223654686993,0,Instructed
512,112,0,0.19488425182853233,0.5280824021709818,0,Instructed
513,113,0,0.5366054973401514,0.6204467823722052,0,Instructed
514,114,0,0.4901228233154761,0.8049223142236746,0,Instructed
515,115,0,0.45731571154862666,0.7855543640177993,0,Instructed
516,116,0,0.5107652116985492,0.6531613346120633,0,Instructed
517,117,0,0.9605599511114127,0.5358353336200471,0,Instructed
518,118,0,0.24109597988941434,0.5338558177186138,0,Instructed
519,119,0,0.7414978825597833,0.6543161187886684,0,Instructed
520,120,0,0.593848152430917,1.107234349309253,0,Instructed
521,121,0,0.993239134770437,0.4608924243422523,0,Instructed
522,122,0,0.42365496765143523,0.7203056079023546,0,Instructed
523,123,0,0.9699872677613417,0.6879979915696712,0,Instructed
524,124,0,0.9148718924649489,0.9582048926876356,0,Instructed
525,125,0,0.5858305634624508,1.0174361077780012,0,Instructed
526,126,0,0.11612466867893702,0.6858999657502264,0,Instructed
527,127,0,0.8144808642670863,0.39576930054939574,0,Instructed
528,128,0,0.07716568447866973,0.5787588369586678,0,Instructed
529,129,0,0.00409109755810616,0.7785383791661409,0,Instructed
530,130,0,0.5009349482396142,0.7874752137522801,0,Instructed
531,131,0,0.9792566372334351,0.6516276655344186,0,Instructed
532,132,0,0.44058424572360916,0.5816956027880779,0,Instructed
533,133,0,0.42060884199598175,0.5133580549628731,0,Instructed
534,134,0,0.11026418409908514,0.7979012669774987,0,Instructed
535,135,0,0.6499098617270969,0.7542495176119295,0,Instructed
536,136,0,0.22961081576862957,0.4565518463373954,0,Instructed
537,137,0,0.5321995860592601,0.7698567181364813,0,Instructed
538,138,0,0.055201744633968416,0.8281720715396956,0,Instructed
539,139,0,0.4589861573402426,0.8148394880403298,0,Instructed
540,140,0,0.21771042335133856,0.705033242175702,0,Instructed
541,141,0,0.41999158060562797,0.6511383507567128,0,Instructed
542,142,0,0.021645259049389957,0.7843818985271527,0,Instructed
543,143,0,0.7330292156505186,0.6773976750867645,0,Instructed
544,144,0,0.11431600187377582,0.7181852535496447,0,Instructed
545,145,0,0.4861569923696304,0.7460706863099492,0,Instructed
546,146,0,0.5420106774333587,0.6742599284167896,0,Instructed
547,147,0,0.30814806631411806,0.5812304129949126,0,Instructed
548,148,0,0.9239681088713778,0.5783598021670349,0,Instructed
549,149,0,0.9569002399166289,0.7286917518499441,0,Instructed
550,150,0,0.6273665819910538,0.6288050623578717,0,Instructed
551,151,0,0.990621022720692,0.5216287231729131,0,Instructed
552,152,0,0.35359815830572633,0.8505384196122623,0,Instructed
553,153,0,0.07931239587500216,0.7534442152776579,0,Instructed
554,154,0,0.5180118057374219,0.5876578000429014,0,Instructed
555,155,0,0.5311623019227015,0.5794281907838161,0,Instructed
556,156,0,0.6135793775004528,0.5734594565830977,0,Instructed
557,157,0,0.2656871612699866,0.8898130175359495,0,Instructed
558,158,0,0.499317838297813,0.7084593130037723,0,Instructed
559,159,0,0.704163677748948,0.7804402199359822,0,Instructed
560,160,0,0.09660709923831913,0.5364777621763827,0,Instructed
561,161,0,0.4736304744735406,0.5771551430634299,0,Instructed
562,162,0,0.004176643609794484,0.6147623553764425,0,Instructed
563,163,0,0.9486940038515435,0.6081023714638709,0,Instructed
564,164,0,0.45280259155541247,0.5097306806448321,0,Instructed
565,165,0,0.5791986010813337,0.6016512528219722,0,Instructed
566,166,0,0.1247685439693494,0.5773104197969008,0,Instructed
567,167,0,0.7750187125607724,0.6798675505208904,0,Instructed
568,168,0,0.9568738601089875,0.7912290953432894,0,Instructed
569,169,0,0.7903082585808316,0.6195132950142623,0,Instructed
570,170,0,0.5324015293124398,0.7269807521348981,0,Instructed
571,171,0,0.5952922117369217,0.6303418215034359,0,Instructed
572,172,0,0.7490099330959736,0.6265967443496234,0,Instructed
573,173,0,0.28995950111417845,0.4329157437200626,0,Instructed
574,174,0,0.2363119733490709,0.6744181722195803,0,Instructed
575,175,0,0.5242315340479828,0.5947976932001103,0,Instructed
576,176,0,0.35344421702258594,0.6172084280646996,0,Instructed
577,177,0,0.587400438729341,0.6105879691516947,0,Instructed
578,178,0,0.27149679429460677,0.4408557024465414,0,Instructed
579,179,0,0.978073398687404,0.6343752581037402,0,Instructed
580,180,0,0.8972483996071317,0.798128518255057,0,Instructed
581,181,0,0.49775027033508734,0.660523760606704,0,Instructed
582,182,0,0.8728430284830642,0.6551922047378123,0,Instructed
583,183,0,0.991594319474504,0.9935658939610101,0,Instructed
584,184,0,0.9230036941603335,0.7679937910996187,0,Instructed
585,185,0,0.1993961229353973,0.5887550742968217,0,Instructed
586,186,0,0.6810444937671022,0.46310315777073363,0,Instructed
587,187,0,0.6132302271595947,0.4489762613666123,0,Instructed
588,188,0,0.5672771594415449,0.8807530402371575,0,Instructed
589,189,0,0.3100919776077828,0.6175013143883237,0,Instructed
590,190,0,0.8933425367211287,0.8570838800356004,0,Instructed
591,191,0,0.9720260081201328,0.5194338870803474,0,Instructed
592,192,0,0.09288749721532899,0.8243870866724776,0,Instructed
593,193,0,0.026896816616692958,0.8402308274972532,0,Instructed
594,194,0,0.0031789573234449193,0.6906078018755515,0,Instructed
595,195,0,0.5039406079661243,0.9375695789118774,0,Instructed
596,196,0,0.18689912454236568,0.7735420956261377,0,Instructed
597,197,0,0.5509115736590325,0.5608365330920448,0,Instructed
598,198,0,0.8003304157724731,0.5864523636684226,0,Instructed
599,199,0,0.02384150605932307,0.7041996760249839,0,Instructed
600,0,0,0.4297494986518144,0.7111177541207867,1,Blocked
601,1,0,0.9918583191402475,0.4989866912830162,1,Blocked
602,2,0,0.586606052421774,0.5613763257146624,1,Blocked
603,3,0,0.7073114387513693,0.6436293796642565,1,Blocked
604,4,0,0.8934255324574942,0.6847351225839537,1,Blocked
605,5,0,0.407014701368894,0.8643641457509951,1,Blocked
606,6,0,0.9364752810030896,0.5393564128228763,1,Blocked
607,7,0,0.5491712488019879,0.46827043753428893,1,Blocked
608,8,0,0.5559360678139317,0.78248449798731,1,Blocked
609,9,0,0.5523295832936137,0.8577682523045416,1,Blocked
610,10,0,0.46512415164104925,0.578157263974383,1,Blocked
611,11,0,0.573339768903725,0.6600856025895374,1,Blocked
612,12,0,0.48172740701487127,0.6227834446095255,1,Blocked
613,13,0,0.1223940129000721,0.7169401245804251,1,Blocked
614,14,0,0.997083150430595,0.59658064334225,1,Blocked
615,15,0,0.2892556819293518,0.7017610993428085,1,Blocked
616,16,0,0.5179748727684649,0.6002674184268131,1,Blocked
617,17,0,0.39232311582147905,0.7675693815201325,1,Blocked
618,18,0,0.6971076760295668,0.7541470954864135,1,Blocked
619,19,0,0.8131221533822708,0.8235983892321705,1,Blocked
620,20,0,0.6935644544697945,1.155832471012389,1,Blocked
621,21,0,0.9869589186822775,0.7420911769715479,1,Blocked
622,22,0,0.6141815731522698,0.4697281463987157,1,Blocked
623,23,0,0.8380528257127686,0.5952926844651982,1,Blocked
624,24,0,0.5523724508599193,0.8565741633418995,1,Blocked
625,25,0,0.4209988123192908,0.8235481025743124,1,Blocked
626,26,0,0.06518999907538404,0.8728947890240286,1,Blocked
627,27,0,0.8788441962066438,0.9138630861264032,1,Blocked
628,28,0,0.9865799217173594,0.8799459504807372,1,Blocked
629,29,0,0.5558588351509489,0.5917892386806629,1,Blocked
630,30,0,0.385707462804233,0.5942994994592414,1,Blocked
631,31,0,0.1517709231208033,0.771575397815526,1,Blocked
632,32,0,0.9992518204914481,1.2287654292311463,1,Blocked
633,33,0,0.5864059397380874,0.5313887548776388,1,Blocked
634,34,0,0.8340517306963133,0.565599230284934,1,Blocked
635,35,0,0.2968041595366139,0.7377951530580771,1,Blocked
636,36,0,0.9472828587339162,0.6791630723587203,1,Blocked
637,37,0,0.9177622826802783,0.4651041932860728,1,Blocked
638,38,0,0.5896833603880364,0.6115502371912205,1,Blocked
639,39,0,0.15165878273013395,0.806401024521527,1,Blocked
640,40,0,0.34682760042667454,0.6204980563500728,1,Blocked
641,41,0,0.5409606011391819,0.7410527176108627,1,Blocked
642,42,0,0.5314547615598932,0.673087381492382,1,Blocked
643,43,0,0.9481341973607355,0.6201129843832954,1,Blocked
644,44,0,0.28310047047203707,0.7486572666642115,1,Blocked
645,45,0,0.8829161720059979,0.7586728824901527,1,Blocked
646,46,0,0.39155630100387184,0.6773143624267128,1,Blocked
647,47,0,0.5438198905138516,0.5892268830329621,1,Blocked
648,48,0,0.8806723496580218,0.579003252848459,1,Blocked
649,49,0,0.9246978509279092,0.4465883894346869,1,Blocked
650,50,0,0.6448222777865088,0.5312798570146489,1,Blocked
651,51,0,0.6592544778169951,0.6703561881259097,1,Blocked
652,52,0,0.2663847438100133,0.7475548546296857,1,Blocked
653,53,0,0.4807854181877106,0.8575469015623057,1,Blocked
654,54,0,0.4918284665610423,0.6450606244658849,1,Blocked
655,55,0,0.4830375493386075,0.747280977129932,1,Blocked
656,56,0,0.015925488688815267,0.749342553407506,1,Blocked
657,57,0,0.018937398612260913,0.5140365832810612,1,Blocked
658,58,0,0.5699154224400609,0.5786398896629545,1,Blocked
659,59,0,0.9889165534637658,0.7954435895320486,1,Blocked
660,60,0,0.4865202191511498,0.5741027941886321,1,Blocked
661,61,0,0.4243523737482591,0.6353022965583355,1,Blocked
662,62,0,0.5381922030223595,0.8613918458615812,1,Blocked
663,63,0,0.7022179269769132,0.8372253281598254,1,Blocked
664,64,0,0.6251950231962022,0.6799690221516561,1,Blocked
665,65,0,0.05498112086768442,0.6333765182910374,1,Blocked
666,66,0,0.41898201844875405,0.48961354902030363,1,Blocked
667,67,0,0.7683904399750916,0.6978307563527484,1,Blocked
668,68,0,0.3894114710080989,0.657066638852696,1,Blocked
669,69,0,0.8621236229043836,0.6555948313487377,1,Blocked
670,70,0,0.5500138217604995,0.6199993695233832,1,Blocked
671,71,0,0.6674959224675365,0.43861328113125264,1,Blocked
672,72,0,0.5863931558276746,0.5336125301853131,1,Blocked
673,73,0,0.7200817918175517,0.6253046076473479,1,Blocked
674,74,0,0.6603087345262433,0.7125667500365742,1,Blocked
675,75,0,0.5996303526993529,0.5058337974607001,1,Blocked
676,76,0,0.13612346040377798,0.640258284954489,1,Blocked
677,77,0,0.7534379158462079,0.6047238531397681,1,Blocked
678,78,0,0.6776505536919986,0.5722013499496521,1,Blocked
679,79,0,0.4919629438394205,0.6637966291924309,1,Blocked
680,80,0,0.7276594605679867,0.41578457515288114,1,Blocked
681,81,0,0.7312002752319153,0.5609212740447426,1,Blocked
682,82,0,0.9940101371230976,0.4818866222875893,1,Blocked
683,83,0,0.4332907087302364,0.6264911809169178,1,Blocked
684,84,0,0.9702020473085067,0.7996913913288844,1,Blocked
685,85,0,0.232910675985101,0.7113558723640244,1,Blocked
686,86,0,0.07403611927490875,0.7143879213538009,1,Blocked
687,87,0,0.6964512204807521,0.6718647745363419,1,Blocked
688,88,0,0.1702620291796238,0.9137222248957885,1,Blocked
689,89,0,0.5190325808244519,0.7947502344378794,1,Blocked
690,90,0,0.6658817269238921,0.652802336577075,1,Blocked
691,91,0,0.5601553299692871,0.796881005149572,1,Blocked
692,92,0,0.47848891292284623,0.709221180647879,1,Blocked
693,93,0,0.6212883731462773,0.5666761540043214,1,Blocked
694,94,0,0.46835413934249054,0.663575535544648,1,Blocked
695,95,0,0.38928562990189697,0.5868495062282071,1,Blocked
696,96,0,0.38302654346590287,0.653256463659349,1,Blocked
697,97,0,0.6319509092915725,0.6607524602735972,1,Blocked
698,98,0,0.1076425435641632,1.0291974778976778,1,Blocked
699,99,0,0.9912705832690482,0.9211354673906688,1,Blocked
700,100,0,0.375507482430771,1.0095295095392283,1,Blocked
701,101,0,0.9081323696037189,0.9243209942050681,1,Blocked
702,102,0,0.12607911920290055,0.5970253008795432,1,Blocked
703,103,0,0.5720872462923645,0.4200043130909816,1,Blocked
704,104,0,0.45861738506991057,0.6248495264638456,1,Blocked
705,105,0,0.06952779296941197,0.8112873091229627,1,Blocked
706,106,0,0.4812326534825436,0.5646714287237182,1,Blocked
707,107,0,0.7334155507366156,0.5579563218814099,1,Blocked
708,108,0,0.8107315175104421,0.5875777875326582,1,Blocked
709,109,0,0.8172697509263653,0.3440862156285651,1,Blocked
710,110,0,0.8878726634152883,1.4525216352834185,1,Blocked
711,111,0,0.47514144475477754,0.658553665594273,1,Blocked
712,112,0,0.6929678305356272,0.5292019622166471,1,Blocked
713,113,0,0.9927607449120879,0.7004578968300488,1,Blocked
714,114,0,0.9155283360552973,0.5064650996160804,1,Blocked
715,115,0,0.4827935156904198,0.7378720321216696,1,Blocked
716,116,0,0.3176647084112981,0.7379921492403729,1,Blocked
717,117,0,0.351498963880131,0.5368702958486657,1,Blocked
718,118,0,0.44534185926219305,0.6716327672220804,1,Blocked
719,119,0,0.5847399643663934,0.38180260066803196,1,Blocked
720,120,0,0.2848139491223204,0.8148722051937529,1,Blocked
721,121,0,0.0368306794730186,0.9470740944367536,1,Blocked
722,122,0,0.8639873686948696,0.8256236635510243,1,Blocked
723,123,0,0.4507169922537753,0.6672639461520191,1,Blocked
724,124,0,0.3914945702733701,0.8845560711403497,1,Blocked
725,125,0,0.9105413101122146,0.5354552116962459,1,Blocked
726,126,0,0.502042470763678,0.3644277233949399,1,Blocked
727,127,0,0.5076458205318405,0.5299283616763664,1,Blocked
728,128,0,0.45083848510774116,0.6441370720842572,1,Blocked
729,129,0,0.6683832307240791,0.5583900172154928,1,Blocked
730,130,0,0.7725491383643401,0.5316838540225786,1,Blocked
731,131,0,0.24898488713768266,0.6977645250575335,1,Blocked
732,132,0,0.8553247507225725,0.34446970556797246,1,Blocked
733,133,0,0.5127968808508571,0.37965726918568166,1,Blocked
734,134,0,0.19969548379982777,0.7505055302995927,1,Blocked
735,135,0,0.826886410426616,0.6972240353965504,1,Blocked
736,136,0,0.046666121778766556,0.7847209824862467,1,Blocked
737,137,0,0.03604672180502164,0.7009725799274307,1,Blocked
738,138,0,0.6208049187483944,0.6866985893909581,1,Blocked
739,139,0,0.9551023623231696,0.6758371071007478,1,Blocked
740,140,0,0.5336396300694756,0.5654509468497462,1,Blocked
741,141,0,0.8470559285848281,0.658407062431665,1,Blocked
742,142,0,0.6159650235664113,0.6596768431223429,1,Blocked
743,143,0,0.10294075927726319,0.65296499027711,1,Blocked
744,144,0,0.5658346353439883,0.7631806179823839,1,Blocked
745,145,0,0.7350692755863231,0.5870122590244451,1,Blocked
746,146,0,0.5615309607443496,0.5202538805537759,1,Blocked
747,147,0,0.54763850079895,0.43829102928675023,1,Blocked
748,148,0,0.7992823605305612,0.45558342063837626,1,Blocked
749,149,0,0.5251503100349444,0.5712465579789943,1,Blocked
750,150,0,0.736602808936978,0.4415567465964805,1,Blocked
751,151,0,0.28311747295607653,0.5454582469531991,1,Blocked
752,152,0,0.6519718293245187,0.7710496765347943,1,Blocked
753,153,0,0.5105919522104999,0.7596256829582754,1,Blocked
754,154,0,0.09768091637347218,0.7123399532194044,1,Blocked
755,155,0,0.7233940056290808,0.5717996388103989,1,Blocked
756,156,0,0.9008155891233354,0.39871277118528503,1,Blocked
757,157,0,0.3288695925767583,0.508358015925726,1,Blocked
758,158,0,0.8037953763078156,0.5968374397574914,1,Blocked
759,159,0,0.511492600984021,0.7109324998150492,1,Blocked
760,160,0,0.504581090724707,0.7208062456265708,1,Blocked
761,161,0,0.19907441582290658,0.4677021786428005,1,Blocked
762,162,0,0.15784920961353088,0.7237425613973044,1,Blocked
763,163,0,0.49848167955744155,0.7151922262956284,1,Blocked
764,164,0,0.7316033142971914,0.4953639645000434,1,Blocked
765,165,0,0.34311012122524215,0.7919026815763628,1,Blocked
766,166,0,0.7070790602173757,0.7450676775164716,1,Blocked
767,167,0,0.3960641370618569,0.7482669550538926,1,Blocked
768,168,0,0.12182156479235247,0.7517736689331498,1,Blocked
769,169,0,0.4662164755839957,0.5926688296972427,1,Blocked
770,170,0,0.7879256053756776,0.495436533539639,1,Blocked
771,171,0,0.4615116951952917,0.6490494401237874,1,Blocked
772,172,0,0.6588334843161248,0.8050401038821774,1,Blocked
773,173,0,0.6296543713942178,0.6116870935895184,1,Blocked
774,174,0,0.9841020537404231,0.5564953715865116,1,Blocked
775,175,0,0.9544646255242131,0.5566841315621807,1,Blocked
776,176,0,0.9835791737720758,0.7352770584887516,1,Blocked
777,177,0,0.4644647423176855,0.934188901123665,1,Blocked
778,178,0,0.6150613569324423,0.7555497996958338,1,Blocked
779,179,0,0.026317869453259563,0.801034861759577,1,Blocked
780,180,0,0.06284016046177114,0.744511667734165,1,Blocked
781,181,0,0.03142450525062075,0.6373676622809579,1,Blocked
782,182,0,0.2658274191223148,0.7582673819530685,1,Blocked
783,183,0,0.6566174952943482,0.4903296927400906,1,Blocked
784,184,0,0.527959376212089,0.5836773115867125,1,Blocked
785,185,0,0.06634815859626754,0.6954322590422704,1,Blocked
786,186,0,0.8769466148338266,0.7260183468332202,1,Blocked
787,187,0,0.7678572772726893,0.8362720474068193,1,Blocked
788,188,0,0.9179916945977935,0.6940572155382869,1,Blocked
789,189,0,0.1897715693301001,0.6120007009886492,1,Blocked
790,190,0,0.4755725602244587,0.833563889548125,1,Blocked
791,191,0,0.5433892908656788,0.5575132896169621,1,Blocked
792,192,0,0.6268405730595248,0.7946815187959528,1,Blocked
793,193,0,0.7219332366134569,0.7886321663694452,1,Blocked
794,194,0,0.7540027704395871,0.6608058856958592,1,Blocked
795,195,0,0.24566451221368618,0.4461255467371643,1,Blocked
796,196,0,0.16907601424342006,0.5639330351487376,1,Blocked
797,197,0,0.4544746040184759,1.1221232282262044,1,Blocked
798,198,0,0.34475116672432415,0.8207305003818137,1,Blocked
799,199,0,0.4578793220591002,0.4438273896585335,1,Blocked
800,0,0,0.36715735692549745,0.6752785804317747,1,Interleaved
801,1,0,0.3289421266998871,0.5701606419306623,1,Interleaved
802,2,0,0.4967544284239061,0.7176891043495086,1,Interleaved
803,3,0,0.9255815249461555,0.7277403097484765,1,Interleaved
804,4,0,0.26465680964166877,0.6949932810810615,1,Interleaved
805,5,0,0.2838820498957101,0.7504792203540253,1,Interleaved
806,6,0,0.6738240372508684,0.37526335351320067,1,Interleaved
807,7,0,0.4418661805557993,0.5175481573678663,1,Interleaved
808,8,0,0.5001297753576239,0.8677935102085903,1,Interleaved
809,9,0,0.6638307426264056,0.7360186237215358,1,Interleaved
810,10,0,0.16957135341164137,0.6704319124024429,1,Interleaved
811,11,0,0.009337027627783987,0.786563810182442,1,Interleaved
812,12,0,0.012752414906539892,0.8152734565744902,1,Interleaved
813,13,0,0.3788884725385741,0.8569819761409405,1,Interleaved
814,14,0,0.5006276294645632,0.7428707464263153,1,Interleaved
815,15,0,0.2728042080169193,0.7315632004180453,1,Interleaved
816,16,0,0.486802914167237,0.8864537554982305,1,Interleaved
817,17,0,0.8548675346402834,0.6291565180306851,1,Interleaved
818,18,0,0.9812288167006061,0.4267989054727347,1,Interleaved
819,19,0,0.20270628889219486,0.7203186823728934,1,Interleaved
820,20,0,0.37403464773069034,0.7224254306893835,1,Interleaved
821,21,0,0.046529889295009584,0.6380082048283918,1,Interleaved
822,22,0,0.025868514664337372,0.7388747600813044,1,Interleaved
823,23,0,0.7414273645008312,0.5663053068358609,1,Interleaved
824,24,0,0.3179597656584256,0.6207772433795244,1,Interleaved
825,25,0,0.8579593460029591,0.8641002066245482,1,Interleaved
826,26,0,0.5152721008325913,0.6860239038086942,1,Interleaved
827,27,0,0.5044473864362512,0.6015083831978146,1,Interleaved
828,28,0,0.4844956057209088,0.6548578362949836,1,Interleaved
829,29,0,0.6325233905648151,0.9017974229284809,1,Interleaved
830,30,0,0.07734990067095213,0.9309411441009285,1,Interleaved
831,31,0,0.547451966298717,0.6308774865337946,1,Interleaved
832,32,0,0.46387543493081246,0.6912479678414727,1,Interleaved
833,33,0,0.9606653206586626,0.5833162569452335,1,Interleaved
834,34,0,0.31357413604077833,0.7017062555484764,1,Interleaved
835,35,0,0.5032608510794645,0.7448122762155005,1,Interleaved
836,36,0,0.5412118407966421,0.5176130106639267,1,Interleaved
837,37,0,0.648300140995634,0.5832393233709339,1,Interleaved
838,38,0,0.501870363466431,0.48656293120606314,1,Interleaved
839,39,0,0.7336238996935984,0.7101968450252527,1,Interleaved
840,40,0,0.5010304600951563,0.6530794873326818,1,Interleaved
841,41,0,0.2501233523202122,0.5865527406064306,1,Interleaved
842,42,0,0.5438016241917853,0.47196424058827324,1,Interleaved
843,43,0,0.9555936336759423,0.7181561727131331,1,Interleaved
844,44,0,0.5173245548776666,0.7095434659201105,1,Interleaved
845,45,0,0.3432946076924488,0.8134404454438067,1,Interleaved
846,46,0,0.51279319481838,0.7830957945192005,1,Interleaved
847,47,0,0.6893419686982494,0.5555742502604055,1,Interleaved
848,48,0,0.18306054619826614,0.6811265103531595,1,Interleaved
849,49,0,0.846423013166596,0.8833302003082296,1,Interleaved
850,50,0,0.5045951461272916,0.9406192605483805,1,Interleaved
851,51,0,0.5912751017984764,0.5052121992759064,1,Interleaved
852,52,0,0.3370099105847863,0.546999387042522,1,Interleaved
853,53,0,0.9819363740438181,0.5148784539550386,1,Interleaved
854,54,0,0.15672847435587223,0.6435470929109167,1,Interleaved
855,55,0,0.5171261707523803,0.8546308938004148,1,Interleaved
856,56,0,0.502968205136691,0.6265550094359607,1,Interleaved
857,57,0,0.04035986546160066,1.0188318268532761,1,Interleaved
858,58,0,0.4940324891790551,1.0643418349979372,1,Interleaved
859,59,0,0.46816931062520795,0.9728038730745443,1,Interleaved
860,60,0,0.43978207126786323,0.7060686692058605,1,Interleaved
861,61,0,0.49679916238427174,0.5539701101491061,1,Interleaved
862,62,0,0.48853149442371524,0.894249265881295,1,Interleaved
863,63,0,0.13512835966073306,0.8378530279274217,1,Interleaved
864,64,0,0.18539536877551682,0.694958564717361,1,Interleaved
865,65,0,0.29807041617568436,0.7202503008530341,1,Interleaved
866,66,0,0.3534083743899564,0.7829338963656088,1,Interleaved
867,67,0,0.5059635100247182,0.6371700654715302,1,Interleaved
868,68,0,0.5576612423472307,0.5015908431113423,1,Interleaved
869,69,0,0.4562603562445811,0.381246287429596,1,Interleaved
870,70,0,0.4485891768481124,0.8783785904312276,1,Interleaved
871,71,0,0.48222258755464475,0.8130735889140059,1,Interleaved
872,72,0,0.5149106342149917,0.6691146133082904,1,Interleaved
873,73,0,0.4019241301114573,0.6486087250510199,1,Interleaved
874,74,0,0.1891271107271388,0.7598624566183132,1,Interleaved
875,75,0,0.01450394232274791,0.8678384139310207,1,Interleaved
876,76,0,0.3803334174377525,0.8217441921491302,1,Interleaved
877,77,0,0.011513294380554023,0.7545291461560553,1,Interleaved
878,78,0,0.49808260281842065,0.7073491180830302,1,Interleaved
879,79,0,0.9936222086886632,0.6075985323046053,1,Interleaved
880,80,0,0.6140402259463225,0.3975403430375639,1,Interleaved
881,81,0,0.10025072465291379,0.5334366478021526,1,Interleaved
882,82,0,0.4913578032270115,0.5448705686876432,1,Interleaved
883,83,0,0.9792592395104676,0.839521321844013,1,Interleaved
884,84,0,0.7322686614493434,0.7434490586879197,1,Interleaved
885,85,0,0.45344035546704914,0.5407194190593376,1,Interleaved
886,86,0,0.493938484023164,0.6852140403061286,1,Interleaved
887,87,0,0.5886620738318502,0.6147139712947125,1,Interleaved
888,88,0,0.4776681897917617,0.7951818743519226,1,Interleaved
889,89,0,0.644125636366405,0.5250516402569945,1,Interleaved
890,90,0,0.7890033050465565,0.6397475963635146,1,Interleaved
891,91,0,0.21037955363229593,0.7427486540065497,1,Interleaved
892,92,0,0.27073511217639434,0.7154839473314939,1,Interleaved
893,93,0,0.5058433322037418,0.6685239295541284,1,Interleaved
894,94,0,0.8367432558591408,0.6295998267582468,1,Interleaved
895,95,0,0.20375590953946426,0.7333689456491095,1,Interleaved
896,96,0,0.4910889044563766,0.7100017593865738,1,Interleaved
897,97,0,0.3759276475120842,0.5887510456846559,1,Interleaved
898,98,0,0.9069605866300221,0.5620598216827698,1,Interleaved
899,99,0,0.6926850729413889,0.5648038334126163,1,Interleaved
900,100,0,0.5231972022083206,0.6066086724537813,1,Interleaved
901,101,0,0.2074518238671175,0.8208707069794617,1,Interleaved
902,102,0,0.48628949559575907,0.7192818789696322,1,Interleaved
903,103,0,0.07913579101913039,0.595033535808807,1,Interleaved
904,104,0,0.5111909654207342,0.5680392767190672,1,Interleaved
905,105,0,0.5002887336080173,0.6882836963793275,1,Interleaved
906,106,0,0.8742831481415144,0.8523870827220092,1,Interleaved
907,107,0,0.2871696593490013,0.7042530200236192,1,Interleaved
908,108,0,0.4834628969249004,0.7079478562085545,1,Interleaved
909,109,0,0.8940814976740257,0.6320131812612415,1,Interleaved
910,110,0,0.8055755698978799,0.5930892864440116,1,Interleaved
911,111,0,0.9738401754377874,0.6494919244286614,1,Interleaved
912,112,0,0.7856126470217968,0.581586813682959,1,Interleaved
913,113,0,0.7015068994038085,0.649652080734209,1,Interleaved
914,114,0,0.49893233934354075,0.7571356714117214,1,Interleaved
915,115,0,0.027605977384599252,0.6951938137419307,1,Interleaved
916,116,0,0.5141172826808151,0.6324950254180064,1,Interleaved
917,117,0,0.4629619777342986,1.0436661277315638,1,Interleaved
918,118,0,0.47892022898466946,0.785011334059895,1,Interleaved
919,119,0,0.3885976981493546,0.6530583300078767,1,Interleaved
920,120,0,0.48633919590486946,0.4929111755128977,1,Interleaved
921,121,0,0.2580872711999474,0.7103871356393117,1,Interleaved
922,122,0,0.5573320127985352,0.8584915429830999,1,Interleaved
923,123,0,0.8615160379978223,0.4669649145079961,1,Interleaved
924,124,0,0.633464867978832,0.5420784066057167,1,Interleaved
925,125,0,0.663935794947947,0.4839823418827037,1,Interleaved
926,126,0,0.39289733636367585,0.6610330598203976,1,Interleaved
927,127,0,0.2964177304287762,0.7249812177124397,1,Interleaved
928,128,0,0.5010304956593556,0.6032832277381165,1,Interleaved
929,129,0,0.15470220825623957,0.6666939020167622,1,Interleaved
930,130,0,0.4598540219205629,0.7146459980479507,1,Interleaved
931,131,0,0.17144007733063832,0.6090081883923946,1,Interleaved
932,132,0,0.4653475734840851,0.729472649501613,1,Interleaved
933,133,0,0.5223523066618636,0.6817540471538404,1,Interleaved
934,134,0,0.5580640941614917,0.5532568355136132,1,Interleaved
935,135,0,0.09926272853723854,0.5958931156712453,1,Interleaved
936,136,0,0.76525291791685,0.5796975122401431,1,Interleaved
937,137,0,0.5695956978135251,0.8288837740028667,1,Interleaved
938,138,0,0.5333833227197865,1.018641908759055,1,Interleaved
939,139,0,0.6279754502057912,0.7519453325019714,1,Interleaved
940,140,0,0.5677196554849951,0.7168879270355701,1,Interleaved
941,141,0,0.6782746532444759,0.8199184719464603,1,Interleaved
942,142,0,0.4980216033097662,0.7879455357025705,1,Interleaved
943,143,0,0.20534879046401355,0.632086074832208,1,Interleaved
944,144,0,0.5699968215778104,0.6396549711298749,1,Interleaved
945,145,0,0.8633477381580593,0.5132129049547668,1,Interleaved
946,146,0,0.49329365476786113,0.5315629168991335,1,Interleaved
947,147,0,0.9000878147231718,0.530214886737514,1,Interleaved
948,148,0,0.500041694537394,0.6739133936426394,1,Interleaved
949,149,0,0.5137508460190848,0.4790048981876056,1,Interleaved
950,150,0,0.2780570220713608,0.6139160972468312,1,Interleaved
951,151,0,0.7873249406614866,0.8920028945090015,1,Interleaved
952,152,0,0.15231574120359548,0.8063464414247397,1,Interleaved
953,153,0,0.7285439156842175,0.835830101220164,1,Interleaved
954,154,0,0.056465176947960306,0.6163418785718698,1,Interleaved
955,155,0,0.45430295839729584,0.5858537233421336,1,Interleaved
956,156,0,0.4932887500863822,0.7676162457294973,1,Interleaved
957,157,0,0.6366627318868128,0.6768585934858544,1,Interleaved
958,158,0,0.4363730034700467,0.651920191776511,1,Interleaved
959,159,0,0.7610235117823071,0.45375630371014325,1,Interleaved
960,160,0,0.08799562343399944,0.6722398566245955,1,Interleaved
961,161,0,0.11181614342156064,0.7876249097998721,1,Interleaved
962,162,0,0.4970688207997879,0.8363682918232287,1,Interleaved
963,163,0,0.10364661526317781,0.7234068565011398,1,Interleaved
964,164,0,0.3804409284418784,0.47730494540656887,1,Interleaved
965,165,0,0.3754470066526973,0.8199819924173934,1,Interleaved
966,166,0,0.4175537027073887,0.9479110985186741,1,Interleaved
967,167,0,0.932070996625323,0.7986537472542388,1,Interleaved
968,168,0,0.9031642525633389,0.6055667738625888,1,Interleaved
969,169,0,0.3636254118035596,0.8244906734853967,1,Interleaved
970,170,0,0.4982406596458014,0.8809757838818761,1,Interleaved
971,171,0,0.5608082424036721,0.7600540426636948,1,Interleaved
972,172,0,0.6970577970142984,0.5849550655241793,1,Interleaved
973,173,0,0.5428734770976419,0.4440102890790797,1,Interleaved
974,174,0,0.589459919533112,0.6681254800424126,1,Interleaved
975,175,0,0.5021462498961399,0.6595125347601746,1,Interleaved
976,176,0,0.9466138138725688,0.45394099175944636,1,Interleaved
977,177,0,0.9795923129971724,0.506628414495637,1,Interleaved
978,178,0,0.13664327667905576,0.5612608221703395,1,Interleaved
979,179,0,0.5309091867344146,0.5179409691091164,1,Interleaved
980,180,0,0.6193992249798792,0.34613074390124704,1,Interleaved
981,181,0,0.4875981143783513,0.7735141945608486,1,Interleaved
982,182,0,0.4715591090343612,0.7126770616757986,1,Interleaved
983,183,0,0.4631200959304096,0.6975841433397632,1,Interleaved
984,184,0,0.07469912951711802,0.6839172936021198,1,Interleaved
985,185,0,0.8159984112152003,0.5554720748207249,1,Interleaved
986,186,0,0.1248576561037402,0.7734836232182408,1,Interleaved
987,187,0,0.31991269187200844,0.8528443112500625,1,Interleaved
988,188,0,0.992245006754742,0.6052176045067401,1,Interleaved
989,189,0,0.6026277460460203,0.7721230330662014,1,Interleaved
990,190,0,0.46120013960299755,0.7929284603174911,1,Interleaved
991,191,0,0.4276208509356014,0.7038602144135203,1,Interleaved
992,192,0,0.28799568501774164,0.719830501300237,1,Interleaved
993,193,0,0.9805379739952715,0.5484126911920191,1,Interleaved
994,194,0,0.8211374534768114,0.649497575570926,1,Interleaved
995,195,0,0.515983965905715,0.5463913280520744,1,Interleaved
996,196,0,0.06209128122502547,0.6817080237821121,1,Interleaved
997,197,0,0.8044245290280991,0.6516420323687373,1,Interleaved
998,198,0,0.5017290264377954,0.5875148138575335,1,Interleaved
999,199,0,0.8539690860659057,0.3539141473502735,1,Interleaved
1000,0,0,0.8113150308593495,0.5837167570875696,1,Instructed
1001,1,0,0.8143018898007301,0.5414223265762275,1,Instructed
1002,2,0,0.7854697557862189,0.5803927459432099,1,Instructed
1003,3,0,0.0680397848261972,0.8402084092026677,1,Instructed
1004,4,0,0.5066520144438349,0.9460823277010959,1,Instructed
1005,5,0,0.5268412791619305,1.1260772890951602,1,Instructed
1006,6,0,0.5218263774757785,0.823181691844106,1,Instructed
1007,7,0,0.26242773037581063,0.6709489575241692,1,Instructed
1008,8,0,0.7103947141576136,0.7278765631307025,1,Instructed
1009,9,0,0.508178586015521,0.9383797183370947,1,Instructed
1010,10,0,0.47526209880904285,0.9488037659892254,1,Instructed
1011,11,0,0.5341958214021321,0.7849622008222239,1,Instructed
1012,12,0,0.2802763234284668,1.0111685889542064,1,Instructed
1013,13,0,0.3547288286675907,0.8019432673721215,1,Instructed
1014,14,0,0.16308134317195522,0.8646435286363486,1,Instructed
1015,15,0,0.42609762923862726,0.8606686065803301,1,Instructed
1016,16,0,0.7362155718844763,0.7814666783569593,1,Instructed
1017,17,0,0.45702672926601606,0.694877596937614,1,Instructed
1018,18,0,0.42316698243933126,0.6533419700000735,1,Instructed
1019,19,0,0.6499475592764259,0.5969717192695606,1,Instructed
1020,20,0,0.6366325314661635,0.6722052747303339,1,Instructed
1021,21,0,0.35261358824529415,0.7020823668798649,1,Instructed
1022,22,0,0.48893262227784184,0.7014296475412168,1,Instructed
1023,23,0,0.9330741481316497,0.45759231299020997,1,Instructed
1024,24,0,0.4860631535807913,0.5389613647398183,1,Instructed
1025,25,0,0.3342562464949767,0.6431574483962057,1,Instructed
1026,26,0,0.9743909600070435,0.5527349538674079,1,Instructed
1027,27,0,0.6794788507710126,0.6490134668585608,1,Instructed
1028,28,0,0.16494319277339806,0.487181272268701,1,Instructed
1029,29,0,0.5153920933501608,0.5300266723818856,1,Instructed
1030,30,0,0.6478532623705554,0.5003328267892214,1,Instructed
1031,31,0,0.7881977821152393,0.6870252570843979,1,Instructed
1032,32,0,0.11299118068743791,0.9073097480270754,1,Instructed
1033,33,0,0.4979401287597381,0.8044147040815067,1,Instructed
1034,34,0,0.3701048996648462,0.7472818735911687,1,Instructed
1035,35,0,0.48930722997534365,0.6094796778611966,1,Instructed
1036,36,0,0.48376083270139536,0.7826405462372557,1,Instructed
1037,37,0,0.9711557685294576,0.8221363693204309,1,Instructed
1038,38,0,1.5109822955575142e-06,2.3669023533586815,1,Instructed
1039,39,0,0.39183036334899535,0.839640593882315,1,Instructed
1040,40,0,0.04179152355665225,1.4997201058806677,1,Instructed
1041,41,0,0.0716585181115705,0.8659745525381471,1,Instructed
1042,42,0,0.45357615985807254,0.661518813462503,1,Instructed
1043,43,0,0.37531701936223755,0.6475066736480651,1,Instructed
1044,44,0,0.09546791415329572,0.6201537890875854,1,Instructed
1045,45,0,0.48515334934869114,0.5117752023655872,1,Instructed
1046,46,0,0.10270580115111676,0.5565771709754231,1,Instructed
1047,47,0,0.5276989324402086,0.587709535747235,1,Instructed
1048,48,0,0.14931166495941176,0.7426467235374503,1,Instructed
1049,49,0,0.0037650915922531124,0.8328011479778892,1,Instructed
1050,50,0,0.4208893631655553,0.6744790273879104,1,Instructed
1051,51,0,0.7938739152024342,0.4148742629130723,1,Instructed
1052,52,0,0.38067711982107844,0.543832111861533,1,Instructed
1053,53,0,0.13893528306106995,0.5685252188403231,1,Instructed
1054,54,0,0.6066004301563046,0.643941389031131,1,Instructed
1055,55,0,0.20875828592041862,0.7266661002477617,1,Instructed
1056,56,0,0.32095893773761297,0.6555871524275805,1,Instructed
1057,57,0,0.2268682046488574,0.6987942423105116,1,Instructed
1058,58,0,0.4896381671196502,0.8192698396297637,1,Instructed
1059,59,0,0.6349755268259976,0.6543433367043608,1,Instructed
1060,60,0,0.2921862093080249,0.6691666197401664,1,Instructed
1061,61,0,0.21915617589147826,0.7516378465468336,1,Instructed
1062,62,0,0.7594951788510949,0.6251132098530721,1,Instructed
1063,63,0,0.019961734263625176,0.6726381023287664,1,Instructed
1064,64,0,0.4717171230124968,0.4648736712880458,1,Instructed
1065,65,0,0.5024277477931338,0.5854038371051979,1,Instructed
1066,66,0,0.30021275808510106,0.3854317672241727,1,Instructed
1067,67,0,0.8716964986646727,0.49005199962224777,1,Instructed
1068,68,0,0.37801091398389414,0.5261688872614384,1,Instructed
1069,69,0,0.10269742431634342,0.8625151106753698,1,Instructed
1070,70,0,0.5772526994208044,0.7977472875209999,1,Instructed
1071,71,0,0.02139549031110613,0.8814472704446187,1,Instructed
1072,72,0,0.5509116539272945,0.7293938000816194,1,Instructed
1073,73,0,0.9090750197347862,0.59506858616729,1,Instructed
1074,74,0,0.41351220288955975,0.5013398391800798,1,Instructed
1075,75,0,0.7195969349595601,0.5742951194616415,1,Instructed
1076,76,0,0.32650289657755555,0.6401628209637038,1,Instructed
1077,77,0,0.6874123119621073,0.5755072779422631,1,Instructed
1078,78,0,0.5015936600202184,0.7656053549429094,1,Instructed
1079,79,0,0.5779285804545449,0.8679963049826444,1,Instructed
1080,80,0,0.5851266786962493,0.7835786357215546,1,Instructed
1081,81,0,0.010568119124145,0.6053409120718063,1,Instructed
1082,82,0,0.5315629260139692,0.5668544923750041,1,Instructed
1083,83,0,0.7497785385950639,0.689221780650435,1,Instructed
1084,84,0,0.44367580931309,0.6798118311405419,1,Instructed
1085,85,0,0.22928345196701688,0.8527868119171468,1,Instructed
1086,86,0,0.4363975585995613,0.5935163868010813,1,Instructed
1087,87,0,0.5295600760467356,0.5998646185895161,1,Instructed
1088,88,0,0.6024728946222204,0.547629527306767,1,Instructed
1089,89,0,0.9695578998619889,0.4056673618701786,1,Instructed
1090,90,0,0.4528364326261143,0.5161327712447847,1,Instructed
1091,91,0,0.3571069603479185,0.6773744438860717,1,Instructed
1092,92,0,0.7044284666743549,0.6025896298062896,1,Instructed
1093,93,0,0.4516037411665212,0.48543017254504284,1,Instructed
1094,94,0,0.04764485942143837,0.6771482386193007,1,Instructed
1095,95,0,0.4628285375574011,0.5233470098477604,1,Instructed
1096,96,0,0.9986735537403171,2.383759479362549,1,Instructed
1097,97,0,0.005403168832089519,0.6027287245047175,1,Instructed
1098,98,0,0.8047809872337333,0.9438548684551922,1,Instructed
1099,99,0,0.6055807363799821,0.8960657068096642,1,Instructed
1100,100,0,0.38422794046660214,0.6522438304140049,1,Instructed
1101,101,0,0.7487617512212204,0.6443286340892752,1,Instructed
1102,102,0,0.5773000935242402,0.6744292938954748,1,Instructed
1103,103,0,0.6148104490872895,0.3073453240343913,1,Instructed
1104,104,0,0.8671856034692418,0.4534176150304958,1,Instructed
1105,105,0,0.7552685707015643,0.6500372878765366,1,Instructed
1106,106,0,0.12181492925808396,0.7837185657631696,1,Instructed
1107,107,0,0.3928453334903795,0.779597217121146,1,Instructed
1108,108,0,0.42284741400217507,0.7580798195750107,1,Instructed
1109,109,0,0.7794493702662344,0.7436841454813916,1,Instructed
1110,110,0,0.8013918217338984,0.8283803212928125,1,Instructed
1111,111,0,0.46328803213218545,0.6645098552858502,1,Instructed
1112,112,0,0.5976374999844495,0.6774593778320956,1,Instructed
1113,113,0,0.7244707603593683,0.6388231272994793,1,Instructed
1114,114,0,0.5522619325926412,0.6525402123583625,1,Instructed
1115,115,0,0.3990781754453123,0.9443185981740805,1,Instructed
1116,116,0,0.9990019240854245,0.6383828089259593,1,Instructed
1117,117,0,0.8920394642718532,0.6092124845383935,1,Instructed
1118,118,0,0.8087787236785537,0.6859155955162572,1,Instructed
1119,119,0,0.39528459180558817,0.5072142086626268,1,Instructed
1120,120,0,0.9269051603498811,0.49553840841653984,1,Instructed
1121,121,0,0.591668361195906,0.5942647659700853,1,Instructed
1122,122,0,0.5145326409060331,0.5497206644322736,1,Instructed
1123,123,0,0.5142374749451974,0.437643140137341,1,Instructed
1124,124,0,0.19202886267436323,0.8156685328648027,1,Instructed
1125,125,0,0.2529650601936738,0.7167546651935928,1,Instructed
1126,126,0,0.6113647841889106,0.6977083047086023,1,Instructed
1127,127,0,0.19091655819364078,0.7118721879180481,1,Instructed
1128,128,0,0.7328397393623166,0.6686234874058646,1,Instructed
1129,129,0,0.6269605635684266,0.5262043695576224,1,Instructed
1130,130,0,0.43324874510234357,0.6531512605783867,1,Instructed
1131,131,0,0.599440225790812,0.4817661071826732,1,Instructed
1132,132,0,0.34890911900997357,0.5271807857576934,1,Instructed
1133,133,0,0.664637926590635,0.6202038526558054,1,Instructed
1134,134,0,0.6527662257638704,0.7547746954125197,1,Instructed
1135,135,0,0.5591034918709621,0.6714939222072367,1,Instructed
1136,136,0,0.516081077365972,0.6701925881819673,1,Instructed
1137,137,0,0.004766859308228208,1.077701332886213,1,Instructed
1138,138,0,0.5005604897421461,0.7723393620048673,1,Instructed
1139,139,0,0.30061451497120045,0.6933635107391254,1,Instructed
1140,140,0,0.7141622576251564,0.46289690080472035,1,Instructed
1141,141,0,0.8955629513835246,0.8027040018973721,1,Instructed
1142,142,0,0.5593675841854782,0.5966723667145482,1,Instructed
1143,143,0,0.5075814718161068,0.7357963101297215,1,Instructed
1144,144,0,0.5752410705382688,0.7526543702100668,1,Instructed
1145,145,0,0.38670753354923965,0.5527668646560927,1,Instructed
1146,146,0,0.3752613334519926,0.5050174670339185,1,Instructed
1147,147,0,0.21844110253879043,0.6421551626458166,1,Instructed
1148,148,0,0.5708810429733235,0.407655752864184,1,Instructed
1149,149,0,0.5908728076476171,0.4871240990879553,1,Instructed
1150,150,0,0.46293447317680797,0.429550087827309,1,Instructed
1151,151,0,0.6021897857568873,0.37989786823347016,1,Instructed
1152,152,0,0.1315114975208072,0.7882425833260841,1,Instructed
1153,153,0,0.9787710237247438,0.3208305313063178,1,Instructed
1154,154,0,0.5007285856260326,1.1579573398512628,1,Instructed
1155,155,0,0.008232173491797135,0.7442298389025599,1,Instructed
1156,156,0,0.5060812089715295,0.7275797193490547,1,Instructed
1157,157,0,0.8963044078512526,0.7730513381635508,1,Instructed
1158,158,0,0.7639664555782364,0.6985270170846186,1,Instructed
1159,159,0,0.016113232935732892,0.8311831833300792,1,Instructed
1160,160,0,0.5047985887508634,0.81883845287518,1,Instructed
1161,161,0,0.9828031437396237,0.5354558325625774,1,Instructed
1162,162,0,0.488607846158646,0.6827963262286774,1,Instructed
1163,163,0,0.20763816144634886,0.6905206080233711,1,Instructed
1164,164,0,0.14096179280421292,0.6311091066635791,1,Instructed
1165,165,0,0.42713886945509927,0.6922305992481184,1,Instructed
1166,166,0,0.47906971310150964,0.6823131123065229,1,Instructed
1167,167,0,0.7811000825560612,0.31217111461479097,1,Instructed
1168,168,0,0.2447627824552538,0.5620759487267223,1,Instructed
1169,169,0,0.5218391201476384,0.6462036266979314,1,Instructed
1170,170,0,0.41558753910488205,0.4480311679525898,1,Instructed
1171,171,0,0.6126396943200202,0.5358275374554253,1,Instructed
1172,172,0,0.6073777314012433,0.46700214180084554,1,Instructed
1173,173,0,0.288263091498596,0.6734300928606971,1,Instructed
1174,174,0,0.6018649396788539,0.809427801181145,1,Instructed
1175,175,0,0.7434394778573526,0.4705072647869908,1,Instructed
1176,176,0,0.624429600000707,0.732180134662114,1,Instructed
1177,177,0,0.7837975331669831,0.870258872063064,1,Instructed
1178,178,0,0.6166711710284276,0.6135631535866628,1,Instructed
1179,179,0,0.07275847370550013,0.6350487763954735,1,Instructed
1180,180,0,0.4983068052693255,0.4705700044901697,1,Instructed
1181,181,0,0.9677761736595643,0.3088773000970681,1,Instructed
1182,182,0,0.11622207861837539,0.7308574551098193,1,Instructed
1183,183,0,0.0930593597998198,0.5790474277441462,1,Instructed
1184,184,0,0.2843922031073243,0.8360603094965624,1,Instructed
1185,185,0,0.2266711537084688,1.0523795002836427,1,Instructed
1186,186,0,0.8990225542268253,0.8221958334255284,1,Instructed
1187,187,0,0.9224387812864152,0.5883043409919705,1,Instructed
1188,188,0,0.3412569980688254,0.7864552275002707,1,Instructed
1189,189,0,0.4896941494455472,0.597215085696684,1,Instructed
1190,190,0,0.9360132244567998,0.3215918895901452,1,Instructed
1191,191,0,0.492403188866282,0.4113881444718952,1,Instructed
1192,192,0,0.64088054133643,0.6380391928959386,1,Instructed
1193,193,0,0.4727429500998701,0.6789435763210039,1,Instructed
1194,194,0,0.5079207219046817,0.38500438912444934,1,Instructed
1195,195,0,0.450764856187447,0.5697847933427445,1,Instructed
1196,196,0,0.006930703138291336,0.7961795370991274,1,Instructed
1197,197,0,0.9214326542661845,0.8492733172071733,1,Instructed
1198,198,0,0.39087120137755355,0.7334262175780369,1,Instructed
1199,199,0,0.180018615974506,0.5607897615914448,1,Instructed
