,t,e_hat,Accuracy,pe,batch,Condition
0,0,0,0.4183179667694782,0.979565074608818,0,Blocked
1,1,0,0.2760734477503602,0.5416729869068109,0,Blocked
2,2,0,0.804362478255372,0.3610899008287022,0,Blocked
3,3,0,0.7898556431430408,0.46374986330608636,0,Blocked
4,4,0,0.14759476259387408,0.6595585423792296,0,Blocked
5,5,0,0.4167144657624331,0.5781177704859908,0,Blocked
6,6,0,0.4834510639740584,0.5232941589360465,0,Blocked
7,7,0,0.46450395852578813,0.4319602050713961,0,Blocked
8,8,0,0.49859282417553813,0.5131910860619279,0,Blocked
9,9,0,0.928677141968265,0.6620727891562855,0,Blocked
10,10,0,0.393697424006695,0.512644985254201,0,Blocked
11,11,0,0.5706093517535704,0.5533357192720474,0,Blocked
12,12,0,0.5474423698241737,0.5321404602092148,0,Blocked
13,13,0,0.3208567127194682,0.35401469229990346,0,Blocked
14,14,0,0.718686341691207,0.5002497821297841,0,Blocked
15,15,0,0.28052375236375754,0.5429277670428738,0,Blocked
16,16,0,0.9260276662539431,0.3792807651052944,0,Blocked
17,17,0,0.759290519393445,0.4564497603175508,0,Blocked
18,18,0,0.6930702467778447,0.5366276304462576,0,Blocked
19,19,0,0.5915888128163116,0.5328544737273766,0,Blocked
20,20,0,0.5207262563371378,0.6693122045266119,0,Blocked
21,21,0,0.4733428239619108,0.5100016663057162,0,Blocked
22,22,0,0.33646390892351197,0.573425931760388,0,Blocked
23,23,0,0.7960680073023592,0.40405710709611725,0,Blocked
24,24,0,0.9533920988470708,0.415090826099643,0,Blocked
25,25,0,0.4798238925132458,0.5485993986387315,0,Blocked
26,26,0,0.6019846144900994,0.3610255526601006,0,Blocked
27,27,0,0.6742322259842338,0.3300931733664318,0,Blocked
28,28,0,0.5854618718949224,0.3956484483241882,0,Blocked
29,29,0,0.7695008513267811,0.4388603225037977,0,Blocked
30,30,0,0.5416472957972789,0.6730196992194268,0,Blocked
31,31,0,0.9996898615344129,0.4195693317312358,0,Blocked
32,32,0,0.9031987462451279,0.4437325513084473,0,Blocked
33,33,0,0.7372908368049184,0.5285307950536365,0,Blocked
34,34,0,0.9762930362806428,0.30452591630123516,0,Blocked
35,35,0,0.9487307577641654,0.37046668557651447,0,Blocked
36,36,0,0.62440583434595,0.48631172325236227,0,Blocked
37,37,0,0.2978173828031108,0.5949930235875571,0,Blocked
38,38,0,0.9975634843783465,0.31603360427995847,0,Blocked
39,39,0,0.7824512109774492,0.4499333593317342,0,Blocked
40,40,0,0.38496110125235017,0.4718127944314432,0,Blocked
41,41,0,0.9594817301006184,0.44934367707490463,0,Blocked
42,42,0,0.4613251930794511,0.7028242797940378,0,Blocked
43,43,0,0.42664171629014846,0.5651458902111562,0,Blocked
44,44,0,0.015551881461821558,0.634813502746258,0,Blocked
45,45,0,0.5767705721900118,0.5264025572078685,0,Blocked
46,46,0,0.06507940683696366,0.6169278782884872,0,Blocked
47,47,0,0.5043226370915481,0.5424446315243914,0,Blocked
48,48,0,0.6575582756174457,0.4936068996081374,0,Blocked
49,49,0,0.44099791972499325,0.5476359592820599,0,Blocked
50,50,0,0.6151761332171195,0.4590829383459384,0,Blocked
51,51,0,0.39132524306039373,0.6970750455667745,0,Blocked
52,52,0,0.261028729467937,0.7027610170961711,0,Blocked
53,53,0,0.5520838155556891,0.550347461134969,0,Blocked
54,54,0,0.7298666310124333,0.6863818430540811,0,Blocked
55,55,0,0.053530933129282254,0.5561813446058228,0,Blocked
56,56,0,0.9951204508235483,0.4553960425150847,0,Blocked
57,57,0,0.4878339862719831,0.49251823795537225,0,Blocked
58,58,0,0.6820438097249407,0.43877702510420435,0,Blocked
59,59,0,0.109318967052604,0.609643164789577,0,Blocked
60,60,0,0.48344583293812465,0.720623368379433,0,Blocked
61,61,0,0.39452452741265115,0.4029621413609453,0,Blocked
62,62,0,0.24230073805845914,0.613001685963201,0,Blocked
63,63,0,0.5334065785863421,0.4271993513911205,0,Blocked
64,64,0,0.8972010655993434,0.45474985319032124,0,Blocked
65,65,0,0.09399233514152916,0.5058455852268692,0,Blocked
66,66,0,0.6854129454791266,0.38421706470120764,0,Blocked
67,67,0,0.35376092051626257,0.6066149034984791,0,Blocked
68,68,0,0.7561027674715874,0.5980324263525143,0,Blocked
69,69,0,0.5212682443585188,0.6563381097880865,0,Blocked
70,70,0,0.9652692890968746,0.35186258458376535,0,Blocked
71,71,0,0.9105707886376943,0.46210313301943107,0,Blocked
72,72,0,0.38510254168856695,0.46326602187816573,0,Blocked
73,73,0,0.9489686378021626,0.3397119889408452,0,Blocked
74,74,0,0.4967585187673742,0.5746605608707693,0,Blocked
75,75,0,0.9845953827223248,0.35792217884758665,0,Blocked
76,76,0,0.2537820365767174,0.5211205816885397,0,Blocked
77,77,0,0.8398486085994593,0.433411597072088,0,Blocked
78,78,0,0.5544851234367381,0.3411798258576061,0,Blocked
79,79,0,0.33310824419738144,0.5157966100391709,0,Blocked
80,80,0,0.5690579590523266,0.4906153017456485,0,Blocked
81,81,0,0.42083767519025217,0.5212351089309958,0,Blocked
82,82,0,0.3019603198572407,0.5036452424505957,0,Blocked
83,83,0,0.3950550789159997,0.6599884227766566,0,Blocked
84,84,0,0.6236860392830038,0.43993885256934273,0,Blocked
85,85,0,0.5850052063857837,0.3931784171398371,0,Blocked
86,86,0,0.47213450295599535,0.37544289394291297,0,Blocked
87,87,0,0.11248162721256127,0.44612752134011635,0,Blocked
88,88,0,0.018406491900814316,0.6316049422993519,0,Blocked
89,89,0,0.7935004588692831,0.49025564265546556,0,Blocked
90,90,0,0.39830710008907305,0.5039045191464825,0,Blocked
91,91,0,0.8529080111134467,0.36980016472528543,0,Blocked
92,92,0,0.5960952655809322,0.4446848815805893,0,Blocked
93,93,0,0.6150491271091969,0.5275439273125196,0,Blocked
94,94,0,0.7724652199952288,0.4936020517192198,0,Blocked
95,95,0,0.23698038647139497,0.6171308316390336,0,Blocked
96,96,0,0.7011372683364916,0.41110501983833003,0,Blocked
97,97,0,0.5326261955188644,0.76898949239393,0,Blocked
98,98,0,0.4100343485819417,0.591735192370374,0,Blocked
99,99,0,0.5702569139209804,0.5800968565846254,0,Blocked
100,100,0,0.8864822052892993,0.5209287521770206,0,Blocked
101,101,0,0.9409008504249565,0.4352687884805659,0,Blocked
102,102,0,0.14284118530472423,0.6663813326138626,0,Blocked
103,103,0,0.2938153266448084,0.5253893680728167,0,Blocked
104,104,0,0.42643847930152623,0.5415871617772656,0,Blocked
105,105,0,0.985378669843886,0.5051084203813374,0,Blocked
106,106,0,0.6243223144928312,0.43874802778994026,0,Blocked
107,107,0,0.5779666303470417,0.6181531441303412,0,Blocked
108,108,0,0.4931862580541918,0.4990715370952713,0,Blocked
109,109,0,0.9469276425379223,0.4444165224139582,0,Blocked
110,110,0,0.8691657752440796,0.3395538678913819,0,Blocked
111,111,0,0.6995340559894687,0.4566795026682845,0,Blocked
112,112,0,0.9648149718882598,0.34082806286038025,0,Blocked
113,113,0,0.8712409953664313,0.45926869664977915,0,Blocked
114,114,0,0.9398429867557632,0.29641393842260694,0,Blocked
115,115,0,0.6561658975906919,0.33864461313552474,0,Blocked
116,116,0,0.8296293763783613,0.30793432270314613,0,Blocked
117,117,0,0.9388602067073826,0.35825823288347913,0,Blocked
118,118,0,0.9201619805880848,0.5258807234185452,0,Blocked
119,119,0,0.6005953782503566,0.3644074405869602,0,Blocked
120,120,0,0.44178660645615253,0.5164048992317123,0,Blocked
121,121,0,0.6423515065976485,0.4537935773275235,0,Blocked
122,122,0,0.8431034862627578,0.28962146700370067,0,Blocked
123,123,0,0.0960296428717457,0.5098563399824623,0,Blocked
124,124,0,0.09983040880635659,0.6373641567020358,0,Blocked
125,125,0,0.31452736935086845,0.6212198933899432,0,Blocked
126,126,0,0.6905142859945728,0.42214257196003274,0,Blocked
127,127,0,0.47046927924931436,0.511125034885834,0,Blocked
128,128,0,0.816487745541399,0.5118398815029732,0,Blocked
129,129,0,0.39108945267723544,0.4278558244832132,0,Blocked
130,130,0,0.9856883816875797,0.4699472449445937,0,Blocked
131,131,0,0.21292640380310202,0.5367265409356825,0,Blocked
132,132,0,0.9308276457139175,0.39137321277596326,0,Blocked
133,133,0,0.8377007278029818,0.4340652096489276,0,Blocked
134,134,0,0.819671182719307,0.3608474711584764,0,Blocked
135,135,0,0.7440690437220172,0.5336451756940206,0,Blocked
136,136,0,0.9434208437833451,0.38536291237557024,0,Blocked
137,137,0,0.5947835741954737,0.46844138120235485,0,Blocked
138,138,0,0.4826526797559941,0.6966399545263218,0,Blocked
139,139,0,0.8609287340095813,0.47641723047163353,0,Blocked
140,140,0,0.9644390915029362,0.4132390787158821,0,Blocked
141,141,0,0.9876634992759512,0.22226403177705012,0,Blocked
142,142,0,0.8113951561739448,0.44313940069299046,0,Blocked
143,143,0,0.999750614760952,0.5114239107833294,0,Blocked
144,144,0,0.9938655825236543,0.6931507109328923,0,Blocked
145,145,0,0.22492694955513154,0.45517439923680103,0,Blocked
146,146,0,0.8264613024493881,0.4425090837700522,0,Blocked
147,147,0,0.7463135520911195,0.3222820164683937,0,Blocked
148,148,0,0.9203173409963532,0.2559974661846287,0,Blocked
149,149,0,0.373358789560049,0.40528236246769034,0,Blocked
150,150,0,0.5343601548994283,0.3690369983677234,0,Blocked
151,151,0,0.6404254655281123,0.41832624916478367,0,Blocked
152,152,0,0.6073687459888408,0.3174340853724295,0,Blocked
153,153,0,0.7389138645807529,0.30893785712105204,0,Blocked
154,154,0,0.9041829259176033,0.27111222027295245,0,Blocked
155,155,0,0.3354783863136332,0.5805665610412395,0,Blocked
156,156,0,0.7731336164795966,0.32848581487390105,0,Blocked
157,157,0,0.6345166941620035,0.3720489729180423,0,Blocked
158,158,0,0.6004282185874609,0.4361479303427431,0,Blocked
159,159,0,0.9970029358557863,0.4174981705563284,0,Blocked
160,160,0,0.9624095272439159,0.5253415507453336,0,Blocked
161,161,0,0.4626807395161854,0.40733536113341173,0,Blocked
162,162,0,0.6311946905993221,0.4928838021576782,0,Blocked
163,163,0,0.8891886307065537,0.3331310766260366,0,Blocked
164,164,0,0.535312222927804,0.5525644548294436,0,Blocked
165,165,0,0.44218770502215204,0.4574178326293157,0,Blocked
166,166,0,0.5402987043008618,0.551421389001265,0,Blocked
167,167,0,0.010552342600881191,0.7247701440870953,0,Blocked
168,168,0,0.9763197571301664,0.32780171687238857,0,Blocked
169,169,0,0.8231747644467406,0.3371968859491108,0,Blocked
170,170,0,0.44487734565233616,0.5337354282127551,0,Blocked
171,171,0,0.7210781516965844,0.477864400155261,0,Blocked
172,172,0,0.5426667065650435,0.4503286818020515,0,Blocked
173,173,0,0.6541410285331567,0.5204078107573783,0,Blocked
174,174,0,0.500240078128001,0.4165378592777068,0,Blocked
175,175,0,0.0026062804659933115,0.6272005586659044,0,Blocked
176,176,0,0.9150848300907513,0.3304768882490546,0,Blocked
177,177,0,0.11714301084048821,0.562821038656208,0,Blocked
178,178,0,0.9710112474114334,0.3122773298208008,0,Blocked
179,179,0,0.09181055080322184,0.5065722831915667,0,Blocked
180,180,0,0.4167590941937577,0.6767876541913744,0,Blocked
181,181,0,0.42229656462000936,0.5301440979488912,0,Blocked
182,182,0,0.5272701743955104,0.5522158802077552,0,Blocked
183,183,0,0.7498592898618478,0.5003344344794067,0,Blocked
184,184,0,0.9920567086249448,0.6411044621030844,0,Blocked
185,185,0,0.554599638833658,0.5039257115635174,0,Blocked
186,186,0,0.7491465482030071,0.48505709841164435,0,Blocked
187,187,0,0.7785291003777743,0.48610085056078667,0,Blocked
188,188,0,0.5943209440294462,0.31844954768730965,0,Blocked
189,189,0,0.8560595287148329,0.42285086209482015,0,Blocked
190,190,0,0.30437600999703035,0.4350131200702092,0,Blocked
191,191,0,0.6032877189924941,0.38928799218084076,0,Blocked
192,192,0,0.768497674854963,0.6963906892416869,0,Blocked
193,193,0,0.7798542990467694,0.3809685615064783,0,Blocked
194,194,0,0.9882224770322685,0.4052067551220798,0,Blocked
195,195,0,0.5182640054637717,0.5909569561841994,0,Blocked
196,196,0,0.2804684223530419,0.5793152780624118,0,Blocked
197,197,0,0.6610990145678377,0.5048191677709707,0,Blocked
198,198,0,0.2334926314357485,0.39496434898364663,0,Blocked
199,199,0,0.8224549698174035,0.4784010714391158,0,Blocked
200,0,0,0.4612965548062355,0.6474124542118413,0,Interleaved
201,1,0,0.976888598494335,0.6466635912623464,0,Interleaved
202,2,0,0.5744028406063497,0.47470480619022765,0,Interleaved
203,3,0,0.376538162219562,0.44982233095004875,0,Interleaved
204,4,0,0.913974466848644,0.5621220701775128,0,Interleaved
205,5,0,0.15038857135621903,0.6963504407027259,0,Interleaved
206,6,0,0.6799978181374315,0.37391732233175834,0,Interleaved
207,7,0,0.2072946063586095,0.5262814859982872,0,Interleaved
208,8,0,0.48667371121120734,0.7991983074852668,0,Interleaved
209,9,0,0.5367827245864568,0.3841295631134977,0,Interleaved
210,10,0,0.27581338044328507,0.7529517834279683,0,Interleaved
211,11,0,0.5981485567504864,0.6344693723149935,0,Interleaved
212,12,0,0.5861888454653994,0.388535678101879,0,Interleaved
213,13,0,0.9485240496777163,0.3336389800604451,0,Interleaved
214,14,0,0.6097375160241334,0.38699227467369723,0,Interleaved
215,15,0,0.15126019485052986,0.48578050058874017,0,Interleaved
216,16,0,0.31454635651206486,0.6171866842350822,0,Interleaved
217,17,0,0.9911452058018912,0.614280673679294,0,Interleaved
218,18,0,0.7402477650944851,0.5175379352004142,0,Interleaved
219,19,0,0.5030780394630179,0.4383597347237754,0,Interleaved
220,20,0,0.35074433362592405,0.5536730030711942,0,Interleaved
221,21,0,0.7792001833677563,0.48948697686125514,0,Interleaved
222,22,0,0.3456573448718767,0.5128034698270081,0,Interleaved
223,23,0,0.452303758219735,0.5664131366020881,0,Interleaved
224,24,0,0.6513800106373466,0.4015648720691819,0,Interleaved
225,25,0,0.6925180859395992,0.5036554866471434,0,Interleaved
226,26,0,0.700986158938784,0.5201634853071779,0,Interleaved
227,27,0,0.2852843538423883,0.7816001536205106,0,Interleaved
228,28,0,0.7474015786775197,0.5224328670592382,0,Interleaved
229,29,0,0.5512352752607486,0.6311663499909768,0,Interleaved
230,30,0,0.432197404534905,0.6965522371706727,0,Interleaved
231,31,0,0.5085861490565191,0.47880736187995976,0,Interleaved
232,32,0,0.7301295594418376,0.5481249046437693,0,Interleaved
233,33,0,0.9562749505334518,0.4007626001466541,0,Interleaved
234,34,0,0.2810797718384762,0.6315720613688351,0,Interleaved
235,35,0,0.6020913597524423,0.5390878639355174,0,Interleaved
236,36,0,0.6568540447812872,0.5235711670781265,0,Interleaved
237,37,0,0.9090369620413437,0.4832116874434107,0,Interleaved
238,38,0,0.5277883545155199,0.3118798506602815,0,Interleaved
239,39,0,0.8581570772113105,0.3634353610055479,0,Interleaved
240,40,0,0.7196086950941012,0.5284083623260089,0,Interleaved
241,41,0,0.6322657037475954,0.36698067004885976,0,Interleaved
242,42,0,0.4281122075396967,0.5853517278742845,0,Interleaved
243,43,0,0.31136990249314195,0.50888874233498,0,Interleaved
244,44,0,0.6266591995739736,0.42293663025347317,0,Interleaved
245,45,0,0.4070398928875569,0.6035775300954447,0,Interleaved
246,46,0,0.9529698105031562,0.30937984320844214,0,Interleaved
247,47,0,0.4259469439204359,0.5243828078095076,0,Interleaved
248,48,0,0.7097030955768185,0.3820818712299769,0,Interleaved
249,49,0,0.6612466704516555,0.3901639123409866,0,Interleaved
250,50,0,0.9289062803019075,0.5827646878470889,0,Interleaved
251,51,0,0.40128371200156,0.6141856347891403,0,Interleaved
252,52,0,0.5659357787725722,0.4922154856201014,0,Interleaved
253,53,0,0.7254607629806764,0.4692211707498207,0,Interleaved
254,54,0,0.5572206192573975,0.48498612166993227,0,Interleaved
255,55,0,0.30023403736522386,0.5293784915342554,0,Interleaved
256,56,0,0.3913474918820486,0.7211991786751908,0,Interleaved
257,57,0,0.7756249527158304,0.5319951445998503,0,Interleaved
258,58,0,0.379561048587867,0.5392447895409158,0,Interleaved
259,59,0,0.715573254176498,0.5105707218043626,0,Interleaved
260,60,0,0.5112390059490994,0.7260949549179215,0,Interleaved
261,61,0,0.25607934122204296,0.7860337708357503,0,Interleaved
262,62,0,0.513005123186129,0.644106896490393,0,Interleaved
263,63,0,0.4798987835218823,0.5549626945011802,0,Interleaved
264,64,0,0.3050320003335352,0.734147891774589,0,Interleaved
265,65,0,0.9694333363804357,0.47238527129878805,0,Interleaved
266,66,0,0.731555859255842,0.5734789765465501,0,Interleaved
267,67,0,0.8819863916845664,0.5478484460780201,0,Interleaved
268,68,0,0.8946806913236754,0.44673735712710005,0,Interleaved
269,69,0,0.4801711781319453,0.5153756711418389,0,Interleaved
270,70,0,0.8888947178565507,0.4615656951036694,0,Interleaved
271,71,0,0.5103627411220147,0.4266626799200002,0,Interleaved
272,72,0,0.1140193923950063,0.4523667037620305,0,Interleaved
273,73,0,0.49509158229295713,0.43955134080395886,0,Interleaved
274,74,0,0.5465439893221302,0.4950113350241738,0,Interleaved
275,75,0,0.9341607255349441,0.4446553551782122,0,Interleaved
276,76,0,0.6887569504182989,0.44005992729327437,0,Interleaved
277,77,0,0.3153485460011357,0.48304788868695425,0,Interleaved
278,78,0,0.6408546534116727,0.3433000433243406,0,Interleaved
279,79,0,0.8845410309870054,0.4274866178093992,0,Interleaved
280,80,0,0.5906246190938279,0.477680249088156,0,Interleaved
281,81,0,0.6804091762304237,0.4557101094035292,0,Interleaved
282,82,0,0.37659472878529143,0.5614959363356612,0,Interleaved
283,83,0,0.30364564810422534,0.4798995189056052,0,Interleaved
284,84,0,0.5497554494175904,0.5363204565942776,0,Interleaved
285,85,0,0.6524360124801141,0.3853433805155785,0,Interleaved
286,86,0,0.8945675961804558,0.49914366284918793,0,Interleaved
287,87,0,0.4729304280005502,0.5457094357863955,0,Interleaved
288,88,0,0.4015774332829178,0.4453309411214145,0,Interleaved
289,89,0,0.5352066435680134,0.5088992651665657,0,Interleaved
290,90,0,0.9435474239114454,0.32311860285317595,0,Interleaved
291,91,0,0.5135981938105887,0.6140628760050442,0,Interleaved
292,92,0,0.24033813713732693,0.5942020104230437,0,Interleaved
293,93,0,0.9009736965441764,0.44501786019804795,0,Interleaved
294,94,0,0.5681683923295957,0.5164012637817403,0,Interleaved
295,95,0,0.8041741012066999,0.27703286045289255,0,Interleaved
296,96,0,0.05735768835131924,0.6470874305004884,0,Interleaved
297,97,0,0.8288032889200869,0.3910839615333219,0,Interleaved
298,98,0,0.36000305283951106,0.5990539952267968,0,Interleaved
299,99,0,0.7545149558779636,0.4593675296151159,0,Interleaved
300,100,0,0.5977676065547287,0.5306711195320979,0,Interleaved
301,101,0,0.7480774630979762,0.5159578959473241,0,Interleaved
302,102,0,0.5094908418238476,0.4375239286091641,0,Interleaved
303,103,0,0.9605669569940433,0.39012894760410366,0,Interleaved
304,104,0,0.48750435942023446,0.5140698201062351,0,Interleaved
305,105,0,0.14076573138542026,0.4872799520354564,0,Interleaved
306,106,0,0.5634931886460727,0.5283701869905268,0,Interleaved
307,107,0,0.6245806796500801,0.4192686647687677,0,Interleaved
308,108,0,0.07145868924744253,0.4302207361820539,0,Interleaved
309,109,0,0.46429436670303964,0.4428429051321398,0,Interleaved
310,110,0,0.20740592740467342,0.4704834890412722,0,Interleaved
311,111,0,0.3574923619460623,0.4102337558084389,0,Interleaved
312,112,0,0.8364669478064248,0.303901686825958,0,Interleaved
313,113,0,0.9184789952268148,0.5132391749636493,0,Interleaved
314,114,0,0.40614649445748696,0.640668539331456,0,Interleaved
315,115,0,0.5701315926000132,0.34713496496657426,0,Interleaved
316,116,0,0.9501750081081719,0.391109929377115,0,Interleaved
317,117,0,0.5049204996972729,0.5825327913404263,0,Interleaved
318,118,0,0.5251732129760116,0.6011808942143297,0,Interleaved
319,119,0,0.09572833965073675,0.555611551049654,0,Interleaved
320,120,0,0.4244469729270455,0.5963737388131733,0,Interleaved
321,121,0,0.481223142043834,0.5075838610385206,0,Interleaved
322,122,0,0.8487597622425234,0.39969409648027987,0,Interleaved
323,123,0,0.2949072648597127,0.5998905142455971,0,Interleaved
324,124,0,0.3333213245450412,0.5148135711643542,0,Interleaved
325,125,0,0.09832988644065718,0.5122397770706932,0,Interleaved
326,126,0,0.4715825631413737,0.59750999879843,0,Interleaved
327,127,0,0.718934120599865,0.6905776229794292,0,Interleaved
328,128,0,0.5549700424980335,0.31479117411037294,0,Interleaved
329,129,0,0.6631617485442711,0.39273522639421143,0,Interleaved
330,130,0,0.619310031246112,0.41663552165681955,0,Interleaved
331,131,0,0.6919326247076178,0.5678248773592086,0,Interleaved
332,132,0,0.2475130924268599,0.7001347590543943,0,Interleaved
333,133,0,0.4214574369312144,0.4298869401867945,0,Interleaved
334,134,0,0.37095851776469413,0.5328084360655181,0,Interleaved
335,135,0,0.593230005717916,0.6119423463858562,0,Interleaved
336,136,0,0.3517277603544376,0.500419204245936,0,Interleaved
337,137,0,0.9373448629645246,0.4263518544681745,0,Interleaved
338,138,0,0.41578206204394424,0.6024162541648024,0,Interleaved
339,139,0,0.0828103370859665,0.47916131746226154,0,Interleaved
340,140,0,0.6763932203475659,0.3638019098004499,0,Interleaved
341,141,0,0.7426004223458798,0.40682455068097884,0,Interleaved
342,142,0,0.8637719837213704,0.3779149801162276,0,Interleaved
343,143,0,0.566677417511149,0.4980075268599887,0,Interleaved
344,144,0,0.48643669430177155,0.5257096643092831,0,Interleaved
345,145,0,0.40625291318095214,0.4698667320213403,0,Interleaved
346,146,0,0.311735421682368,0.42208726504010846,0,Interleaved
347,147,0,0.7777945231959599,0.42008203926741594,0,Interleaved
348,148,0,0.5849950691669632,0.4506634815661687,0,Interleaved
349,149,0,0.25259716091489576,0.49897707233042693,0,Interleaved
350,150,0,0.3156067095149527,0.591318550038505,0,Interleaved
351,151,0,0.30060280036102194,0.49295226840119133,0,Interleaved
352,152,0,0.8637659883451299,0.47704596291261325,0,Interleaved
353,153,0,0.2794602871434431,0.5976454334990282,0,Interleaved
354,154,0,0.37297478890821867,0.43768425199293026,0,Interleaved
355,155,0,0.5267037763869633,0.43122373650701584,0,Interleaved
356,156,0,0.487570094921216,0.5579581456715248,0,Interleaved
357,157,0,0.4097662058931616,0.337907955690085,0,Interleaved
358,158,0,0.5767410038817804,0.5085000739245674,0,Interleaved
359,159,0,0.5538792666741617,0.36408150916107684,0,Interleaved
360,160,0,0.35234232438642077,0.3914775581668582,0,Interleaved
361,161,0,0.6192700690233661,0.4411562441722876,0,Interleaved
362,162,0,0.24976626464803947,0.4387487445590763,0,Interleaved
363,163,0,0.33377576004492887,0.4609182783235922,0,Interleaved
364,164,0,0.2072337698997692,0.5330624473181594,0,Interleaved
365,165,0,0.46500004415401486,0.47085068371182814,0,Interleaved
366,166,0,0.3158551471034986,0.40022500543656025,0,Interleaved
367,167,0,0.18104172534411583,0.5074882296123153,0,Interleaved
368,168,0,0.5002890287446462,0.4495823685915078,0,Interleaved
369,169,0,0.753221549807747,0.4115253947090196,0,Interleaved
370,170,0,0.4925429267709082,0.3166486921011097,0,Interleaved
371,171,0,0.38017546738612695,0.6117681632486361,0,Interleaved
372,172,0,0.35571808456325427,0.4911981983937599,0,Interleaved
373,173,0,0.3733149878577485,0.3802141731486963,0,Interleaved
374,174,0,0.44938637239908225,0.3500054393341293,0,Interleaved
375,175,0,0.6860851669148009,0.6780029694131119,0,Interleaved
376,176,0,0.07420846542596543,0.5645837683942238,0,Interleaved
377,177,0,0.4221833407341923,0.390262089960468,0,Interleaved
378,178,0,0.729514668965847,0.4172512009398898,0,Interleaved
379,179,0,0.5613682415035985,0.28648718361132597,0,Interleaved
380,180,0,0.9306364284450928,0.5548211862230668,0,Interleaved
381,181,0,0.3939153677865677,0.45644872435351175,0,Interleaved
382,182,0,0.47857986050711177,0.4235554480522933,0,Interleaved
383,183,0,0.5372629718218629,0.4488563584477523,0,Interleaved
384,184,0,0.8715663249499693,0.4876586448337409,0,Interleaved
385,185,0,0.5026651150637282,0.37651589085459936,0,Interleaved
386,186,0,0.8822512776508981,0.437445768867743,0,Interleaved
387,187,0,0.49875832778158463,0.37292992453109236,0,Interleaved
388,188,0,0.6016649580616718,0.5450345771902615,0,Interleaved
389,189,0,0.30315153647566095,0.6407825400025877,0,Interleaved
390,190,0,0.22008531889058025,0.4965368493409602,0,Interleaved
391,191,0,0.2612818165146453,0.5413753079385311,0,Interleaved
392,192,0,0.9413237026887207,0.5635166285623234,0,Interleaved
393,193,0,0.851639349579813,0.6491248186877703,0,Interleaved
394,194,0,0.8672537327458105,0.43652044917415767,0,Interleaved
395,195,0,0.5874231902173985,0.46116325465014923,0,Interleaved
396,196,0,0.4834141661228227,0.3187665540486233,0,Interleaved
397,197,0,0.8976976072270155,0.28853911382800906,0,Interleaved
398,198,0,0.4769714913296594,0.3627747612389782,0,Interleaved
399,199,0,0.46867018261331217,0.45282631868593404,0,Interleaved
400,0,0,0.3375395830457688,0.837290795541292,0,Instructed
401,1,0,0.4986422821533444,0.4524854629019845,0,Instructed
402,2,0,0.5970006770880742,0.5757875204674605,0,Instructed
403,3,0,0.2923190064390043,0.486893821172237,0,Instructed
404,4,0,0.39144286834234004,0.5683080806283364,0,Instructed
405,5,0,0.8497366280664531,0.5545472285730493,0,Instructed
406,6,0,0.4077444052705347,0.6136530442416613,0,Instructed
407,7,0,0.7963386198860047,0.5829706193399293,0,Instructed
408,8,0,0.13964105870532156,0.438368184345905,0,Instructed
409,9,0,0.5617128806111451,0.40374625898017363,0,Instructed
410,10,0,0.40660105593987766,0.36214493762946065,0,Instructed
411,11,0,0.3821215609073389,0.39089516204875535,0,Instructed
412,12,0,0.44972755359405475,0.5107476122296171,0,Instructed
413,13,0,0.19888959121759012,0.644379429584228,0,Instructed
414,14,0,0.4044754290417819,0.40351881747295626,0,Instructed
415,15,0,0.34818229323237543,0.4338056204859434,0,Instructed
416,16,0,0.5086635960970792,0.37396385468573085,0,Instructed
417,17,0,0.7179298913029207,0.3860356526614567,0,Instructed
418,18,0,0.7898358946998696,0.4533075835840151,0,Instructed
419,19,0,0.7412368306393553,0.355021447444797,0,Instructed
420,20,0,0.5423423440845832,0.3682207758038244,0,Instructed
421,21,0,0.5786996881007401,0.288096093088978,0,Instructed
422,22,0,0.5475855572098083,0.4274936316460973,0,Instructed
423,23,0,0.03878118358411585,0.5137494246565075,0,Instructed
424,24,0,0.5709587231720211,0.4139507706897355,0,Instructed
425,25,0,0.19399818111169886,0.39869413907705353,0,Instructed
426,26,0,0.9963685065574279,0.5104585429300066,0,Instructed
427,27,0,0.4656746907605511,0.5638590081486353,0,Instructed
428,28,0,0.3103352211235892,0.5487755431076459,0,Instructed
429,29,0,0.5197345072205695,0.5032560404666137,0,Instructed
430,30,0,0.2098614027656926,0.4292212773676667,0,Instructed
431,31,0,0.6858130400395969,0.41737003899953984,0,Instructed
432,32,0,0.5462891042731296,0.3522352677711661,0,Instructed
433,33,0,0.752791512873447,0.41229725783717985,0,Instructed
434,34,0,0.23605198855292253,0.5191242605171977,0,Instructed
435,35,0,0.36577824021593,0.5332067916229075,0,Instructed
436,36,0,0.10887251489035611,0.4454930946348463,0,Instructed
437,37,0,0.3411442434013672,0.4859647140408411,0,Instructed
438,38,0,0.48611415605275315,0.45004002621682027,0,Instructed
439,39,0,0.057282419425142596,0.6109823886832355,0,Instructed
440,40,0,0.8118533350599882,0.4299927804511847,0,Instructed
441,41,0,0.6127313321470921,0.3395708867426692,0,Instructed
442,42,0,0.5824829492348362,0.41667283304244607,0,Instructed
443,43,0,0.8972034122737649,0.31848145940505423,0,Instructed
444,44,0,0.2858406753495993,0.5675746231869887,0,Instructed
445,45,0,0.22137929915843835,0.41014422427059505,0,Instructed
446,46,0,0.9224517262395548,0.37750229779168365,0,Instructed
447,47,0,0.5293555442277406,0.5356199748460618,0,Instructed
448,48,0,0.51360465728975,0.5222792314993244,0,Instructed
449,49,0,0.9808078643476035,0.45017698781054183,0,Instructed
450,50,0,0.9117988269236645,0.4472585625714751,0,Instructed
451,51,0,0.20011499457700266,0.5111007416812461,0,Instructed
452,52,0,0.2874240615440752,0.5586375274965016,0,Instructed
453,53,0,0.7694534444916321,0.4723297300074266,0,Instructed
454,54,0,0.6394634323492557,0.30103331086284735,0,Instructed
455,55,0,0.8987550756303644,0.3417139856935215,0,Instructed
456,56,0,0.4854077939221979,0.3597557118536156,0,Instructed
457,57,0,0.03932762525980173,0.3641082253237912,0,Instructed
458,58,0,0.5594676162697878,0.43129765903082207,0,Instructed
459,59,0,0.47985128694129103,0.2675620886811168,0,Instructed
460,60,0,0.7528037014682519,0.37836556681407285,0,Instructed
461,61,0,0.5342453373877247,0.44694158243297033,0,Instructed
462,62,0,0.286586547186861,0.3401178644466204,0,Instructed
463,63,0,0.2948647104733809,0.316571349400109,0,Instructed
464,64,0,0.7669949473490942,0.34840611470453464,0,Instructed
465,65,0,0.5641633789455001,0.5304319138686029,0,Instructed
466,66,0,0.6077959157403663,0.44002614380135063,0,Instructed
467,67,0,0.1290431932067452,0.37094015405186775,0,Instructed
468,68,0,0.6269934143492208,0.428302380893531,0,Instructed
469,69,0,0.7162347245628373,0.3859643874880658,0,Instructed
470,70,0,0.8483654008417169,0.39859665300873826,0,Instructed
471,71,0,0.4266692392070974,0.4242837541244148,0,Instructed
472,72,0,0.20732424522686327,0.4299228191060229,0,Instructed
473,73,0,0.8553650493352242,0.29713732986696717,0,Instructed
474,74,0,0.16554932627681418,0.42908993961964437,0,Instructed
475,75,0,0.5830233955374329,0.37307233041078336,0,Instructed
476,76,0,0.49255674428810653,0.38355251047577854,0,Instructed
477,77,0,0.5320216702099753,0.36373614553217737,0,Instructed
478,78,0,0.5570097551451009,0.4826234886625528,0,Instructed
479,79,0,0.9244157527789425,0.507436565342897,0,Instructed
480,80,0,0.5604907647914521,0.35124173387194524,0,Instructed
481,81,0,0.8611637790032094,0.4621509926437499,0,Instructed
482,82,0,0.3931506648563966,0.328441718690588,0,Instructed
483,83,0,0.5084451616797496,0.462919525569065,0,Instructed
484,84,0,0.5959950250563146,0.5023262688372081,0,Instructed
485,85,0,0.8554686551615955,0.3066499358325401,0,Instructed
486,86,0,0.2382211744332539,0.41470499069181677,0,Instructed
487,87,0,0.7905707789542055,0.5004020450318692,0,Instructed
488,88,0,0.5038451557962584,0.6854433515011857,0,Instructed
489,89,0,0.3774710934509771,0.41445534736119327,0,Instructed
490,90,0,0.47183230251640074,0.3283023214426246,0,Instructed
491,91,0,0.15670498569072377,0.3678030342878379,0,Instructed
492,92,0,0.15310910462232996,0.42526925957984407,0,Instructed
493,93,0,0.7669809679844073,0.28698033987091265,0,Instructed
494,94,0,0.3859035529260534,0.3387004820048935,0,Instructed
495,95,0,0.07498004876598066,0.6206210599999831,0,Instructed
496,96,0,0.7184834653368359,0.49374187185875895,0,Instructed
497,97,0,0.5201031359794361,0.5288281875517211,0,Instructed
498,98,0,0.3820686876158087,0.5186567778512803,0,Instructed
499,99,0,0.619053218737065,0.5022089941808086,0,Instructed
500,100,0,0.41643737010491116,0.41591875484636653,0,Instructed
501,101,0,0.03457895310805498,0.5573549928257481,0,Instructed
502,102,0,0.5946524002454261,0.3775957789489556,0,Instructed
503,103,0,0.7428533096580702,0.3911175955454131,0,Instructed
504,104,0,0.6146242666193031,0.4243347383131407,0,Instructed
505,105,0,0.76914140662962,0.4123252134322659,0,Instructed
506,106,0,0.546844528764134,0.33344848133692645,0,Instructed
507,107,0,0.6627827547724823,0.412974435504517,0,Instructed
508,108,0,0.9689173340588955,0.44455425452848935,0,Instructed
509,109,0,0.7921688284554023,0.33078904997971764,0,Instructed
510,110,0,0.38152970749551285,0.378416854307432,0,Instructed
511,111,0,0.6693309330639103,0.5120935536617689,0,Instructed
512,112,0,0.5115501193149955,0.25377082793189787,0,Instructed
513,113,0,0.954804594459685,0.28483669541804496,0,Instructed
514,114,0,0.9543805977015261,0.32263792639173206,0,Instructed
515,115,0,0.5483392150294224,0.4623368134153448,0,Instructed
516,116,0,0.6639293650287696,0.3068896334192015,0,Instructed
517,117,0,0.022861481729772072,0.5533202376787003,0,Instructed
518,118,0,0.05907714464337668,0.5730857973242145,0,Instructed
519,119,0,0.23475459019683706,0.38153532947281216,0,Instructed
520,120,0,0.12309875230241668,0.6028027888877918,0,Instructed
521,121,0,0.2480617377427337,0.40041345535597217,0,Instructed
522,122,0,0.15881739807365497,0.41152551563237616,0,Instructed
523,123,0,0.30363203211162754,0.41464277243262276,0,Instructed
524,124,0,0.41084463781181785,0.5263617546803308,0,Instructed
525,125,0,0.3224788254651262,0.33356823393591367,0,Instructed
526,126,0,0.8520372955951184,0.34448808463341496,0,Instructed
527,127,0,0.7047037277168346,0.3103604290024252,0,Instructed
528,128,0,0.13886417611520235,0.3985144781678055,0,Instructed
529,129,0,0.44449794827841393,0.3121152344294228,0,Instructed
530,130,0,0.6576944212362658,0.34218749970341633,0,Instructed
531,131,0,0.3275091992486948,0.47262305793415305,0,Instructed
532,132,0,0.7209758175875877,0.3944281189430037,0,Instructed
533,133,0,0.6114588821484375,0.3876123927693579,0,Instructed
534,134,0,0.16565183969722014,0.5362240987406668,0,Instructed
535,135,0,0.5253511113221352,0.4172062068377915,0,Instructed
536,136,0,0.48229092988576405,0.44610029470134105,0,Instructed
537,137,0,0.6230035823675356,0.4115215106633252,0,Instructed
538,138,0,0.5548837035479087,0.43953679658285894,0,Instructed
539,139,0,0.479188994106191,0.39808593593545355,0,Instructed
540,140,0,0.9252312433957599,0.502835383285306,0,Instructed
541,141,0,0.9346399590939491,0.38730912172819165,0,Instructed
542,142,0,0.7740499351705774,0.2603429353472827,0,Instructed
543,143,0,0.2637058240768203,0.42389590505182095,0,Instructed
544,144,0,0.15477206783167785,0.4602496298798906,0,Instructed
545,145,0,0.04886998874800408,0.5434971779051927,0,Instructed
546,146,0,0.5017115471759233,0.4556272542116629,0,Instructed
547,147,0,0.3001491099980221,0.5447145301389837,0,Instructed
548,148,0,0.538495789481698,0.423112085111879,0,Instructed
549,149,0,0.8769372965396582,0.2790873149444123,0,Instructed
550,150,0,0.5850854069593603,0.30073267833915207,0,Instructed
551,151,0,0.07115429297316292,0.5251486674826313,0,Instructed
552,152,0,0.5502469412014469,0.40664062554881863,0,Instructed
553,153,0,0.5566732538713748,0.4790753508853045,0,Instructed
554,154,0,0.4543598409395252,0.5001777183824105,0,Instructed
555,155,0,0.5022134454123833,0.3828976038636666,0,Instructed
556,156,0,0.9997292495688088,0.671078613800114,0,Instructed
557,157,0,0.06849078194548362,0.37569705178401636,0,Instructed
558,158,0,0.5092080651390803,0.4103268735182402,0,Instructed
559,159,0,0.658088422172701,0.4474199844353483,0,Instructed
560,160,0,0.5758898138348508,0.27995022461310803,0,Instructed
561,161,0,0.5065214617013165,0.3469760785887901,0,Instructed
562,162,0,0.4429204383026704,0.4088273435698247,0,Instructed
563,163,0,0.3768273214212113,0.5343741155030053,0,Instructed
564,164,0,0.5453900723733225,0.4143111191052167,0,Instructed
565,165,0,0.7570936081639437,0.38174774058893285,0,Instructed
566,166,0,0.8166930400090476,0.26641764899292986,0,Instructed
567,167,0,0.2619766057613936,0.4654238222772312,0,Instructed
568,168,0,0.716524119578282,0.3256252943460223,0,Instructed
569,169,0,0.9186650823198066,0.3829767874514328,0,Instructed
570,170,0,0.9167780294512895,0.2628419699916974,0,Instructed
571,171,0,0.4255308996546106,0.4815312062162941,0,Instructed
572,172,0,0.5403142046465028,0.3666134975018301,0,Instructed
573,173,0,0.24234889559883707,0.45445851774935864,0,Instructed
574,174,0,0.9032752539221136,0.49579792407459833,0,Instructed
575,175,0,0.490531614227043,0.37584265993217314,0,Instructed
576,176,0,0.9438062893261211,0.4896528363107415,0,Instructed
577,177,0,0.6790453731392154,0.4714186149550753,0,Instructed
578,178,0,0.16400919013984308,0.35945386613335883,0,Instructed
579,179,0,0.4694635883533935,0.48328529538241305,0,Instructed
580,180,0,0.7654751319454232,0.40388872370538836,0,Instructed
581,181,0,0.058386180964906616,0.5824485063593071,0,Instructed
582,182,0,0.7918869919511672,0.47710334275548927,0,Instructed
583,183,0,0.6448994339406173,0.3495597025641493,0,Instructed
584,184,0,0.5308529384967897,0.28781356265986635,0,Instructed
585,185,0,0.4653258517227985,0.4449189265029267,0,Instructed
586,186,0,0.6007725548505464,0.2926840432053763,0,Instructed
587,187,0,0.5602141166529799,0.513903216486234,0,Instructed
588,188,0,0.527824339090003,0.3600288453726118,0,Instructed
589,189,0,0.08546590838459078,0.59422273906851,0,Instructed
590,190,0,0.5023264481091961,0.3154189481550319,0,Instructed
591,191,0,0.9795230673117037,0.5024713855809851,0,Instructed
592,192,0,0.6749860504402538,0.34656324329761373,0,Instructed
593,193,0,0.4489711747141518,0.43955203986841596,0,Instructed
594,194,0,0.5250738232497886,0.4697380446172309,0,Instructed
595,195,0,0.5489553746671926,0.46059195592205787,0,Instructed
596,196,0,0.1729171571506254,0.5850475658974956,0,Instructed
597,197,0,0.8034258387684148,0.3284705012003117,0,Instructed
598,198,0,0.4009268189456222,0.48909220395049513,0,Instructed
599,199,0,0.4601935965208404,0.4905563616886578,0,Instructed
600,0,0,0.3564828276647885,0.6990184783142528,1,Blocked
601,1,0,0.15815457114719644,0.6039740700323322,1,Blocked
602,2,0,0.16673402987391578,0.5298964133927874,1,Blocked
603,3,0,0.8371748291314589,0.5366502348882829,1,Blocked
604,4,0,0.6129629614589662,0.5519813989681672,1,Blocked
605,5,0,0.16489687551169535,0.68774599403302,1,Blocked
606,6,0,0.9485216691894505,0.605763834164276,1,Blocked
607,7,0,0.05237096159628139,0.722393121114683,1,Blocked
608,8,0,0.8240945811349821,0.5691155296245458,1,Blocked
609,9,0,0.5941090369673341,0.4821776504907469,1,Blocked
610,10,0,0.22984134220822025,0.8495610924375958,1,Blocked
611,11,0,0.868830856852858,0.6111081691620469,1,Blocked
612,12,0,0.17660698075385975,0.7201864978550914,1,Blocked
613,13,0,0.5125209669291895,0.7159368037511411,1,Blocked
614,14,0,0.7893183996507396,0.6538173354256289,1,Blocked
615,15,0,0.36836080220013784,0.5134113368176978,1,Blocked
616,16,0,0.4376308879985552,0.5714794605435098,1,Blocked
617,17,0,0.5011227650339011,0.6451107280205979,1,Blocked
618,18,0,0.48181391154643305,0.5061948966517369,1,Blocked
619,19,0,0.6511612675546574,0.4223064087080115,1,Blocked
620,20,0,0.9681750988792097,0.41692365731167325,1,Blocked
621,21,0,0.10182251026765356,0.8194425235630773,1,Blocked
622,22,0,0.13287554251387224,0.44659868140792675,1,Blocked
623,23,0,0.5679990460373268,0.43460837753498893,1,Blocked
624,24,0,0.44280841578708563,0.4581026813363127,1,Blocked
625,25,0,0.5441131244392194,0.42212367705681597,1,Blocked
626,26,0,0.6726049606395985,0.4743058158166906,1,Blocked
627,27,0,0.3493723019033218,0.6569011854173423,1,Blocked
628,28,0,0.47981979412465464,0.4270144885734801,1,Blocked
629,29,0,0.4255587169236346,0.5633399958513361,1,Blocked
630,30,0,0.4667485958974185,0.5805159352874796,1,Blocked
631,31,0,0.27776039295078103,0.47756110381155914,1,Blocked
632,32,0,0.13298446692393326,0.5179838709986808,1,Blocked
633,33,0,0.5151833502330303,0.5164587817441981,1,Blocked
634,34,0,0.5281446444140514,0.5752046813271439,1,Blocked
635,35,0,0.693328478690759,0.6542880826154498,1,Blocked
636,36,0,0.43211589613684703,0.5888488011873048,1,Blocked
637,37,0,0.49213906213129166,0.4177775117076735,1,Blocked
638,38,0,0.48518747604201085,0.5799047246922966,1,Blocked
639,39,0,0.7834962269295056,0.5090559920996645,1,Blocked
640,40,0,0.09263302010253402,0.45351502215583395,1,Blocked
641,41,0,0.4416903475821643,0.48723617528120733,1,Blocked
642,42,0,0.2162290208471866,0.4916849475614248,1,Blocked
643,43,0,0.6184484706024408,0.5740333620619951,1,Blocked
644,44,0,0.40248016899715683,0.5438323006056022,1,Blocked
645,45,0,0.3303263887269433,0.5729611294701908,1,Blocked
646,46,0,0.5590144436403511,0.5993550373077592,1,Blocked
647,47,0,0.13924925890483067,0.5135099880886689,1,Blocked
648,48,0,0.5418275823852523,0.556462941213845,1,Blocked
649,49,0,0.5139205988762647,0.5591583627677373,1,Blocked
650,50,0,0.8162613126271416,0.47764030387529266,1,Blocked
651,51,0,0.7976399926378734,0.643008957788904,1,Blocked
652,52,0,0.20211217298422346,0.6933922915156165,1,Blocked
653,53,0,0.6957884342054131,0.6266305440007778,1,Blocked
654,54,0,0.8440270325395498,0.5240943888570602,1,Blocked
655,55,0,0.9497374441992525,0.466922465232326,1,Blocked
656,56,0,0.9267388247569222,0.4579639323557646,1,Blocked
657,57,0,0.12486300951094856,0.5822591143984421,1,Blocked
658,58,0,0.45521167379305416,0.5861701877556054,1,Blocked
659,59,0,0.443945195268252,0.6733547473630641,1,Blocked
660,60,0,0.5944905443358461,0.44913867706562893,1,Blocked
661,61,0,0.8063004236657785,0.6339685064199719,1,Blocked
662,62,0,0.5231637183091901,0.47565949088550846,1,Blocked
663,63,0,0.605708655919246,0.4420134627081762,1,Blocked
664,64,0,0.3240513968533997,0.496165546250605,1,Blocked
665,65,0,0.8221760424141206,0.41564619218197,1,Blocked
666,66,0,0.5370767157673614,0.37620218473633565,1,Blocked
667,67,0,0.7102183377480215,0.38281669316424355,1,Blocked
668,68,0,0.3734059455601787,0.550852688916891,1,Blocked
669,69,0,0.6599039947234845,0.4878776846162711,1,Blocked
670,70,0,0.6524055437558638,0.5212645914915519,1,Blocked
671,71,0,0.7503446496849745,0.4683829650457666,1,Blocked
672,72,0,0.799110379195052,0.4157742862219128,1,Blocked
673,73,0,0.5459959733029266,0.5869628121347594,1,Blocked
674,74,0,0.8499541627639198,0.39168625648503297,1,Blocked
675,75,0,0.5265020084770431,0.5437797970065033,1,Blocked
676,76,0,0.6330399369675586,0.3798734979336714,1,Blocked
677,77,0,0.6818314383466512,0.7132798787758453,1,Blocked
678,78,0,0.26035637547218654,0.5197507579781503,1,Blocked
679,79,0,0.8550998607483489,0.3397996316523579,1,Blocked
680,80,0,0.19050418828525567,0.5956999078087437,1,Blocked
681,81,0,0.6132950692509711,0.4213133562762995,1,Blocked
682,82,0,0.2700214655834334,0.6102074947506636,1,Blocked
683,83,0,0.545984907818932,0.5380393084378801,1,Blocked
684,84,0,0.5679826838671082,0.48552052743512003,1,Blocked
685,85,0,0.8918135991830403,0.3376012056868553,1,Blocked
686,86,0,0.1301830511520369,0.609561923812247,1,Blocked
687,87,0,0.4346773104762465,0.45331618482120983,1,Blocked
688,88,0,0.6734188855160902,0.3567837629486274,1,Blocked
689,89,0,0.7354923686756726,0.4446018678796022,1,Blocked
690,90,0,0.4835772840218437,0.547230154722228,1,Blocked
691,91,0,0.759080767002362,0.5978648324850199,1,Blocked
692,92,0,0.5235159743818385,0.5184646475031066,1,Blocked
693,93,0,0.007626626163502149,0.5669479329807409,1,Blocked
694,94,0,0.9684310463832142,0.3140252856918623,1,Blocked
695,95,0,0.3573597730919195,0.48708833238464255,1,Blocked
696,96,0,0.7623832867297905,0.4336883373746274,1,Blocked
697,97,0,0.7312324517894048,0.4339541466812189,1,Blocked
698,98,0,0.9388661651448619,0.3576112785462197,1,Blocked
699,99,0,0.9906701160070002,0.35717229536280115,1,Blocked
700,100,0,0.9830723052474257,0.4085235119335286,1,Blocked
701,101,0,0.8271283296022702,0.3529490601478936,1,Blocked
702,102,0,0.5331546895154246,0.45001916701149064,1,Blocked
703,103,0,0.9518931123152632,0.49415993737902575,1,Blocked
704,104,0,0.4698308268366809,0.5224631451837519,1,Blocked
705,105,0,0.17614884671480502,0.5848558317219503,1,Blocked
706,106,0,0.8668415450909803,0.3352472800238341,1,Blocked
707,107,0,0.9300504594305239,0.4207144607105508,1,Blocked
708,108,0,0.3920238742458347,0.4602202997721714,1,Blocked
709,109,0,0.9916233791053344,0.3920671435181774,1,Blocked
710,110,0,0.9356953972864837,0.30815714626886415,1,Blocked
711,111,0,0.9871467652795813,0.505646430371372,1,Blocked
712,112,0,0.9423927617436242,0.5261329996673081,1,Blocked
713,113,0,0.5505267582631057,0.6761950700889865,1,Blocked
714,114,0,0.9626437570336349,0.22769210476502771,1,Blocked
715,115,0,0.4465150056264811,0.4918528604895981,1,Blocked
716,116,0,0.6757169495308605,0.42811990612340445,1,Blocked
717,117,0,0.6803565926347153,0.49572671970266546,1,Blocked
718,118,0,0.35554224678481583,0.55137681183854,1,Blocked
719,119,0,0.5006737962277348,0.6168106516470866,1,Blocked
720,120,0,0.3333379193690909,0.7102475586520678,1,Blocked
721,121,0,0.6389716356514468,0.5326018916445824,1,Blocked
722,122,0,0.5404520542224356,0.4911537793328491,1,Blocked
723,123,0,0.696997941098833,0.49817991681837537,1,Blocked
724,124,0,0.6683882561122473,0.39445032354019605,1,Blocked
725,125,0,0.5358963714461445,0.4715882372290007,1,Blocked
726,126,0,0.9750862335279575,0.40642909138522876,1,Blocked
727,127,0,0.7868697854333632,0.4030361497321731,1,Blocked
728,128,0,0.5708828962088536,0.47212183346881753,1,Blocked
729,129,0,0.20598517319022774,0.43272169002883837,1,Blocked
730,130,0,0.7525718083377739,0.26228645384428195,1,Blocked
731,131,0,0.4706633964670982,0.49057817578553814,1,Blocked
732,132,0,0.49531940009192266,0.44216507333279853,1,Blocked
733,133,0,0.5258770421736588,0.6109442155346771,1,Blocked
734,134,0,0.579337358245587,0.28609026895005774,1,Blocked
735,135,0,0.6003614953821486,0.8703652577824939,1,Blocked
736,136,0,0.7518104541301867,0.679170485075254,1,Blocked
737,137,0,0.452219959337413,0.48439938839666374,1,Blocked
738,138,0,0.4226846231715387,0.38002210920562063,1,Blocked
739,139,0,0.597531135584018,0.4186375624490184,1,Blocked
740,140,0,0.6443299160017453,0.524898340639081,1,Blocked
741,141,0,0.24286524511897467,0.5629130734517276,1,Blocked
742,142,0,0.7003364408551104,0.4323953681498061,1,Blocked
743,143,0,0.8006338991112293,0.6011051759141312,1,Blocked
744,144,0,0.9745340984233328,0.37339007567377114,1,Blocked
745,145,0,0.3071737885497897,0.4847961656431287,1,Blocked
746,146,0,0.5580788206999925,0.5215207764925218,1,Blocked
747,147,0,0.9108976907272723,0.40332946944419434,1,Blocked
748,148,0,0.5973586210734046,0.5769663809599304,1,Blocked
749,149,0,0.37300954742158243,0.43148328311831696,1,Blocked
750,150,0,0.5963370340357586,0.3803091356341822,1,Blocked
751,151,0,0.5224954060360508,0.6319979556562748,1,Blocked
752,152,0,0.4607853298754143,0.3519197965357782,1,Blocked
753,153,0,0.8557653412201605,0.5329690629349695,1,Blocked
754,154,0,0.43522354992781176,0.41941856955386175,1,Blocked
755,155,0,0.541230542756827,0.49893443370623713,1,Blocked
756,156,0,0.9541425518398068,0.33899163957643397,1,Blocked
757,157,0,0.5121147497894649,0.6654310159685115,1,Blocked
758,158,0,0.8437446444876097,0.5820837640016308,1,Blocked
759,159,0,0.34813747740993817,0.4387904398981707,1,Blocked
760,160,0,0.9217276859543752,0.3507895570557559,1,Blocked
761,161,0,0.36756510117774743,0.5123462894520777,1,Blocked
762,162,0,0.6041712172503927,0.48234115777082054,1,Blocked
763,163,0,0.6327454384609389,0.4120039314945515,1,Blocked
764,164,0,0.15130513949248442,0.6276851054043304,1,Blocked
765,165,0,0.8500991844668834,0.44053346508561453,1,Blocked
766,166,0,0.8719454009535706,0.47924997554949733,1,Blocked
767,167,0,0.13942352761699364,0.4415392209388643,1,Blocked
768,168,0,0.22590544373802854,0.5243682931115876,1,Blocked
769,169,0,0.5119776182523178,0.7548031368854574,1,Blocked
770,170,0,0.8947701948935474,0.5278318233029985,1,Blocked
771,171,0,0.06839413729330211,0.5556022744367423,1,Blocked
772,172,0,0.5770755698420842,0.5293566436068575,1,Blocked
773,173,0,0.6882745418048883,0.5586247218722402,1,Blocked
774,174,0,0.7833907344341909,0.34948354105468726,1,Blocked
775,175,0,0.9069717023800052,0.6054779663195444,1,Blocked
776,176,0,0.45151124644800716,0.4446355176947253,1,Blocked
777,177,0,0.4201432198094825,0.6568643174679633,1,Blocked
778,178,0,0.7261660982367213,0.3643509136297342,1,Blocked
779,179,0,0.922704698639627,0.33064783001901166,1,Blocked
780,180,0,0.9144000965202321,0.44486792480533044,1,Blocked
781,181,0,0.9517541979132513,0.5013733018657125,1,Blocked
782,182,0,0.5000707400619345,0.42169426418845807,1,Blocked
783,183,0,0.8809662180888944,0.4205085202752521,1,Blocked
784,184,0,0.44292763253469,0.5627323023816423,1,Blocked
785,185,0,0.17835458478563454,0.3318304065245715,1,Blocked
786,186,0,0.3327357193657761,0.6079492528820003,1,Blocked
787,187,0,0.5116230548979834,0.45992451014643,1,Blocked
788,188,0,0.4318147688418592,0.49071987537272405,1,Blocked
789,189,0,0.2957141298979341,0.5163839481512642,1,Blocked
790,190,0,0.6251142428425986,0.48437479617651713,1,Blocked
791,191,0,0.7974920525298582,0.3380123659868366,1,Blocked
792,192,0,0.5511361773189277,0.36316053517131885,1,Blocked
793,193,0,0.8230208666627785,0.3358163568785687,1,Blocked
794,194,0,0.3749905367572246,0.5315305599947718,1,Blocked
795,195,0,0.9382239642608172,0.5035389722398015,1,Blocked
796,196,0,0.4129943649817116,0.5496979104114433,1,Blocked
797,197,0,0.6396008041039936,0.47018741530845165,1,Blocked
798,198,0,0.5265272748969144,0.45114332644602584,1,Blocked
799,199,0,0.7416498637395628,0.5587796737802784,1,Blocked
800,0,0,0.9139834917281431,0.7426705457720628,1,Interleaved
801,1,0,0.8986140497144341,0.4811394154127711,1,Interleaved
802,2,0,0.011860652858147174,0.6976834266487906,1,Interleaved
803,3,0,0.7638502559832188,0.6787624865422914,1,Interleaved
804,4,0,0.5006142555848656,0.7236908380291618,1,Interleaved
805,5,0,0.5724469693556375,0.6205276801336845,1,Interleaved
806,6,0,0.2595207562933058,0.4535169023448489,1,Interleaved
807,7,0,0.06569341527793318,0.637375085542325,1,Interleaved
808,8,0,0.41647124510856476,0.5186907216179419,1,Interleaved
809,9,0,0.5176569135536072,0.5898524573149464,1,Interleaved
810,10,0,0.9832588406756464,0.45563495517393593,1,Interleaved
811,11,0,0.3900479007461002,0.5811649583785663,1,Interleaved
812,12,0,0.6200910047383013,0.550215716000316,1,Interleaved
813,13,0,0.5016436269960334,0.5338150828009955,1,Interleaved
814,14,0,0.9976908526519991,0.5938849838171082,1,Interleaved
815,15,0,0.1994970152550405,0.5687508310290581,1,Interleaved
816,16,0,0.58168914018277,0.4961009043579744,1,Interleaved
817,17,0,0.5371706693555383,0.561700891469556,1,Interleaved
818,18,0,0.3393002458282015,0.5417584604764539,1,Interleaved
819,19,0,0.548422776204387,0.5159849436653559,1,Interleaved
820,20,0,0.26956626780299425,0.41222476879421677,1,Interleaved
821,21,0,0.8412477202200667,0.38882196879490694,1,Interleaved
822,22,0,0.4944157029068808,0.5448587217821113,1,Interleaved
823,23,0,0.6714611675099985,0.609731571047452,1,Interleaved
824,24,0,0.5799367940655323,0.5226784040059914,1,Interleaved
825,25,0,0.2123366483514132,0.48603898572120985,1,Interleaved
826,26,0,0.44146046809117184,0.40418642971835983,1,Interleaved
827,27,0,0.6589767809140802,0.4228243410633809,1,Interleaved
828,28,0,0.007827879729667466,0.6058444396441662,1,Interleaved
829,29,0,0.6508353947237004,0.4441315951555725,1,Interleaved
830,30,0,0.9314258194181309,0.5700369892186276,1,Interleaved
831,31,0,0.6501111041600492,0.37666305233308217,1,Interleaved
832,32,0,0.9911440668227554,0.48815198412719163,1,Interleaved
833,33,0,0.49400371233660867,0.5988087526193486,1,Interleaved
834,34,0,0.9734540088558339,0.5049847683390523,1,Interleaved
835,35,0,0.21959382455138696,0.5139179664956126,1,Interleaved
836,36,0,0.5607676256252546,0.43465803487069343,1,Interleaved
837,37,0,0.5389980086476838,0.5896201475179816,1,Interleaved
838,38,0,0.39731688947716937,0.6033747343039987,1,Interleaved
839,39,0,0.9253703613497,0.6283089912049638,1,Interleaved
840,40,0,0.4991980673467574,0.4349247161609211,1,Interleaved
841,41,0,0.4262829440106533,0.6020394109148568,1,Interleaved
842,42,0,0.5062207659879954,0.40637037955325644,1,Interleaved
843,43,0,0.9744794656165416,0.6723651585138681,1,Interleaved
844,44,0,0.9347870690028808,0.5033169809422501,1,Interleaved
845,45,0,0.3694724000105158,0.5233265280081916,1,Interleaved
846,46,0,0.536073704387255,0.40799124274360754,1,Interleaved
847,47,0,0.5001998682516849,0.762080831312173,1,Interleaved
848,48,0,0.5994655674082456,0.3747474059777749,1,Interleaved
849,49,0,0.9156454478600399,0.40208227381558526,1,Interleaved
850,50,0,0.3841731620011509,0.4704852286278306,1,Interleaved
851,51,0,0.8859376601554017,0.521547422407824,1,Interleaved
852,52,0,0.7904988129499193,0.3969787430318378,1,Interleaved
853,53,0,0.3432630671026843,0.5668461932943755,1,Interleaved
854,54,0,0.2256115624014418,0.5489766407583637,1,Interleaved
855,55,0,0.5709614053903976,0.5853178633364969,1,Interleaved
856,56,0,0.5840247548738826,0.4358634118605338,1,Interleaved
857,57,0,0.11548055216943667,0.4135932694155766,1,Interleaved
858,58,0,0.48552334840886036,0.47995679009221964,1,Interleaved
859,59,0,0.8367244158618339,0.3786678796103896,1,Interleaved
860,60,0,0.4366777098585535,0.39119529406188835,1,Interleaved
861,61,0,0.6457163126468568,0.28157689573324557,1,Interleaved
862,62,0,0.5367038303992675,0.3982073185388833,1,Interleaved
863,63,0,0.39728909165008874,0.38859934900398496,1,Interleaved
864,64,0,0.9694297594960375,0.4135914425092372,1,Interleaved
865,65,0,0.5065434416267608,0.37132074664090065,1,Interleaved
866,66,0,0.049585440191182446,0.42966136203490024,1,Interleaved
867,67,0,0.5334889696821093,0.48706204525420965,1,Interleaved
868,68,0,0.8676817232617644,0.4000373938514845,1,Interleaved
869,69,0,0.5234806928933566,0.5424745796245425,1,Interleaved
870,70,0,0.2990718036982203,0.42687249876701083,1,Interleaved
871,71,0,0.6448305767298197,0.40415679904551793,1,Interleaved
872,72,0,0.3669949319559752,0.4182155396424264,1,Interleaved
873,73,0,0.8130447631074298,0.39397764003140734,1,Interleaved
874,74,0,0.6413328215010617,0.4993212893803355,1,Interleaved
875,75,0,0.10484487033012012,0.5479234920147148,1,Interleaved
876,76,0,0.7943152959063897,0.4621181670690624,1,Interleaved
877,77,0,0.6755433606758502,0.35610124909410196,1,Interleaved
878,78,0,0.5189371031932126,0.36696909651147425,1,Interleaved
879,79,0,0.20193337488937885,0.5434254714861353,1,Interleaved
880,80,0,0.9959372885365567,0.37965365683165986,1,Interleaved
881,81,0,0.5895045062866708,0.7282709398472293,1,Interleaved
882,82,0,0.8345401282276195,0.3004259828666679,1,Interleaved
883,83,0,0.49666352964906013,0.27357237708995663,1,Interleaved
884,84,0,0.07487925460771228,0.48163659759946886,1,Interleaved
885,85,0,0.20749791603402487,0.4009460299513355,1,Interleaved
886,86,0,0.43034916709404575,0.5181969578838488,1,Interleaved
887,87,0,0.3194006051023671,0.3964091835502099,1,Interleaved
888,88,0,0.6625788035224963,0.32996355886990725,1,Interleaved
889,89,0,0.554721578681035,0.4115254588539854,1,Interleaved
890,90,0,0.5767398757938392,0.4141033639892372,1,Interleaved
891,91,0,0.2650257440427778,0.3872795890974346,1,Interleaved
892,92,0,0.6827658917667345,0.390595418479529,1,Interleaved
893,93,0,0.49575314244605473,0.4012906403485031,1,Interleaved
894,94,0,0.09451945923879608,0.5257803908730676,1,Interleaved
895,95,0,0.4596439786977782,0.35458774377142954,1,Interleaved
896,96,0,0.3924719965378911,0.6441975304407486,1,Interleaved
897,97,0,0.7933526876986616,0.4646804646304154,1,Interleaved
898,98,0,0.46524333060291156,0.5631230697553924,1,Interleaved
899,99,0,0.4522361698172651,0.6105799181897296,1,Interleaved
900,100,0,0.9915701180989123,0.3534653837122127,1,Interleaved
901,101,0,0.4987448066874191,0.4736481903377764,1,Interleaved
902,102,0,0.9969032020585007,0.3222241430054866,1,Interleaved
903,103,0,0.25205316952048007,0.4616005419945427,1,Interleaved
904,104,0,0.3120999825803134,0.5040293252239996,1,Interleaved
905,105,0,0.25984385106974683,0.4335647046551775,1,Interleaved
906,106,0,0.5595730982121772,0.3612256498513797,1,Interleaved
907,107,0,0.6994149382946057,0.2818626016776411,1,Interleaved
908,108,0,0.49158423405624485,0.4868263323270232,1,Interleaved
909,109,0,0.4999788761887525,1.3151492602706656,1,Interleaved
910,110,0,0.4496418696527388,0.5014918065317575,1,Interleaved
911,111,0,0.9088887550168268,0.3640427941378919,1,Interleaved
912,112,0,0.5932394598880785,0.5226702783772765,1,Interleaved
913,113,0,0.7319188597522095,0.46910490186580023,1,Interleaved
914,114,0,0.6054632235176841,0.3947103191672676,1,Interleaved
915,115,0,0.8417871121419619,0.5027616333417078,1,Interleaved
916,116,0,0.5712291428408103,0.3432102178988687,1,Interleaved
917,117,0,0.21064699406001539,0.5061572918764946,1,Interleaved
918,118,0,0.46360057005321037,0.5709213288296808,1,Interleaved
919,119,0,0.5000862772958861,0.5060998253671237,1,Interleaved
920,120,0,0.3772226093413972,0.38739644913361604,1,Interleaved
921,121,0,0.8397205405561625,0.46734522281181756,1,Interleaved
922,122,0,0.7990996853844546,0.7040470150911922,1,Interleaved
923,123,0,0.4802241392445243,0.43870779448731634,1,Interleaved
924,124,0,0.15282580042379232,0.6079730265731857,1,Interleaved
925,125,0,0.8880359461363605,0.5124884200448424,1,Interleaved
926,126,0,0.3402830164480116,0.5054820792340273,1,Interleaved
927,127,0,0.8654125902000699,0.4748867536215033,1,Interleaved
928,128,0,0.4993385743627118,0.44545242355922,1,Interleaved
929,129,0,0.32606550651906807,0.8550060597150748,1,Interleaved
930,130,0,0.053026040438653985,0.43718469521077363,1,Interleaved
931,131,0,0.3864542179851591,0.5560221041415501,1,Interleaved
932,132,0,0.4417151999718982,0.41949027038494835,1,Interleaved
933,133,0,0.21670397732081806,0.4515901700959478,1,Interleaved
934,134,0,0.11294631812386155,0.793068825380588,1,Interleaved
935,135,0,0.7976081850560903,0.4131750475699957,1,Interleaved
936,136,0,0.2096422299439541,0.4750558702747945,1,Interleaved
937,137,0,0.2469158680973475,0.6320150519375936,1,Interleaved
938,138,0,0.9285263383138485,0.5204529636391766,1,Interleaved
939,139,0,0.6254072272159825,0.45738487986778625,1,Interleaved
940,140,0,0.20871348267180506,0.3682881071931986,1,Interleaved
941,141,0,0.8663941083757056,0.5021728372883578,1,Interleaved
942,142,0,0.5018585372364801,0.447654936414158,1,Interleaved
943,143,0,0.12969640241636993,0.38690059158137197,1,Interleaved
944,144,0,0.3969610721425594,0.3803499613683202,1,Interleaved
945,145,0,0.401599124411556,0.5233721686735117,1,Interleaved
946,146,0,0.09192271794832824,0.491072714235999,1,Interleaved
947,147,0,0.828752054905792,0.6460139745277745,1,Interleaved
948,148,0,0.35802659145275173,0.4800042243042712,1,Interleaved
949,149,0,0.48182093736728254,0.48181440810206133,1,Interleaved
950,150,0,0.3750342995157633,0.3868883898771357,1,Interleaved
951,151,0,0.13853850233721068,0.4315609459306419,1,Interleaved
952,152,0,0.7248469505696173,0.3739883214160936,1,Interleaved
953,153,0,0.3417994007117096,0.37839538043643606,1,Interleaved
954,154,0,0.4261691818982464,0.4007738714846233,1,Interleaved
955,155,0,0.1666387689476635,0.5347065497439638,1,Interleaved
956,156,0,0.7793105965232783,0.3970819984566254,1,Interleaved
957,157,0,0.5743137652525698,0.3670141646653077,1,Interleaved
958,158,0,0.9451950236795741,0.4958365025699278,1,Interleaved
959,159,0,0.47507975112430834,0.43425637845035603,1,Interleaved
960,160,0,0.9633738544527752,0.3589814500147883,1,Interleaved
961,161,0,0.7736123366414545,0.3756032289376521,1,Interleaved
962,162,0,0.6624038295879922,0.27070335906521087,1,Interleaved
963,163,0,0.07527571905118569,0.6244353016437905,1,Interleaved
964,164,0,0.4541608649812521,0.5410130624111993,1,Interleaved
965,165,0,0.6610365836986517,0.5983524157653065,1,Interleaved
966,166,0,0.5219791345629498,0.4812161662995046,1,Interleaved
967,167,0,0.8966095857900123,0.46346027429838377,1,Interleaved
968,168,0,0.6678302784852018,0.5065014375245962,1,Interleaved
969,169,0,0.09479914583082114,0.4692257623092003,1,Interleaved
970,170,0,0.4511097065091313,0.50380679169682,1,Interleaved
971,171,0,0.4185375781837054,0.3224035010770895,1,Interleaved
972,172,0,0.4861798242584721,0.36103075275596525,1,Interleaved
973,173,0,0.38636067943522645,0.38392552704200844,1,Interleaved
974,174,0,0.37156517983926446,0.5351604138052347,1,Interleaved
975,175,0,0.41166301537869776,0.6407098436918416,1,Interleaved
976,176,0,0.6707035477439036,0.28699604436380666,1,Interleaved
977,177,0,0.8481971541873435,0.3462088247863073,1,Interleaved
978,178,0,0.9288112103818478,0.4240118991999749,1,Interleaved
979,179,0,0.6035177111391993,0.3311376779582201,1,Interleaved
980,180,0,0.7854776151204618,0.4881094685804397,1,Interleaved
981,181,0,0.8041168424180591,0.36594577884920326,1,Interleaved
982,182,0,0.34146303127762334,0.5135631512766458,1,Interleaved
983,183,0,0.48101126310684383,0.6321052931104156,1,Interleaved
984,184,0,0.794706900397886,0.40724937983987997,1,Interleaved
985,185,0,0.49995235821706674,0.48035815318160796,1,Interleaved
986,186,0,0.5175717241209453,0.4982256362384093,1,Interleaved
987,187,0,0.5978516887257812,0.3386665073960241,1,Interleaved
988,188,0,0.36770923141453893,0.4218457866950048,1,Interleaved
989,189,0,0.21169772771860096,0.45915263824667774,1,Interleaved
990,190,0,0.02463029266167465,0.5663455152866093,1,Interleaved
991,191,0,0.17998948241296797,0.47436435381911646,1,Interleaved
992,192,0,0.7155280756812856,0.36033075680031623,1,Interleaved
993,193,0,0.2501378706684953,0.3234569525313191,1,Interleaved
994,194,0,0.4696784269336288,0.3877343651666881,1,Interleaved
995,195,0,0.5188326933599433,0.4249942350708051,1,Interleaved
996,196,0,0.3359890800711031,0.3087756969077561,1,Interleaved
997,197,0,0.8053250129382402,0.3977880432344649,1,Interleaved
998,198,0,0.7443425698092119,0.3415985930456994,1,Interleaved
999,199,0,0.3723407553944457,0.5735927601514457,1,Interleaved
1000,0,0,0.2965018074488666,0.6026049478727769,1,Instructed
1001,1,0,0.13173157139130365,0.6956649252941782,1,Instructed
1002,2,0,0.7055672344592605,0.4190339652798631,1,Instructed
1003,3,0,0.4308507285574376,0.5426535849552061,1,Instructed
1004,4,0,0.6272594058283265,0.42940535899975696,1,Instructed
1005,5,0,0.22601123886025848,0.5651979172128783,1,Instructed
1006,6,0,0.5098281535110583,0.45280709400493346,1,Instructed
1007,7,0,0.16908358320000474,0.6802918921051488,1,Instructed
1008,8,0,0.52605004544683,0.5392866546407427,1,Instructed
1009,9,0,0.24630689742629128,0.49143289440654847,1,Instructed
1010,10,0,0.1345671522173168,0.5527334423106449,1,Instructed
1011,11,0,0.7336936547641254,0.42604770474122833,1,Instructed
1012,12,0,0.9586362445847565,0.4090833220028855,1,Instructed
1013,13,0,0.07753033167958268,0.42681778960502786,1,Instructed
1014,14,0,0.5036269982273759,0.4631612114062684,1,Instructed
1015,15,0,0.8889277815748273,0.4791865599859406,1,Instructed
1016,16,0,0.09689144405933904,0.5408492196379704,1,Instructed
1017,17,0,0.42671278488423753,0.3679150352162069,1,Instructed
1018,18,0,0.08586824934340626,0.49432560602232944,1,Instructed
1019,19,0,0.4768262957304131,0.467142253766495,1,Instructed
1020,20,0,0.41753365426413813,0.4447645863795462,1,Instructed
1021,21,0,0.18859603097070604,0.39170002405314097,1,Instructed
1022,22,0,0.4322517313933085,0.4255444420454074,1,Instructed
1023,23,0,0.27204904200819796,0.4020746984455264,1,Instructed
1024,24,0,0.9594241544418591,0.4232229271815213,1,Instructed
1025,25,0,0.46344217809851407,0.4821089996808874,1,Instructed
1026,26,0,0.7132847792944028,0.4523989270140638,1,Instructed
1027,27,0,0.9769667543816077,0.4583169407489679,1,Instructed
1028,28,0,0.5834453713012369,0.4609187143174564,1,Instructed
1029,29,0,0.3954178575727557,0.4602749725346354,1,Instructed
1030,30,0,0.9688165712201513,0.2721943476764113,1,Instructed
1031,31,0,0.5814396794594623,0.4170418524884174,1,Instructed
1032,32,0,0.9861928297616019,0.3976338865073894,1,Instructed
1033,33,0,0.31891117679331926,0.6248578052071887,1,Instructed
1034,34,0,0.48494774850180233,0.5050694022486042,1,Instructed
1035,35,0,0.6522905184247334,0.2987000184631271,1,Instructed
1036,36,0,0.6690739998018831,0.21636379739369072,1,Instructed
1037,37,0,0.16941594118245962,0.4896078080273488,1,Instructed
1038,38,0,0.888428557416901,0.4747863721137434,1,Instructed
1039,39,0,0.18728806713350213,0.44877525573195387,1,Instructed
1040,40,0,0.5783154393763419,0.45206760617811403,1,Instructed
1041,41,0,0.5894806477951364,0.33433967383647,1,Instructed
1042,42,0,0.36220725229028083,0.33806035173480536,1,Instructed
1043,43,0,0.9246046977471583,0.2523640354558495,1,Instructed
1044,44,0,0.5474073621224154,0.3132845968947634,1,Instructed
1045,45,0,0.2526695262609428,0.42983404248881996,1,Instructed
1046,46,0,0.15034262284176567,0.437967479441868,1,Instructed
1047,47,0,0.9106495161675148,0.6548437083910765,1,Instructed
1048,48,0,0.2069556266481887,0.543010888925836,1,Instructed
1049,49,0,0.30026483661902525,0.5343800812140279,1,Instructed
1050,50,0,0.4689394398445157,0.453439009653037,1,Instructed
1051,51,0,0.5044804774262746,0.5235470572673777,1,Instructed
1052,52,0,0.7166598857275278,0.23899184087924247,1,Instructed
1053,53,0,0.39629794614994035,0.5179215980860221,1,Instructed
1054,54,0,0.5122679317683068,0.2845945481797627,1,Instructed
1055,55,0,0.9412433284169606,0.2332938012209527,1,Instructed
1056,56,0,0.9380610459207848,0.35552276387068593,1,Instructed
1057,57,0,0.7011197310047501,0.3285502843643506,1,Instructed
1058,58,0,0.8006922999469088,0.3058135472065795,1,Instructed
1059,59,0,0.15979668849893086,0.39837712389439117,1,Instructed
1060,60,0,0.2933988847716182,0.4092358201109188,1,Instructed
1061,61,0,0.9030212738137757,0.4791469055268135,1,Instructed
1062,62,0,0.7439377784957066,0.3096915562119266,1,Instructed
1063,63,0,0.4481527187310925,0.49008896197610385,1,Instructed
1064,64,0,0.342876688528156,0.4598038952162399,1,Instructed
1065,65,0,0.5148284220307285,0.443545653825868,1,Instructed
1066,66,0,0.06764464383396028,0.49521507470168047,1,Instructed
1067,67,0,0.018105751373865237,0.6274495550711596,1,Instructed
1068,68,0,0.43906595350809974,0.4519015662834467,1,Instructed
1069,69,0,0.5125959172403931,0.3109217919779962,1,Instructed
1070,70,0,0.3922228365381618,0.5271543166078678,1,Instructed
1071,71,0,0.7057283696463479,0.40349192100818465,1,Instructed
1072,72,0,0.8546291513853859,0.36458167331817054,1,Instructed
1073,73,0,0.8416609149301371,0.2542601194171798,1,Instructed
1074,74,0,0.17536869267372798,0.5121771147353537,1,Instructed
1075,75,0,0.9408252443858427,0.3029603315755691,1,Instructed
1076,76,0,0.37043791886303545,0.3525487382883835,1,Instructed
1077,77,0,0.7539882835727256,0.48132417948750694,1,Instructed
1078,78,0,0.21307265844924725,0.45425446419411647,1,Instructed
1079,79,0,0.9672361606288765,0.24473222591830274,1,Instructed
1080,80,0,0.5818539409552086,0.4143966520503233,1,Instructed
1081,81,0,0.14660369138791465,0.41660288167206316,1,Instructed
1082,82,0,0.5002778180004566,0.33976586653623386,1,Instructed
1083,83,0,0.920009380655026,0.45999432998539347,1,Instructed
1084,84,0,0.26861841825421295,0.45158150917000134,1,Instructed
1085,85,0,0.24014230661156727,0.4604652284257035,1,Instructed
1086,86,0,0.8751039920716313,0.3124167256807613,1,Instructed
1087,87,0,0.8252043143769534,0.28800522738747725,1,Instructed
1088,88,0,0.7205157656321004,0.43318284080888614,1,Instructed
1089,89,0,0.9872341482183038,0.4940481756863264,1,Instructed
1090,90,0,0.9671717092774332,0.38961937421553516,1,Instructed
1091,91,0,0.027716355394119888,0.5418588599987657,1,Instructed
1092,92,0,0.12738330153783312,0.43047685925351165,1,Instructed
1093,93,0,0.5380226725247427,0.403499127772082,1,Instructed
1094,94,0,0.21955962503158816,0.33260851478643577,1,Instructed
1095,95,0,0.5146955142257515,0.42881062032910455,1,Instructed
1096,96,0,0.007893811412253714,0.4556703276574342,1,Instructed
1097,97,0,0.9455919750856391,0.41786970658023026,1,Instructed
1098,98,0,0.19885984208694651,0.5609835064802677,1,Instructed
1099,99,0,0.8153328554102132,0.4526066074284652,1,Instructed
1100,100,0,0.5754971004494928,0.36158761697049846,1,Instructed
1101,101,0,0.534891626180182,0.37109717980245815,1,Instructed
1102,102,0,0.8358459162488656,0.47713831311952126,1,Instructed
1103,103,0,0.9893890229553866,0.4790693086951784,1,Instructed
1104,104,0,0.3670198975548769,0.41414133389126095,1,Instructed
1105,105,0,0.5998522715015112,0.42242226457057996,1,Instructed
1106,106,0,0.4917733273577932,0.4281765650528383,1,Instructed
1107,107,0,0.6812427360067739,0.40610753210953426,1,Instructed
1108,108,0,0.617721828895472,0.46329011430695854,1,Instructed
1109,109,0,0.7342343447209922,0.30359185490524565,1,Instructed
1110,110,0,0.12932605809986794,0.46146291075952284,1,Instructed
1111,111,0,0.024506077122602235,0.4172797948456648,1,Instructed
1112,112,0,0.40038828286250866,0.3683684223249616,1,Instructed
1113,113,0,0.5713954331333371,0.39087918465274873,1,Instructed
1114,114,0,0.8264170693969771,0.2961051333912176,1,Instructed
1115,115,0,0.0932319972073577,0.35595807720149014,1,Instructed
1116,116,0,0.9668140612135507,0.3980744903206107,1,Instructed
1117,117,0,0.4534943246140203,0.39472160089971053,1,Instructed
1118,118,0,0.24564235507327195,0.5031661878911384,1,Instructed
1119,119,0,0.6421542842237056,0.4152675901359227,1,Instructed
1120,120,0,0.4890792709030639,0.3924310091959926,1,Instructed
1121,121,0,0.8677467649271948,0.4622659341171991,1,Instructed
1122,122,0,0.47750057793223155,0.538289692294017,1,Instructed
1123,123,0,0.32221571761748746,0.4128467685181743,1,Instructed
1124,124,0,0.7913834272790244,0.44137574287593445,1,Instructed
1125,125,0,0.5207514083383961,0.49873041441299726,1,Instructed
1126,126,0,0.8078583309016867,0.30106918479882105,1,Instructed
1127,127,0,0.8084238467569478,0.38970364711768113,1,Instructed
1128,128,0,0.45743135701852383,0.3883930913082917,1,Instructed
1129,129,0,0.30060492501924946,0.3993508681189749,1,Instructed
1130,130,0,0.5300097659744271,0.6596231029688455,1,Instructed
1131,131,0,0.9556118570719085,0.3878272714983888,1,Instructed
1132,132,0,0.5596864638327969,0.601092570304717,1,Instructed
1133,133,0,0.5442183510805532,0.2954714916651845,1,Instructed
1134,134,0,0.9977434654394314,0.41929965219896076,1,Instructed
1135,135,0,0.8855809578827274,0.3162746555372101,1,Instructed
1136,136,0,0.9756520309662187,0.31281782449515483,1,Instructed
1137,137,0,0.01984616776891352,0.6206671223143743,1,Instructed
1138,138,0,0.7511067541671671,0.2568310270877263,1,Instructed
1139,139,0,0.43645509846733854,0.5986151543315393,1,Instructed
1140,140,0,0.5253285056488803,0.4932854287938674,1,Instructed
1141,141,0,0.7345291200843889,0.38977923439011297,1,Instructed
1142,142,0,0.443123871611071,0.5009091694752086,1,Instructed
1143,143,0,0.49823669459190645,0.534837426131064,1,Instructed
1144,144,0,0.9797327868581538,0.33546064912863915,1,Instructed
1145,145,0,0.8280700616634373,0.40671128908337617,1,Instructed
1146,146,0,0.4644389506646235,0.4558962031046645,1,Instructed
1147,147,0,0.9653998420592005,0.41080774075903526,1,Instructed
1148,148,0,0.7398900272892511,0.4307042466372513,1,Instructed
1149,149,0,0.058677485004746024,0.3995125498891493,1,Instructed
1150,150,0,0.671410293109927,0.46833554783039666,1,Instructed
1151,151,0,0.3581930564305939,0.3787851092039427,1,Instructed
1152,152,0,0.80898427354683,0.2408302478440313,1,Instructed
1153,153,0,0.8719864002899369,0.5611556573558274,1,Instructed
1154,154,0,0.45450614538232154,0.42730890822355105,1,Instructed
1155,155,0,0.5152057510786379,0.4520822492941233,1,Instructed
1156,156,0,0.06410172395838577,0.4008225627973024,1,Instructed
1157,157,0,0.9584561940001577,0.23355557661946486,1,Instructed
1158,158,0,0.4583752843289456,0.4924940074834244,1,Instructed
1159,159,0,0.8011015264368695,0.39967010381233914,1,Instructed
1160,160,0,0.966918312386768,0.38451614796786343,1,Instructed
1161,161,0,0.5514116509442117,0.35966055668173047,1,Instructed
1162,162,0,0.4845535649942483,0.45508111406060864,1,Instructed
1163,163,0,0.8673637834419048,0.3596472409679235,1,Instructed
1164,164,0,0.9984009160971514,0.3200561962542695,1,Instructed
1165,165,0,0.41440362217049304,0.619402725617032,1,Instructed
1166,166,0,0.49470387967021845,0.4090900404295745,1,Instructed
1167,167,0,0.5060695760704931,0.531837104739934,1,Instructed
1168,168,0,0.955339062947543,0.47188658106171744,1,Instructed
1169,169,0,0.948310995670015,0.3304556943850906,1,Instructed
1170,170,0,0.892592393077388,0.5671771134180502,1,Instructed
1171,171,0,0.8470835755035524,0.4786637765368419,1,Instructed
1172,172,0,0.8896458359373904,0.2907208573547524,1,Instructed
1173,173,0,0.21850122408615075,0.40324721760545135,1,Instructed
1174,174,0,0.40610889980219556,0.37325192242081706,1,Instructed
1175,175,0,0.9937811261126589,0.4426834616957286,1,Instructed
1176,176,0,0.48784952203977755,0.39623752354525815,1,Instructed
1177,177,0,0.8893699982688026,0.33014459345493125,1,Instructed
1178,178,0,0.35680565891517657,0.26243171199475857,1,Instructed
1179,179,0,0.11357221161228027,0.44485433213982395,1,Instructed
1180,180,0,0.988738837796912,0.34938047247933407,1,Instructed
1181,181,0,0.8996704161567932,0.39346923751536156,1,Instructed
1182,182,0,0.5058646727236173,0.4744077671125542,1,Instructed
1183,183,0,0.2137682735323238,0.4181995863107848,1,Instructed
1184,184,0,0.9149824799572628,0.5969578811633318,1,Instructed
1185,185,0,0.6644292100373925,0.35586456373205466,1,Instructed
1186,186,0,0.8606393524715188,0.3152565876162546,1,Instructed
1187,187,0,0.9747923382543167,0.35854243122178353,1,Instructed
1188,188,0,0.5243529066751623,0.5461372883206181,1,Instructed
1189,189,0,0.48515158868676644,0.44261152122488534,1,Instructed
1190,190,0,0.24934482301005623,0.5258868136301139,1,Instructed
1191,191,0,0.7733181939490907,0.451728611928085,1,Instructed
1192,192,0,0.9275076518292646,0.39215776437598016,1,Instructed
1193,193,0,0.2955970643153767,0.2665528938726449,1,Instructed
1194,194,0,0.99067703723836,0.40372869608238937,1,Instructed
1195,195,0,0.5434643618079605,0.23583277545471293,1,Instructed
1196,196,0,0.44173115017134035,0.47515812846907723,1,Instructed
1197,197,0,0.8337996873242906,0.37520897660785074,1,Instructed
1198,198,0,0.8062400346470502,0.3462876051707331,1,Instructed
1199,199,0,0.8071997916910405,0.45775897394065695,1,Instructed
