,t,e_hat,Accuracy,pe,batch,Condition
0,0,0,0.5515585464711616,1.0133499015269924,0,Blocked
1,1,0,0.035618249239642776,0.735548005662061,0,Blocked
2,2,0,0.46954734902450435,0.5402607884951258,0,Blocked
3,3,0,0.039121327155232595,0.732022219857654,0,Blocked
4,4,0,0.49223951115647013,0.6550229131973682,0,Blocked
5,5,0,0.501624875799743,0.6930139785650247,0,Blocked
6,6,0,0.11855515292035225,0.8269920535808872,0,Blocked
7,7,0,0.5631314268229716,0.47277178709088796,0,Blocked
8,8,0,0.9600758254813542,0.6627673144106061,0,Blocked
9,9,0,0.42134576140231383,0.593662365589928,0,Blocked
10,10,0,0.04247322901619013,0.8195849395477497,0,Blocked
11,11,0,0.49757041477002617,0.7992998452553097,0,Blocked
12,12,0,0.9662399840110456,0.4981875013203267,0,Blocked
13,13,0,0.2133504197477602,0.7415574657024426,0,Blocked
14,14,0,0.10887406561218173,0.9619134520204774,0,Blocked
15,15,0,0.907904307442495,0.5389472823887771,0,Blocked
16,16,0,0.01808017678789151,0.8554987733816322,0,Blocked
17,17,0,0.42696329013848716,0.5862480334230249,0,Blocked
18,18,0,0.5232753100506815,0.6443713171313523,0,Blocked
19,19,0,0.47764457231299984,0.5057182947243036,0,Blocked
20,20,0,0.5003860519767492,0.6794330446492549,0,Blocked
21,21,0,0.4548839212350593,0.6487546821008734,0,Blocked
22,22,0,0.05877041497735628,0.7217121056486216,0,Blocked
23,23,0,0.6636501938383035,0.6848280209936484,0,Blocked
24,24,0,0.3501292382122682,0.7984715904495895,0,Blocked
25,25,0,0.21863712198492832,0.6201665199238219,0,Blocked
26,26,0,0.507491840200203,0.7387746059459916,0,Blocked
27,27,0,0.060605267797068464,0.8831665079681512,0,Blocked
28,28,0,0.24575091889340847,0.8145769108688669,0,Blocked
29,29,0,0.6237135770771639,0.672012800690601,0,Blocked
30,30,0,0.5003481110573882,0.90199768915265,0,Blocked
31,31,0,0.45008701457235767,0.8831647695602824,0,Blocked
32,32,0,0.3611782779760264,0.6021531373669484,0,Blocked
33,33,0,0.5724034932210726,0.5584275575366378,0,Blocked
34,34,0,0.5273911126027154,0.7980907048693133,0,Blocked
35,35,0,0.14769119884201365,0.8177191931201875,0,Blocked
36,36,0,0.27130552936733837,0.5933773233960704,0,Blocked
37,37,0,0.8103684747118276,0.6078883800406362,0,Blocked
38,38,0,0.06570234093899774,0.76887170421712,0,Blocked
39,39,0,0.8543409473309943,0.5794323997038962,0,Blocked
40,40,0,0.4950637945319133,0.6691948682375672,0,Blocked
41,41,0,0.41235641435360115,0.7297291817128784,0,Blocked
42,42,0,0.6022430579010476,0.5564944056684367,0,Blocked
43,43,0,0.4849543739340486,0.72896686504577,0,Blocked
44,44,0,0.5747205311102954,0.6075050772121264,0,Blocked
45,45,0,0.7132789099270925,0.6801017755102405,0,Blocked
46,46,0,0.9750734968946504,0.6703574879788561,0,Blocked
47,47,0,0.02930641467689566,0.6760433253719589,0,Blocked
48,48,0,0.26436401391173553,0.6160781828902163,0,Blocked
49,49,0,0.0287474609660225,0.6541297031623104,0,Blocked
50,50,0,0.2293656756055137,0.655656392045795,0,Blocked
51,51,0,0.8971022872212207,0.6931476199048078,0,Blocked
52,52,0,0.9780575742831961,0.5980258721863281,0,Blocked
53,53,0,0.023086899891598015,0.7750102151862583,0,Blocked
54,54,0,0.32546318531617013,0.4971061300752316,0,Blocked
55,55,0,0.6773532122557347,0.7012195655201874,0,Blocked
56,56,0,0.5865753090799554,0.6091782748752821,0,Blocked
57,57,0,0.49469151001467343,0.46296030025746704,0,Blocked
58,58,0,0.8456408561331566,0.42332969630169043,0,Blocked
59,59,0,0.8542396203697051,0.6793716108901546,0,Blocked
60,60,0,0.012541560761883926,0.8665384762505606,0,Blocked
61,61,0,0.5205761796163703,0.49140410296278514,0,Blocked
62,62,0,0.8914643871068215,0.3629993452995929,0,Blocked
63,63,0,0.9822828788744526,0.402809111108298,0,Blocked
64,64,0,0.004036845976080619,0.9248059433538705,0,Blocked
65,65,0,0.49908725969841244,0.5115984944744478,0,Blocked
66,66,0,0.31692593594225665,0.6542945561299637,0,Blocked
67,67,0,0.9422728495480414,0.7621358280028085,0,Blocked
68,68,0,0.9963796466252458,0.9025044759179727,0,Blocked
69,69,0,0.8729776417620296,0.47811268531446915,0,Blocked
70,70,0,0.004263318609881292,0.5760984130417335,0,Blocked
71,71,0,0.982076661944852,0.5160879546466584,0,Blocked
72,72,0,0.6518924424903976,0.467687000616123,0,Blocked
73,73,0,0.01868981823232294,0.7520355932197678,0,Blocked
74,74,0,0.11530395174186794,0.7566804926774998,0,Blocked
75,75,0,0.9771882523076638,0.5322493581434089,0,Blocked
76,76,0,0.2756342406615906,0.4390053199719936,0,Blocked
77,77,0,0.36430114009171916,0.6074328680068147,0,Blocked
78,78,0,0.9950004748335628,0.5391799845470262,0,Blocked
79,79,0,0.9962248407031111,0.38715420377666054,0,Blocked
80,80,0,0.5245427101422437,0.5023578768858236,0,Blocked
81,81,0,0.6598700000654687,0.5078698640796006,0,Blocked
82,82,0,0.9033723408902982,0.7173860671910819,0,Blocked
83,83,0,0.5212140435411838,0.7306068486787751,0,Blocked
84,84,0,0.4411646219663003,0.4179702979827976,0,Blocked
85,85,0,0.1049280183882141,0.6357632165868934,0,Blocked
86,86,0,0.7188726244370773,0.7001711449973371,0,Blocked
87,87,0,0.4744462501081671,0.47615223888322233,0,Blocked
88,88,0,0.6385043423223087,0.6178542713518895,0,Blocked
89,89,0,0.039695111585840624,0.6516996920533398,0,Blocked
90,90,0,0.511510063451891,0.6060898034072411,0,Blocked
91,91,0,0.39913577766338243,0.7024030911015442,0,Blocked
92,92,0,0.49101633429426905,0.7268746026973336,0,Blocked
93,93,0,0.8830297189786357,0.5000945986499761,0,Blocked
94,94,0,0.1532079180099658,0.7194250185100299,0,Blocked
95,95,0,0.9377798528114631,0.6425245636062167,0,Blocked
96,96,0,0.6837772663903814,0.5444912918973042,0,Blocked
97,97,0,0.6165898308734795,0.6388516041609322,0,Blocked
98,98,0,0.9315972163167301,0.5233218859650607,0,Blocked
99,99,0,0.2095470409513066,0.5385897845727633,0,Blocked
100,100,0,0.49847164571158803,0.5807868230060341,0,Blocked
101,101,0,0.3422087558048867,0.5946133184291378,0,Blocked
102,102,0,0.5007819281136822,0.7796927524076058,0,Blocked
103,103,0,0.48350646374863987,0.6627306055355017,0,Blocked
104,104,0,0.494828667696358,0.4846628213474311,0,Blocked
105,105,0,0.6273523201572576,0.5194051041356302,0,Blocked
106,106,0,0.010837537623986655,0.7031397953044394,0,Blocked
107,107,0,0.45936596877988156,0.6037031084535607,0,Blocked
108,108,0,0.2720978705343395,0.574251902059302,0,Blocked
109,109,0,0.4554890107292474,0.7069932038038098,0,Blocked
110,110,0,0.09598458961520051,0.5814833933458619,0,Blocked
111,111,0,0.5528482841850326,0.5296699033123664,0,Blocked
112,112,0,0.6826311808206577,0.6659956780734074,0,Blocked
113,113,0,0.2528958449811344,0.636288171447611,0,Blocked
114,114,0,0.49715585439467264,0.6669173686299117,0,Blocked
115,115,0,0.5209585104831007,0.7395160314300759,0,Blocked
116,116,0,0.2440221341071813,0.6045541717227105,0,Blocked
117,117,0,0.8003348419095868,0.48771461148091694,0,Blocked
118,118,0,0.5295802407370539,0.6348388423272464,0,Blocked
119,119,0,0.7416668102185144,0.5902995406322353,0,Blocked
120,120,0,0.8166028613256986,0.5088598737915291,0,Blocked
121,121,0,0.30252396329741404,0.4448711205798959,0,Blocked
122,122,0,0.24482514224324842,0.5490120418917392,0,Blocked
123,123,0,0.5990081124213527,0.5232642324622417,0,Blocked
124,124,0,0.7030073384781501,0.5615939631881866,0,Blocked
125,125,0,0.7703740313533647,0.6599245981673915,0,Blocked
126,126,0,0.4702271552911554,0.39487996547471094,0,Blocked
127,127,0,0.1402121151988946,0.6786480506358111,0,Blocked
128,128,0,0.6658692161793576,0.45566940096532427,0,Blocked
129,129,0,0.20354022858435025,0.5758578993277857,0,Blocked
130,130,0,0.14211530907760708,0.75393317838259,0,Blocked
131,131,0,0.3093396744793438,0.605362258404933,0,Blocked
132,132,0,0.5600415529062832,0.5643968947823852,0,Blocked
133,133,0,0.5262243695683393,0.7699021565138913,0,Blocked
134,134,0,0.17885254402725134,0.6382801506561309,0,Blocked
135,135,0,0.3240800700283282,0.6517067097046064,0,Blocked
136,136,0,0.8255481167235766,0.49292119824135094,0,Blocked
137,137,0,0.009454574994345289,0.8995036971266396,0,Blocked
138,138,0,0.813290567193224,0.42534406277885084,0,Blocked
139,139,0,0.893919606813671,0.5316823355138762,0,Blocked
140,140,0,0.040836499140116105,0.39147330519039614,0,Blocked
141,141,0,0.21888016789695672,0.5478147961314114,0,Blocked
142,142,0,0.20352017728923824,0.7584814063305854,0,Blocked
143,143,0,0.687174699985222,0.5855450608632242,0,Blocked
144,144,0,0.5381982667338399,0.7337715025784142,0,Blocked
145,145,0,0.9961610420825021,0.8417245283217893,0,Blocked
146,146,0,0.9974851510276193,0.7203427053563323,0,Blocked
147,147,0,0.3740755726008157,0.5971766826330875,0,Blocked
148,148,0,0.6677989408731633,0.5558090080285878,0,Blocked
149,149,0,0.3680024816793093,0.6469406730979437,0,Blocked
150,150,0,0.8878377054791741,0.6774126245584005,0,Blocked
151,151,0,0.7229700952698819,0.44843421252935023,0,Blocked
152,152,0,0.5257690811605835,0.6982967585634492,0,Blocked
153,153,0,0.04275195347154817,0.7876262789046781,0,Blocked
154,154,0,0.48782702060824995,0.6602464864455914,0,Blocked
155,155,0,0.014699445836038636,0.6700999481407737,0,Blocked
156,156,0,0.7884087261090266,0.705900268116834,0,Blocked
157,157,0,0.2775745919461207,1.3879628872387841,0,Blocked
158,158,0,0.054877275892949245,0.6909066234425565,0,Blocked
159,159,0,0.4824929322282563,0.7650786577218215,0,Blocked
160,160,0,0.9994970794699302,0.743784057494302,0,Blocked
161,161,0,0.21825087697151968,0.7525955334587495,0,Blocked
162,162,0,0.6449013497485048,0.5440658176770528,0,Blocked
163,163,0,0.7353562440829895,0.7263268105646615,0,Blocked
164,164,0,0.46676736518450296,0.6630466441173606,0,Blocked
165,165,0,0.006938577757264617,0.7609355365289561,0,Blocked
166,166,0,0.8676357847402296,0.6759576457753949,0,Blocked
167,167,0,0.24944136586845694,0.6011461684617745,0,Blocked
168,168,0,0.4743062759618692,0.6891492831889847,0,Blocked
169,169,0,0.5033828498874182,0.6936843214899961,0,Blocked
170,170,0,0.7537831787006104,0.7708446021240138,0,Blocked
171,171,0,0.3680883481267031,0.6933488117353205,0,Blocked
172,172,0,0.9985683781325978,0.5872057488472522,0,Blocked
173,173,0,0.09067332125506682,0.6497307183360266,0,Blocked
174,174,0,0.3371321577417238,0.6991836504434513,0,Blocked
175,175,0,0.32100987623945404,0.7429823486813237,0,Blocked
176,176,0,0.5358481579828118,0.7539955290247369,0,Blocked
177,177,0,0.5063049066141713,0.773652953841715,0,Blocked
178,178,0,0.5752565623537511,0.6499559931162734,0,Blocked
179,179,0,0.6089085323857996,0.7291234042130432,0,Blocked
180,180,0,0.5681301464264036,0.5966384068314646,0,Blocked
181,181,0,0.9190978115136358,0.6738240255809698,0,Blocked
182,182,0,0.9873760852221856,0.6022017272717214,0,Blocked
183,183,0,0.921135136924894,0.596167764505117,0,Blocked
184,184,0,0.4260662261506775,0.7312612789067605,0,Blocked
185,185,0,0.5643038555654808,0.6559905486207049,0,Blocked
186,186,0,0.5737560482694042,0.6918011449843187,0,Blocked
187,187,0,0.9176864230943922,0.48631068301271485,0,Blocked
188,188,0,0.49977521202298986,0.7044974165485103,0,Blocked
189,189,0,0.015323817914169577,0.6486232790467437,0,Blocked
190,190,0,0.8464702989439925,0.8044866870996983,0,Blocked
191,191,0,0.2615504979475851,0.7924856529789097,0,Blocked
192,192,0,0.7086204383383041,0.5510632009539471,0,Blocked
193,193,0,0.9010380472492624,0.9160037250326278,0,Blocked
194,194,0,0.9451848342123998,0.6667843890403886,0,Blocked
195,195,0,0.27669458913574174,0.6628506449709841,0,Blocked
196,196,0,0.5003301579210496,0.770017926776027,0,Blocked
197,197,0,0.17163241160781822,0.5424097040022599,0,Blocked
198,198,0,0.5287351156572702,0.5088291738499118,0,Blocked
199,199,0,0.32306227652272534,0.7072165106434032,0,Blocked
200,0,0,0.3353332614143664,0.7818448037556459,0,Interleaved
201,1,0,0.2046420439687278,0.7385145214589006,0,Interleaved
202,2,0,0.2211742042296663,0.7540654277718817,0,Interleaved
203,3,0,0.8978546679280357,0.6514466468184538,0,Interleaved
204,4,0,0.4584885112930634,0.48865663444626606,0,Interleaved
205,5,0,0.8610135403497252,0.5726613104848339,0,Interleaved
206,6,0,0.9904074785612929,0.7046720148716354,0,Interleaved
207,7,0,0.9133798949790979,0.827430133292018,0,Interleaved
208,8,0,0.5525992320173332,0.594344659560593,0,Interleaved
209,9,0,0.2855636135321151,0.8360012321989662,0,Interleaved
210,10,0,0.0894929696196078,0.8460051386631146,0,Interleaved
211,11,0,0.009223557230540986,0.8989837896142618,0,Interleaved
212,12,0,0.4768507267131769,1.5361140682499417,0,Interleaved
213,13,0,0.49522206642925515,0.6762601130493592,0,Interleaved
214,14,0,0.025374149691218137,0.7383398083443683,0,Interleaved
215,15,0,0.781541273765983,0.6678228141372129,0,Interleaved
216,16,0,0.03586606855731355,0.7621045109993718,0,Interleaved
217,17,0,0.4089991894988561,0.7159517867195458,0,Interleaved
218,18,0,0.9990806083035767,0.5094933924142562,0,Interleaved
219,19,0,0.36363057031792095,0.6169361541931174,0,Interleaved
220,20,0,0.2533841523378797,0.5763898870904707,0,Interleaved
221,21,0,0.516799448451485,0.7254067086851197,0,Interleaved
222,22,0,0.9771149600556244,0.6093474183301988,0,Interleaved
223,23,0,0.5590102696087129,0.5946801853521749,0,Interleaved
224,24,0,0.4984169036709788,0.5329044299624442,0,Interleaved
225,25,0,0.5726709839965864,0.5548785404397643,0,Interleaved
226,26,0,0.03265727197224593,0.8513213810242695,0,Interleaved
227,27,0,0.07234000073100925,0.712834045728761,0,Interleaved
228,28,0,0.48252481124676716,0.8599164146270668,0,Interleaved
229,29,0,0.4982889416539152,0.674657669751989,0,Interleaved
230,30,0,0.05145234996822529,0.9387865495506615,0,Interleaved
231,31,0,0.9169329219622775,0.7690458879402717,0,Interleaved
232,32,0,0.5954936830561911,0.5498005928681529,0,Interleaved
233,33,0,0.4057661549179582,0.7862310720498915,0,Interleaved
234,34,0,0.9708318047349522,0.6044191608276233,0,Interleaved
235,35,0,0.15226723136460452,0.5933339498587731,0,Interleaved
236,36,0,0.9132032844390228,0.5800000104492141,0,Interleaved
237,37,0,0.48586285130497336,0.835209340584349,0,Interleaved
238,38,0,0.07243386679852842,0.8136645251283658,0,Interleaved
239,39,0,0.8840586153073662,0.6688370971612567,0,Interleaved
240,40,0,0.19388027374825645,1.1276911846089597,0,Interleaved
241,41,0,0.499463472297278,0.9220791357532695,0,Interleaved
242,42,0,0.017773642611942718,0.6163107126292044,0,Interleaved
243,43,0,0.011557529732074136,0.8528483577979851,0,Interleaved
244,44,0,0.4963735023090017,0.5390082176951256,0,Interleaved
245,45,0,0.47712688494048977,0.48174988843110983,0,Interleaved
246,46,0,0.9201992231748695,0.7906987578278468,0,Interleaved
247,47,0,0.011842334556111665,0.957449966459704,0,Interleaved
248,48,0,0.3813207426647677,0.5796893989816232,0,Interleaved
249,49,0,0.9372819475173035,0.6498420442668659,0,Interleaved
250,50,0,0.04170351210822419,0.6070438403588154,0,Interleaved
251,51,0,0.27225470286337544,0.7150039889042211,0,Interleaved
252,52,0,0.6899234388086629,0.505869920846554,0,Interleaved
253,53,0,0.1358949792966703,1.0480809057768066,0,Interleaved
254,54,0,0.9533276774493131,0.8694076600680327,0,Interleaved
255,55,0,0.29976115982807966,0.700621316933641,0,Interleaved
256,56,0,0.5186268442283626,0.5065971175297601,0,Interleaved
257,57,0,0.8930315123857929,0.5926462206942136,0,Interleaved
258,58,0,0.15577357652901347,0.7127911317823505,0,Interleaved
259,59,0,0.5377346244605322,0.570568014161018,0,Interleaved
260,60,0,0.7167608520737327,0.6457420240863663,0,Interleaved
261,61,0,0.6526398722996758,0.7604431846244648,0,Interleaved
262,62,0,0.5994476868338051,0.7323681798130068,0,Interleaved
263,63,0,0.7531521206055489,0.5256408886360727,0,Interleaved
264,64,0,0.5843417087932529,0.5006431295172257,0,Interleaved
265,65,0,0.22179730745672271,0.43855741289615774,0,Interleaved
266,66,0,0.9757253976740557,0.5493761454328834,0,Interleaved
267,67,0,0.5013832526914443,0.8111843465891339,0,Interleaved
268,68,0,0.44549231191385,0.728026000845501,0,Interleaved
269,69,0,0.6958741228510239,0.5072927463809429,0,Interleaved
270,70,0,0.8171616673833239,0.6660752300309289,0,Interleaved
271,71,0,0.4917470437381693,0.8343665013387972,0,Interleaved
272,72,0,0.599816317171276,0.6831582638151935,0,Interleaved
273,73,0,0.36762912134143216,0.6545392965386145,0,Interleaved
274,74,0,0.7396693528727263,0.6373936937815654,0,Interleaved
275,75,0,0.015545618383640568,0.7243544614962071,0,Interleaved
276,76,0,0.08612795381447574,0.616294464609485,0,Interleaved
277,77,0,0.8732290308057519,0.5506758885983012,0,Interleaved
278,78,0,0.5432867193217905,0.6540890831594983,0,Interleaved
279,79,0,0.4778691225427529,0.6217254184894776,0,Interleaved
280,80,0,0.0390428122019931,0.6956215135256862,0,Interleaved
281,81,0,0.7427759991865783,0.5486461966827996,0,Interleaved
282,82,0,0.25133824041593816,0.6326746213544097,0,Interleaved
283,83,0,0.06686202451525627,0.9832188111890081,0,Interleaved
284,84,0,0.5061805680167597,0.7313571490843415,0,Interleaved
285,85,0,0.6670081749796037,0.6544583295016508,0,Interleaved
286,86,0,0.4049461966303294,0.6024076948609296,0,Interleaved
287,87,0,0.515341012338044,0.715763854800849,0,Interleaved
288,88,0,0.9305003685173102,0.4741637373765514,0,Interleaved
289,89,0,0.5002150412751606,0.45225696193636394,0,Interleaved
290,90,0,0.9245845301535283,0.5966587955873048,0,Interleaved
291,91,0,0.901248520350815,0.513837039044087,0,Interleaved
292,92,0,0.39481949965285973,0.5559875551180755,0,Interleaved
293,93,0,0.7414138079921071,0.6409220619344034,0,Interleaved
294,94,0,0.4865581976081045,0.6637380352100539,0,Interleaved
295,95,0,0.29567651645324633,0.7867397107732963,0,Interleaved
296,96,0,0.15064410193702002,0.8482494064627253,0,Interleaved
297,97,0,0.6906217710369793,0.8927669212763141,0,Interleaved
298,98,0,0.4944553764235553,0.8460420642862374,0,Interleaved
299,99,0,0.8330216394096641,0.5709585428453112,0,Interleaved
300,100,0,0.955081245681819,0.4156812745159428,0,Interleaved
301,101,0,0.5394681281849147,0.45725363536346497,0,Interleaved
302,102,0,0.35629351133971676,0.6956063561401995,0,Interleaved
303,103,0,0.13920007753050034,0.6588204749748523,0,Interleaved
304,104,0,0.6748797143728005,0.740430619938155,0,Interleaved
305,105,0,0.42103140211136886,0.7895234584912074,0,Interleaved
306,106,0,0.032077767279874984,0.7593517702741737,0,Interleaved
307,107,0,0.9921282666469047,0.6041059666859705,0,Interleaved
308,108,0,0.5057231948399037,0.7038823657803253,0,Interleaved
309,109,0,0.43347268194640826,0.6910576212918653,0,Interleaved
310,110,0,0.29825150370581877,0.68433306606826,0,Interleaved
311,111,0,0.0032652459792891775,0.8698561617664036,0,Interleaved
312,112,0,0.3822423751214042,0.8258489468940229,0,Interleaved
313,113,0,0.9704624410470808,0.8309387361511662,0,Interleaved
314,114,0,0.03950289185286493,0.8564502423834695,0,Interleaved
315,115,0,0.7771162360159158,0.6417173200497641,0,Interleaved
316,116,0,0.22808266358285323,0.5694180113148769,0,Interleaved
317,117,0,0.5353402340459386,0.5289819345918234,0,Interleaved
318,118,0,0.9928262384074271,0.47164343796471475,0,Interleaved
319,119,0,0.005764167556567735,2.07414552313883,0,Interleaved
320,120,0,0.42733283105045416,0.9515970591193431,0,Interleaved
321,121,0,0.9635876974443438,0.5361677464700344,0,Interleaved
322,122,0,0.4430470995560077,0.8129760773538028,0,Interleaved
323,123,0,0.5690651267615503,0.6223646485003336,0,Interleaved
324,124,0,0.32613612702770084,0.7622070760876243,0,Interleaved
325,125,0,0.20063137438290546,0.760526424491419,0,Interleaved
326,126,0,0.7965155490057362,0.3568467659585266,0,Interleaved
327,127,0,0.7679293153461851,0.4198775758471487,0,Interleaved
328,128,0,0.5680520321141318,0.5057711846270458,0,Interleaved
329,129,0,0.6827100982355636,0.7057063067567141,0,Interleaved
330,130,0,0.2900925380845806,0.6046756825277539,0,Interleaved
331,131,0,0.30433098196958674,0.8298362177459935,0,Interleaved
332,132,0,0.5173551269054204,0.6417037270455701,0,Interleaved
333,133,0,0.7703504722842739,0.42100975172268074,0,Interleaved
334,134,0,0.8263133858751712,0.664218016886563,0,Interleaved
335,135,0,0.42989638022059484,0.6906452853714066,0,Interleaved
336,136,0,0.8477269812705185,0.633758582352675,0,Interleaved
337,137,0,0.9641913121732999,0.5884928051431499,0,Interleaved
338,138,0,0.17258472065239713,0.6247419795401192,0,Interleaved
339,139,0,0.499426310681837,0.485889927549636,0,Interleaved
340,140,0,0.520646913114386,0.5793629323037883,0,Interleaved
341,141,0,0.7811746691701624,0.6148665697825133,0,Interleaved
342,142,0,0.0507612047402116,0.6734297127956534,0,Interleaved
343,143,0,0.24314926192021138,0.6974458010396721,0,Interleaved
344,144,0,0.8710669571524781,0.7496079875535441,0,Interleaved
345,145,0,0.5376561875710613,0.7099888751340735,0,Interleaved
346,146,0,0.07240514033674145,1.332783715817976,0,Interleaved
347,147,0,0.6125610215855317,0.5826771300672557,0,Interleaved
348,148,0,0.4911399604368107,0.6298806619588038,0,Interleaved
349,149,0,0.5020091178878209,0.7002268566149403,0,Interleaved
350,150,0,0.4761768811337632,0.7246479891142412,0,Interleaved
351,151,0,0.6001570051909331,0.6889788832920337,0,Interleaved
352,152,0,0.16425508567589123,0.8315532545447349,0,Interleaved
353,153,0,0.6548861389915539,0.5535861696415306,0,Interleaved
354,154,0,0.7737650928039026,0.9099656193483687,0,Interleaved
355,155,0,0.5000116831940454,0.7384223060511892,0,Interleaved
356,156,0,0.9459888658260358,0.36153451290210037,0,Interleaved
357,157,0,0.5993755557495426,0.639933292333013,0,Interleaved
358,158,0,0.9756833321293852,0.5561306055105234,0,Interleaved
359,159,0,0.5118672496729691,0.8134944241285309,0,Interleaved
360,160,0,0.5019545552827217,0.7240449900997721,0,Interleaved
361,161,0,0.5635453149658747,0.6190151931700371,0,Interleaved
362,162,0,0.5753340114816089,0.6759843562839185,0,Interleaved
363,163,0,0.8002596100176111,0.7056770732118038,0,Interleaved
364,164,0,0.7381021781937939,0.5559839275095212,0,Interleaved
365,165,0,0.41630283970515075,0.7875833797431195,0,Interleaved
366,166,0,0.9288601793357518,0.4349343893024793,0,Interleaved
367,167,0,0.540421607587767,0.6396384010367235,0,Interleaved
368,168,0,0.2475287521703213,0.5464742683805955,0,Interleaved
369,169,0,0.5202763509282197,0.5862446980834233,0,Interleaved
370,170,0,0.1976751206548011,0.5380873806653699,0,Interleaved
371,171,0,0.0677578740740317,0.7455310452761688,0,Interleaved
372,172,0,0.08168104715229053,0.8172473613790805,0,Interleaved
373,173,0,0.10640918543124893,0.7803810938487525,0,Interleaved
374,174,0,0.9304841512852826,0.7327059965754049,0,Interleaved
375,175,0,0.992972833860504,0.6603327572101971,0,Interleaved
376,176,0,0.12799955417563816,0.7383191760571547,0,Interleaved
377,177,0,0.8728999951844446,0.5935835443338727,0,Interleaved
378,178,0,0.5677799591593278,0.5319310044529024,0,Interleaved
379,179,0,0.16095956174574444,0.47456772372822276,0,Interleaved
380,180,0,0.7201302984919882,0.6277638833668348,0,Interleaved
381,181,0,0.4083427436763614,0.6928394918459289,0,Interleaved
382,182,0,0.3593414662810695,0.6293884783198276,0,Interleaved
383,183,0,0.3157980777767379,0.6395648449993983,0,Interleaved
384,184,0,0.9954165216151523,0.6894476880220444,0,Interleaved
385,185,0,0.4865060974284297,0.9224184109496023,0,Interleaved
386,186,0,0.11124677281303584,0.6764099207633694,0,Interleaved
387,187,0,0.0727241439344004,0.8197412207377148,0,Interleaved
388,188,0,0.18597327763649252,0.8291028406892321,0,Interleaved
389,189,0,0.5372722878515015,0.7923135912895831,0,Interleaved
390,190,0,0.8662942225566757,0.5705263485544931,0,Interleaved
391,191,0,0.641204733271442,0.5643705462102323,0,Interleaved
392,192,0,0.9358598163737657,0.5492629719902815,0,Interleaved
393,193,0,0.979825689227669,0.5231446475442934,0,Interleaved
394,194,0,0.9076384848701927,0.7551500594427262,0,Interleaved
395,195,0,0.22758618718627388,0.7334751627316252,0,Interleaved
396,196,0,0.5964260424632853,0.6694342299978268,0,Interleaved
397,197,0,0.4830982218127894,0.7139573300248636,0,Interleaved
398,198,0,0.8208133863284619,0.8532607041708771,0,Interleaved
399,199,0,0.7497497419764185,1.186846152215499,0,Interleaved
400,0,0,0.6469984822564648,0.7593239932445741,0,Instructed
401,1,0,0.48350678278895226,0.6838071671397272,0,Instructed
402,2,0,0.5198823600680011,0.5154698469821923,0,Instructed
403,3,0,0.6899548181865773,0.5403603686020997,0,Instructed
404,4,0,0.978066987351727,0.7034082991941831,0,Instructed
405,5,0,0.6568508356303168,0.5304134003181129,0,Instructed
406,6,0,0.5552602634421906,0.8442551364787418,0,Instructed
407,7,0,0.5307804320135923,0.5065745413030875,0,Instructed
408,8,0,0.4176384411389053,0.44689552981464037,0,Instructed
409,9,0,0.6280943858785253,0.6351353671904044,0,Instructed
410,10,0,0.7166705775884836,0.7305291635684896,0,Instructed
411,11,0,0.5047694617217041,0.6530144608024873,0,Instructed
412,12,0,0.6104873523928245,0.8748942503638371,0,Instructed
413,13,0,0.4335774327499953,0.5746220258090099,0,Instructed
414,14,0,0.5858338919754734,0.6536922370460556,0,Instructed
415,15,0,0.5103100982877494,0.6609141224673005,0,Instructed
416,16,0,0.5198832837642893,0.5608406669960841,0,Instructed
417,17,0,0.5505077141344895,0.40548715155115667,0,Instructed
418,18,0,0.5154586138252337,0.7315655999568583,0,Instructed
419,19,0,0.7194937014509497,0.628415839661734,0,Instructed
420,20,0,0.20583125389432344,0.6992329435071076,0,Instructed
421,21,0,0.43417474204900247,0.7695725846411545,0,Instructed
422,22,0,0.24123928377678502,0.7142875290549622,0,Instructed
423,23,0,0.02482181635838611,0.564300337964416,0,Instructed
424,24,0,0.5532845378966669,0.6118405234266591,0,Instructed
425,25,0,0.49883948098534425,0.5767979504387133,0,Instructed
426,26,0,0.8731366936713392,0.7842665840716905,0,Instructed
427,27,0,0.5026293944889287,0.6869152608787387,0,Instructed
428,28,0,0.686538173978744,0.536764231542598,0,Instructed
429,29,0,0.43229964923073116,0.837433092439528,0,Instructed
430,30,0,0.1264629124577219,0.6922147163951734,0,Instructed
431,31,0,0.6260473445610463,0.7923741681849601,0,Instructed
432,32,0,0.024721336409541682,0.9516542182791066,0,Instructed
433,33,0,0.9664920839333466,0.6289642437174964,0,Instructed
434,34,0,0.10214477282035257,0.8350043996960619,0,Instructed
435,35,0,0.050317136066780684,0.6105106494889704,0,Instructed
436,36,0,0.9749953584140896,0.6239556702214294,0,Instructed
437,37,0,0.4089627723554728,0.5842402957939731,0,Instructed
438,38,0,0.5653093927733708,0.9795284810645097,0,Instructed
439,39,0,0.15678131743342122,0.6839692372555988,0,Instructed
440,40,0,0.4232190140931652,0.657534990040125,0,Instructed
441,41,0,0.1325751168719663,0.6970560655915388,0,Instructed
442,42,0,0.16074384705949335,1.043942205427426,0,Instructed
443,43,0,0.5414704323207026,0.690554456098035,0,Instructed
444,44,0,0.9026788399089278,0.5367680133448136,0,Instructed
445,45,0,0.7785123488451875,0.4035912272739307,0,Instructed
446,46,0,0.8502478897927197,0.8641376163226906,0,Instructed
447,47,0,0.6913680236102223,0.6671451439174694,0,Instructed
448,48,0,0.27990100749639024,0.90475675605167,0,Instructed
449,49,0,0.6705158870087278,0.5135133498564803,0,Instructed
450,50,0,0.9701141147725738,0.5117891677819305,0,Instructed
451,51,0,0.7764548941415148,0.5304712369001106,0,Instructed
452,52,0,0.22992578919758486,0.6357025338786892,0,Instructed
453,53,0,0.56497909975111,0.739446460754641,0,Instructed
454,54,0,0.002844461682657699,0.7193556568439117,0,Instructed
455,55,0,0.82885477909057,0.62465943382838,0,Instructed
456,56,0,0.4903199353410623,0.5714586300109259,0,Instructed
457,57,0,0.2294696098680361,0.4893491621146818,0,Instructed
458,58,0,0.962455161691713,0.6809226263119387,0,Instructed
459,59,0,0.6644400482700558,0.3701012437661863,0,Instructed
460,60,0,0.21894658961130284,0.6297362944166558,0,Instructed
461,61,0,0.7766750804457585,0.6281085779948623,0,Instructed
462,62,0,0.33048332674109626,0.4600964889111222,0,Instructed
463,63,0,0.5102495873302852,0.6620188273230023,0,Instructed
464,64,0,0.5103911437698722,0.7863340478063356,0,Instructed
465,65,0,0.7861226192613481,0.7681712452963048,0,Instructed
466,66,0,0.48761128145562466,1.0768846422318543,0,Instructed
467,67,0,0.7763976268861157,0.5982327773036016,0,Instructed
468,68,0,0.47618832722536947,0.48544845896329875,0,Instructed
469,69,0,0.22368982409000188,0.6963357437777291,0,Instructed
470,70,0,0.45517861796304926,0.6916880544459776,0,Instructed
471,71,0,0.30300034587653685,0.5037596920986871,0,Instructed
472,72,0,0.15715394810619782,0.4103972745533605,0,Instructed
473,73,0,0.7803722118788678,0.4402516487454808,0,Instructed
474,74,0,0.9412789563806001,0.6922172504242436,0,Instructed
475,75,0,0.5546075847418157,0.6987402482500722,0,Instructed
476,76,0,0.07760248503911235,0.6260793839113408,0,Instructed
477,77,0,0.7787102372175587,0.47017517236527695,0,Instructed
478,78,0,0.9261992196412886,0.6179221469313222,0,Instructed
479,79,0,0.8789504396266661,0.7285432499384483,0,Instructed
480,80,0,0.7334462018015016,0.6770860500654636,0,Instructed
481,81,0,0.24339147030223351,0.7534587154903924,0,Instructed
482,82,0,0.4148731964435679,0.6543767362303239,0,Instructed
483,83,0,0.4893941894251639,0.41975434474436,0,Instructed
484,84,0,0.023351800289630457,0.58508083855935,0,Instructed
485,85,0,0.4045460848724687,0.5353491611455613,0,Instructed
486,86,0,0.9801050028641463,0.44910899662814485,0,Instructed
487,87,0,0.3218521860899869,0.4996834255060083,0,Instructed
488,88,0,0.7484234459571502,0.652866251197243,0,Instructed
489,89,0,0.31321369709176256,0.6479825079022044,0,Instructed
490,90,0,0.47274921023229743,0.747872925345684,0,Instructed
491,91,0,0.1876748752601446,0.5510618846649161,0,Instructed
492,92,0,0.30652308799647815,0.6546590233153518,0,Instructed
493,93,0,0.5977554964925165,0.5285827942938911,0,Instructed
494,94,0,0.227394778430729,0.5979858853938768,0,Instructed
495,95,0,0.4305124841984047,0.625533948007837,0,Instructed
496,96,0,0.3792324728033645,0.616618561640176,0,Instructed
497,97,0,0.4416631976363158,0.3764141164166884,0,Instructed
498,98,0,0.45913567790838383,0.7494454921250844,0,Instructed
499,99,0,0.39668467913949357,0.37605982376044256,0,Instructed
500,100,0,0.8280641706610252,0.5427474415557728,0,Instructed
501,101,0,0.6775750061366977,0.5073393110877411,0,Instructed
502,102,0,0.49622623837717067,0.6493372513471003,0,Instructed
503,103,0,0.25776128853018365,0.6824733585395357,0,Instructed
504,104,0,0.9966756037437516,0.658436994754446,0,Instructed
505,105,0,0.23883384814498326,0.5927936329622876,0,Instructed
506,106,0,0.8577352146733679,0.473221029918096,0,Instructed
507,107,0,0.21337441454846626,0.531456123003308,0,Instructed
508,108,0,0.45402618585821514,0.7437768167296896,0,Instructed
509,109,0,0.7750322812434357,0.5535762606132997,0,Instructed
510,110,0,0.316762909888869,0.4603430374638978,0,Instructed
511,111,0,0.9767545437794628,0.616395410013799,0,Instructed
512,112,0,0.479841929402362,0.9529898419697482,0,Instructed
513,113,0,0.18974482030494186,0.7335165157560716,0,Instructed
514,114,0,0.9871022085783494,0.6035426826353072,0,Instructed
515,115,0,0.17879055504520525,0.4875851127265844,0,Instructed
516,116,0,0.587074911893146,0.688763174822731,0,Instructed
517,117,0,0.49268198485528997,0.656202850693649,0,Instructed
518,118,0,0.09844423450345101,0.8282522162276482,0,Instructed
519,119,0,0.4981982092871254,0.8313915010572357,0,Instructed
520,120,0,0.5371682504674425,0.908103343802044,0,Instructed
521,121,0,0.49971919146172755,0.8206052246120669,0,Instructed
522,122,0,0.3725284250689797,0.8200096981267111,0,Instructed
523,123,0,0.34102038560469666,0.6816147086860522,0,Instructed
524,124,0,0.9435308731589769,0.534695489638009,0,Instructed
525,125,0,0.5040321619147589,0.4606926181602861,0,Instructed
526,126,0,0.36531726646181684,0.441897688409952,0,Instructed
527,127,0,0.5894894040488222,0.4953261935229436,0,Instructed
528,128,0,0.5656527022560167,0.592074199864417,0,Instructed
529,129,0,0.7545630326218457,0.6689130970162052,0,Instructed
530,130,0,0.7966395770149339,0.7398672113775694,0,Instructed
531,131,0,0.32835806970062137,0.5367286343842943,0,Instructed
532,132,0,0.07988893751882863,0.5660121561432422,0,Instructed
533,133,0,0.3019235783868707,0.4402641366514756,0,Instructed
534,134,0,0.7071118595035399,0.4238028964925222,0,Instructed
535,135,0,0.09493697658298632,0.7001393079987945,0,Instructed
536,136,0,0.688642525250587,0.5096565924666374,0,Instructed
537,137,0,0.6498297187419952,0.7948137235986705,0,Instructed
538,138,0,0.10602256713052186,0.811713436813335,0,Instructed
539,139,0,0.40985144243575533,0.580364599371145,0,Instructed
540,140,0,0.42971887851758706,0.8429999113966965,0,Instructed
541,141,0,0.4738884037728998,0.7365154880678428,0,Instructed
542,142,0,0.698507282999951,0.727934520757006,0,Instructed
543,143,0,0.01766483338064986,1.0181131542045558,0,Instructed
544,144,0,0.5737011657213713,0.9035073470999546,0,Instructed
545,145,0,0.6273740119961471,0.4442349816722053,0,Instructed
546,146,0,0.5266493463705301,0.8062508528899588,0,Instructed
547,147,0,0.7446725257136856,0.6803996434870822,0,Instructed
548,148,0,0.2910520888713068,0.7795956192632012,0,Instructed
549,149,0,0.4915384480781265,0.4024886285729019,0,Instructed
550,150,0,0.9742282320758653,0.5958824716341368,0,Instructed
551,151,0,0.4777340049252764,0.49077503640795045,0,Instructed
552,152,0,0.4598322919006853,0.5833744148344793,0,Instructed
553,153,0,0.6939070736138063,0.5417791517245892,0,Instructed
554,154,0,0.31703702588875027,0.8723561941963311,0,Instructed
555,155,0,0.5160367334989128,0.5918704837371969,0,Instructed
556,156,0,0.4849321281611995,0.6912747874994454,0,Instructed
557,157,0,0.49688175252345923,0.6799908631307529,0,Instructed
558,158,0,0.492404565464974,0.8431839563232588,0,Instructed
559,159,0,0.5831926749660937,0.7774863312942587,0,Instructed
560,160,0,0.07962900712415551,0.4741928084276641,0,Instructed
561,161,0,0.5609395691360343,0.37128664459856325,0,Instructed
562,162,0,0.861586212486968,0.5300617349554113,0,Instructed
563,163,0,0.5671007842131882,0.6770970177500177,0,Instructed
564,164,0,0.2964324413806803,0.727332103995828,0,Instructed
565,165,0,0.209475136031455,0.8417186715301901,0,Instructed
566,166,0,0.04567537960924169,0.7586248884341298,0,Instructed
567,167,0,0.13810597280633669,0.8206652944632924,0,Instructed
568,168,0,0.784405953882165,0.5041351331129807,0,Instructed
569,169,0,0.9701974573283276,0.5098367471573051,0,Instructed
570,170,0,0.6913766830255724,0.6156358669843038,0,Instructed
571,171,0,0.5437305311333721,0.6076155055137865,0,Instructed
572,172,0,0.5192189539103971,0.3700743564205734,0,Instructed
573,173,0,0.47936510839037655,0.6480327297304092,0,Instructed
574,174,0,0.7026081855723646,0.596474856756722,0,Instructed
575,175,0,0.5291083360125222,0.7021087295096696,0,Instructed
576,176,0,0.4689409982629197,0.8184098683492718,0,Instructed
577,177,0,0.1322656763252577,0.5650633660833488,0,Instructed
578,178,0,0.410699969641308,0.7006296739013879,0,Instructed
579,179,0,0.36986643093733024,0.6606742229035951,0,Instructed
580,180,0,0.498562369763937,0.7318096256198479,0,Instructed
581,181,0,0.5297831072660465,0.6137935277342323,0,Instructed
582,182,0,0.8929850318416501,0.6130165557979803,0,Instructed
583,183,0,0.08926105927957007,0.8144661618913079,0,Instructed
584,184,0,0.7174637519966721,0.396073823718217,0,Instructed
585,185,0,0.5085744839677397,0.602126981243414,0,Instructed
586,186,0,0.08040816364645081,0.7826223051043966,0,Instructed
587,187,0,0.18164247883146872,0.8395148711481493,0,Instructed
588,188,0,0.5698767331470733,0.6432214761688323,0,Instructed
589,189,0,0.6560777705348045,0.898362104487952,0,Instructed
590,190,0,0.35717892477199026,0.51701435740782,0,Instructed
591,191,0,0.5929811833890408,0.8931268391060893,0,Instructed
592,192,0,0.07017968505719831,0.9346179747468362,0,Instructed
593,193,0,0.8948028487935366,0.799656954752004,0,Instructed
594,194,0,0.43812131319677083,0.629854317817599,0,Instructed
595,195,0,0.6306721586422941,0.6437974971139794,0,Instructed
596,196,0,0.1153888993049827,0.9692921836463879,0,Instructed
597,197,0,0.044704326622701476,0.5053986968669186,0,Instructed
598,198,0,0.3387925627417624,0.5578899620164928,0,Instructed
599,199,0,0.9508834500559126,0.5348741912652031,0,Instructed
600,0,0,0.4993626830478962,0.9262944409886665,1,Blocked
601,1,0,0.4112749778893577,0.5798212124146993,1,Blocked
602,2,0,0.1769946760376849,0.8075399679775612,1,Blocked
603,3,0,0.5095643625941092,0.7393538894892819,1,Blocked
604,4,0,0.3781376292584977,0.530439666692606,1,Blocked
605,5,0,0.50634430854596,0.6558267222974654,1,Blocked
606,6,0,0.4448520189599965,0.822101870158978,1,Blocked
607,7,0,0.0023025876336473174,0.8223331669741247,1,Blocked
608,8,0,0.5367331619038392,0.6261211009388516,1,Blocked
609,9,0,0.9723127178492258,0.49998701492484277,1,Blocked
610,10,0,0.28051236003833324,0.8064615294860593,1,Blocked
611,11,0,0.18152430713644133,0.8413913190472976,1,Blocked
612,12,0,0.9282244661666434,0.7323876135500783,1,Blocked
613,13,0,0.6581108206744813,0.7750483341532715,1,Blocked
614,14,0,0.39605439728413916,0.5634746451087684,1,Blocked
615,15,0,0.4630460955920441,0.5924004422235976,1,Blocked
616,16,0,0.2525321453288659,0.8383898714134267,1,Blocked
617,17,0,0.7008399226779392,0.7893627957210836,1,Blocked
618,18,0,0.8624699065165433,0.6012677081338808,1,Blocked
619,19,0,0.3500405092817092,1.1572610830201453,1,Blocked
620,20,0,0.32034733968623885,0.5236860811185484,1,Blocked
621,21,0,0.32045816466625576,0.6601335176580314,1,Blocked
622,22,0,0.10225823171038585,0.8554276474496567,1,Blocked
623,23,0,0.682194629450643,0.9138747429384515,1,Blocked
624,24,0,0.4196960464798185,0.6489053212344091,1,Blocked
625,25,0,0.9359995474211872,0.7178020409565551,1,Blocked
626,26,0,0.5324329775815706,0.6353831435865062,1,Blocked
627,27,0,0.27867089609400314,0.6889376889932473,1,Blocked
628,28,0,0.6719708534553281,0.47939027468499423,1,Blocked
629,29,0,0.21905642965071817,0.9025540560549585,1,Blocked
630,30,0,0.827173451644956,0.6647977835502088,1,Blocked
631,31,0,0.8955490961850712,0.7298073779271534,1,Blocked
632,32,0,0.6801216699995118,0.5389247928136686,1,Blocked
633,33,0,0.7843211080771733,0.6659526540299272,1,Blocked
634,34,0,0.22707426857383567,0.5771952581613925,1,Blocked
635,35,0,0.0467996572767586,0.779807351733125,1,Blocked
636,36,0,0.14934977614310435,0.8525210526687702,1,Blocked
637,37,0,0.5414526290900086,0.6357052219501176,1,Blocked
638,38,0,0.3241580561486994,0.7607287424912019,1,Blocked
639,39,0,0.30882258248084177,0.782234988350471,1,Blocked
640,40,0,0.3171328301039598,0.7719042171972845,1,Blocked
641,41,0,0.4493915824839376,0.5781855490588693,1,Blocked
642,42,0,0.33310205490194933,1.0845472333721125,1,Blocked
643,43,0,0.9545442399926269,0.4870740169424588,1,Blocked
644,44,0,0.685859526548046,0.7271266642530261,1,Blocked
645,45,0,0.7477640956352636,0.6065951343477964,1,Blocked
646,46,0,0.9647191803445073,0.5806871844054022,1,Blocked
647,47,0,0.2820589234273519,0.7782517967871689,1,Blocked
648,48,0,0.5288189380702621,0.5539411238288926,1,Blocked
649,49,0,0.11541462077504602,0.7640094612812731,1,Blocked
650,50,0,0.24006021578335748,0.63237166126794,1,Blocked
651,51,0,0.4843860622474996,0.7106957888614835,1,Blocked
652,52,0,0.792060026969529,0.6181312065088376,1,Blocked
653,53,0,0.4986313277709014,0.7455007713549452,1,Blocked
654,54,0,0.9873305753722801,0.6475816396879412,1,Blocked
655,55,0,0.818338522757671,0.4552132047013222,1,Blocked
656,56,0,0.6808749237717541,0.7539754444193338,1,Blocked
657,57,0,0.5135507496968648,0.6773597153990947,1,Blocked
658,58,0,0.5121316251370653,0.486939916063677,1,Blocked
659,59,0,0.98133200538625,0.47005936943271626,1,Blocked
660,60,0,0.4925683490876348,0.5956024393407581,1,Blocked
661,61,0,0.4091001447985703,0.46161386672355537,1,Blocked
662,62,0,0.29177971181016576,0.6122469541637455,1,Blocked
663,63,0,0.10170852349096775,0.7832569929873117,1,Blocked
664,64,0,0.49757327258017314,1.0258523350573414,1,Blocked
665,65,0,0.2511041943767775,0.8276355722800453,1,Blocked
666,66,0,0.7936555376091705,1.2147154241590152,1,Blocked
667,67,0,0.26783469216272887,0.5808884081533371,1,Blocked
668,68,0,0.9891398368675877,0.6209728842163562,1,Blocked
669,69,0,0.5404244464830784,0.5034848210182334,1,Blocked
670,70,0,0.6029794849477971,0.6370603768506831,1,Blocked
671,71,0,0.4107833947194453,0.7298176670409614,1,Blocked
672,72,0,0.9160088555908059,0.4581520540473052,1,Blocked
673,73,0,0.6644106197296339,0.6975481582646227,1,Blocked
674,74,0,0.19983996059381257,0.8884160371763186,1,Blocked
675,75,0,0.526027426483808,0.7047249466360006,1,Blocked
676,76,0,0.8421488898790563,0.5830955503176332,1,Blocked
677,77,0,0.02537187244460071,0.7509636039483911,1,Blocked
678,78,0,0.809889775180503,0.4035417066756811,1,Blocked
679,79,0,0.966696548143138,0.6141700674733019,1,Blocked
680,80,0,0.49810399760727087,0.8026429701458717,1,Blocked
681,81,0,0.3842570934124709,0.7316466604885834,1,Blocked
682,82,0,0.4829587146493843,0.6348248162664483,1,Blocked
683,83,0,0.5000385491342174,0.6616985224000878,1,Blocked
684,84,0,0.6416357559823906,0.3639713654106119,1,Blocked
685,85,0,0.3205350430098334,0.7839479047343052,1,Blocked
686,86,0,0.5427029969550736,0.7461934536652506,1,Blocked
687,87,0,0.9689718448221792,0.7133602004998274,1,Blocked
688,88,0,0.34671079166112223,0.5723448636504977,1,Blocked
689,89,0,0.5301180989698344,0.6657745118915954,1,Blocked
690,90,0,0.7932771424076455,0.615654392034543,1,Blocked
691,91,0,0.2184932013916603,0.6545056253329833,1,Blocked
692,92,0,0.6301997592249724,0.6474672877685402,1,Blocked
693,93,0,0.9438863858015596,0.6601710654498711,1,Blocked
694,94,0,0.10541759246065957,0.6608904668567341,1,Blocked
695,95,0,0.7904637668536507,0.6132805228571043,1,Blocked
696,96,0,0.46716300027785485,0.7028855045554224,1,Blocked
697,97,0,0.5002046136049977,0.964998642964847,1,Blocked
698,98,0,0.810508201110109,0.6644229426799766,1,Blocked
699,99,0,0.5031300169101777,0.7965670117558302,1,Blocked
700,100,0,0.4826700719755944,0.6465905339892885,1,Blocked
701,101,0,0.5275395152705736,0.5222561803906086,1,Blocked
702,102,0,0.19034462141490321,0.6013755710431525,1,Blocked
703,103,0,0.4475571503279412,0.8259715690143339,1,Blocked
704,104,0,0.4995667271743168,0.8098672144980513,1,Blocked
705,105,0,0.38435947223422146,0.6308249474740892,1,Blocked
706,106,0,0.9511263196608766,0.7165203190925586,1,Blocked
707,107,0,0.39689136435663547,0.5874316444767047,1,Blocked
708,108,0,0.4764047808357102,0.5539411209404811,1,Blocked
709,109,0,0.3927357075195107,0.5818982824854174,1,Blocked
710,110,0,0.5631179738465406,0.7082413917534316,1,Blocked
711,111,0,0.5257017915500792,0.532247607909185,1,Blocked
712,112,0,0.9147077188380517,0.6024162591267956,1,Blocked
713,113,0,0.7440665610407549,0.6257895249480249,1,Blocked
714,114,0,0.6418363943572732,0.6336101111998056,1,Blocked
715,115,0,0.6097663322290016,0.8568013755033596,1,Blocked
716,116,0,0.5278900659917513,0.6907773025533495,1,Blocked
717,117,0,0.9530365396281891,0.6351157213478247,1,Blocked
718,118,0,0.552929641533799,0.6085457272561089,1,Blocked
719,119,0,0.8774455259301357,0.6186713246557329,1,Blocked
720,120,0,0.5013883032097897,0.5229685944528163,1,Blocked
721,121,0,0.48425925023926897,0.5235626404373115,1,Blocked
722,122,0,0.8172680843302165,0.8129618215125607,1,Blocked
723,123,0,0.9726981832039856,0.7249781857889548,1,Blocked
724,124,0,0.9994846450142315,0.834164246995762,1,Blocked
725,125,0,0.7138083578235443,0.40669095104568814,1,Blocked
726,126,0,0.8716603312595113,0.9914344567130076,1,Blocked
727,127,0,0.4974963529305195,0.7738430584556717,1,Blocked
728,128,0,0.5193662306645556,0.6257990382504983,1,Blocked
729,129,0,0.9808733038851689,1.0886732398022265,1,Blocked
730,130,0,0.018688597153515056,1.0080298025575933,1,Blocked
731,131,0,0.259586449886465,0.7473921110047108,1,Blocked
732,132,0,0.5819326709859812,0.7120747013869382,1,Blocked
733,133,0,0.48544956531150285,0.550586031491124,1,Blocked
734,134,0,0.6111242256944572,0.7145136740963577,1,Blocked
735,135,0,0.7809130646789579,0.657406655425141,1,Blocked
736,136,0,0.995636879270185,0.6197800721976691,1,Blocked
737,137,0,0.0890470221652197,0.7471457137751367,1,Blocked
738,138,0,0.9461909041311183,0.5922110242482101,1,Blocked
739,139,0,0.8133903602090726,0.6367497299368962,1,Blocked
740,140,0,0.4823957150547021,0.6817727782894292,1,Blocked
741,141,0,0.12783991779659704,0.6584553290884254,1,Blocked
742,142,0,0.5072298799447861,0.604272811205064,1,Blocked
743,143,0,0.48369367415080694,0.5900417548822572,1,Blocked
744,144,0,0.02783516146021651,0.876520946431958,1,Blocked
745,145,0,0.46173632092496025,0.5152908925026674,1,Blocked
746,146,0,0.4950396556040077,0.7477950034239575,1,Blocked
747,147,0,0.993084729906853,0.43511103879136853,1,Blocked
748,148,0,0.027956817812267623,0.7262880845185964,1,Blocked
749,149,0,0.5126515259727958,0.6114504094915694,1,Blocked
750,150,0,0.4321993032033873,0.8144730064263512,1,Blocked
751,151,0,0.08808095295274863,0.6228247028370986,1,Blocked
752,152,0,0.7665733527493193,0.6781070790636303,1,Blocked
753,153,0,0.49662476326458826,0.7487847676589343,1,Blocked
754,154,0,0.28205984097940445,0.5058183546241886,1,Blocked
755,155,0,0.6801421738780189,0.6803110736594826,1,Blocked
756,156,0,0.012231710620022753,0.6204416278832069,1,Blocked
757,157,0,0.9965402889653139,0.7258623219582748,1,Blocked
758,158,0,0.39870480717844753,0.8751002727677232,1,Blocked
759,159,0,0.9727166780325015,0.552571111670804,1,Blocked
760,160,0,0.5013519873145498,0.7080209192619406,1,Blocked
761,161,0,0.6179204760758986,0.5127978138474062,1,Blocked
762,162,0,0.4564656367925083,0.6799842346432623,1,Blocked
763,163,0,0.28062264419808186,0.5308273680705182,1,Blocked
764,164,0,0.619755488976847,0.6943111528608703,1,Blocked
765,165,0,0.7389095975128337,0.5601565244103772,1,Blocked
766,166,0,0.3513538357453255,0.5835332833991743,1,Blocked
767,167,0,0.0015727438598536739,1.074503917427137,1,Blocked
768,168,0,0.9051935724694604,0.6809650366687341,1,Blocked
769,169,0,0.6486984398824948,0.5917068439537645,1,Blocked
770,170,0,0.47405657830373044,0.5670550843763913,1,Blocked
771,171,0,0.7049907004186348,0.5727128036662608,1,Blocked
772,172,0,0.3041229023846586,0.5592493328612186,1,Blocked
773,173,0,0.5229929131046314,0.7182869197931505,1,Blocked
774,174,0,0.25806790413249747,0.6905485394729896,1,Blocked
775,175,0,0.5316107111007476,0.7851664100187303,1,Blocked
776,176,0,0.01440576272585331,0.7960355767308231,1,Blocked
777,177,0,0.9911077328082212,0.6262568449163666,1,Blocked
778,178,0,0.4439766065197126,0.7106580023462423,1,Blocked
779,179,0,0.5404900268700602,0.7175968387373854,1,Blocked
780,180,0,0.5736563858894045,0.7073520028378202,1,Blocked
781,181,0,0.06793394398758339,0.8882328452674617,1,Blocked
782,182,0,0.792775944465687,0.78001623794418,1,Blocked
783,183,0,0.7432367002264681,0.9361830631954664,1,Blocked
784,184,0,0.9651431849094518,0.5202142982560101,1,Blocked
785,185,0,0.6179831025663531,0.6867114464872353,1,Blocked
786,186,0,0.46641847534016867,0.5377459229643661,1,Blocked
787,187,0,0.9867418510176005,0.71692642186716,1,Blocked
788,188,0,0.9895984480979862,0.7283037430803827,1,Blocked
789,189,0,0.5247773535975022,0.6440020214529851,1,Blocked
790,190,0,0.8521183162834177,0.4888685177233154,1,Blocked
791,191,0,0.5221543950708218,0.868621804897365,1,Blocked
792,192,0,0.7310580219318157,0.622625252342538,1,Blocked
793,193,0,0.05466728579205731,0.7221761074517644,1,Blocked
794,194,0,0.4451128682277596,0.580112607065182,1,Blocked
795,195,0,0.7250308938681657,0.7138318332910603,1,Blocked
796,196,0,0.597119856995015,0.8088329657776767,1,Blocked
797,197,0,0.9727840784927477,0.6578893517641335,1,Blocked
798,198,0,0.028082232760420586,0.9686114850803669,1,Blocked
799,199,0,0.22147420006408094,0.389981031101281,1,Blocked
800,0,0,0.7240716417867621,0.7500952731063955,1,Interleaved
801,1,0,0.09180751760687508,0.737519885917572,1,Interleaved
802,2,0,0.5677163541984747,1.008998048010128,1,Interleaved
803,3,0,0.4709588313045886,0.7162564496521233,1,Interleaved
804,4,0,0.48976793544529085,0.7853769148549563,1,Interleaved
805,5,0,0.4395080831181089,0.7673869067171986,1,Interleaved
806,6,0,0.5042985939867521,0.8979572223915762,1,Interleaved
807,7,0,0.7932272686102421,1.170746511381669,1,Interleaved
808,8,0,0.964970747862967,0.5459019079824858,1,Interleaved
809,9,0,0.019488021085596094,0.72860713517925,1,Interleaved
810,10,0,0.26015886780139047,0.7113762058530247,1,Interleaved
811,11,0,0.011505180999266743,0.9490110357027077,1,Interleaved
812,12,0,0.42526629058476834,0.758911604241769,1,Interleaved
813,13,0,0.021467087439131775,0.65710893236814,1,Interleaved
814,14,0,0.14881393437615695,0.8881509674399348,1,Interleaved
815,15,0,0.9313096475118234,0.4336215869566684,1,Interleaved
816,16,0,0.15456980598784203,0.6816140255777186,1,Interleaved
817,17,0,0.3131408461371761,0.6509906443165504,1,Interleaved
818,18,0,0.605424259644143,0.7753631346357615,1,Interleaved
819,19,0,0.7921379229393695,0.5479309682431814,1,Interleaved
820,20,0,0.3154355153373472,0.7753195478025389,1,Interleaved
821,21,0,0.23549510789487843,0.7032307302003913,1,Interleaved
822,22,0,0.5257334400835634,0.6739291761625578,1,Interleaved
823,23,0,0.22148919473334194,0.8077151199541139,1,Interleaved
824,24,0,0.5040059058372005,0.8047480512404441,1,Interleaved
825,25,0,0.0819499572282898,0.8173385128085593,1,Interleaved
826,26,0,0.5353424518053153,0.7632916073476916,1,Interleaved
827,27,0,0.20310722972427758,0.4299372026531784,1,Interleaved
828,28,0,0.49009242978332573,0.6888044185724144,1,Interleaved
829,29,0,0.0730701940506609,0.9340875337826551,1,Interleaved
830,30,0,0.37046343895323347,0.66771794302192,1,Interleaved
831,31,0,0.24548868421064135,0.7492462625789896,1,Interleaved
832,32,0,0.8337153548122949,0.5919235717234332,1,Interleaved
833,33,0,0.12806598634776709,0.7577677952810467,1,Interleaved
834,34,0,0.5186151755796201,0.7393400895395277,1,Interleaved
835,35,0,0.6459070640378718,0.6366474741648643,1,Interleaved
836,36,0,0.8176921653958442,0.43756168646595806,1,Interleaved
837,37,0,0.7044567140311915,0.7683172425771576,1,Interleaved
838,38,0,0.17122060538322054,0.7615401310783669,1,Interleaved
839,39,0,0.8818357748539005,0.792055062181815,1,Interleaved
840,40,0,0.5047182724980043,0.6566613157543779,1,Interleaved
841,41,0,0.969826801632576,0.48503476215773833,1,Interleaved
842,42,0,0.3671563325090489,0.6763737187889987,1,Interleaved
843,43,0,0.7228142522629448,0.6066107953817166,1,Interleaved
844,44,0,0.6155944145175594,0.7021122274599731,1,Interleaved
845,45,0,0.6658009172456798,0.4141397192376007,1,Interleaved
846,46,0,0.27941654473224686,0.5549701736368413,1,Interleaved
847,47,0,0.5645598623404632,0.7320970664229952,1,Interleaved
848,48,0,0.5025500788918624,0.6998600759927858,1,Interleaved
849,49,0,0.8990731331168353,0.6768341088788195,1,Interleaved
850,50,0,0.3386843142630076,0.5346850555642553,1,Interleaved
851,51,0,0.3304969927245221,0.417504281390112,1,Interleaved
852,52,0,0.5133830782621108,0.5170284288265725,1,Interleaved
853,53,0,0.5145067735905877,0.5964178341690736,1,Interleaved
854,54,0,0.44485128235790156,0.7025297425586102,1,Interleaved
855,55,0,0.3245640918209483,0.6330161826511089,1,Interleaved
856,56,0,0.2729149292515564,0.7830608557279983,1,Interleaved
857,57,0,0.6659360526229492,0.42824832060284734,1,Interleaved
858,58,0,0.828761532859607,0.38800510945321265,1,Interleaved
859,59,0,0.2459055809216927,0.7896672912793563,1,Interleaved
860,60,0,0.5045381172750845,0.6851352569537159,1,Interleaved
861,61,0,0.12620846177327597,0.6160020528946328,1,Interleaved
862,62,0,0.6935409878135059,0.8960397741420412,1,Interleaved
863,63,0,0.8548748433416019,0.7105863211635701,1,Interleaved
864,64,0,0.4962241929633074,0.7223702404594443,1,Interleaved
865,65,0,0.5020523820623067,0.799415356132636,1,Interleaved
866,66,0,0.4945729205281272,0.5712649828074085,1,Interleaved
867,67,0,0.05904255887808451,0.7210862288820764,1,Interleaved
868,68,0,0.21971107775250776,1.0069262730862187,1,Interleaved
869,69,0,0.546757844647023,0.7280056906701324,1,Interleaved
870,70,0,0.31593118113800356,0.6639715783463358,1,Interleaved
871,71,0,0.16661707728997432,0.9489929159330398,1,Interleaved
872,72,0,0.507534789667358,0.6900717585768374,1,Interleaved
873,73,0,0.012743851337039699,0.9876416653012483,1,Interleaved
874,74,0,0.5000350307183358,0.8145892429874566,1,Interleaved
875,75,0,0.9066517583882783,0.5047381651474334,1,Interleaved
876,76,0,0.8309427346943641,0.6469549192125621,1,Interleaved
877,77,0,0.5376395523235548,0.5206092380593931,1,Interleaved
878,78,0,0.5991051929578942,0.7355870846760574,1,Interleaved
879,79,0,0.33967578822828076,0.7947656076269782,1,Interleaved
880,80,0,0.3992115719470527,0.5210249390667314,1,Interleaved
881,81,0,0.9468102482988636,0.46181388796323536,1,Interleaved
882,82,0,0.5942112252673984,0.7965355105848763,1,Interleaved
883,83,0,0.4939117812473967,0.5312098231160811,1,Interleaved
884,84,0,0.497257793410225,0.6320943930921193,1,Interleaved
885,85,0,0.6042765722855418,0.7886590018270363,1,Interleaved
886,86,0,0.38029168556547954,0.5895331326162627,1,Interleaved
887,87,0,0.9576138288519254,0.49645428361229704,1,Interleaved
888,88,0,0.21830123914202995,0.9590865294976186,1,Interleaved
889,89,0,0.153337776609443,0.7812049004246834,1,Interleaved
890,90,0,0.5179671784859439,0.787071526201687,1,Interleaved
891,91,0,0.7107603591076891,0.6598504676447594,1,Interleaved
892,92,0,0.48645961479012895,0.6040955973261676,1,Interleaved
893,93,0,0.9811023398482908,0.5226349063155049,1,Interleaved
894,94,0,0.6170418970219712,0.725978480668382,1,Interleaved
895,95,0,0.5559881792652898,0.5069899949611099,1,Interleaved
896,96,0,0.4515347947626035,0.5533244012903797,1,Interleaved
897,97,0,0.3139722147291639,0.5558616888664334,1,Interleaved
898,98,0,0.7707120801667391,0.6161370964950452,1,Interleaved
899,99,0,0.8402680152644006,0.4505576043694952,1,Interleaved
900,100,0,0.3023110309395152,0.5130806204707143,1,Interleaved
901,101,0,0.1200627091072123,0.5711952026936014,1,Interleaved
902,102,0,0.9156287113929459,0.5968340633895091,1,Interleaved
903,103,0,0.6160201460794558,0.6341899187170011,1,Interleaved
904,104,0,0.6682138502369251,0.6018824734755456,1,Interleaved
905,105,0,0.9890304372691008,0.653373182071793,1,Interleaved
906,106,0,0.6010617806460317,0.6140191416772062,1,Interleaved
907,107,0,0.2039087611774455,0.5215824802308614,1,Interleaved
908,108,0,0.5391495975035054,0.6146774575135383,1,Interleaved
909,109,0,0.47143146719979523,0.5542966935362943,1,Interleaved
910,110,0,0.46631085814811657,0.7546093262681888,1,Interleaved
911,111,0,0.34551029537582767,0.8998730203959553,1,Interleaved
912,112,0,0.5991005390189817,0.4920906190292905,1,Interleaved
913,113,0,0.07523169833386603,0.8105518141433106,1,Interleaved
914,114,0,0.383505204549207,0.5782087426799958,1,Interleaved
915,115,0,0.605888050543854,0.675639708647968,1,Interleaved
916,116,0,0.36045847324635827,0.9078784687126412,1,Interleaved
917,117,0,0.07986262380521957,0.7176971047111919,1,Interleaved
918,118,0,0.4958621002609572,0.6828091995472634,1,Interleaved
919,119,0,0.06306308110295573,1.0251497930338271,1,Interleaved
920,120,0,0.5014119705339732,0.6308328903301773,1,Interleaved
921,121,0,0.4142990939081306,0.6595371177971376,1,Interleaved
922,122,0,0.6937463231884954,0.6664548253550939,1,Interleaved
923,123,0,0.4510176217000851,0.7290488191361659,1,Interleaved
924,124,0,0.5171364934533139,0.8869232100173576,1,Interleaved
925,125,0,0.9804784615870437,0.48359849023286533,1,Interleaved
926,126,0,0.47124098103596085,0.9887837274863971,1,Interleaved
927,127,0,0.0017218387896690568,1.139818003264224,1,Interleaved
928,128,0,0.5134692550220525,0.7043417949161391,1,Interleaved
929,129,0,0.7977398595892686,0.6250517507949251,1,Interleaved
930,130,0,0.22844250766620805,0.8169460023323172,1,Interleaved
931,131,0,0.8375807391477912,0.40522023132948026,1,Interleaved
932,132,0,0.2372314714978535,0.5301828790982654,1,Interleaved
933,133,0,0.5067498455877439,0.5567163353913211,1,Interleaved
934,134,0,0.3774271339707745,0.6547053602523493,1,Interleaved
935,135,0,0.14822349787304953,0.6141939901161537,1,Interleaved
936,136,0,0.5300048784660814,0.6043695475955888,1,Interleaved
937,137,0,0.2935804315071096,0.5667776722580012,1,Interleaved
938,138,0,0.511908630142987,0.6076701516494497,1,Interleaved
939,139,0,0.7272677606211555,0.5727303232975147,1,Interleaved
940,140,0,0.595191828885255,0.6585520045191733,1,Interleaved
941,141,0,0.43391508754085006,0.7207629078314015,1,Interleaved
942,142,0,0.2613980939775116,0.44293188902158187,1,Interleaved
943,143,0,0.9920690630632798,0.49248620652704556,1,Interleaved
944,144,0,0.4577016817377118,0.7295270886215622,1,Interleaved
945,145,0,0.5506478946583832,0.4773359562336297,1,Interleaved
946,146,0,0.6259779164888702,0.45695767393668996,1,Interleaved
947,147,0,0.24927650524906803,0.5785566075765705,1,Interleaved
948,148,0,0.5864627603176038,0.7130313226607423,1,Interleaved
949,149,0,0.9359292085648703,0.7535567663529528,1,Interleaved
950,150,0,0.4229139917134419,0.7503097554409078,1,Interleaved
951,151,0,0.722494998920719,0.5818016583501449,1,Interleaved
952,152,0,0.5865619807626431,0.7585365130052195,1,Interleaved
953,153,0,0.5979638506415265,0.9405293377893438,1,Interleaved
954,154,0,0.668347431391157,0.6756700069343258,1,Interleaved
955,155,0,0.004239245536668566,0.8405261314424816,1,Interleaved
956,156,0,0.2365218574944551,0.5083078358617588,1,Interleaved
957,157,0,0.5653772422561283,0.7894414238274403,1,Interleaved
958,158,0,0.49208086016209623,0.644146433483767,1,Interleaved
959,159,0,0.9851217573185166,0.5985537500048528,1,Interleaved
960,160,0,0.6959584487506295,0.5321099014993875,1,Interleaved
961,161,0,0.5084427699745675,0.4702353947942569,1,Interleaved
962,162,0,0.3897212253747846,0.6608800265100929,1,Interleaved
963,163,0,0.423614514533805,0.6559634275166017,1,Interleaved
964,164,0,0.5221756764706296,0.622744053509183,1,Interleaved
965,165,0,0.9410171874268709,0.38975701994416684,1,Interleaved
966,166,0,0.5037914165397591,0.5905434409433139,1,Interleaved
967,167,0,0.127420468073637,0.6345510191993774,1,Interleaved
968,168,0,0.9658327918601222,0.6167120960410001,1,Interleaved
969,169,0,0.8526685293721081,0.5369267595272634,1,Interleaved
970,170,0,0.5092049365411042,0.7690549389097339,1,Interleaved
971,171,0,0.11763042259274657,0.9331653813021143,1,Interleaved
972,172,0,0.340446397433792,0.5516204312860813,1,Interleaved
973,173,0,0.9815053397325757,0.6668580248811511,1,Interleaved
974,174,0,0.534522522168076,0.6431584638858004,1,Interleaved
975,175,0,0.23504537614595059,0.8643008905486413,1,Interleaved
976,176,0,0.47831001803673384,0.7700953653993278,1,Interleaved
977,177,0,0.42517333527382944,0.7842880008074464,1,Interleaved
978,178,0,0.5121101048960665,0.7477961324318018,1,Interleaved
979,179,0,0.5231821263436007,0.5374408168463454,1,Interleaved
980,180,0,0.7777410114999714,0.5695322442900116,1,Interleaved
981,181,0,0.3480340212769727,0.6709704042530222,1,Interleaved
982,182,0,0.4963712553340927,0.7444966488841982,1,Interleaved
983,183,0,0.3493222724100264,0.6184125199068526,1,Interleaved
984,184,0,0.39535936773069413,0.5416220082772896,1,Interleaved
985,185,0,0.625112138035218,0.4215871999599553,1,Interleaved
986,186,0,0.06169593680682982,0.7208288773484051,1,Interleaved
987,187,0,0.7050645433673765,0.7746400969453819,1,Interleaved
988,188,0,0.9652627268302023,0.6675676747617572,1,Interleaved
989,189,0,0.8671617620452896,0.6340923501285021,1,Interleaved
990,190,0,0.6278325726233203,0.7041683668458145,1,Interleaved
991,191,0,0.3538136875843189,0.5145072114723976,1,Interleaved
992,192,0,0.3656379426289781,0.6607347091873972,1,Interleaved
993,193,0,0.8023628517238157,0.5043564793847952,1,Interleaved
994,194,0,0.9281406639927057,0.4337509404074694,1,Interleaved
995,195,0,0.4616804985590479,0.7529061546600243,1,Interleaved
996,196,0,0.49370972711697736,0.7670249253287198,1,Interleaved
997,197,0,0.6272571176531506,0.6020347913105637,1,Interleaved
998,198,0,0.4886153852229108,0.5569467437476493,1,Interleaved
999,199,0,0.33447717429849,0.6448036411237439,1,Interleaved
1000,0,0,0.9779882325796327,0.9023888271556437,1,Instructed
1001,1,0,0.6433513672209394,0.7038731352018173,1,Instructed
1002,2,0,0.5644056497770278,0.666016361923718,1,Instructed
1003,3,0,0.137586251290836,0.7853408203051759,1,Instructed
1004,4,0,0.15608251776959778,0.8449901278779609,1,Instructed
1005,5,0,0.11368754408999912,0.6119700937970807,1,Instructed
1006,6,0,0.8213238323013416,0.6773673088412517,1,Instructed
1007,7,0,0.6717546217053371,0.6523139982665649,1,Instructed
1008,8,0,0.4635107421102081,0.5776453381255021,1,Instructed
1009,9,0,0.4958625290688284,0.5828937805726859,1,Instructed
1010,10,0,0.9185756564039423,0.5360168617886141,1,Instructed
1011,11,0,0.4858415793366757,0.7377656046910575,1,Instructed
1012,12,0,0.7148651678213161,0.4595437465925185,1,Instructed
1013,13,0,0.624642840464533,0.5031305394008948,1,Instructed
1014,14,0,0.4254284236452455,0.6321638752497012,1,Instructed
1015,15,0,0.002774982159192546,0.8068181421087793,1,Instructed
1016,16,0,0.2726800868983072,0.6691833395303888,1,Instructed
1017,17,0,0.7605500475746341,0.5763980280348571,1,Instructed
1018,18,0,0.8301446459929981,0.5176512513422069,1,Instructed
1019,19,0,0.45411301461218806,0.5134006863159118,1,Instructed
1020,20,0,0.05162026745448681,0.6184222103574477,1,Instructed
1021,21,0,0.6226648366268762,0.5599513480245388,1,Instructed
1022,22,0,0.2562998404516427,0.5892742009706727,1,Instructed
1023,23,0,0.49281856793821943,0.538117252748992,1,Instructed
1024,24,0,0.7209863095065564,0.6964041315294286,1,Instructed
1025,25,0,0.6095048551512767,0.5555732757289651,1,Instructed
1026,26,0,0.1254586113558535,0.8077657081144565,1,Instructed
1027,27,0,0.6822083919664828,0.676430653189394,1,Instructed
1028,28,0,0.4399907556359252,0.6695803016532884,1,Instructed
1029,29,0,0.041219168456293316,0.6080289461987975,1,Instructed
1030,30,0,0.9235995550514218,0.5553129502345925,1,Instructed
1031,31,0,0.6425673208823569,0.6805874031192394,1,Instructed
1032,32,0,0.5026807531426085,0.5751942366677336,1,Instructed
1033,33,0,0.44482172026413813,0.7424602225558263,1,Instructed
1034,34,0,0.3965086465160292,0.7054972223584788,1,Instructed
1035,35,0,0.9235442119877704,0.7915824721896658,1,Instructed
1036,36,0,0.6346194824056114,0.7482939242918032,1,Instructed
1037,37,0,0.8120744211761066,0.6373319698983474,1,Instructed
1038,38,0,0.1411278791179852,0.711190920276962,1,Instructed
1039,39,0,0.9903788370217613,0.4160051048847474,1,Instructed
1040,40,0,0.5149274479777307,0.4390820497530642,1,Instructed
1041,41,0,0.556350950004389,0.642512199172169,1,Instructed
1042,42,0,0.5005670278732236,0.6761409643173022,1,Instructed
1043,43,0,0.7162700075848989,0.6172299161470292,1,Instructed
1044,44,0,0.08653001548009273,0.7626292458601087,1,Instructed
1045,45,0,6.501632852003794e-05,1.0536356851121007,1,Instructed
1046,46,0,0.06746470836797128,0.670763722809393,1,Instructed
1047,47,0,0.16982127865976127,0.6928518796169291,1,Instructed
1048,48,0,0.9842029551042824,0.4753660389282072,1,Instructed
1049,49,0,0.6962231402110929,0.5710597787256999,1,Instructed
1050,50,0,0.5323642358123235,0.6933780854527365,1,Instructed
1051,51,0,0.5017093203582971,1.9250018983579178,1,Instructed
1052,52,0,0.18472279484555298,0.7396440739491494,1,Instructed
1053,53,0,0.19374965663469054,0.6607024629709944,1,Instructed
1054,54,0,0.8916187148374348,0.5968843857563262,1,Instructed
1055,55,0,0.49915570799991127,0.6331761564091787,1,Instructed
1056,56,0,0.8965282904681975,0.54643471071,1,Instructed
1057,57,0,0.4519060654416926,0.46789496409437614,1,Instructed
1058,58,0,0.4841726623807363,0.5185228599594595,1,Instructed
1059,59,0,0.44871616158307837,0.4911438816927216,1,Instructed
1060,60,0,0.38447919942732356,0.723934504985892,1,Instructed
1061,61,0,0.3141808224800685,0.7726472755484195,1,Instructed
1062,62,0,0.17932423937335978,0.5371675283929892,1,Instructed
1063,63,0,0.4382861432609496,0.558701824234292,1,Instructed
1064,64,0,0.49821851068848577,0.5847084682882504,1,Instructed
1065,65,0,0.2557404329784494,0.5595837223204118,1,Instructed
1066,66,0,0.5117578460102581,0.6322058241627044,1,Instructed
1067,67,0,0.8597707020402319,0.565494709882176,1,Instructed
1068,68,0,0.524802411498518,0.6718624759880085,1,Instructed
1069,69,0,0.5234086342941845,0.43690091370501805,1,Instructed
1070,70,0,0.17663264002267054,0.6410671299526793,1,Instructed
1071,71,0,0.7213727947119428,0.5776268322446818,1,Instructed
1072,72,0,0.12065717324037305,0.5740161725219391,1,Instructed
1073,73,0,0.2513611994174208,0.5080016371810232,1,Instructed
1074,74,0,0.024867735384685553,0.7644346821392802,1,Instructed
1075,75,0,0.6021074130580906,0.5216878086819867,1,Instructed
1076,76,0,0.372172008684032,0.5515083268738363,1,Instructed
1077,77,0,0.14127459663330588,0.6400719683195399,1,Instructed
1078,78,0,0.5165051798757492,0.5206091975191147,1,Instructed
1079,79,0,0.4190477141117645,0.8002808296235868,1,Instructed
1080,80,0,0.524189872446891,0.6262160916041541,1,Instructed
1081,81,0,0.749008375661915,0.5763530135131457,1,Instructed
1082,82,0,0.20409780442256198,0.7948244730080729,1,Instructed
1083,83,0,0.48436479473943633,0.8876595596539627,1,Instructed
1084,84,0,0.5070035358166722,0.6235508734474088,1,Instructed
1085,85,0,0.45573687435016463,0.6666046773266343,1,Instructed
1086,86,0,0.4709562225118649,0.6340330175344009,1,Instructed
1087,87,0,0.8504703375278422,0.31762049335062253,1,Instructed
1088,88,0,0.48363499598978915,0.6232022464677602,1,Instructed
1089,89,0,0.9742708457806817,0.4738005485128719,1,Instructed
1090,90,0,0.5707725357886009,0.5471560693476184,1,Instructed
1091,91,0,0.6685877453301169,0.5725390778644242,1,Instructed
1092,92,0,0.34602327217702894,0.7091882613697025,1,Instructed
1093,93,0,0.5686934886661484,0.7030668412246361,1,Instructed
1094,94,0,0.5988843466814536,0.636992793207694,1,Instructed
1095,95,0,0.9969860103700187,0.5135207921172379,1,Instructed
1096,96,0,0.3001239737112624,0.4106136256180787,1,Instructed
1097,97,0,0.3798178056473672,0.7644966372255821,1,Instructed
1098,98,0,0.6498341647008858,0.4543671823130515,1,Instructed
1099,99,0,0.7435321095658605,0.4061913189823201,1,Instructed
1100,100,0,0.4211115352751133,0.6373729664579104,1,Instructed
1101,101,0,0.9080326054778987,0.928257947435297,1,Instructed
1102,102,0,0.30235601019975433,0.43835548352607967,1,Instructed
1103,103,0,0.04146949792103761,0.48764481536284476,1,Instructed
1104,104,0,0.5105386904731688,0.5728709626227162,1,Instructed
1105,105,0,0.8423011555238835,0.39790515093697876,1,Instructed
1106,106,0,0.43671123253060534,0.5223117279860896,1,Instructed
1107,107,0,0.4341855581136006,0.5391240930903678,1,Instructed
1108,108,0,0.17199145773746427,0.8915169042220557,1,Instructed
1109,109,0,0.10723243017303442,0.7212551427543915,1,Instructed
1110,110,0,0.17559432730508234,0.5487636399862591,1,Instructed
1111,111,0,0.5110878451364325,0.5281922141015842,1,Instructed
1112,112,0,0.12407540275306794,0.6181217787408356,1,Instructed
1113,113,0,0.7090807241757803,0.6585105281644965,1,Instructed
1114,114,0,0.36117232758942064,0.6224972595713998,1,Instructed
1115,115,0,0.3849633506413707,0.657194921926366,1,Instructed
1116,116,0,0.12469451716301383,0.5008672096058399,1,Instructed
1117,117,0,0.011431717249282755,0.7248390684621588,1,Instructed
1118,118,0,0.20111322686404867,0.44462025330365973,1,Instructed
1119,119,0,0.6480289249879478,0.4821223582666385,1,Instructed
1120,120,0,0.5101069021652153,0.4812506254895799,1,Instructed
1121,121,0,0.6160023148714838,0.44924636452685596,1,Instructed
1122,122,0,0.03647458110597748,0.7529412856255757,1,Instructed
1123,123,0,0.5385910633867151,0.41940275469366795,1,Instructed
1124,124,0,0.030038019347561166,0.7148876862509633,1,Instructed
1125,125,0,0.5513085711940324,0.5902708056559671,1,Instructed
1126,126,0,0.0950585764032802,0.8251887214170593,1,Instructed
1127,127,0,0.505433636822674,0.7212606419887636,1,Instructed
1128,128,0,0.5200171638433244,0.42372196660265204,1,Instructed
1129,129,0,0.992981444973448,0.41634655348359173,1,Instructed
1130,130,0,0.20653009832839486,0.5594303950172812,1,Instructed
1131,131,0,0.33562185266616207,0.6095061106700628,1,Instructed
1132,132,0,0.5702998517315928,0.623810499463201,1,Instructed
1133,133,0,0.23637269833289762,0.7380742618972789,1,Instructed
1134,134,0,0.15347825417826455,0.702862166466907,1,Instructed
1135,135,0,0.5744522706997611,0.6594036186690971,1,Instructed
1136,136,0,0.5749406096772998,0.5977009372969753,1,Instructed
1137,137,0,0.9741463227403355,0.4147420598111633,1,Instructed
1138,138,0,0.7372662472235251,0.5097824862398546,1,Instructed
1139,139,0,0.9077593235947202,0.47955330143974717,1,Instructed
1140,140,0,0.39249711451136876,0.601814283508246,1,Instructed
1141,141,0,0.5159949101139182,0.5252414543359682,1,Instructed
1142,142,0,0.9221044046356657,0.7305369570084448,1,Instructed
1143,143,0,0.44486478453474637,0.8343666770310174,1,Instructed
1144,144,0,0.4422962477904777,0.6696339607212818,1,Instructed
1145,145,0,0.4771536890477957,0.6189503796062144,1,Instructed
1146,146,0,0.07497963390457636,0.8858379877453761,1,Instructed
1147,147,0,0.9994960748918453,0.4356400266331265,1,Instructed
1148,148,0,0.935577460324598,0.5316505317870277,1,Instructed
1149,149,0,0.6675213495761863,0.49392104886623084,1,Instructed
1150,150,0,0.5299489049556408,0.553403867313996,1,Instructed
1151,151,0,0.6834653155197901,0.27759672663566226,1,Instructed
1152,152,0,0.04938227608704417,0.7114882929362472,1,Instructed
1153,153,0,0.671023132822623,0.5880944452255837,1,Instructed
1154,154,0,0.5017759491819865,0.5876063926847155,1,Instructed
1155,155,0,0.635781808441808,0.44373755811316673,1,Instructed
1156,156,0,0.8801934827198146,0.6076716002595217,1,Instructed
1157,157,0,0.6117760947300861,0.703284914126523,1,Instructed
1158,158,0,0.49305442325454385,0.6962959912941511,1,Instructed
1159,159,0,0.8210196066294497,0.5754754830273836,1,Instructed
1160,160,0,0.5861935715024625,0.4708834568247814,1,Instructed
1161,161,0,0.0950444955122601,0.7184741615800059,1,Instructed
1162,162,0,0.590451119623225,0.6503569740705264,1,Instructed
1163,163,0,0.01643498377236491,0.8615899328315498,1,Instructed
1164,164,0,0.46734804287133547,0.3865693641364615,1,Instructed
1165,165,0,0.2529872822036249,0.5765840894227783,1,Instructed
1166,166,0,0.010514645797117425,0.7533674034626069,1,Instructed
1167,167,0,0.7697319000792728,0.6100288366339457,1,Instructed
1168,168,0,0.10749223090080111,0.5383476734987561,1,Instructed
1169,169,0,0.6315093573476589,0.6726826149317122,1,Instructed
1170,170,0,0.32540654443487493,0.5653374825867327,1,Instructed
1171,171,0,0.36345910474183146,0.5476935306487725,1,Instructed
1172,172,0,0.8115233514325302,0.5543109267256177,1,Instructed
1173,173,0,0.5017199533419323,0.7505635077346442,1,Instructed
1174,174,0,0.31910288502478423,0.5175958894226378,1,Instructed
1175,175,0,0.004635608843437754,0.5636644300349918,1,Instructed
1176,176,0,0.5276787446034864,0.6095433469211338,1,Instructed
1177,177,0,0.476175232034234,0.6780514044425237,1,Instructed
1178,178,0,0.4532484358562373,0.6921913082243466,1,Instructed
1179,179,0,0.5551409071383993,0.33928756102502144,1,Instructed
1180,180,0,0.496427913635946,2.2714038311789366,1,Instructed
1181,181,0,0.7910738029094755,0.8096041675482482,1,Instructed
1182,182,0,0.4968452762428749,0.5205061084356728,1,Instructed
1183,183,0,0.9643343957555015,0.5164490131104116,1,Instructed
1184,184,0,0.02210869321338731,0.6461411992752586,1,Instructed
1185,185,0,0.4390629390647187,0.6114427969081424,1,Instructed
1186,186,0,0.9239765056636754,0.4919123043171074,1,Instructed
1187,187,0,0.9471257813345573,0.5874219661892492,1,Instructed
1188,188,0,0.5463681641476001,0.5687561407104034,1,Instructed
1189,189,0,0.7114398607590317,0.525833936874168,1,Instructed
1190,190,0,0.5206763371643153,0.5554738603430803,1,Instructed
1191,191,0,0.09568038744590293,0.6132122879007593,1,Instructed
1192,192,0,0.10791271939260669,0.7126423419371606,1,Instructed
1193,193,0,0.8595191939390914,0.4337474006897375,1,Instructed
1194,194,0,0.6315934015406173,0.6585695632140056,1,Instructed
1195,195,0,0.1626193060005351,0.3912319590733392,1,Instructed
1196,196,0,0.9551131762065252,0.41435566650761124,1,Instructed
1197,197,0,0.5582575705070386,0.6803753187163433,1,Instructed
1198,198,0,0.01187848051170195,0.5251249948973632,1,Instructed
1199,199,0,0.27952609473600054,0.4672323506678141,1,Instructed
