,t,e_hat,Accuracy,pe,batch,Condition
0,0,0,0.4571824403817359,1.0046583552521473,0,Blocked
1,1,0,0.45688209188464046,0.6169747757260272,0,Blocked
2,2,0,0.4668695147661211,0.64041728853396,0,Blocked
3,3,0,0.5639376613869185,0.43484897774955245,0,Blocked
4,4,0,0.5308599418761752,0.6135667766056089,0,Blocked
5,5,0,0.4262505404394603,0.6453127637046054,0,Blocked
6,6,0,0.13860769109045468,0.6570224211474531,0,Blocked
7,7,0,0.1872076590512664,0.5709029628224684,0,Blocked
8,8,0,0.6981062352952642,0.7087963626654747,0,Blocked
9,9,0,0.6038093412796789,0.5785667796583774,0,Blocked
10,10,0,0.7071117020029454,0.5317289448382507,0,Blocked
11,11,0,0.8552498175119931,0.5088366943438711,0,Blocked
12,12,0,0.49552366296391426,0.45259893835271575,0,Blocked
13,13,0,0.5562141446089484,0.43004052709113916,0,Blocked
14,14,0,0.6639941034043153,0.43956547882257324,0,Blocked
15,15,0,0.5530564785052813,0.469690782272861,0,Blocked
16,16,0,0.9171254484647706,0.5260625396432295,0,Blocked
17,17,0,0.12027591992201614,0.44523368757615994,0,Blocked
18,18,0,0.20710842055666456,0.6447405224684649,0,Blocked
19,19,0,0.8754428317339878,0.38802630953732503,0,Blocked
20,20,0,0.384879677808426,0.4424107883115222,0,Blocked
21,21,0,0.8710278245935114,0.4337288645949833,0,Blocked
22,22,0,0.41993291063734767,0.5450626477171312,0,Blocked
23,23,0,0.6836315349074037,0.5263281570184999,0,Blocked
24,24,0,0.5826343989660296,0.48576199306040485,0,Blocked
25,25,0,0.4504032544371293,0.48765600591024594,0,Blocked
26,26,0,0.526336833297038,0.4169825943768155,0,Blocked
27,27,0,0.42368761956727674,0.468188264265312,0,Blocked
28,28,0,0.5682261703520355,0.6175047536325159,0,Blocked
29,29,0,0.3555127349966136,0.4258702430954916,0,Blocked
30,30,0,0.1735743750058733,0.5407168964384294,0,Blocked
31,31,0,0.7352449018683177,0.3533321608988515,0,Blocked
32,32,0,0.6179976863916359,0.4098000804631255,0,Blocked
33,33,0,0.6540383759479698,0.5828441116065648,0,Blocked
34,34,0,0.6705256246976328,0.41528316386120917,0,Blocked
35,35,0,0.38265663050039894,0.5056472068356588,0,Blocked
36,36,0,0.8462502872488101,0.3882619631129086,0,Blocked
37,37,0,0.5623334400158991,0.496804860010303,0,Blocked
38,38,0,0.9547327801584119,0.47012478376905686,0,Blocked
39,39,0,0.4644186676760438,0.607678330973297,0,Blocked
40,40,0,0.3056062438797551,0.6259157196590961,0,Blocked
41,41,0,0.1843812110003235,0.45646412998074376,0,Blocked
42,42,0,0.6767675939744575,0.4259713710112629,0,Blocked
43,43,0,0.3887021388696996,0.6598514859481196,0,Blocked
44,44,0,0.5861757428171945,0.4581067711838526,0,Blocked
45,45,0,0.5713757753704165,0.3936821724964147,0,Blocked
46,46,0,0.2589022082522139,0.4432854299337717,0,Blocked
47,47,0,0.34295497712557527,0.32610074614315,0,Blocked
48,48,0,0.5244080365265263,0.5741714630979331,0,Blocked
49,49,0,0.27167742456368177,0.7146871058161679,0,Blocked
50,50,0,0.5499186391181679,0.6440511657594825,0,Blocked
51,51,0,0.4062542640276432,0.5049430660282385,0,Blocked
52,52,0,0.6052771164855847,0.5096756838470816,0,Blocked
53,53,0,0.3839243538647569,0.5055484410899818,0,Blocked
54,54,0,0.3856357453393968,0.46516404280332396,0,Blocked
55,55,0,0.7814288704340601,0.5162447004587565,0,Blocked
56,56,0,0.9987047795167232,0.49510184663455176,0,Blocked
57,57,0,0.018578069822907516,0.5053065294161823,0,Blocked
58,58,0,0.1601991159062601,0.5621924306727545,0,Blocked
59,59,0,0.3310772565946174,0.4721276568553872,0,Blocked
60,60,0,0.152231558093294,0.6106088931189033,0,Blocked
61,61,0,0.205240219472896,0.4781857062531035,0,Blocked
62,62,0,0.300441216463672,0.4544872573589464,0,Blocked
63,63,0,0.5815135878684987,0.6374567434220685,0,Blocked
64,64,0,0.9067219857820937,0.4774090134706067,0,Blocked
65,65,0,0.06285569571126172,0.5280920761439425,0,Blocked
66,66,0,0.897649124864458,0.37352410039497524,0,Blocked
67,67,0,0.18875751914060016,0.5790661543442238,0,Blocked
68,68,0,0.45983550501357046,0.4908308858611953,0,Blocked
69,69,0,0.9864089977451242,0.539410558013273,0,Blocked
70,70,0,0.9524385574629737,0.3762368053495163,0,Blocked
71,71,0,0.5726072967062108,0.32398040979874204,0,Blocked
72,72,0,0.5964175422188651,0.5718108119524181,0,Blocked
73,73,0,0.44054464494778844,0.4837212104636224,0,Blocked
74,74,0,0.8286343271173016,0.6257181285190092,0,Blocked
75,75,0,0.18441714264261036,0.4565866283520874,0,Blocked
76,76,0,0.8889578711260475,0.46219914540204443,0,Blocked
77,77,0,0.5570605763805208,0.5268585366522957,0,Blocked
78,78,0,0.2394426501427499,0.47590607476098623,0,Blocked
79,79,0,0.652736212099257,0.3383590245777277,0,Blocked
80,80,0,0.33973492026437785,0.45529083643824114,0,Blocked
81,81,0,0.17366133655733018,0.7262016082253866,0,Blocked
82,82,0,0.6092957906295935,0.45509259701225335,0,Blocked
83,83,0,0.09709532414232863,0.4253228649445126,0,Blocked
84,84,0,0.8999468533584024,0.5612115785776133,0,Blocked
85,85,0,0.3311640809803868,0.6039606689106334,0,Blocked
86,86,0,0.2525670793764052,0.48238315152008615,0,Blocked
87,87,0,0.35837337499486716,0.4249220709887188,0,Blocked
88,88,0,0.454122852204656,0.48273121211597503,0,Blocked
89,89,0,0.23221451704003623,0.5143707141075303,0,Blocked
90,90,0,0.28478762186094947,0.5251580558724657,0,Blocked
91,91,0,0.3877872458314735,0.43554748169552454,0,Blocked
92,92,0,0.7053606666419912,0.4933197699200289,0,Blocked
93,93,0,0.05200864743935789,0.5126635157540813,0,Blocked
94,94,0,0.08765713961172779,0.5321981624256069,0,Blocked
95,95,0,0.6612226676568981,0.4114502376006336,0,Blocked
96,96,0,0.6137226352406424,0.4693580298964039,0,Blocked
97,97,0,0.18902184221832832,0.3808263317619427,0,Blocked
98,98,0,0.35633485983247204,0.5068314299769134,0,Blocked
99,99,0,0.2919251421925781,0.4914637146741262,0,Blocked
100,100,0,0.7973967316184336,0.5107008402955091,0,Blocked
101,101,0,0.7674695195203742,0.43375502934064714,0,Blocked
102,102,0,0.6605930418733527,0.6644007296834653,0,Blocked
103,103,0,0.6339463834335247,0.6360455611500158,0,Blocked
104,104,0,0.5541487566038439,0.5648627176838288,0,Blocked
105,105,0,0.8571103517858567,0.5690787902214993,0,Blocked
106,106,0,0.8301524120974273,0.46047633285963857,0,Blocked
107,107,0,0.5059715324409294,0.4296046061148393,0,Blocked
108,108,0,0.7242144285363505,0.42321995436188686,0,Blocked
109,109,0,0.7104252629994265,0.42567214045806445,0,Blocked
110,110,0,0.6654062287007755,0.470471745637242,0,Blocked
111,111,0,0.3445132007551148,0.35513209144178953,0,Blocked
112,112,0,0.85141755201142,0.37736622306778195,0,Blocked
113,113,0,0.6011986499699847,0.4102618351712476,0,Blocked
114,114,0,0.48166606477793017,0.4947927283005139,0,Blocked
115,115,0,0.8751384611910421,0.4852562313738027,0,Blocked
116,116,0,0.8137489682379521,0.5001854376134605,0,Blocked
117,117,0,0.31049930072107057,0.391773248447407,0,Blocked
118,118,0,0.531795919817381,0.5622799535333808,0,Blocked
119,119,0,0.7217926592343887,0.5314462499086676,0,Blocked
120,120,0,0.6672310167473113,0.4449421709600354,0,Blocked
121,121,0,0.7569310979391495,0.5428485731551567,0,Blocked
122,122,0,0.7311543466643773,0.4447079877550921,0,Blocked
123,123,0,0.9443334884818846,0.4945235018148273,0,Blocked
124,124,0,0.5102887318735981,0.4433521564133412,0,Blocked
125,125,0,0.4402184653186007,0.41198475966238485,0,Blocked
126,126,0,0.14008071317127307,0.6310204908429375,0,Blocked
127,127,0,0.3548050384910614,0.5065808793937802,0,Blocked
128,128,0,0.36466000994528847,0.5136356897089918,0,Blocked
129,129,0,0.5028679999325998,0.5806164598720092,0,Blocked
130,130,0,0.3889451334861646,0.5143046459848043,0,Blocked
131,131,0,0.18423644811035217,0.6457349619620887,0,Blocked
132,132,0,0.5527691144866174,0.5762480206002951,0,Blocked
133,133,0,0.6544861507174873,0.5358243927434595,0,Blocked
134,134,0,0.32186225458188406,0.5628978680783148,0,Blocked
135,135,0,0.6079750941840267,0.4401175842481452,0,Blocked
136,136,0,0.5206245980983195,0.44250101013016074,0,Blocked
137,137,0,0.5949816691196335,0.47268040743691775,0,Blocked
138,138,0,0.5445729411116358,0.5826383550969157,0,Blocked
139,139,0,0.21413865720367056,0.5385277606386821,0,Blocked
140,140,0,0.690206830280458,0.617136413095885,0,Blocked
141,141,0,0.16599953020293176,0.5651389780836809,0,Blocked
142,142,0,0.30137526945346005,0.62801420103155,0,Blocked
143,143,0,0.7826641584550726,0.4802439282599139,0,Blocked
144,144,0,0.8895583809227268,0.3092452248200266,0,Blocked
145,145,0,0.3662135219265903,0.5023825344019895,0,Blocked
146,146,0,0.47644447437044746,0.4621097810014092,0,Blocked
147,147,0,0.518333797579784,0.3973931773996985,0,Blocked
148,148,0,0.2752593211343534,0.47932384193824096,0,Blocked
149,149,0,0.426884099352937,0.5332194200608736,0,Blocked
150,150,0,0.617206416911199,0.3580420908205594,0,Blocked
151,151,0,0.7565569547081036,0.4996754805691443,0,Blocked
152,152,0,0.9031891137142911,0.527264480379011,0,Blocked
153,153,0,0.9787433331793477,0.35056186430348313,0,Blocked
154,154,0,0.9981779141165222,0.5523105720152952,0,Blocked
155,155,0,0.9911152769515859,0.49702368991840873,0,Blocked
156,156,0,0.848484138741308,0.5045906269425926,0,Blocked
157,157,0,0.9380325436216788,0.47037940315926985,0,Blocked
158,158,0,0.04810356166741453,0.5469193398437824,0,Blocked
159,159,0,0.3615309157011346,0.5239710538491547,0,Blocked
160,160,0,0.5246953443199589,0.3728489712335573,0,Blocked
161,161,0,0.7263177598952362,0.5926979489069961,0,Blocked
162,162,0,0.3936884375258395,0.39049459405145315,0,Blocked
163,163,0,0.2394471879746183,0.5968699738897052,0,Blocked
164,164,0,0.7058095741357275,0.6646968650518426,0,Blocked
165,165,0,0.44738679853954455,0.40528824174632294,0,Blocked
166,166,0,0.4889586619071463,0.4580069169392518,0,Blocked
167,167,0,0.6329232118625706,0.5040303217074062,0,Blocked
168,168,0,0.7026236910680111,0.44640971269289,0,Blocked
169,169,0,0.9570958915866605,0.46151571945025505,0,Blocked
170,170,0,0.9404947157199066,0.5720828962695834,0,Blocked
171,171,0,0.7264890561713584,0.4125193539761445,0,Blocked
172,172,0,0.8975983949405595,0.408857174364613,0,Blocked
173,173,0,0.4275297412751314,0.4689167817489685,0,Blocked
174,174,0,0.9803123523123934,0.46765047466381005,0,Blocked
175,175,0,0.531783252958934,0.45697194274006514,0,Blocked
176,176,0,0.4977543206498373,0.3457540473497934,0,Blocked
177,177,0,0.9383621346525428,0.6863919056676973,0,Blocked
178,178,0,0.6056234585000602,0.6913449085614466,0,Blocked
179,179,0,0.5143908569236065,0.5324892777522056,0,Blocked
180,180,0,0.4275310260353568,0.5042955927489337,0,Blocked
181,181,0,0.08533913402390497,1.0107552635002843,0,Blocked
182,182,0,0.9053033692518946,0.45426398434569204,0,Blocked
183,183,0,0.31071166569418945,0.49771224528736707,0,Blocked
184,184,0,0.15575857938217863,0.6757814671292015,0,Blocked
185,185,0,0.15592364886057547,0.879822035016305,0,Blocked
186,186,0,0.8981190092934137,0.4742586551755602,0,Blocked
187,187,0,0.4969539649750342,0.6357065614332376,0,Blocked
188,188,0,0.5199210190283785,0.4436433914470468,0,Blocked
189,189,0,0.9279346769666111,0.4385507787030587,0,Blocked
190,190,0,0.3696785037198318,0.3545851186205774,0,Blocked
191,191,0,0.2888919891001251,0.4522937438797139,0,Blocked
192,192,0,0.7181294470276596,0.47400909121744755,0,Blocked
193,193,0,0.5599247794409795,0.43854060677576134,0,Blocked
194,194,0,0.2615907930362078,0.5274636793081231,0,Blocked
195,195,0,0.4198717419898231,0.48333424157262256,0,Blocked
196,196,0,0.18431483364891948,0.43897717243733847,0,Blocked
197,197,0,0.6465462077241947,0.5274795919743887,0,Blocked
198,198,0,0.3607842306965915,0.3587369683832602,0,Blocked
199,199,0,0.9724874078599772,0.38958310723984535,0,Blocked
200,0,0,0.5273818577181001,0.5610012735979281,0,Interleaved
201,1,0,0.3112264715355664,0.5374345426362075,0,Interleaved
202,2,0,0.40213096567087436,0.43760770400746285,0,Interleaved
203,3,0,0.4655466716822413,0.6098562916730004,0,Interleaved
204,4,0,0.49054625783529093,0.6829588022234065,0,Interleaved
205,5,0,0.40206651616738803,0.5988766108678962,0,Interleaved
206,6,0,0.46922659862893656,0.5839682181626747,0,Interleaved
207,7,0,0.10309458137438017,0.6538839949866191,0,Interleaved
208,8,0,0.3626302019241424,0.4562961910695269,0,Interleaved
209,9,0,0.03449960783879377,0.66258651534681,0,Interleaved
210,10,0,0.3140283586436965,0.35742535824909766,0,Interleaved
211,11,0,0.8383372767698712,0.4148586867629599,0,Interleaved
212,12,0,0.32204021336640304,0.48419814216425633,0,Interleaved
213,13,0,0.6825641530376396,0.4975337348013378,0,Interleaved
214,14,0,0.4890352319279728,0.5850653986258827,0,Interleaved
215,15,0,0.001440779726405978,0.8376843350586857,0,Interleaved
216,16,0,0.5006706273509438,0.5328437122770914,0,Interleaved
217,17,0,0.9065942639612131,0.43400050628548814,0,Interleaved
218,18,0,0.25352816083635266,0.5838961444741126,0,Interleaved
219,19,0,0.23270284970113628,0.5584931930052182,0,Interleaved
220,20,0,0.6284163990726375,0.2768309846260817,0,Interleaved
221,21,0,0.34962050383305726,0.6272832574495095,0,Interleaved
222,22,0,0.3582778742969231,0.6360083837830872,0,Interleaved
223,23,0,0.287471748263087,0.5336687396061619,0,Interleaved
224,24,0,0.716472473175553,0.4463170633095732,0,Interleaved
225,25,0,0.6667472283516713,0.46207511075359387,0,Interleaved
226,26,0,0.3128291504932319,0.6175036671985519,0,Interleaved
227,27,0,0.1144757421421467,0.5697652029999745,0,Interleaved
228,28,0,0.46494738725718165,0.6495398493335249,0,Interleaved
229,29,0,0.33168526106672924,0.7911036473921402,0,Interleaved
230,30,0,0.4900783420005093,0.5186752263523194,0,Interleaved
231,31,0,0.9099288847477174,0.3913939814336056,0,Interleaved
232,32,0,0.3197664757213179,0.5128714288095744,0,Interleaved
233,33,0,0.5876192860541494,0.5554101978260078,0,Interleaved
234,34,0,0.500079648551044,0.5088774596995034,0,Interleaved
235,35,0,0.5876426937836808,0.49113342450843345,0,Interleaved
236,36,0,0.5000562061692837,0.4771464503295285,0,Interleaved
237,37,0,0.1377880123216349,0.5537337832731037,0,Interleaved
238,38,0,0.5561167107493021,0.45895181353891734,0,Interleaved
239,39,0,0.8451027801077029,0.4625192938134983,0,Interleaved
240,40,0,0.7402719213446731,0.2912085073287862,0,Interleaved
241,41,0,0.6463852975981699,0.47124553544710884,0,Interleaved
242,42,0,0.7847801714139558,0.5201618501116799,0,Interleaved
243,43,0,0.4511552369507835,0.6140085222347693,0,Interleaved
244,44,0,0.33676074514663773,0.4466350285014201,0,Interleaved
245,45,0,0.262384612307227,0.4273547496950152,0,Interleaved
246,46,0,0.5000912630154762,0.6786538283172873,0,Interleaved
247,47,0,0.6714661701654464,0.5342933077601526,0,Interleaved
248,48,0,0.4088351133128668,0.43277970954459777,0,Interleaved
249,49,0,0.5005294356477193,0.47861908669900755,0,Interleaved
250,50,0,0.4571497798230301,0.47340970991677866,0,Interleaved
251,51,0,0.8735210086851491,0.3739186616703238,0,Interleaved
252,52,0,0.2999726601951282,0.47866986814472723,0,Interleaved
253,53,0,0.15517227393181438,0.666532127698287,0,Interleaved
254,54,0,0.6536158627189518,0.3913314049602071,0,Interleaved
255,55,0,0.7126377200975518,0.3895064843160985,0,Interleaved
256,56,0,0.3724074286964025,0.4805449408002185,0,Interleaved
257,57,0,0.051988654245098104,0.6009518871299441,0,Interleaved
258,58,0,0.4648600826453472,0.43259287749980874,0,Interleaved
259,59,0,0.2538970629040284,0.47273232529168485,0,Interleaved
260,60,0,0.5440304456955183,0.47055732117916393,0,Interleaved
261,61,0,0.026453847918187685,0.4307063942591055,0,Interleaved
262,62,0,0.3027492123734694,0.5512067774517635,0,Interleaved
263,63,0,0.08323404812516645,0.5334631409364935,0,Interleaved
264,64,0,0.10194943758684707,0.5565430491761816,0,Interleaved
265,65,0,0.6524873981864296,0.4612212460946755,0,Interleaved
266,66,0,0.4458132401271224,0.48056625398385133,0,Interleaved
267,67,0,0.4029546534363694,0.3445173578196513,0,Interleaved
268,68,0,0.30862251808512153,0.5625340463030347,0,Interleaved
269,69,0,0.4892975659618586,0.6091447456852395,0,Interleaved
270,70,0,0.6644589995688841,0.5261199366464805,0,Interleaved
271,71,0,0.07778613218072217,0.5803497451895285,0,Interleaved
272,72,0,0.34010036223008566,0.5135068146441346,0,Interleaved
273,73,0,0.936748845717732,0.3079885361922696,0,Interleaved
274,74,0,0.7227473456299627,0.5438386218518676,0,Interleaved
275,75,0,0.6925311428393672,0.4942012434489558,0,Interleaved
276,76,0,0.4635062324044484,0.48192105635946525,0,Interleaved
277,77,0,0.0328396172336201,0.6551628945623831,0,Interleaved
278,78,0,0.8058436793271271,0.4022542004035511,0,Interleaved
279,79,0,0.626054032091395,0.4635903799402325,0,Interleaved
280,80,0,0.7470441292469893,0.5248028216663112,0,Interleaved
281,81,0,0.8757464093766412,0.5359449936887855,0,Interleaved
282,82,0,0.6145482115900298,0.5390072104852175,0,Interleaved
283,83,0,0.794905888084269,0.5382635299328384,0,Interleaved
284,84,0,0.5987107385264734,0.4926582664150789,0,Interleaved
285,85,0,0.2583092874023898,0.6231985848919429,0,Interleaved
286,86,0,0.5033104489710424,0.6045497431023319,0,Interleaved
287,87,0,0.0711800633985632,0.5333453755122073,0,Interleaved
288,88,0,0.6226935138012007,0.4264124668794499,0,Interleaved
289,89,0,0.013037741056229443,0.6312218681548711,0,Interleaved
290,90,0,0.8240426645925691,0.49056025433156103,0,Interleaved
291,91,0,0.9502930600875836,0.44754361553961697,0,Interleaved
292,92,0,0.476728033519293,0.4249062874838398,0,Interleaved
293,93,0,0.2825342484427214,0.6391685038598505,0,Interleaved
294,94,0,0.6609129481561287,0.43703436964718684,0,Interleaved
295,95,0,0.7635370704971574,0.5971490796035797,0,Interleaved
296,96,0,0.5654516337896094,0.37820523923386495,0,Interleaved
297,97,0,0.7297059474633123,0.43902733236997,0,Interleaved
298,98,0,0.7453392782291439,0.6261492981694825,0,Interleaved
299,99,0,0.6378705464187949,0.4402434891180239,0,Interleaved
300,100,0,0.7032009445040056,0.4145097934380577,0,Interleaved
301,101,0,0.8411368668566961,0.29980967658564417,0,Interleaved
302,102,0,0.8924292712837704,0.40300931464439305,0,Interleaved
303,103,0,0.6043340089942387,0.6446891809390782,0,Interleaved
304,104,0,0.09824753541047733,0.6305960439735084,0,Interleaved
305,105,0,0.08209849618743116,0.4943078371345649,0,Interleaved
306,106,0,0.3704346654489312,0.43783549907019365,0,Interleaved
307,107,0,0.11914198066444893,0.5235041882462095,0,Interleaved
308,108,0,0.3080282809886236,0.4465398107024698,0,Interleaved
309,109,0,0.09363224030808824,0.4976008419911323,0,Interleaved
310,110,0,0.4052360701271201,0.5221489922555117,0,Interleaved
311,111,0,0.5106763657460798,0.38267268258932363,0,Interleaved
312,112,0,0.6400997713618306,0.37152849257507425,0,Interleaved
313,113,0,0.5080460777269289,0.4720514097419415,0,Interleaved
314,114,0,0.561495955252578,0.41260197540528504,0,Interleaved
315,115,0,0.15136244091616155,0.624562810160326,0,Interleaved
316,116,0,0.16877858942057536,0.55314637632233,0,Interleaved
317,117,0,0.5131217482976997,0.37932192499578044,0,Interleaved
318,118,0,0.5354470812481552,0.59141695580848,0,Interleaved
319,119,0,0.642467127183214,0.49528030346821506,0,Interleaved
320,120,0,0.8303361012787647,0.36074406680372667,0,Interleaved
321,121,0,0.19575021205609136,0.4073457544689787,0,Interleaved
322,122,0,0.6925513721843185,0.5540784711608502,0,Interleaved
323,123,0,0.7581232325152369,0.42199092345320266,0,Interleaved
324,124,0,0.08458770832530728,0.7167565216221894,0,Interleaved
325,125,0,0.7688686376540703,0.45192761758105643,0,Interleaved
326,126,0,0.4866171924641043,0.5369229720118269,0,Interleaved
327,127,0,0.596128775665621,0.6415397864814845,0,Interleaved
328,128,0,0.8449679674311897,0.29979688144991645,0,Interleaved
329,129,0,0.8864090689178379,0.5084672503641429,0,Interleaved
330,130,0,0.8672187822856852,0.4435795512740536,0,Interleaved
331,131,0,0.5740817281026667,0.3893210071004313,0,Interleaved
332,132,0,0.8625860330005972,0.3668293058512968,0,Interleaved
333,133,0,0.18632766795493694,0.6028435680156305,0,Interleaved
334,134,0,0.4959261298843178,0.749487794614187,0,Interleaved
335,135,0,0.31250594451334085,0.36078256310066886,0,Interleaved
336,136,0,0.5209343306238355,0.40473801501434903,0,Interleaved
337,137,0,0.1264878805372849,0.35229806336334546,0,Interleaved
338,138,0,0.3966975711742367,0.5836600905961943,0,Interleaved
339,139,0,0.7471938565960428,0.2878642993878676,0,Interleaved
340,140,0,0.5334867154670377,0.4196125064140133,0,Interleaved
341,141,0,0.7739035880290839,0.5586662955694448,0,Interleaved
342,142,0,0.4870037564198113,0.6090173092648463,0,Interleaved
343,143,0,0.0008609007876374967,0.6159020771814868,0,Interleaved
344,144,0,0.48396558122103434,0.45069363915683486,0,Interleaved
345,145,0,0.13858296415421467,0.6662340621183899,0,Interleaved
346,146,0,0.8237866636210219,0.37301911098889684,0,Interleaved
347,147,0,0.1571769694114795,0.4735776673206265,0,Interleaved
348,148,0,0.48475660456815545,0.5341910460692888,0,Interleaved
349,149,0,0.850303356035893,0.6607416379811542,0,Interleaved
350,150,0,0.5590696262428424,0.6338215446662874,0,Interleaved
351,151,0,0.7232523766975285,0.44381302095146596,0,Interleaved
352,152,0,0.48996568800721085,0.47380651380993155,0,Interleaved
353,153,0,0.8278997869630471,0.4554172771456607,0,Interleaved
354,154,0,0.5371880393913709,0.48590826369720513,0,Interleaved
355,155,0,0.9194826119351212,0.41207293497655195,0,Interleaved
356,156,0,0.6245339353057584,0.4432898428453269,0,Interleaved
357,157,0,0.5828425017846129,0.3999902298387373,0,Interleaved
358,158,0,0.802940273918612,0.4872551353191792,0,Interleaved
359,159,0,0.14008297529222657,0.5238628108857785,0,Interleaved
360,160,0,0.638705954903901,0.40912909559664806,0,Interleaved
361,161,0,0.6386533623576848,0.4796046305370967,0,Interleaved
362,162,0,0.7780103452461036,0.4229786926087984,0,Interleaved
363,163,0,0.898697449603929,0.34937627970406493,0,Interleaved
364,164,0,0.45611005341946703,0.4701622606554983,0,Interleaved
365,165,0,0.28100778598741283,0.47797638006894044,0,Interleaved
366,166,0,0.5396547101594522,0.4854795332865099,0,Interleaved
367,167,0,0.497415684277725,0.4603609860999489,0,Interleaved
368,168,0,0.5532547690710945,0.41616489721807925,0,Interleaved
369,169,0,0.910567559134182,0.26404407777942623,0,Interleaved
370,170,0,0.2645845652218965,0.4393019832176416,0,Interleaved
371,171,0,0.23498475238945654,0.3096880390450202,0,Interleaved
372,172,0,0.634369676804646,0.41416140049126515,0,Interleaved
373,173,0,0.13367619647731516,0.618024111979009,0,Interleaved
374,174,0,0.5637134275850411,0.4516933026213244,0,Interleaved
375,175,0,0.42751847953288297,0.4906144632532614,0,Interleaved
376,176,0,0.3511715459177849,0.3600648729236131,0,Interleaved
377,177,0,0.5356811040172211,0.36012126090639346,0,Interleaved
378,178,0,0.5005177430009136,0.3213189116789096,0,Interleaved
379,179,0,0.21929357966769408,0.4724688606082691,0,Interleaved
380,180,0,0.20196924376012948,0.40839238312929205,0,Interleaved
381,181,0,0.003371326526077573,0.8601692781250858,0,Interleaved
382,182,0,0.9341080069741614,0.3448463061753465,0,Interleaved
383,183,0,0.07569280633235123,0.6383235844485382,0,Interleaved
384,184,0,0.6876367580133149,0.44600445526091737,0,Interleaved
385,185,0,0.12097912717247236,0.5966851396357042,0,Interleaved
386,186,0,0.1491411062727463,0.4935051725779731,0,Interleaved
387,187,0,0.6258848091558714,0.4329921337037298,0,Interleaved
388,188,0,0.3305966007005186,0.5822674871607207,0,Interleaved
389,189,0,0.34717802790623387,0.4963629905755418,0,Interleaved
390,190,0,0.49615591130387754,0.5592303762483646,0,Interleaved
391,191,0,0.3974950371005622,0.45932932523506426,0,Interleaved
392,192,0,0.2782756327061513,0.418678160102645,0,Interleaved
393,193,0,0.537607832804011,0.5077878523603014,0,Interleaved
394,194,0,0.19217742173099533,0.4642200002631261,0,Interleaved
395,195,0,0.6326935320906866,0.37313090694748674,0,Interleaved
396,196,0,0.7480452064311802,0.39047229129347233,0,Interleaved
397,197,0,0.45906099149086566,0.3849678190396741,0,Interleaved
398,198,0,0.7384398349390793,0.6117651814969811,0,Interleaved
399,199,0,0.4990980645678946,0.2959467032068112,0,Interleaved
400,0,0,0.5181810594402918,0.5980798629257894,0,Instructed
401,1,0,0.25845280282435434,0.8417007715908102,0,Instructed
402,2,0,0.5788747886466589,0.5482736077842123,0,Instructed
403,3,0,0.8616475147892181,0.6666356076418227,0,Instructed
404,4,0,0.6197160381050771,0.6557359833162443,0,Instructed
405,5,0,0.9769457422586985,0.4013863305121358,0,Instructed
406,6,0,0.5903043411316518,0.45831640698913234,0,Instructed
407,7,0,0.6260263848097285,0.4408757523812459,0,Instructed
408,8,0,0.6332787612513913,0.5313818110050119,0,Instructed
409,9,0,0.39856724785804176,0.44359717233787443,0,Instructed
410,10,0,0.547086697868307,0.379929684112423,0,Instructed
411,11,0,0.9757155382626486,0.37843061070022294,0,Instructed
412,12,0,0.8276598428276083,0.46607519362461014,0,Instructed
413,13,0,0.7960238879581677,0.5204360780306372,0,Instructed
414,14,0,0.513718357883077,0.42112006580008404,0,Instructed
415,15,0,0.09606739524194627,0.6570702157485055,0,Instructed
416,16,0,0.7716539853388894,0.4048953119156925,0,Instructed
417,17,0,0.8146226926400205,0.3796007332937008,0,Instructed
418,18,0,0.44625903223332114,0.4725845515620737,0,Instructed
419,19,0,0.18176214763217963,0.5243846320080072,0,Instructed
420,20,0,0.2224908949068179,0.5804920068825574,0,Instructed
421,21,0,0.47874592040485864,0.38191260726419385,0,Instructed
422,22,0,0.32241109700528214,0.5122023414029349,0,Instructed
423,23,0,0.4738985445928103,0.6159715814993862,0,Instructed
424,24,0,0.3453382869289093,0.5248944794589356,0,Instructed
425,25,0,0.09100385663600315,0.34642265914342385,0,Instructed
426,26,0,0.25437475190670517,0.5474615739431921,0,Instructed
427,27,0,0.09654813980078622,0.50540176025763,0,Instructed
428,28,0,0.8622783169001487,0.3810400656885566,0,Instructed
429,29,0,0.4433703519934283,0.446522681924849,0,Instructed
430,30,0,0.6672804327390335,0.5081010637076554,0,Instructed
431,31,0,0.6076413625395163,0.30351452495853204,0,Instructed
432,32,0,0.853847694640824,0.3896886437792322,0,Instructed
433,33,0,0.13485453750556142,0.5014896425182687,0,Instructed
434,34,0,0.6698164380936198,0.4550880974445727,0,Instructed
435,35,0,0.5146545734628056,0.4005615438427108,0,Instructed
436,36,0,0.32893694803670276,0.5956510464775415,0,Instructed
437,37,0,0.9241714168377516,0.5109227663763147,0,Instructed
438,38,0,0.17284814353962308,0.5180115738923693,0,Instructed
439,39,0,0.3238702014035503,0.47586620800154505,0,Instructed
440,40,0,0.271509590280062,0.3919368037487901,0,Instructed
441,41,0,0.5146506623074334,0.3332827743653807,0,Instructed
442,42,0,0.7986209645614095,0.3647777064424938,0,Instructed
443,43,0,0.6331922455577761,0.371484352485331,0,Instructed
444,44,0,0.4357482631205257,0.31282510106469424,0,Instructed
445,45,0,0.7103992585816573,0.2922839620126815,0,Instructed
446,46,0,0.8897034054786831,0.301970699112183,0,Instructed
447,47,0,0.6800443181465521,0.5128452908808397,0,Instructed
448,48,0,0.6887695382545533,0.4421912909025084,0,Instructed
449,49,0,0.5870630362553093,0.33085930069762337,0,Instructed
450,50,0,0.3788057917469756,0.4654214003933114,0,Instructed
451,51,0,0.7178620795890094,0.38092255548628906,0,Instructed
452,52,0,0.24413694425066393,0.3096608434114225,0,Instructed
453,53,0,0.6256249176242226,0.5077453801467959,0,Instructed
454,54,0,0.4016017579071912,0.38215509884839927,0,Instructed
455,55,0,0.11612234828709889,0.5636864066437967,0,Instructed
456,56,0,0.11343365091116045,0.39922088046824156,0,Instructed
457,57,0,0.2590014034569427,0.6191343862541292,0,Instructed
458,58,0,0.7082142012451409,0.4675156857425675,0,Instructed
459,59,0,0.8364062404953634,0.2886639894770382,0,Instructed
460,60,0,0.5087283270113799,0.37703913347920426,0,Instructed
461,61,0,0.8295845450328426,0.19376565630790102,0,Instructed
462,62,0,0.5823179484135246,0.3200400494320694,0,Instructed
463,63,0,0.7330003512331562,0.3613184744301335,0,Instructed
464,64,0,0.8370627897399213,0.5836134126456427,0,Instructed
465,65,0,0.14556839844803138,0.547038631320794,0,Instructed
466,66,0,0.6179436361086365,0.5566045379037775,0,Instructed
467,67,0,0.7224183605939185,0.35495566994521516,0,Instructed
468,68,0,0.9981320953980397,0.4182611644522006,0,Instructed
469,69,0,0.8178948039984719,0.3179562298652513,0,Instructed
470,70,0,0.3378878847901019,0.5389184965094573,0,Instructed
471,71,0,0.7932641754661935,0.32070859735229357,0,Instructed
472,72,0,0.9388254504185682,0.3750989357693183,0,Instructed
473,73,0,0.8092143610162934,0.4202940416289286,0,Instructed
474,74,0,0.48132262608181925,0.41446440417815633,0,Instructed
475,75,0,0.7606029762174076,0.3556181464931048,0,Instructed
476,76,0,0.552429111392221,0.47449258686773815,0,Instructed
477,77,0,0.20506040168596168,0.565080034219771,0,Instructed
478,78,0,0.9617469048677563,0.4925175000107338,0,Instructed
479,79,0,0.5440751624783912,0.4296922722578998,0,Instructed
480,80,0,0.6069622856798658,0.4410006301284871,0,Instructed
481,81,0,0.07334508771501971,0.49704471980226284,0,Instructed
482,82,0,0.3919804670813077,0.5404495888052685,0,Instructed
483,83,0,0.5959521336642343,0.4789001628800579,0,Instructed
484,84,0,0.11852186319053715,0.33474638401102286,0,Instructed
485,85,0,0.7329014146607302,0.433780871201452,0,Instructed
486,86,0,0.977713329388868,0.38358986544754503,0,Instructed
487,87,0,0.17052793746925288,0.6350883579794999,0,Instructed
488,88,0,0.992691500487473,0.42892428628420476,0,Instructed
489,89,0,0.9996498856621658,0.5338572282055707,0,Instructed
490,90,0,0.5182382378925028,0.38110559538077704,0,Instructed
491,91,0,0.5624933318266454,0.38848554230468124,0,Instructed
492,92,0,0.1020214775492467,0.2913561553386219,0,Instructed
493,93,0,0.7022221508273858,0.28055643661093943,0,Instructed
494,94,0,0.7910330084331256,0.30469530505235154,0,Instructed
495,95,0,0.7672400631304073,0.2918295230960597,0,Instructed
496,96,0,0.7304513217323922,0.21587373121353026,0,Instructed
497,97,0,0.5141729331143132,0.3950628380714286,0,Instructed
498,98,0,0.6594880797621829,0.4534553811790803,0,Instructed
499,99,0,0.9698307210399872,0.45915017901789906,0,Instructed
500,100,0,0.4316655955824726,0.41839562321098,0,Instructed
501,101,0,0.7837093436396876,0.41607623090325846,0,Instructed
502,102,0,0.5881804916272304,0.46097056884104337,0,Instructed
503,103,0,0.9998415505519992,0.9891026094052755,0,Instructed
504,104,0,0.4799851945619539,0.5773476923712724,0,Instructed
505,105,0,0.5910484323550254,0.3965097895541222,0,Instructed
506,106,0,0.07104425656553726,0.4878158973282676,0,Instructed
507,107,0,0.5010663085980847,0.5900589022561687,0,Instructed
508,108,0,0.8488332576115876,0.33496258103823473,0,Instructed
509,109,0,0.8720721659770516,0.41748249267743687,0,Instructed
510,110,0,0.5588832049460818,0.3020986712616367,0,Instructed
511,111,0,0.7869108256141745,0.35182774969740427,0,Instructed
512,112,0,0.8250278063408187,0.3558297951534587,0,Instructed
513,113,0,0.8180397264959178,0.2953396581073878,0,Instructed
514,114,0,0.8180173914869922,0.19873072787843604,0,Instructed
515,115,0,0.5411393200810192,0.38985938709321094,0,Instructed
516,116,0,0.5086532849439791,0.46421256527572125,0,Instructed
517,117,0,0.8414953035240369,0.34586751901886786,0,Instructed
518,118,0,0.818028592447293,0.3536955809298706,0,Instructed
519,119,0,0.3240943961201355,0.45821437140585075,0,Instructed
520,120,0,0.40108233169054186,0.3542710233716243,0,Instructed
521,121,0,0.7081298784402342,0.3546619816794312,0,Instructed
522,122,0,0.5902577898309092,0.4021671836459621,0,Instructed
523,123,0,0.4607313242254143,0.5196169682017606,0,Instructed
524,124,0,0.6155744845676192,0.33190701194287076,0,Instructed
525,125,0,0.8736090693553591,0.28713186470791296,0,Instructed
526,126,0,0.5084058067077811,0.37790975905954094,0,Instructed
527,127,0,0.5995522850135064,0.36423832759738195,0,Instructed
528,128,0,0.993766159540765,0.4621978633843582,0,Instructed
529,129,0,0.6142159006012461,0.34291586506518945,0,Instructed
530,130,0,0.7611002272760439,0.28155822649196116,0,Instructed
531,131,0,0.3819299115020229,0.4412957369449317,0,Instructed
532,132,0,0.22253445101434696,0.41345167180863396,0,Instructed
533,133,0,0.6967406494475229,0.334485967851954,0,Instructed
534,134,0,0.515095154407323,0.3363689804825124,0,Instructed
535,135,0,0.5728739406864736,0.38916601474599777,0,Instructed
536,136,0,0.9577965655340251,0.4311618739094815,0,Instructed
537,137,0,0.6764082427650968,0.3423917941816789,0,Instructed
538,138,0,0.7974373413415765,0.45375332611236163,0,Instructed
539,139,0,0.9960917381283834,0.3475012666009001,0,Instructed
540,140,0,0.6279762742160664,0.33555782730983347,0,Instructed
541,141,0,0.5775997778696579,0.4014852787753519,0,Instructed
542,142,0,0.9606910210008989,0.30503662852640956,0,Instructed
543,143,0,0.32973542837439507,0.41588289476060203,0,Instructed
544,144,0,0.43851569230848403,0.3983374231054653,0,Instructed
545,145,0,0.6120947712073429,0.32553339897424327,0,Instructed
546,146,0,0.8578177201206794,0.33067884951758963,0,Instructed
547,147,0,0.3100654472421655,0.25775734871834866,0,Instructed
548,148,0,0.923337956662686,0.322705228751764,0,Instructed
549,149,0,0.42444939121770014,0.5008493216247825,0,Instructed
550,150,0,0.6303271908303398,0.2617082493214904,0,Instructed
551,151,0,0.32017618208803644,0.3336584959180441,0,Instructed
552,152,0,0.8000938194832463,0.4360811575621424,0,Instructed
553,153,0,0.5048832928565837,0.457927875845314,0,Instructed
554,154,0,0.9887713488735377,0.47784900814379133,0,Instructed
555,155,0,0.5964795954208406,0.3601938331071777,0,Instructed
556,156,0,0.8424400464195596,0.3277093363823267,0,Instructed
557,157,0,0.6704587101687911,0.4398756356890285,0,Instructed
558,158,0,0.18886620786949412,0.36712751610450073,0,Instructed
559,159,0,0.6705958958219163,0.4408060420900616,0,Instructed
560,160,0,0.38213520001511087,0.40294526891353033,0,Instructed
561,161,0,0.7933609589953682,0.436593906429421,0,Instructed
562,162,0,0.46262835519330475,0.41901883165249904,0,Instructed
563,163,0,0.9707791676183362,0.3333977403055181,0,Instructed
564,164,0,0.523989492021576,0.3810784233104772,0,Instructed
565,165,0,0.5101119729236228,0.40396091972569315,0,Instructed
566,166,0,0.7071514801238545,0.3184725067167779,0,Instructed
567,167,0,0.9980632495893458,0.44418363856780074,0,Instructed
568,168,0,0.7099948449931474,0.32707572911618554,0,Instructed
569,169,0,0.31726896074875205,0.5575591134713207,0,Instructed
570,170,0,0.8720594199387135,0.32148610687990276,0,Instructed
571,171,0,0.7727774708281661,0.2813795206046753,0,Instructed
572,172,0,0.6801634490284187,0.24720326118559344,0,Instructed
573,173,0,0.2725491268373067,0.40676893201181596,0,Instructed
574,174,0,0.5957159000469749,0.30646482052375146,0,Instructed
575,175,0,0.9171149155444906,0.19099981370559327,0,Instructed
576,176,0,0.9560438603285841,0.21474957735508815,0,Instructed
577,177,0,0.3803580570847891,0.5019573275806613,0,Instructed
578,178,0,0.30773966537681746,0.44814646570163896,0,Instructed
579,179,0,0.6504760684542469,0.324325722525532,0,Instructed
580,180,0,0.7429333106988459,0.3045197589506125,0,Instructed
581,181,0,0.6359472509606401,0.22293338844436564,0,Instructed
582,182,0,0.6263767804641918,0.24726470200839523,0,Instructed
583,183,0,0.9735979294793796,0.5457205278034969,0,Instructed
584,184,0,0.9621502049218549,0.5093273468564352,0,Instructed
585,185,0,0.9694493730755571,0.4394660189473395,0,Instructed
586,186,0,0.8999708387775585,0.4546947786424169,0,Instructed
587,187,0,0.5496322757199045,0.44947022448440827,0,Instructed
588,188,0,0.5304470661533738,0.3414168483031219,0,Instructed
589,189,0,0.6511606747630074,0.49502883010468335,0,Instructed
590,190,0,0.9842944921650518,0.4239617070290831,0,Instructed
591,191,0,0.6730560406705204,0.4828415552954305,0,Instructed
592,192,0,0.5728832402080043,0.48507404008209865,0,Instructed
593,193,0,0.6435615632786156,0.4331076591069296,0,Instructed
594,194,0,0.6657828906137069,0.4744057560921292,0,Instructed
595,195,0,0.782347988010676,0.41696247168537093,0,Instructed
596,196,0,0.9807086394835267,0.31408859608460304,0,Instructed
597,197,0,0.9926797373984344,0.25370957921345294,0,Instructed
598,198,0,0.8609353802351825,0.35821015204895307,0,Instructed
599,199,0,0.6294041419256902,0.3565158427098382,0,Instructed
600,0,0,0.7121919095140292,0.5954800373761171,1,Blocked
601,1,0,0.4661364324637288,0.5719967268392345,1,Blocked
602,2,0,0.49689501768386496,0.7720280046221537,1,Blocked
603,3,0,0.45934726313017427,0.6504205589324509,1,Blocked
604,4,0,0.5141759698323272,0.5800744527065396,1,Blocked
605,5,0,0.7902610915171158,0.5027998773074178,1,Blocked
606,6,0,0.5468740532747864,0.5616819225235834,1,Blocked
607,7,0,0.8425321657778165,0.36517188405533835,1,Blocked
608,8,0,0.6917602591069081,0.3946180595960289,1,Blocked
609,9,0,0.30527109400257596,0.6743209311791236,1,Blocked
610,10,0,0.40619162459163655,0.5712689503480859,1,Blocked
611,11,0,0.5235160599994885,0.5050036416196413,1,Blocked
612,12,0,0.5781145973305049,0.5941021608135951,1,Blocked
613,13,0,0.24528340399704532,0.40349580561308374,1,Blocked
614,14,0,0.5957419892080833,0.45444327814613716,1,Blocked
615,15,0,0.582529158753338,0.46819803740428895,1,Blocked
616,16,0,0.41243872766682776,0.552815578606838,1,Blocked
617,17,0,0.39699861154200417,0.5913443352277592,1,Blocked
618,18,0,0.5334073093664663,0.41836919098564695,1,Blocked
619,19,0,0.5835830241976037,0.49805696193100113,1,Blocked
620,20,0,0.7006174316300267,0.45838490859980796,1,Blocked
621,21,0,0.845866326637613,0.6828836815649821,1,Blocked
622,22,0,0.4009268393003498,0.5084114826950836,1,Blocked
623,23,0,0.5017132141798848,0.716995176568771,1,Blocked
624,24,0,0.49713999185752233,0.4279062617529579,1,Blocked
625,25,0,0.5531322140323558,0.6587373292630105,1,Blocked
626,26,0,0.17556426666054908,0.3375209895317623,1,Blocked
627,27,0,0.8774848986210203,0.5283595289910469,1,Blocked
628,28,0,0.22444961473800665,0.6233936717412933,1,Blocked
629,29,0,0.4797304892800176,0.5959288716615063,1,Blocked
630,30,0,0.7971021239071847,0.44979955761787505,1,Blocked
631,31,0,0.3005430754421157,0.5573559596554092,1,Blocked
632,32,0,0.9137760432518715,0.6172814807161962,1,Blocked
633,33,0,0.44009347319236997,0.5350495043211296,1,Blocked
634,34,0,0.6609677764198407,0.4433868667953801,1,Blocked
635,35,0,0.6609182952305245,0.5962403878918789,1,Blocked
636,36,0,0.3721678385252083,0.6228447734827103,1,Blocked
637,37,0,0.6641486345377432,0.5326985428387667,1,Blocked
638,38,0,0.5953113862039833,0.4092432628916923,1,Blocked
639,39,0,0.5127742908263624,0.500901492772623,1,Blocked
640,40,0,0.8762220506574103,0.36940600317691574,1,Blocked
641,41,0,0.21417596529198818,0.6057380581654472,1,Blocked
642,42,0,0.4869242041436871,0.5538008495859081,1,Blocked
643,43,0,0.07048124120055274,0.5378556109462567,1,Blocked
644,44,0,0.34266533662310017,0.4767431396345263,1,Blocked
645,45,0,0.5942387193098162,0.4651843467077519,1,Blocked
646,46,0,0.058843638802522476,0.6226830940614414,1,Blocked
647,47,0,0.0786200177505087,0.542553272872681,1,Blocked
648,48,0,0.43488472371970643,0.44996315248550367,1,Blocked
649,49,0,0.4659161864245286,0.41094377568239626,1,Blocked
650,50,0,0.5867597092369271,0.4427589719502023,1,Blocked
651,51,0,0.1904160668752223,0.302438089526179,1,Blocked
652,52,0,0.013057936818762054,0.7118713664744148,1,Blocked
653,53,0,0.7622951472603181,0.35967195853109596,1,Blocked
654,54,0,0.28229788935287464,0.49466408718635896,1,Blocked
655,55,0,0.42767385819077103,0.4812381085245938,1,Blocked
656,56,0,0.7127470992855248,0.5241213634767181,1,Blocked
657,57,0,0.15037355479411213,0.5395170915283982,1,Blocked
658,58,0,0.7477312805674516,0.34733379106848133,1,Blocked
659,59,0,0.4617246943791764,0.4578456721995056,1,Blocked
660,60,0,0.5379585362895177,0.42760962857638474,1,Blocked
661,61,0,0.49569520392136324,0.5396983878542374,1,Blocked
662,62,0,0.4846920301871721,0.5204447896574708,1,Blocked
663,63,0,0.97586431870672,0.40145127441399253,1,Blocked
664,64,0,0.6782315434991897,0.6024480581066354,1,Blocked
665,65,0,0.977565552754591,0.46571070084122984,1,Blocked
666,66,0,0.991459054556459,0.4607367860485577,1,Blocked
667,67,0,0.9492455266679565,0.35852158655813193,1,Blocked
668,68,0,0.14910327560301098,0.5546321748322378,1,Blocked
669,69,0,0.3704636239624738,0.7263460143657212,1,Blocked
670,70,0,0.3150480406494632,0.4709938201728451,1,Blocked
671,71,0,0.48264467700790203,0.5015878016522908,1,Blocked
672,72,0,0.6475227155180799,0.43715337698145074,1,Blocked
673,73,0,0.9733520090328013,0.47317852825084655,1,Blocked
674,74,0,0.6551675453561302,0.4370770312913496,1,Blocked
675,75,0,0.7004578826263417,0.6042569817615566,1,Blocked
676,76,0,0.9126229245419453,0.4379452561990835,1,Blocked
677,77,0,0.942706522762705,0.35631835281479485,1,Blocked
678,78,0,0.6783249396442064,0.3556070986379881,1,Blocked
679,79,0,0.842485720227644,0.546543291907525,1,Blocked
680,80,0,0.49320954541625855,0.5330085541065231,1,Blocked
681,81,0,0.5054854436699193,0.3794942946221552,1,Blocked
682,82,0,0.5553200462228154,0.39888969616060843,1,Blocked
683,83,0,0.6602163608812461,0.41473200834878393,1,Blocked
684,84,0,0.5155003243366755,0.35247074602266204,1,Blocked
685,85,0,0.48328010660343645,0.5118427783028755,1,Blocked
686,86,0,0.46615083538364543,0.5243884346033132,1,Blocked
687,87,0,0.6470399829965074,0.41655691119626864,1,Blocked
688,88,0,0.4161554527885062,0.47704057842488645,1,Blocked
689,89,0,0.5691690917754877,0.5032317032855701,1,Blocked
690,90,0,0.46953893962953197,0.6253043034539536,1,Blocked
691,91,0,0.5296121730252467,0.5870329358885584,1,Blocked
692,92,0,0.6324862319887827,0.5742098359397122,1,Blocked
693,93,0,0.526623153424252,0.516239238383694,1,Blocked
694,94,0,0.4827410626886819,0.41582354358055107,1,Blocked
695,95,0,0.4937834645464635,0.38148106160731465,1,Blocked
696,96,0,0.785441292424387,0.5238519680716186,1,Blocked
697,97,0,0.5050284282183352,0.5157558944331999,1,Blocked
698,98,0,0.5377345906238787,0.47332870054588116,1,Blocked
699,99,0,0.8143972608727987,0.5102749299979478,1,Blocked
700,100,0,0.5900991119134384,0.3668693543206468,1,Blocked
701,101,0,0.6449580129211195,0.4887550526759522,1,Blocked
702,102,0,0.7812000287077101,0.5244861431466306,1,Blocked
703,103,0,0.3838341657709192,0.4524148588785412,1,Blocked
704,104,0,0.7936859619089971,0.33162696530013125,1,Blocked
705,105,0,0.627068925130851,0.5048896364947624,1,Blocked
706,106,0,0.7081026717870361,0.38969888800184926,1,Blocked
707,107,0,0.7799361963242057,0.40796881332489976,1,Blocked
708,108,0,0.9706116830139764,0.4842245699888357,1,Blocked
709,109,0,0.9055275661224247,0.38099060246313754,1,Blocked
710,110,0,0.7731316816474656,0.4748960503119942,1,Blocked
711,111,0,0.9476456145159933,0.6608544136567449,1,Blocked
712,112,0,0.9122507495417029,0.2843946719845929,1,Blocked
713,113,0,0.9446680547672694,0.41660217028832874,1,Blocked
714,114,0,0.5581205669813852,0.5288916227135292,1,Blocked
715,115,0,0.7536193431841012,0.5184817796910871,1,Blocked
716,116,0,0.9585219604115698,0.3270458310903359,1,Blocked
717,117,0,0.981546640369416,0.40284949479122334,1,Blocked
718,118,0,0.848959769497049,0.37788308351677186,1,Blocked
719,119,0,0.8112475044863059,0.4656918732764205,1,Blocked
720,120,0,0.5074504927998809,0.41822873939774574,1,Blocked
721,121,0,0.40363989928127747,0.3936079785865638,1,Blocked
722,122,0,0.6274198608717754,0.33467756352251693,1,Blocked
723,123,0,0.6365459671396929,0.5103963715556217,1,Blocked
724,124,0,0.32984738456843554,0.5948476039049315,1,Blocked
725,125,0,0.2697337206004606,0.4252695705428202,1,Blocked
726,126,0,0.9980343423549707,0.43528894886993613,1,Blocked
727,127,0,0.9996554688751969,0.5211188724714131,1,Blocked
728,128,0,0.5513167618818668,0.5330695715807867,1,Blocked
729,129,0,0.8894029003249646,0.2926982082664794,1,Blocked
730,130,0,0.4882086849758046,0.4579551901937865,1,Blocked
731,131,0,0.6837839539331213,0.5344249950908251,1,Blocked
732,132,0,0.9276856330152742,0.495616536398947,1,Blocked
733,133,0,0.9166796318543341,0.5192468973055262,1,Blocked
734,134,0,0.5774653897203548,0.443404139011459,1,Blocked
735,135,0,0.8783033004410943,0.456561220757277,1,Blocked
736,136,0,0.9510929789941034,0.4495083248445877,1,Blocked
737,137,0,0.6306478226329935,0.3763873822885698,1,Blocked
738,138,0,0.9800016539563596,0.2927377252684006,1,Blocked
739,139,0,0.5907493527510659,0.3563350702174932,1,Blocked
740,140,0,0.5096507372913547,0.6900453386644435,1,Blocked
741,141,0,0.9996720837426492,0.4271891169422445,1,Blocked
742,142,0,0.5788292020881997,0.5337116170753686,1,Blocked
743,143,0,0.5576331168179484,0.4781396368229362,1,Blocked
744,144,0,0.7172703936495797,0.4871336850750314,1,Blocked
745,145,0,0.8919745451653291,0.29172711468553525,1,Blocked
746,146,0,0.9756729072079227,0.3945281090150726,1,Blocked
747,147,0,0.26202975317806704,0.47314130927151776,1,Blocked
748,148,0,0.6909606661374417,0.3655645059178096,1,Blocked
749,149,0,0.15606740374124609,0.4707277429670501,1,Blocked
750,150,0,0.9969372834593806,0.5895603528764979,1,Blocked
751,151,0,0.8916107440675587,0.4514296186663761,1,Blocked
752,152,0,0.8918600122082537,0.361119059030655,1,Blocked
753,153,0,0.5623683444364205,0.4819833582113321,1,Blocked
754,154,0,0.7031017291148995,0.445117076009104,1,Blocked
755,155,0,0.33589828343259576,0.40467420851372127,1,Blocked
756,156,0,0.9695915924917837,0.3744723421334814,1,Blocked
757,157,0,0.9983195777358518,0.3764387023302477,1,Blocked
758,158,0,0.18672845542697625,0.5906524252610534,1,Blocked
759,159,0,0.8005669992229985,0.42213076572644137,1,Blocked
760,160,0,0.3949213268901389,0.6621671333688153,1,Blocked
761,161,0,0.42971865160506206,0.5323563204862705,1,Blocked
762,162,0,0.3147688725692138,0.4017224178187634,1,Blocked
763,163,0,0.5877128716336182,0.5301732509573277,1,Blocked
764,164,0,0.5261640341002647,0.395724802375128,1,Blocked
765,165,0,0.5746327429824781,0.5425036319048684,1,Blocked
766,166,0,0.8591009883449485,0.4615110107909435,1,Blocked
767,167,0,0.09903601117584904,0.3977249691018368,1,Blocked
768,168,0,0.7415954824241202,0.299424922219173,1,Blocked
769,169,0,0.49748804348977727,0.4299895149226066,1,Blocked
770,170,0,0.6795123760111992,0.573315638090022,1,Blocked
771,171,0,0.34567619246272985,0.41311585041191407,1,Blocked
772,172,0,0.31718185203718113,0.6403138618103004,1,Blocked
773,173,0,0.7755952271886016,0.44689314103363614,1,Blocked
774,174,0,0.9104078030970735,0.39415930407914435,1,Blocked
775,175,0,0.6522636318064622,0.37910265194359216,1,Blocked
776,176,0,0.9624730428249737,0.5242159498571137,1,Blocked
777,177,0,0.5342712163432101,0.3485391041938002,1,Blocked
778,178,0,0.6301342778412056,0.607602929874872,1,Blocked
779,179,0,0.5615359632127809,0.5236559964117498,1,Blocked
780,180,0,0.9400831285890527,0.4251697757714449,1,Blocked
781,181,0,0.9849498636381113,0.482711019654536,1,Blocked
782,182,0,0.6247590611571902,0.4699434354868007,1,Blocked
783,183,0,0.2235902861701317,0.4636506395346832,1,Blocked
784,184,0,0.5584536981517455,0.5906653774441455,1,Blocked
785,185,0,0.573595229799481,0.4063930303131793,1,Blocked
786,186,0,0.8664464784142635,0.27486939210395067,1,Blocked
787,187,0,0.357945395769786,0.49983552349040883,1,Blocked
788,188,0,0.9270684978018751,0.459665419087659,1,Blocked
789,189,0,0.9521114077977196,0.378128186917271,1,Blocked
790,190,0,0.623553100765588,0.4915992471151077,1,Blocked
791,191,0,0.785268215418462,0.33846894663437826,1,Blocked
792,192,0,0.4993701411412556,0.5734487546726386,1,Blocked
793,193,0,0.9639917917164629,0.38233343526804175,1,Blocked
794,194,0,0.7458771462228776,0.3511086570240809,1,Blocked
795,195,0,0.5152361061223403,0.6002405671009529,1,Blocked
796,196,0,0.578726258319644,0.36611034459412395,1,Blocked
797,197,0,0.8844221464254209,0.35467914755109897,1,Blocked
798,198,0,0.7233710084079115,0.49257821486393744,1,Blocked
799,199,0,0.4399779602737226,0.5364175694006942,1,Blocked
800,0,0,0.7636492362519616,0.42087622651501777,1,Interleaved
801,1,0,0.3726476250842428,0.5928636289883674,1,Interleaved
802,2,0,0.9152807614599071,0.5274262743085437,1,Interleaved
803,3,0,0.8760839405896825,0.6521626323376757,1,Interleaved
804,4,0,0.7320148906397936,0.4360588423550185,1,Interleaved
805,5,0,0.0036695109895183344,0.929090304391007,1,Interleaved
806,6,0,0.3116511898880905,0.5993445026627242,1,Interleaved
807,7,0,0.7712247583125434,0.6187997408355155,1,Interleaved
808,8,0,0.5547539622831721,0.509292004650236,1,Interleaved
809,9,0,0.24838220094756686,0.6926724515368021,1,Interleaved
810,10,0,0.762136582090353,0.5379850563331003,1,Interleaved
811,11,0,0.830716274690763,0.6366453305186619,1,Interleaved
812,12,0,0.2686281294383235,0.5655752706616697,1,Interleaved
813,13,0,0.5989792759271824,0.44061425260010106,1,Interleaved
814,14,0,0.3873200631392234,0.6295528397653267,1,Interleaved
815,15,0,0.5300605758199448,0.6448712267139327,1,Interleaved
816,16,0,0.6857057466711822,0.5657004878129923,1,Interleaved
817,17,0,0.2993093969953241,0.40428774236544357,1,Interleaved
818,18,0,0.7161427821396336,0.5602430168116109,1,Interleaved
819,19,0,0.39562973473404245,0.5379335306603054,1,Interleaved
820,20,0,0.3496803511520556,0.5199760036616785,1,Interleaved
821,21,0,0.8709628994986238,0.3777278687272939,1,Interleaved
822,22,0,0.5277211831684281,0.5192197364086688,1,Interleaved
823,23,0,0.5573121053012634,0.4755008286261495,1,Interleaved
824,24,0,0.5660043548131185,0.6951689272778141,1,Interleaved
825,25,0,0.6086029182260707,0.4286784116130761,1,Interleaved
826,26,0,0.7036565771194282,0.4988498085428714,1,Interleaved
827,27,0,0.49126803829392124,0.3917784014424465,1,Interleaved
828,28,0,0.14897485328552068,0.6918986028265375,1,Interleaved
829,29,0,0.857931572153694,0.35022050916689634,1,Interleaved
830,30,0,0.615276126938392,0.4210079692118074,1,Interleaved
831,31,0,0.40597253335344224,0.5890040252910771,1,Interleaved
832,32,0,0.48216286870043196,0.5710626238868178,1,Interleaved
833,33,0,0.27161616801866273,0.5362564352649095,1,Interleaved
834,34,0,0.14043610180243415,0.4824053969383755,1,Interleaved
835,35,0,0.48171222863484137,0.6003808465894173,1,Interleaved
836,36,0,0.6909711719033351,0.4631076585295988,1,Interleaved
837,37,0,0.6059391725907783,0.4470749217882453,1,Interleaved
838,38,0,0.1259247848935715,0.7650936165334429,1,Interleaved
839,39,0,0.5047624349499592,0.4798148947118483,1,Interleaved
840,40,0,0.09592551202420412,0.6657911324329298,1,Interleaved
841,41,0,0.18880095530287921,0.6279877521248725,1,Interleaved
842,42,0,0.4394234827035755,0.729461216071624,1,Interleaved
843,43,0,0.0942614160944876,0.46005863298595395,1,Interleaved
844,44,0,0.8720541970893112,0.453664370866561,1,Interleaved
845,45,0,0.6265005800282252,0.46953230054901807,1,Interleaved
846,46,0,0.7387339923817174,0.5284765177608964,1,Interleaved
847,47,0,0.9674612026961655,0.48831334621960487,1,Interleaved
848,48,0,0.37677703742397034,0.5545738503062321,1,Interleaved
849,49,0,0.43511712764227317,0.5561620813778306,1,Interleaved
850,50,0,0.5003440487341376,0.4768195582283469,1,Interleaved
851,51,0,0.9708277040646335,0.36940129030883256,1,Interleaved
852,52,0,0.5082520429191737,0.42911593450002505,1,Interleaved
853,53,0,0.07737549131170007,0.8863243715381559,1,Interleaved
854,54,0,0.9269658735137661,0.5335812681846185,1,Interleaved
855,55,0,0.5563443253160992,0.540411945268791,1,Interleaved
856,56,0,0.22412260176051407,0.43432902878088225,1,Interleaved
857,57,0,0.8853278889470808,0.445216393068047,1,Interleaved
858,58,0,0.8866052658062348,0.6283779483633657,1,Interleaved
859,59,0,0.19863248622035723,0.6164346607281876,1,Interleaved
860,60,0,0.8288438301978689,0.530923848006545,1,Interleaved
861,61,0,0.2085523901766832,0.5270140993924679,1,Interleaved
862,62,0,0.4281782425393304,0.5040896546533815,1,Interleaved
863,63,0,0.08066805764543541,0.4662442086172983,1,Interleaved
864,64,0,0.06627042176135864,0.5348283983265557,1,Interleaved
865,65,0,0.40228952764686804,0.5832191953070112,1,Interleaved
866,66,0,0.43667963570410767,0.5515489221678338,1,Interleaved
867,67,0,0.3502323586430727,0.5117658251125917,1,Interleaved
868,68,0,0.23137679602106911,0.5399586976948008,1,Interleaved
869,69,0,0.6561622857376274,0.5133672227510215,1,Interleaved
870,70,0,0.39454206466346803,0.4670600404399192,1,Interleaved
871,71,0,0.45813405347295366,0.6131655223773487,1,Interleaved
872,72,0,0.7174079311027205,0.5488131395890281,1,Interleaved
873,73,0,0.3501436770136021,0.7628971539313483,1,Interleaved
874,74,0,0.5638658072079613,0.31939541319415343,1,Interleaved
875,75,0,0.9404580574716207,0.3564819027316404,1,Interleaved
876,76,0,0.43883177040205024,0.5200199873201292,1,Interleaved
877,77,0,0.7678512860652811,0.4403895235001676,1,Interleaved
878,78,0,0.4443377566157193,0.39389272350837556,1,Interleaved
879,79,0,0.3359756867828651,0.6295932085732153,1,Interleaved
880,80,0,0.6039897591730956,0.5265015987279564,1,Interleaved
881,81,0,0.8976859523798353,0.3703320988590313,1,Interleaved
882,82,0,0.5041042966862995,0.49116848205491914,1,Interleaved
883,83,0,0.835849088509014,0.3830151809729073,1,Interleaved
884,84,0,0.44012323305887935,0.39160517377891635,1,Interleaved
885,85,0,0.26729116042375634,0.5268266681647491,1,Interleaved
886,86,0,0.5276314012028068,0.5805735506075076,1,Interleaved
887,87,0,0.7500830974878978,0.5014214028812343,1,Interleaved
888,88,0,0.6345141134720409,0.4976158806633359,1,Interleaved
889,89,0,0.3433814612380078,0.4220616728705777,1,Interleaved
890,90,0,0.5142536272084028,0.3893742711043977,1,Interleaved
891,91,0,0.35515079595859567,0.3858775416614934,1,Interleaved
892,92,0,0.5171534467127618,0.4667755397143414,1,Interleaved
893,93,0,0.5678720964936544,0.5244641046333003,1,Interleaved
894,94,0,0.7562242365180588,0.4018957869978505,1,Interleaved
895,95,0,0.10257912774836458,0.5682343175257452,1,Interleaved
896,96,0,0.15616511656603516,0.3892445699945951,1,Interleaved
897,97,0,0.2639692374644487,0.5865998509511875,1,Interleaved
898,98,0,0.7621641337231355,0.33820240436142446,1,Interleaved
899,99,0,0.7602635309734371,0.5803619683693302,1,Interleaved
900,100,0,0.40783094547966936,0.6744140778624828,1,Interleaved
901,101,0,0.37450494038870025,0.46973005789966654,1,Interleaved
902,102,0,0.002585522193551155,0.6284693675849269,1,Interleaved
903,103,0,0.6471389104024298,0.3291758970165891,1,Interleaved
904,104,0,0.38442386119517546,0.5622374125059213,1,Interleaved
905,105,0,0.9291996348248914,0.4365269535089481,1,Interleaved
906,106,0,0.2830666545715598,0.7683421205865831,1,Interleaved
907,107,0,0.5091508921930948,0.5671096824248198,1,Interleaved
908,108,0,0.5193083540105294,0.5323744569206318,1,Interleaved
909,109,0,0.655290784755117,0.4652738568724879,1,Interleaved
910,110,0,0.43811617503554307,0.3895863447434751,1,Interleaved
911,111,0,0.14150970031128257,0.3485051985620454,1,Interleaved
912,112,0,0.3931860459639263,0.5876064012242247,1,Interleaved
913,113,0,0.6179039299345176,0.4444517952024021,1,Interleaved
914,114,0,0.11573523508408538,0.5576223249392014,1,Interleaved
915,115,0,0.5891746227008468,0.434810472826907,1,Interleaved
916,116,0,0.9318669794401078,0.38555761124034627,1,Interleaved
917,117,0,0.5659344608881499,0.5013844766667224,1,Interleaved
918,118,0,0.476513437737646,0.5098210612985221,1,Interleaved
919,119,0,0.2813568974850078,0.4980114329316303,1,Interleaved
920,120,0,0.8792704232038495,0.34939917976168317,1,Interleaved
921,121,0,0.47346071656335176,0.46333074454060774,1,Interleaved
922,122,0,0.16245135367103625,0.5099137242844097,1,Interleaved
923,123,0,0.7969929459144931,0.3651519183072754,1,Interleaved
924,124,0,0.3478158095155364,0.4215900911068733,1,Interleaved
925,125,0,0.9481609944117393,0.5174473488502431,1,Interleaved
926,126,0,0.6446796753603395,0.5551770433196793,1,Interleaved
927,127,0,0.9557726916378522,0.6335980846379186,1,Interleaved
928,128,0,0.4807364213064026,0.4215264777623834,1,Interleaved
929,129,0,0.17377053212174484,0.6339794389253905,1,Interleaved
930,130,0,0.924717117759116,0.4701011635458926,1,Interleaved
931,131,0,0.49716529697121764,0.49619065442658605,1,Interleaved
932,132,0,0.18035793445901505,0.4725676593836989,1,Interleaved
933,133,0,0.5630338786932112,0.44729832425121047,1,Interleaved
934,134,0,0.6689881125911394,0.4125176525158942,1,Interleaved
935,135,0,0.31186865047246,0.5917325611441638,1,Interleaved
936,136,0,0.02966511915545366,0.627763257631089,1,Interleaved
937,137,0,0.10291570703651247,0.633189488254139,1,Interleaved
938,138,0,0.15777089197636684,0.6169658307159542,1,Interleaved
939,139,0,0.496397617441924,0.5443483893121207,1,Interleaved
940,140,0,0.14139246132274338,0.530427932225074,1,Interleaved
941,141,0,0.5981937472104539,0.453130745654053,1,Interleaved
942,142,0,0.30967060315648404,0.5519800550340676,1,Interleaved
943,143,0,0.6538518662445311,0.45091115915900004,1,Interleaved
944,144,0,0.15217725950096098,0.5827990706850886,1,Interleaved
945,145,0,0.6240745392522223,0.5914182877270198,1,Interleaved
946,146,0,0.4900765830819696,0.5011156938777165,1,Interleaved
947,147,0,0.483062422284686,0.530607538458393,1,Interleaved
948,148,0,0.5556853214728417,0.5503144651959105,1,Interleaved
949,149,0,0.16664016920114705,0.5403084875151669,1,Interleaved
950,150,0,0.49541888824357416,0.5971756272386161,1,Interleaved
951,151,0,0.5506776926942288,0.38208377915490427,1,Interleaved
952,152,0,0.7128442296536062,0.4658790274762229,1,Interleaved
953,153,0,0.8654694578225033,0.35426089775678216,1,Interleaved
954,154,0,0.06958947770858535,0.5697088924636236,1,Interleaved
955,155,0,0.9134534287264984,0.462142191205717,1,Interleaved
956,156,0,0.6769125998773716,0.5923147608041435,1,Interleaved
957,157,0,0.7107949792035584,0.5152073330507797,1,Interleaved
958,158,0,0.5785088900620158,0.3630360356025041,1,Interleaved
959,159,0,0.4091157264756602,0.5023376376675549,1,Interleaved
960,160,0,0.48851946205032387,0.6656852454582853,1,Interleaved
961,161,0,0.5732248372584197,0.4007490762318864,1,Interleaved
962,162,0,0.7965842161503571,0.4199731988739319,1,Interleaved
963,163,0,0.4007449354806957,0.5065045132648056,1,Interleaved
964,164,0,0.5071187124327494,0.6122141724277694,1,Interleaved
965,165,0,0.09235921762419919,0.47835126085800883,1,Interleaved
966,166,0,0.6338081323649716,0.41068795107212586,1,Interleaved
967,167,0,0.4439047512986415,0.7074507648633599,1,Interleaved
968,168,0,0.15490966614172028,0.4889320140105117,1,Interleaved
969,169,0,0.13756373130680083,0.5171483032571633,1,Interleaved
970,170,0,0.6728985259840284,0.37542846061341184,1,Interleaved
971,171,0,0.10150128526156957,0.3673761970100541,1,Interleaved
972,172,0,0.9276413548833857,0.35691238552590276,1,Interleaved
973,173,0,0.13709434379640922,0.4004316465834348,1,Interleaved
974,174,0,0.5251623392524596,0.4614829673161105,1,Interleaved
975,175,0,0.5704334666504369,0.49499083764094415,1,Interleaved
976,176,0,0.7964182447258468,0.5750765906097935,1,Interleaved
977,177,0,0.6805343366346338,0.5020348667583354,1,Interleaved
978,178,0,0.6123803024758525,0.4803744626929277,1,Interleaved
979,179,0,0.6939139472950442,0.45446565291631524,1,Interleaved
980,180,0,0.45014186503404907,0.6077154252680415,1,Interleaved
981,181,0,0.11450056121454748,0.40145686252279256,1,Interleaved
982,182,0,0.37729883414274085,0.4437937248702756,1,Interleaved
983,183,0,0.5079809629236157,0.4311058849889684,1,Interleaved
984,184,0,0.3039921797651235,0.36415813672953584,1,Interleaved
985,185,0,0.33331151508312756,0.457188005261174,1,Interleaved
986,186,0,0.5400270160407905,0.6973040180098633,1,Interleaved
987,187,0,0.6066349284987146,0.5544090818485232,1,Interleaved
988,188,0,0.6988470434624133,0.4461782406604766,1,Interleaved
989,189,0,0.4670179362359162,0.3388364212575493,1,Interleaved
990,190,0,0.3645473986663775,0.5312443083664232,1,Interleaved
991,191,0,0.7111205287628284,0.4364520854523193,1,Interleaved
992,192,0,0.2708884386884455,0.5498325806364733,1,Interleaved
993,193,0,0.6709258854401311,0.46794191224526116,1,Interleaved
994,194,0,0.6241135471795749,0.4759951670111855,1,Interleaved
995,195,0,0.6703801443284352,0.38405535343962105,1,Interleaved
996,196,0,0.5606151543417339,0.5285971072880489,1,Interleaved
997,197,0,0.1632978703485052,0.5251562284911571,1,Interleaved
998,198,0,0.9624030565235084,0.314214417681352,1,Interleaved
999,199,0,0.19319214983856184,0.5376336550317906,1,Interleaved
1000,0,0,0.49527320000799924,0.8868230317435751,1,Instructed
1001,1,0,0.4737960195528991,0.9342305853448042,1,Instructed
1002,2,0,0.08475935117105912,0.676607736882207,1,Instructed
1003,3,0,0.9974565975105512,0.6966710955100074,1,Instructed
1004,4,0,0.3646922238375911,0.7421690157999118,1,Instructed
1005,5,0,0.3454727338729538,0.642276272873374,1,Instructed
1006,6,0,0.6498624483882975,0.6674620923156687,1,Instructed
1007,7,0,0.23159223763910078,0.6323474973118465,1,Instructed
1008,8,0,0.41764419959325055,0.37197949864359287,1,Instructed
1009,9,0,0.9224555540785857,0.5783235634483848,1,Instructed
1010,10,0,0.4173358893482866,0.5448560440823178,1,Instructed
1011,11,0,0.9915368992303628,0.49556938108807796,1,Instructed
1012,12,0,0.33798726406396606,0.48899129544038,1,Instructed
1013,13,0,0.9042819582588444,0.5354915149985939,1,Instructed
1014,14,0,0.24758556156619385,0.5601228592467757,1,Instructed
1015,15,0,0.5291021405144992,0.4829500921438108,1,Instructed
1016,16,0,0.2826119693789768,0.5583612949468686,1,Instructed
1017,17,0,0.4895741424470993,0.46133506378764,1,Instructed
1018,18,0,0.5322742204059152,0.43556832930339473,1,Instructed
1019,19,0,0.6338949899784393,0.5079778129417253,1,Instructed
1020,20,0,0.5711979224750778,0.3482434712008637,1,Instructed
1021,21,0,0.0323971157754673,0.8078074556507904,1,Instructed
1022,22,0,0.8281486843036392,0.3555411481578465,1,Instructed
1023,23,0,0.9832504379087864,0.3371658311691965,1,Instructed
1024,24,0,0.5100980114172827,0.575882446413402,1,Instructed
1025,25,0,0.00010142256338598323,0.8662408412880911,1,Instructed
1026,26,0,0.28833958482373656,0.4194268590323939,1,Instructed
1027,27,0,0.41339662790338666,0.5236522526615824,1,Instructed
1028,28,0,0.17349634630555053,0.6495353296767172,1,Instructed
1029,29,0,0.7886461279833437,0.39424696982464846,1,Instructed
1030,30,0,0.8768709974128513,0.5141744855640329,1,Instructed
1031,31,0,0.9713399025588094,0.2782612891694912,1,Instructed
1032,32,0,0.7190255206551237,0.4054029049404122,1,Instructed
1033,33,0,0.21694317600443147,0.5794080208535912,1,Instructed
1034,34,0,0.5590125551947914,0.4855706145503247,1,Instructed
1035,35,0,0.8534622395384748,0.41127811769629924,1,Instructed
1036,36,0,0.9624396289140389,0.3415932082248164,1,Instructed
1037,37,0,0.5948578133889887,0.42725244233205295,1,Instructed
1038,38,0,0.36349318445892154,0.5513224037016075,1,Instructed
1039,39,0,0.9964853237435183,0.3392678447221181,1,Instructed
1040,40,0,0.34118222432343764,0.5541537485680474,1,Instructed
1041,41,0,0.9954910380478446,0.4694142885747954,1,Instructed
1042,42,0,0.3832730254151172,0.5064099711146836,1,Instructed
1043,43,0,0.6694556052969292,0.5520670710712843,1,Instructed
1044,44,0,0.5010805582309716,0.6617752460512368,1,Instructed
1045,45,0,0.9605270744081538,0.4578267747140443,1,Instructed
1046,46,0,0.5723446405694023,0.4166480430671598,1,Instructed
1047,47,0,0.9846816589163381,0.3558925282011941,1,Instructed
1048,48,0,0.8822917078235226,0.28254320404670474,1,Instructed
1049,49,0,0.546826567719166,0.46078677162536846,1,Instructed
1050,50,0,0.40926354501298823,0.38302114980945967,1,Instructed
1051,51,0,0.9758070207197953,0.4020450148664253,1,Instructed
1052,52,0,0.5468503039839129,0.4726528124425948,1,Instructed
1053,53,0,0.996499844811853,0.48755599907132247,1,Instructed
1054,54,0,0.6951488465417361,0.4804765596509035,1,Instructed
1055,55,0,0.42252757518708806,0.42819553991980513,1,Instructed
1056,56,0,0.15682723030195522,0.6969040858086394,1,Instructed
1057,57,0,0.11802091547571143,0.5556902467294573,1,Instructed
1058,58,0,0.32634521343683076,0.633807410938012,1,Instructed
1059,59,0,0.7839312799157375,0.3601693234274928,1,Instructed
1060,60,0,0.32605611701739917,0.6019189722045777,1,Instructed
1061,61,0,0.6360632282537191,0.45982371163443203,1,Instructed
1062,62,0,0.5401696305425634,0.4425771226658355,1,Instructed
1063,63,0,0.27848413204116607,0.48568909045977227,1,Instructed
1064,64,0,0.4793070274095541,0.5790409494935773,1,Instructed
1065,65,0,0.21194160477439936,0.5179297509921444,1,Instructed
1066,66,0,0.7968973131662036,0.46625476155134093,1,Instructed
1067,67,0,0.9657893985164137,0.4969843082072145,1,Instructed
1068,68,0,0.8750884895861375,0.502799354801307,1,Instructed
1069,69,0,0.3501324584755695,0.3844132721715374,1,Instructed
1070,70,0,0.22870298928650007,0.39626691573497186,1,Instructed
1071,71,0,0.6281707145174547,0.2961615293224487,1,Instructed
1072,72,0,0.4249724991518427,0.5117675286324533,1,Instructed
1073,73,0,0.07344857176936138,0.41182041064109554,1,Instructed
1074,74,0,0.46472405753145185,0.6351073999299708,1,Instructed
1075,75,0,0.2744795679044471,0.39030881296952824,1,Instructed
1076,76,0,0.05890327755563987,0.603505444607441,1,Instructed
1077,77,0,0.6955767634449475,0.34747091151270254,1,Instructed
1078,78,0,0.6437329085059454,0.39580995672013597,1,Instructed
1079,79,0,0.5797880866344263,0.445793494351589,1,Instructed
1080,80,0,0.8675791934998874,0.3227761898167735,1,Instructed
1081,81,0,0.6616525349397138,0.4053963144869028,1,Instructed
1082,82,0,0.6331305380747447,0.5576221254925824,1,Instructed
1083,83,0,0.6078004078688196,0.49093497048946994,1,Instructed
1084,84,0,0.6052823373205896,0.5049139349825129,1,Instructed
1085,85,0,0.03864942402937996,0.4869178468877189,1,Instructed
1086,86,0,0.6209899954670557,0.45265314914818733,1,Instructed
1087,87,0,0.5440326027924612,0.5430181496859066,1,Instructed
1088,88,0,0.48928447933091446,0.43951297889496244,1,Instructed
1089,89,0,0.07963588488078964,0.6521363883882336,1,Instructed
1090,90,0,0.3056187304511898,0.3544361652138215,1,Instructed
1091,91,0,0.8317979859409246,0.5802274268701471,1,Instructed
1092,92,0,0.3116479511817736,0.5064760114040618,1,Instructed
1093,93,0,0.003364718742326931,0.6485120715496159,1,Instructed
1094,94,0,0.6858448541728688,0.35280310562561756,1,Instructed
1095,95,0,0.6497155497517058,0.5746213360738512,1,Instructed
1096,96,0,0.589271026583671,0.4712294815262996,1,Instructed
1097,97,0,0.11335575932279997,0.5403175803131945,1,Instructed
1098,98,0,0.5031870744578852,0.5620683272014979,1,Instructed
1099,99,0,0.15273772874104166,0.5481955101556419,1,Instructed
1100,100,0,0.43192583517376637,0.5021523200494727,1,Instructed
1101,101,0,0.9990194081947957,0.3817809488086291,1,Instructed
1102,102,0,0.3552616630933872,0.6444894081270349,1,Instructed
1103,103,0,0.9937144968136378,0.3741720167630561,1,Instructed
1104,104,0,0.6270406692701498,0.4995486559591326,1,Instructed
1105,105,0,0.9514406393201053,0.3337364392396704,1,Instructed
1106,106,0,0.8378499792105101,0.4142034161745111,1,Instructed
1107,107,0,0.748137987280417,0.4863821000225373,1,Instructed
1108,108,0,0.6085952757087029,0.39496006192119015,1,Instructed
1109,109,0,0.04640686488490761,0.6271057331961798,1,Instructed
1110,110,0,0.44948161438566303,0.4503797224167616,1,Instructed
1111,111,0,0.8978044208728893,0.38560454104268094,1,Instructed
1112,112,0,0.5041012503512171,0.5229137636376007,1,Instructed
1113,113,0,0.27271333706980183,0.43644117762478835,1,Instructed
1114,114,0,0.5623424382608295,0.5355146811229434,1,Instructed
1115,115,0,0.182499673843827,0.5560375418659487,1,Instructed
1116,116,0,0.18696897185895722,0.3826211522154662,1,Instructed
1117,117,0,0.9896645376443751,0.3503814802674013,1,Instructed
1118,118,0,0.556060796581887,0.4328016883483257,1,Instructed
1119,119,0,0.9929804091055597,0.4048245283688455,1,Instructed
1120,120,0,0.8944907356460172,0.293497712746918,1,Instructed
1121,121,0,0.6158056255015799,0.4738011883134582,1,Instructed
1122,122,0,0.40084619782055825,0.32709948212577666,1,Instructed
1123,123,0,0.8156930357164471,0.4882930326643294,1,Instructed
1124,124,0,0.4935791644170541,0.6454621424951859,1,Instructed
1125,125,0,0.02866995482048421,0.5108451304642185,1,Instructed
1126,126,0,0.7799747681168137,0.5685728703667985,1,Instructed
1127,127,0,0.6584299423261352,0.3409638142144046,1,Instructed
1128,128,0,0.7104402912337565,0.3897269651145975,1,Instructed
1129,129,0,0.7419258682460285,0.40571207533073184,1,Instructed
1130,130,0,0.5184481078240434,0.47620835902034486,1,Instructed
1131,131,0,0.20104800254473842,0.475412411182953,1,Instructed
1132,132,0,0.49113117188335653,0.5098572735854479,1,Instructed
1133,133,0,0.4341703347504704,0.47245914092028307,1,Instructed
1134,134,0,0.5562811187776308,0.3926781034365124,1,Instructed
1135,135,0,0.043639463257534816,0.4889258357858616,1,Instructed
1136,136,0,0.5947022290059758,0.3815238089832637,1,Instructed
1137,137,0,0.7400600523631671,0.5035374722039428,1,Instructed
1138,138,0,0.8152183415665307,0.5514440773402716,1,Instructed
1139,139,0,0.9015801020893304,0.44902587197669064,1,Instructed
1140,140,0,0.1946195426383865,0.4881718751333568,1,Instructed
1141,141,0,0.07019447021042256,0.5291412769616075,1,Instructed
1142,142,0,0.5159553634326478,0.5005268371730647,1,Instructed
1143,143,0,0.99318357450326,0.6449001241099709,1,Instructed
1144,144,0,0.14108794178475778,0.649521045373084,1,Instructed
1145,145,0,0.9183608634001095,0.3930423304771203,1,Instructed
1146,146,0,0.33161710231891117,0.44995322540884386,1,Instructed
1147,147,0,0.7030240730224737,0.40577045620005003,1,Instructed
1148,148,0,0.6135985076433057,0.40980100735865355,1,Instructed
1149,149,0,0.9408987369355761,0.4447194242362589,1,Instructed
1150,150,0,0.496421995838446,0.33156978455865826,1,Instructed
1151,151,0,0.4929487228850578,0.3839128814403948,1,Instructed
1152,152,0,0.5230157747527515,0.37161894190200906,1,Instructed
1153,153,0,0.9690097790940829,0.44055630174050275,1,Instructed
1154,154,0,0.30332204238979255,0.4740881443290646,1,Instructed
1155,155,0,0.9819605658569084,0.3973155272258297,1,Instructed
1156,156,0,0.7029484303356419,0.5538355338696979,1,Instructed
1157,157,0,0.46148278410290033,0.6703109761438475,1,Instructed
1158,158,0,0.8694747713709644,0.4931756775641782,1,Instructed
1159,159,0,0.8403228654784259,0.5237803505965858,1,Instructed
1160,160,0,0.18692932002596624,0.44954368379244725,1,Instructed
1161,161,0,0.6921987059211747,0.32315383657107044,1,Instructed
1162,162,0,0.6157976231561861,0.6704815336581764,1,Instructed
1163,163,0,0.8506032296247721,0.5344434667729796,1,Instructed
1164,164,0,0.37292230624221734,0.4058346621268766,1,Instructed
1165,165,0,0.40514417325683166,0.6753570580847787,1,Instructed
1166,166,0,0.5721052472258423,0.4629183519003387,1,Instructed
1167,167,0,0.40739501421657454,0.5509798318090087,1,Instructed
1168,168,0,0.7032242382801084,0.521790296024089,1,Instructed
1169,169,0,0.5137837654841722,0.5218639125763532,1,Instructed
1170,170,0,0.12652559739593147,0.5440068269859188,1,Instructed
1171,171,0,0.5225948585825483,0.45633658179049125,1,Instructed
1172,172,0,0.6694158972930233,0.372502344013863,1,Instructed
1173,173,0,0.7185598917298828,0.3981176290741151,1,Instructed
1174,174,0,0.06678968973878467,0.5078582249752772,1,Instructed
1175,175,0,0.3695072154466181,0.5131397558442825,1,Instructed
1176,176,0,0.3219012563225633,0.4550226766213725,1,Instructed
1177,177,0,0.9200549920954705,0.46529932678987945,1,Instructed
1178,178,0,0.8679962756541044,0.466829123013089,1,Instructed
1179,179,0,0.5190657026107949,0.45406827716969833,1,Instructed
1180,180,0,0.8028775607476601,0.42789165949115493,1,Instructed
1181,181,0,0.8805758002664144,0.41062130099457017,1,Instructed
1182,182,0,0.9994216921542364,0.4980041705471015,1,Instructed
1183,183,0,0.9952888275015944,0.41707544092463245,1,Instructed
1184,184,0,0.17213643164737324,0.4563371532836186,1,Instructed
1185,185,0,0.12326172544466968,0.5243986830003271,1,Instructed
1186,186,0,0.3666938467088799,0.3479716670307753,1,Instructed
1187,187,0,0.06578258635916415,0.45973667563850845,1,Instructed
1188,188,0,0.45289000704597204,0.47776457698196906,1,Instructed
1189,189,0,0.5012900159912944,0.4881503469525513,1,Instructed
1190,190,0,0.05868857883113289,0.5521828171059201,1,Instructed
1191,191,0,0.669429431807012,0.43573614374259856,1,Instructed
1192,192,0,0.5798853765051063,0.6970400733522979,1,Instructed
1193,193,0,0.4996075656828881,0.6285004046823063,1,Instructed
1194,194,0,0.024897882262694057,0.45801670850819776,1,Instructed
1195,195,0,0.8676077855826522,0.3846414528156012,1,Instructed
1196,196,0,0.4644126101675019,0.36054401043579043,1,Instructed
1197,197,0,0.9159441746390906,0.4615149392521568,1,Instructed
1198,198,0,0.2993988183056636,0.5406356882788297,1,Instructed
1199,199,0,0.7553052887635255,0.4124169960740458,1,Instructed
