,t,e_hat,Accuracy,pe,batch,Condition
0,0,0,0.1515654917989549,0.7466539059861945,0,Blocked
1,1,0,0.9985040608650697,0.7522946050493502,0,Blocked
2,2,0,0.4251952775612331,0.7685649336583384,0,Blocked
3,3,0,0.9000160217465025,0.512421288041422,0,Blocked
4,4,0,0.4277661429772559,0.42685331761475565,0,Blocked
5,5,0,0.4195786737876975,0.409414089451224,0,Blocked
6,6,0,0.3714113733034268,0.41258147218283514,0,Blocked
7,7,0,0.4104998074169583,0.8313523807166938,0,Blocked
8,8,0,0.40110166685556126,0.8071018966803032,0,Blocked
9,9,0,0.33859364106296347,0.7994212541894232,0,Blocked
10,10,0,0.4403980411829768,0.6978006156184468,0,Blocked
11,11,0,0.4277153218335289,0.4070657464167034,0,Blocked
12,12,0,0.46026040986630423,0.719214957809817,0,Blocked
13,13,0,0.6178777949695146,0.7913475549391071,0,Blocked
14,14,0,0.05451097054624475,0.6110043761714519,0,Blocked
15,15,0,0.6453308538307394,0.5048712123105994,0,Blocked
16,16,0,0.6656621860609706,0.5915329857557797,0,Blocked
17,17,0,0.7823451866493165,0.6225042360752446,0,Blocked
18,18,0,0.9621045974668465,0.5780872822010357,0,Blocked
19,19,0,0.2531126548290565,0.55032983400698,0,Blocked
20,20,0,0.06601986466212838,0.847725532445329,0,Blocked
21,21,0,0.6474088892797223,0.7077267313546033,0,Blocked
22,22,0,0.9651244928765528,0.696450096143007,0,Blocked
23,23,0,0.5316266046414297,0.8510561803457973,0,Blocked
24,24,0,0.6113232982844902,0.7111380413268068,0,Blocked
25,25,0,0.9868585411577162,0.6511745031624117,0,Blocked
26,26,0,0.5705692268691519,0.4360141009949071,0,Blocked
27,27,0,0.8335281963091556,0.48478313305193554,0,Blocked
28,28,0,0.9710637328268514,0.5235060219356455,0,Blocked
29,29,0,0.6311459626744637,0.525764860745275,0,Blocked
30,30,0,0.5909922458215239,0.45351009177180135,0,Blocked
31,31,0,0.7675916203995667,0.5585396507803763,0,Blocked
32,32,0,0.4579585200108462,0.49735909543905477,0,Blocked
33,33,0,0.8926992155143761,0.5694813846587155,0,Blocked
34,34,0,0.9058289018246355,0.4698004822323387,0,Blocked
35,35,0,0.46386586260011553,0.4586592380824551,0,Blocked
36,36,0,0.5148850365959488,0.527169497605489,0,Blocked
37,37,0,0.4110466432651576,0.8260560096795164,0,Blocked
38,38,0,0.42380722571218354,0.6715738519428806,0,Blocked
39,39,0,0.8575053030887976,1.1455242767424192,0,Blocked
40,40,0,0.5037277914059581,0.7777506364204829,0,Blocked
41,41,0,0.5153762414106717,0.7515747023161455,0,Blocked
42,42,0,0.05642747310178778,0.720870038031274,0,Blocked
43,43,0,0.4799307046610767,0.6271562032205691,0,Blocked
44,44,0,0.24034506560743818,0.9131417726629465,0,Blocked
45,45,0,0.3566223737768964,1.1191404942516014,0,Blocked
46,46,0,0.5041301871662869,0.4936192321883347,0,Blocked
47,47,0,0.5933005412624128,0.7180599904900568,0,Blocked
48,48,0,0.5014658701114488,0.6112754396768911,0,Blocked
49,49,0,0.5271650544175301,0.6566690421375392,0,Blocked
50,50,0,0.522647304102841,0.5070988560424274,0,Blocked
51,51,0,0.11912326573437891,0.7013455184405948,0,Blocked
52,52,0,0.8363614853036965,0.708348908598068,0,Blocked
53,53,0,0.9869998627682026,0.708377364858295,0,Blocked
54,54,0,0.4459330912908598,0.6772655096003617,0,Blocked
55,55,0,0.615963423113363,0.46386543773921324,0,Blocked
56,56,0,0.049210704259062106,0.9825024875587242,0,Blocked
57,57,0,0.15088806434821944,0.8753956333132265,0,Blocked
58,58,0,0.9288895097577747,0.6990848596661705,0,Blocked
59,59,0,0.49352309900828695,0.5863935817591759,0,Blocked
60,60,0,0.4875958718864502,0.6633203446604269,0,Blocked
61,61,0,0.5170707199396772,0.571421372352311,0,Blocked
62,62,0,0.5016936537374579,0.569595915568804,0,Blocked
63,63,0,0.608251010605405,0.5570317661966355,0,Blocked
64,64,0,0.1849193956656978,0.7105745577764593,0,Blocked
65,65,0,0.6349875831380494,0.6697140186495378,0,Blocked
66,66,0,0.49484741492047124,0.6573626817498261,0,Blocked
67,67,0,0.5135459626825047,0.8510861491727295,0,Blocked
68,68,0,0.15751265463747757,0.7318823392460436,0,Blocked
69,69,0,0.468598294540509,0.41637525720770674,0,Blocked
70,70,0,0.6151243936659014,0.6085971666969356,0,Blocked
71,71,0,0.6024623160541392,0.6202697782578301,0,Blocked
72,72,0,0.6367540180287996,0.453016621775192,0,Blocked
73,73,0,0.6551893719387185,0.5860494413611798,0,Blocked
74,74,0,0.4477045918815286,0.43949088195067476,0,Blocked
75,75,0,0.5071738520396712,0.5767156559880919,0,Blocked
76,76,0,0.5116477252654722,0.4759986803598869,0,Blocked
77,77,0,0.878767076713481,0.6663662231396208,0,Blocked
78,78,0,0.472575795895682,0.46369136950416745,0,Blocked
79,79,0,0.8627908789112506,0.7123704071687822,0,Blocked
80,80,0,0.9416838824052287,1.0049504363245982,0,Blocked
81,81,0,0.9851678356128486,0.5083662283778393,0,Blocked
82,82,0,0.9370527466534337,0.5905590112825496,0,Blocked
83,83,0,0.2835348123270203,0.5381771540892065,0,Blocked
84,84,0,0.594047447497628,0.45260086703603847,0,Blocked
85,85,0,0.7495915440595478,0.5800992456310523,0,Blocked
86,86,0,0.714124348207436,0.7159437981735267,0,Blocked
87,87,0,0.13342924032159378,0.6896386580573093,0,Blocked
88,88,0,0.2539927554234027,0.563345040880948,0,Blocked
89,89,0,0.24351631146347813,0.6284966330776846,0,Blocked
90,90,0,0.0032139226283526344,0.6499237955447079,0,Blocked
91,91,0,0.2717193700795359,0.4068439823628084,0,Blocked
92,92,0,0.35978425067497444,0.4359284049262364,0,Blocked
93,93,0,0.4084918299931099,0.6406681001930132,0,Blocked
94,94,0,0.3782802099025851,0.9176132470114533,0,Blocked
95,95,0,0.08234687887023401,0.7584514042057298,0,Blocked
96,96,0,0.23969194200081345,0.8393123524214124,0,Blocked
97,97,0,0.3882307223852557,0.4692862737196333,0,Blocked
98,98,0,0.46981906320127564,0.5649627198970335,0,Blocked
99,99,0,0.7820760470318939,0.7092716011022869,0,Blocked
100,100,0,0.5581468250031333,0.5068597645822497,0,Blocked
101,101,0,0.1743980934408652,0.49850614763257506,0,Blocked
102,102,0,0.4353054693542273,0.6974326870857994,0,Blocked
103,103,0,0.9241406081139298,0.6077152293254666,0,Blocked
104,104,0,0.5573201466938085,0.7632283720116454,0,Blocked
105,105,0,0.5086114725604777,0.8000708963392126,0,Blocked
106,106,0,0.2921406743001901,0.6115150823682738,0,Blocked
107,107,0,0.8234395534299936,0.701661519323912,0,Blocked
108,108,0,0.3196711395501441,0.6987479899764908,0,Blocked
109,109,0,0.014972538246439123,0.8370752720271548,0,Blocked
110,110,0,0.8838392671019943,0.5772494117694669,0,Blocked
111,111,0,0.17388967127799654,0.6876768062739766,0,Blocked
112,112,0,0.06886010368366163,0.5268991475500762,0,Blocked
113,113,0,0.5587000369329531,1.502440787893118,0,Blocked
114,114,0,0.9886051669388303,0.6638791756211688,0,Blocked
115,115,0,0.49892801362616274,0.760330034602297,0,Blocked
116,116,0,0.5135897682215925,0.602558428533416,0,Blocked
117,117,0,0.29111877655706464,0.6909563443966962,0,Blocked
118,118,0,0.3805729995272433,0.632116250639837,0,Blocked
119,119,0,0.9940479093604796,0.6812009967668633,0,Blocked
120,120,0,0.36410171425155946,0.7515420468708046,0,Blocked
121,121,0,0.7037917504828244,0.6419605556468365,0,Blocked
122,122,0,0.49517381538426597,0.6808783810879774,0,Blocked
123,123,0,0.26812945650729325,0.6395394679742079,0,Blocked
124,124,0,0.5404884744296928,0.6109157142776449,0,Blocked
125,125,0,0.9333249819152204,0.5591874166844276,0,Blocked
126,126,0,0.3155716143258098,0.5423806131882427,0,Blocked
127,127,0,0.1392225357404915,0.7252916881775752,0,Blocked
128,128,0,0.7016536682119718,0.3853327540836309,0,Blocked
129,129,0,0.8206384118043726,0.616144059744968,0,Blocked
130,130,0,0.49180254029764275,0.7821106393995763,0,Blocked
131,131,0,0.7739877628723427,0.6894069842734833,0,Blocked
132,132,0,0.29267705034575114,0.6990663606833394,0,Blocked
133,133,0,0.22386630929019022,0.5687468413527694,0,Blocked
134,134,0,0.5441079589182091,1.019989847105837,0,Blocked
135,135,0,0.4781403337507451,0.7905685267062881,0,Blocked
136,136,0,0.5297372074739387,0.46882156167778977,0,Blocked
137,137,0,0.34162533658527505,0.7206536285677334,0,Blocked
138,138,0,0.964210670503861,0.6191329182136194,0,Blocked
139,139,0,0.4596400319911772,0.5460501023419416,0,Blocked
140,140,0,0.9546075839283501,0.6644476143118403,0,Blocked
141,141,0,0.14483134170809187,0.5898658080802412,0,Blocked
142,142,0,0.503666053596004,0.7044402612914997,0,Blocked
143,143,0,0.20431727984553844,0.49010783116931056,0,Blocked
144,144,0,0.16875802594459025,0.8954910770970737,0,Blocked
145,145,0,0.4419636907245354,0.8037795568277023,0,Blocked
146,146,0,0.38011021416431084,0.6948944438166276,0,Blocked
147,147,0,0.4967091014562739,1.0370892910086302,0,Blocked
148,148,0,0.5098530187875313,0.4374049404076106,0,Blocked
149,149,0,0.5005688038434374,0.7575788998494732,0,Blocked
150,150,0,0.4369206164762652,0.6487512793337946,0,Blocked
151,151,0,0.39389251619852794,0.7884506182130442,0,Blocked
152,152,0,0.5871321639533716,0.4360634917564126,0,Blocked
153,153,0,0.5342669280265255,0.5780780084304336,0,Blocked
154,154,0,0.09609907712007676,0.6724874114846466,0,Blocked
155,155,0,0.49717506641772474,0.6830091641180678,0,Blocked
156,156,0,0.044318247188141535,0.6801343519430814,0,Blocked
157,157,0,0.49940643826443165,0.773924873052673,0,Blocked
158,158,0,0.00545284876379136,0.7988309638056544,0,Blocked
159,159,0,0.2621679619967301,0.7434638189386668,0,Blocked
160,160,0,0.2408459592584246,0.526668791655119,0,Blocked
161,161,0,0.35459086013722246,0.6448307086334337,0,Blocked
162,162,0,0.5803883396609655,0.7078451038418428,0,Blocked
163,163,0,0.8289224828867285,0.6466808198393001,0,Blocked
164,164,0,0.688610764210718,0.7744443889696101,0,Blocked
165,165,0,0.4016423664552526,0.5300313592824835,0,Blocked
166,166,0,0.46779456248772344,0.4093704011798931,0,Blocked
167,167,0,0.4434408742628934,0.8057271993646378,0,Blocked
168,168,0,0.7394563089589044,0.4926160146901531,0,Blocked
169,169,0,0.4821019317104225,0.6360122996160438,0,Blocked
170,170,0,0.8900923867277584,0.4654069848760251,0,Blocked
171,171,0,0.3803920823543649,0.6615621840291412,0,Blocked
172,172,0,0.45752222346677196,0.8999774362645745,0,Blocked
173,173,0,0.46224614231426636,0.8148104097204663,0,Blocked
174,174,0,0.4871980297496029,0.524604486124317,0,Blocked
175,175,0,0.8915458102896605,0.7720817728177614,0,Blocked
176,176,0,0.29148352747579376,0.8709211527567278,0,Blocked
177,177,0,0.4473906456062274,0.7283646997189837,0,Blocked
178,178,0,0.4719184718125606,0.7150879122989511,0,Blocked
179,179,0,0.8302241905732539,0.5387698262579497,0,Blocked
180,180,0,0.6230101347971092,0.5202488578648736,0,Blocked
181,181,0,0.8980260103560431,0.5775896650196279,0,Blocked
182,182,0,0.9193124271025739,0.5299024388889622,0,Blocked
183,183,0,0.4205375349981852,0.629988949865804,0,Blocked
184,184,0,0.01667129227334401,0.75335401670433,0,Blocked
185,185,0,0.680673158472961,0.48456496396295523,0,Blocked
186,186,0,0.16576131552160886,0.8614513604340204,0,Blocked
187,187,0,0.32873968388931185,0.44474021352595394,0,Blocked
188,188,0,0.5397587020099203,0.7860826794856264,0,Blocked
189,189,0,0.6133258697114284,0.5846995882634345,0,Blocked
190,190,0,0.41509306326282114,0.5886825659799854,0,Blocked
191,191,0,0.20990592525192286,0.5527363151835858,0,Blocked
192,192,0,0.2189451992756507,0.4930754378696369,0,Blocked
193,193,0,0.6096456503460387,0.49008752140327516,0,Blocked
194,194,0,0.65019067942281,0.5448130217288191,0,Blocked
195,195,0,0.10364017356226145,0.8395321231482918,0,Blocked
196,196,0,0.49705047961532817,0.6983675862835144,0,Blocked
197,197,0,0.47385339384282343,0.5916393892243922,0,Blocked
198,198,0,0.7473354452962495,0.7139257726831891,0,Blocked
199,199,0,0.5961113995371627,0.7903315106920823,0,Blocked
200,0,0,0.9789179000726917,0.6968524702599536,0,Interleaved
201,1,0,0.3076715822507593,0.6873427282102125,0,Interleaved
202,2,0,0.8169827138986776,0.44691257816657853,0,Interleaved
203,3,0,0.3059120150328057,0.5566967483804082,0,Interleaved
204,4,0,0.912959945593476,0.6884123608107344,0,Interleaved
205,5,0,0.8861663397774178,0.7282865870881081,0,Interleaved
206,6,0,0.5037601248444807,0.8274331524024097,0,Interleaved
207,7,0,0.49981088539698587,0.466377693210223,0,Interleaved
208,8,0,0.014819668215890385,0.9766373127442904,0,Interleaved
209,9,0,0.9796889668102512,0.5727971216276766,0,Interleaved
210,10,0,0.412819410772478,0.5561213487571302,0,Interleaved
211,11,0,0.793470116731988,0.5580374955399788,0,Interleaved
212,12,0,0.9912655139043383,0.3998206183016624,0,Interleaved
213,13,0,0.4396598669009819,0.5873670068573085,0,Interleaved
214,14,0,0.8632898998069494,0.7649702785291655,0,Interleaved
215,15,0,0.7011164234140809,0.4492697282909332,0,Interleaved
216,16,0,0.9615414678965086,0.5822158255442726,0,Interleaved
217,17,0,0.491492731079496,0.5523469540697841,0,Interleaved
218,18,0,0.9744486695103618,0.5662772550731378,0,Interleaved
219,19,0,0.47900011832478157,0.521526922230366,0,Interleaved
220,20,0,0.18984202625314467,0.45220920095882333,0,Interleaved
221,21,0,0.6540945985414951,0.5202634185363093,0,Interleaved
222,22,0,0.9985845732951923,0.6657184440650116,0,Interleaved
223,23,0,0.6056589456034454,0.7195836871924961,0,Interleaved
224,24,0,0.009004839776150318,0.683425941894489,0,Interleaved
225,25,0,0.08543382295687998,0.7210224837299786,0,Interleaved
226,26,0,0.6562186550622309,0.8254911241400903,0,Interleaved
227,27,0,0.822775444827712,0.5842911978410141,0,Interleaved
228,28,0,0.08985649821873706,0.6761555675273021,0,Interleaved
229,29,0,0.5084182476578759,0.8011834953423049,0,Interleaved
230,30,0,0.037012195023035634,0.7059659308063257,0,Interleaved
231,31,0,0.3816119470808438,0.45505146299225463,0,Interleaved
232,32,0,0.05651462243779684,0.5269724553666024,0,Interleaved
233,33,0,0.5283178430417929,0.3522431434312071,0,Interleaved
234,34,0,0.8591305659209574,0.5160798042407952,0,Interleaved
235,35,0,0.12426281260886614,0.608265375412532,0,Interleaved
236,36,0,0.820834351013592,0.6225672001140163,0,Interleaved
237,37,0,0.596135447225439,0.7019144932789994,0,Interleaved
238,38,0,0.4309146710748031,0.6289186415869024,0,Interleaved
239,39,0,0.28479393063950265,0.6212153681395647,0,Interleaved
240,40,0,0.7401858810524954,0.5771605483789298,0,Interleaved
241,41,0,0.4587847495780234,0.6053071519205502,0,Interleaved
242,42,0,0.061624471446843146,0.7287342647448598,0,Interleaved
243,43,0,0.9454211343989798,0.7507772877031256,0,Interleaved
244,44,0,0.9666252961789232,0.5409118028917601,0,Interleaved
245,45,0,0.5129496932129749,0.4029060233354247,0,Interleaved
246,46,0,0.9872842516961977,0.5584461112997843,0,Interleaved
247,47,0,0.7298195305659801,0.6545844796164759,0,Interleaved
248,48,0,0.5353761820396546,0.5340037840874681,0,Interleaved
249,49,0,0.8720474497754354,0.2940752381014554,0,Interleaved
250,50,0,0.5708419132486588,0.41205897769427435,0,Interleaved
251,51,0,0.5298110171204764,0.6401963607321628,0,Interleaved
252,52,0,0.6520021354925145,0.5536912710610601,0,Interleaved
253,53,0,0.5451818419694311,0.6008055974567801,0,Interleaved
254,54,0,0.1859723848862908,0.5540021050564488,0,Interleaved
255,55,0,0.167104717433673,0.33299101859417235,0,Interleaved
256,56,0,0.00470809844247315,0.5685425634757284,0,Interleaved
257,57,0,0.8537057554128122,0.7086262883433513,0,Interleaved
258,58,0,0.8044139970923816,0.5863843831840752,0,Interleaved
259,59,0,0.7589651710402211,0.5538284722484892,0,Interleaved
260,60,0,0.2757787259459852,0.5876956766793087,0,Interleaved
261,61,0,0.631779107511,0.5354791237367701,0,Interleaved
262,62,0,0.8247019079562979,0.503239920797576,0,Interleaved
263,63,0,0.6938376147249068,0.5588468287715667,0,Interleaved
264,64,0,0.9038080126882154,0.5595156987306531,0,Interleaved
265,65,0,0.6346195264840906,0.6700937164161929,0,Interleaved
266,66,0,0.0038350299944196462,0.759647898898685,0,Interleaved
267,67,0,0.5498052667151845,0.47063795144023446,0,Interleaved
268,68,0,0.00041107137304761943,0.950904801707496,0,Interleaved
269,69,0,0.7811306954226922,0.44240349224847675,0,Interleaved
270,70,0,0.3000403493668755,0.40541275752564904,0,Interleaved
271,71,0,0.4606898014051778,0.6915808027489508,0,Interleaved
272,72,0,0.3512146475519002,0.5986926574401814,0,Interleaved
273,73,0,0.5165705169305498,0.43191659527686066,0,Interleaved
274,74,0,0.7539533518532988,0.5727996977635417,0,Interleaved
275,75,0,0.49469534233027934,0.7807614363872145,0,Interleaved
276,76,0,0.10658488660439826,0.6283027413256486,0,Interleaved
277,77,0,0.576887463088801,0.6048953159914902,0,Interleaved
278,78,0,0.3671064165116062,0.6092461265537172,0,Interleaved
279,79,0,0.9575764926451165,0.6971087307562714,0,Interleaved
280,80,0,0.9965147982188381,0.5856183650781834,0,Interleaved
281,81,0,0.5029803398512354,0.8906905987371336,0,Interleaved
282,82,0,0.13252109037348136,0.8201286819505826,0,Interleaved
283,83,0,0.361225338684908,0.7010038431154242,0,Interleaved
284,84,0,0.7272180638896495,0.4949273248845578,0,Interleaved
285,85,0,0.4721780735572337,0.7220079650637841,0,Interleaved
286,86,0,0.9199005491440035,0.5821421380639462,0,Interleaved
287,87,0,0.3070347706408896,0.5055611341449144,0,Interleaved
288,88,0,0.037096336419042676,0.745383070744177,0,Interleaved
289,89,0,0.7730440841122375,0.7736503172524981,0,Interleaved
290,90,0,0.9730496347209037,0.6010356274303119,0,Interleaved
291,91,0,0.07984134442418928,0.8012866840887457,0,Interleaved
292,92,0,0.13365080742429566,0.935969267321945,0,Interleaved
293,93,0,0.4441952639094789,0.54056211116066,0,Interleaved
294,94,0,0.03429165832233451,0.6225201772629066,0,Interleaved
295,95,0,0.4921280034389895,0.5094430393041878,0,Interleaved
296,96,0,0.894582828143604,0.4080902832599002,0,Interleaved
297,97,0,0.7067099092645784,0.4541961357515166,0,Interleaved
298,98,0,0.15946381577850421,0.6912978209836984,0,Interleaved
299,99,0,0.4247741643247702,0.6889122590737067,0,Interleaved
300,100,0,0.0037195927197490814,0.7486310708816837,0,Interleaved
301,101,0,0.6000432507945626,0.45926665999688976,0,Interleaved
302,102,0,0.3134730413858805,0.7741064377903827,0,Interleaved
303,103,0,0.5180299467807427,0.6990183016044518,0,Interleaved
304,104,0,0.2467636390975955,0.6005325249111356,0,Interleaved
305,105,0,0.5331164575120578,0.7661471591763294,0,Interleaved
306,106,0,0.02583888633471451,0.8360136328728547,0,Interleaved
307,107,0,0.6007409898887408,0.6487728926896775,0,Interleaved
308,108,0,0.10375460933866043,0.5397156573700732,0,Interleaved
309,109,0,0.038061543105326744,0.6012741828947064,0,Interleaved
310,110,0,0.9668471878713614,0.5701900246219247,0,Interleaved
311,111,0,0.7996020292167997,0.6915291579303888,0,Interleaved
312,112,0,0.10678276147866257,0.5967017998874791,0,Interleaved
313,113,0,0.6836792140771695,0.6824417927843541,0,Interleaved
314,114,0,0.7928199965916354,0.7101383979180917,0,Interleaved
315,115,0,0.492482118550946,0.6206807941413367,0,Interleaved
316,116,0,0.7456126614997561,0.6580003847050686,0,Interleaved
317,117,0,0.12830215682470505,0.9113690436493378,0,Interleaved
318,118,0,0.08573793024016894,0.618041276591592,0,Interleaved
319,119,0,0.20213520635547153,0.7292380183420479,0,Interleaved
320,120,0,0.29336357080518916,0.7369264053435274,0,Interleaved
321,121,0,0.7233864611359956,0.6103758104162724,0,Interleaved
322,122,0,0.9388116090089424,0.5180562845431222,0,Interleaved
323,123,0,0.8348276482804708,0.5760342380854163,0,Interleaved
324,124,0,0.2596921998667474,0.4403970035741942,0,Interleaved
325,125,0,0.31705112030166765,0.7315572879536513,0,Interleaved
326,126,0,0.2590353782033284,0.4976125476317702,0,Interleaved
327,127,0,0.3155734786962464,0.7328004649516656,0,Interleaved
328,128,0,0.03236572766877909,0.7333341226609107,0,Interleaved
329,129,0,0.5117239956933368,0.8113978535474557,0,Interleaved
330,130,0,0.30040685104524173,0.7339844119795187,0,Interleaved
331,131,0,0.5717140073852937,0.5691825117156122,0,Interleaved
332,132,0,0.46738453574245753,0.5290646500468098,0,Interleaved
333,133,0,0.7873427418207817,0.6225931991260472,0,Interleaved
334,134,0,0.8280460924528463,0.5148082194775905,0,Interleaved
335,135,0,0.5218239385709801,0.49117526907873776,0,Interleaved
336,136,0,0.07632525142840127,0.6019126089269693,0,Interleaved
337,137,0,0.43134770178300114,0.4185242403525706,0,Interleaved
338,138,0,0.9759745851483295,0.517938505452486,0,Interleaved
339,139,0,0.19477818428076704,0.5268760507358312,0,Interleaved
340,140,0,0.9726255328135447,0.4169257525362624,0,Interleaved
341,141,0,0.6038710886292229,0.44494169626063873,0,Interleaved
342,142,0,0.13186728129726438,0.7074442373488858,0,Interleaved
343,143,0,0.17875074088827456,0.46898412529726,0,Interleaved
344,144,0,0.33530407827336406,0.6290738607787254,0,Interleaved
345,145,0,0.32021818757016546,0.5772492906637179,0,Interleaved
346,146,0,0.22459720979229564,0.6126477670531765,0,Interleaved
347,147,0,0.06133218195909797,0.5711710212233618,0,Interleaved
348,148,0,0.6372570319955243,0.5200457154087039,0,Interleaved
349,149,0,0.9334267956243427,0.4591783062968147,0,Interleaved
350,150,0,0.6428533657272162,0.5995150102673749,0,Interleaved
351,151,0,0.28569679124954417,0.41158172615845484,0,Interleaved
352,152,0,0.3648066824045209,0.6487440537914155,0,Interleaved
353,153,0,0.9333628609162894,0.5159498516954648,0,Interleaved
354,154,0,0.011848309268302912,0.6204211477068664,0,Interleaved
355,155,0,0.9485802303714747,0.8553755946793817,0,Interleaved
356,156,0,0.2927983520945556,0.6674935295250419,0,Interleaved
357,157,0,0.43152107485441493,0.5151442784045037,0,Interleaved
358,158,0,0.8749084579447994,0.7848568233492278,0,Interleaved
359,159,0,0.46042868425555655,0.5341214841014493,0,Interleaved
360,160,0,0.9822436007121711,0.354801436107599,0,Interleaved
361,161,0,0.9561357072865367,0.9242285879387175,0,Interleaved
362,162,0,0.5557232306272054,0.6499877715374964,0,Interleaved
363,163,0,0.5057537688261281,0.5853737440458406,0,Interleaved
364,164,0,0.6702999007514308,0.5677607810159477,0,Interleaved
365,165,0,0.21938434278871036,0.5379441305936353,0,Interleaved
366,166,0,0.24794555010272248,0.6065368857220882,0,Interleaved
367,167,0,0.40809768573179606,0.7499729635354638,0,Interleaved
368,168,0,0.4899475348496857,0.48496033876552425,0,Interleaved
369,169,0,0.508851283534351,0.5464010296373155,0,Interleaved
370,170,0,0.5566614667928618,0.7399882537862834,0,Interleaved
371,171,0,0.5501885279554348,0.5467534721715428,0,Interleaved
372,172,0,0.4186991236639431,0.7422500903060015,0,Interleaved
373,173,0,0.6224141792668422,0.4980827000640473,0,Interleaved
374,174,0,0.17621977420498103,0.4265130584160772,0,Interleaved
375,175,0,0.11031806877718932,0.6255795151641794,0,Interleaved
376,176,0,0.5040781164034521,0.7838776752408684,0,Interleaved
377,177,0,0.44495761267324363,0.6224526686611535,0,Interleaved
378,178,0,0.48997123559392375,0.48154336105116213,0,Interleaved
379,179,0,0.05308129383768615,0.6097687382545824,0,Interleaved
380,180,0,0.6606492857742594,0.6103291605091427,0,Interleaved
381,181,0,0.9844549406265013,0.6120056953459316,0,Interleaved
382,182,0,0.0783837750217654,0.7426974822567418,0,Interleaved
383,183,0,0.012544370042737377,0.6739456059489709,0,Interleaved
384,184,0,0.9822734160599058,0.5779775695098222,0,Interleaved
385,185,0,0.6742754951764609,0.6531873698875812,0,Interleaved
386,186,0,0.2829206015767371,0.7447510965543708,0,Interleaved
387,187,0,0.44838395813068727,0.5375249265589551,0,Interleaved
388,188,0,0.29059277396354016,0.7049309165201962,0,Interleaved
389,189,0,0.510668469234379,0.4704114275291732,0,Interleaved
390,190,0,0.5538940077527893,0.6454078027859405,0,Interleaved
391,191,0,0.28395962704821237,0.5936072438847052,0,Interleaved
392,192,0,0.04117297749660487,0.6139300656482687,0,Interleaved
393,193,0,0.5494184329307067,0.5561813387936493,0,Interleaved
394,194,0,0.7750668447691469,0.4978364640860492,0,Interleaved
395,195,0,0.20660122921307628,0.6599275122882742,0,Interleaved
396,196,0,0.30876714477377043,0.6496398586925753,0,Interleaved
397,197,0,0.1845977359382275,0.5364677704801675,0,Interleaved
398,198,0,0.02901549464536796,0.7479382167394837,0,Interleaved
399,199,0,0.1722710629785307,0.5819083998970417,0,Interleaved
400,0,0,0.4869673353411171,0.6894817316460873,0,Instructed
401,1,0,0.5256676502623288,0.9523438156843007,0,Instructed
402,2,0,0.7269958525343942,0.7027090578910795,0,Instructed
403,3,0,0.5004243350181036,0.9496833310559681,0,Instructed
404,4,0,0.5578912410948743,0.7401872288790359,0,Instructed
405,5,0,0.7956615624232748,0.633979552318694,0,Instructed
406,6,0,0.5000697368426401,1.198680544205522,0,Instructed
407,7,0,0.012153230476314085,1.0267627246795377,0,Instructed
408,8,0,0.3824407019919038,0.6737885225080156,0,Instructed
409,9,0,0.9962607502996241,0.8562834632564165,0,Instructed
410,10,0,0.6828278322160235,0.5549558808320378,0,Instructed
411,11,0,0.33073421667996306,0.632089585498213,0,Instructed
412,12,0,0.44217091640317346,0.6559324092878787,0,Instructed
413,13,0,0.18461405668674555,0.862222118547556,0,Instructed
414,14,0,0.4005668912665901,0.6627444936350095,0,Instructed
415,15,0,0.657916134234862,0.6799402813249082,0,Instructed
416,16,0,0.504909883580442,0.8474902877816723,0,Instructed
417,17,0,0.9034743567354504,0.6625181944641929,0,Instructed
418,18,0,0.2717919152074643,0.6621338945239312,0,Instructed
419,19,0,0.9145785969695992,0.44996771145037734,0,Instructed
420,20,0,0.3374477207976913,0.5983199090415432,0,Instructed
421,21,0,0.5149452785144628,0.6886518427480812,0,Instructed
422,22,0,0.5495999557242073,0.516118949204402,0,Instructed
423,23,0,0.21766972825131578,0.6793860120818673,0,Instructed
424,24,0,0.4977109769649569,0.5558493953747923,0,Instructed
425,25,0,0.5502292651372934,0.6760623264236021,0,Instructed
426,26,0,0.20635065275631204,0.5861590256800857,0,Instructed
427,27,0,0.7149263368492349,0.40060855911518056,0,Instructed
428,28,0,0.10662919247521668,0.5646517820983168,0,Instructed
429,29,0,0.5444235856995354,0.6608046856285255,0,Instructed
430,30,0,0.8372814414184349,0.46468296919564367,0,Instructed
431,31,0,0.9465574186080465,0.800573948031666,0,Instructed
432,32,0,0.5901199691301514,0.9451075557181491,0,Instructed
433,33,0,0.596533217003441,1.0761267967396806,0,Instructed
434,34,0,0.7510534516997173,0.7596478789424044,0,Instructed
435,35,0,0.8280457363023159,0.8175039199497938,0,Instructed
436,36,0,0.4028648064052597,0.546395524254137,0,Instructed
437,37,0,0.2670853821879753,0.7286723318688884,0,Instructed
438,38,0,0.6274850022281908,0.47137984223331836,0,Instructed
439,39,0,0.7895919478978454,0.5788836684201973,0,Instructed
440,40,0,0.37336488835164316,0.6303209688427281,0,Instructed
441,41,0,0.5286300855757622,1.2482551418145533,0,Instructed
442,42,0,0.04519137379744405,0.5100960011870366,0,Instructed
443,43,0,0.03559545788297317,0.7260736609874694,0,Instructed
444,44,0,0.6702335395904656,0.46251078211921737,0,Instructed
445,45,0,0.3911362040729397,0.7759152805622619,0,Instructed
446,46,0,0.5940401029310959,0.8552657602733084,0,Instructed
447,47,0,0.4496252177954902,0.4324728694623047,0,Instructed
448,48,0,0.8121942183941979,0.4253085485711655,0,Instructed
449,49,0,0.6497651981771956,0.7998569201507345,0,Instructed
450,50,0,0.9227304461337118,0.4770818238449133,0,Instructed
451,51,0,0.6275784914092889,0.586726202779096,0,Instructed
452,52,0,0.35849185354390783,0.71682374064174,0,Instructed
453,53,0,0.27932016607302745,0.7643147644760471,0,Instructed
454,54,0,0.02542046971817047,0.5918138925218079,0,Instructed
455,55,0,0.17767608422098868,0.6034688740066914,0,Instructed
456,56,0,0.015287619212094818,0.6935738229865676,0,Instructed
457,57,0,0.5593036281294326,0.6530068661991131,0,Instructed
458,58,0,0.8032903076630005,0.6929564091640072,0,Instructed
459,59,0,0.543864836439517,0.7157491708705124,0,Instructed
460,60,0,0.10763593159361828,0.7044688211049553,0,Instructed
461,61,0,0.043806250580406575,0.6367563931097711,0,Instructed
462,62,0,0.2549735621534242,0.521025389676889,0,Instructed
463,63,0,0.408062103326823,0.5952296342639639,0,Instructed
464,64,0,0.4538445608529368,0.6325782684094059,0,Instructed
465,65,0,0.7335606067929579,0.6003806419044785,0,Instructed
466,66,0,0.7722526472595218,0.741778465873365,0,Instructed
467,67,0,0.5071916932489864,0.7467333278381094,0,Instructed
468,68,0,0.11166962064074445,0.7349240492592231,0,Instructed
469,69,0,0.7779550742285084,0.6140581072707924,0,Instructed
470,70,0,0.9887482746874354,0.6380711163346657,0,Instructed
471,71,0,0.49496059341861065,0.7091197729496154,0,Instructed
472,72,0,0.8706542063318139,0.5446303023527227,0,Instructed
473,73,0,0.6019830964544336,0.560400710695595,0,Instructed
474,74,0,0.3340872439807123,0.6678451316670397,0,Instructed
475,75,0,0.29912562018566946,0.5797182777944563,0,Instructed
476,76,0,0.9663450859298298,0.6006842092325895,0,Instructed
477,77,0,0.5763389703203636,0.5171023272237889,0,Instructed
478,78,0,0.497318635009273,0.6625710395682938,0,Instructed
479,79,0,0.5724636042511969,0.8270259838677125,0,Instructed
480,80,0,0.16302544212119233,0.6033131657448023,0,Instructed
481,81,0,0.13048310034246488,1.079912727231045,0,Instructed
482,82,0,0.5898952131241143,0.6430113853248094,0,Instructed
483,83,0,0.721369422646077,0.48767432876676875,0,Instructed
484,84,0,0.662052030747722,0.7106939399646309,0,Instructed
485,85,0,0.10884651941034382,0.8839827976953875,0,Instructed
486,86,0,0.47233028698042373,0.628384673611742,0,Instructed
487,87,0,0.5313385474861095,0.5948148912285498,0,Instructed
488,88,0,0.5294001539364892,0.5836294071915177,0,Instructed
489,89,0,0.09105816432189817,0.7779625225050959,0,Instructed
490,90,0,0.08620956544694039,0.7209325178496251,0,Instructed
491,91,0,0.9209301830765544,0.9233311831217591,0,Instructed
492,92,0,0.8083580109462511,0.5588318616316199,0,Instructed
493,93,0,0.611736051266078,1.0850279052829024,0,Instructed
494,94,0,0.7573004554297063,0.5636821020420832,0,Instructed
495,95,0,0.7180309628709658,0.7956369830252136,0,Instructed
496,96,0,0.7696357938575943,0.9252400015500692,0,Instructed
497,97,0,0.6746675379315964,0.7829419082180714,0,Instructed
498,98,0,0.5940992385283996,0.5940257765257115,0,Instructed
499,99,0,0.13301712582780234,0.716486875229752,0,Instructed
500,100,0,0.5682845066341862,0.4884650702469289,0,Instructed
501,101,0,0.030765293400923998,0.7847797453741132,0,Instructed
502,102,0,0.7715983083114677,0.5616555553705976,0,Instructed
503,103,0,0.4328339112667816,0.42671707075568077,0,Instructed
504,104,0,0.5147894640748663,0.5327911609668937,0,Instructed
505,105,0,0.6628208723326396,0.7489807598750706,0,Instructed
506,106,0,0.7837208441840966,0.5407626132559948,0,Instructed
507,107,0,0.420442800555761,0.5035502357433371,0,Instructed
508,108,0,0.6477404007855752,0.5033444993435885,0,Instructed
509,109,0,0.4085389602623526,1.1669735204849057,0,Instructed
510,110,0,0.4012470663045055,0.5846610022130945,0,Instructed
511,111,0,0.41286448212809956,0.7793296164903936,0,Instructed
512,112,0,0.6420610935431452,0.581443085016045,0,Instructed
513,113,0,0.9585758516937095,0.624719357703412,0,Instructed
514,114,0,0.8323731623294683,0.7890791203506966,0,Instructed
515,115,0,0.7374803163661483,0.8853381011027102,0,Instructed
516,116,0,0.6587788499467067,0.8196398306932713,0,Instructed
517,117,0,0.2121683444001161,0.6005857021317356,0,Instructed
518,118,0,0.19356603764353936,0.6584695643037526,0,Instructed
519,119,0,0.0009846825030890175,1.584065888772542,0,Instructed
520,120,0,0.5096568041554487,0.48873663331387784,0,Instructed
521,121,0,0.12126315088774299,0.7819239996147651,0,Instructed
522,122,0,0.27920809149950043,0.819141117979521,0,Instructed
523,123,0,0.7016672068976877,0.7136357313973227,0,Instructed
524,124,0,0.39562194031041675,0.49581761088944143,0,Instructed
525,125,0,0.4512747111544744,0.5557092794993078,0,Instructed
526,126,0,0.10345696765406752,0.5595043935846504,0,Instructed
527,127,0,0.4976027100476356,0.5752766960240236,0,Instructed
528,128,0,0.42984686447671355,0.618566501379145,0,Instructed
529,129,0,0.38633321644229873,0.5909689848231805,0,Instructed
530,130,0,0.8028883115183052,0.4772163090624783,0,Instructed
531,131,0,0.39403548299289154,0.6983718586712169,0,Instructed
532,132,0,0.5502701319276254,0.6478069824136872,0,Instructed
533,133,0,0.5968252244313874,0.5963773717928795,0,Instructed
534,134,0,0.528560765161086,0.5303650693870819,0,Instructed
535,135,0,0.3735382177265398,0.4777700568021794,0,Instructed
536,136,0,0.6273596756680191,0.46520460149119713,0,Instructed
537,137,0,0.9837590843679647,1.2061751077401681,0,Instructed
538,138,0,0.5154620909799579,0.5970739075347612,0,Instructed
539,139,0,0.2753447511984679,0.9261706791345257,0,Instructed
540,140,0,0.16958875860908396,0.5396129393110458,0,Instructed
541,141,0,0.6885414398643374,0.7192826839021402,0,Instructed
542,142,0,0.5994814423814828,0.7145247284911289,0,Instructed
543,143,0,0.6487679450604876,0.7949018669175713,0,Instructed
544,144,0,0.8421727426986036,0.5654059918757883,0,Instructed
545,145,0,0.707427132409785,0.6424137475593994,0,Instructed
546,146,0,0.847036523006279,0.5958519196605774,0,Instructed
547,147,0,0.6751229952455124,0.7218344248789907,0,Instructed
548,148,0,0.46327574855688863,0.6414014045667586,0,Instructed
549,149,0,0.4320355703575401,0.6087763471535141,0,Instructed
550,150,0,0.6578870917394324,0.46662037810994866,0,Instructed
551,151,0,0.6668531454753011,0.6645300099040259,0,Instructed
552,152,0,0.09714227875981626,0.7929369133812008,0,Instructed
553,153,0,0.8066015937543227,0.5807326866794446,0,Instructed
554,154,0,0.01092220738984187,0.6672807704935557,0,Instructed
555,155,0,0.44486249092800967,0.6380234583791597,0,Instructed
556,156,0,0.9474419103004507,0.6402076414124735,0,Instructed
557,157,0,0.49776064945403314,0.638610214444491,0,Instructed
558,158,0,0.3454356422046214,0.6294951812543644,0,Instructed
559,159,0,0.5764748025756631,0.6137200478606752,0,Instructed
560,160,0,0.5044570425959511,0.6771322184938497,0,Instructed
561,161,0,0.5257763165341178,0.5296209146956097,0,Instructed
562,162,0,0.8985859056318881,0.5057427367817273,0,Instructed
563,163,0,0.39535748398421894,0.5151984513605983,0,Instructed
564,164,0,0.7091123759344891,0.7248199767893553,0,Instructed
565,165,0,0.4566699550691006,0.8096393909598985,0,Instructed
566,166,0,0.3407738591415893,0.6637369654077656,0,Instructed
567,167,0,0.4829613099771014,0.7637665842056957,0,Instructed
568,168,0,0.5280904627726835,0.9145498378308965,0,Instructed
569,169,0,0.5728174857561746,0.584858494202628,0,Instructed
570,170,0,0.6393568404796086,0.44860789496660375,0,Instructed
571,171,0,0.6327958050556141,0.5379289021656583,0,Instructed
572,172,0,0.5054247141143676,0.6482293370364818,0,Instructed
573,173,0,0.6592485896245565,0.42094694517147907,0,Instructed
574,174,0,0.9582946345292334,0.875258101038108,0,Instructed
575,175,0,0.415227303254277,0.5345481861035235,0,Instructed
576,176,0,0.2775424936485821,0.41349246480223273,0,Instructed
577,177,0,0.12246075418570422,0.6397195777738307,0,Instructed
578,178,0,0.32505457623738865,0.6641401643773626,0,Instructed
579,179,0,0.6411361015988299,0.7699285552678394,0,Instructed
580,180,0,0.5429835639380078,0.5015013171258038,0,Instructed
581,181,0,0.30309104988818947,1.0262877238952741,0,Instructed
582,182,0,0.03345975458649969,0.9580879499522672,0,Instructed
583,183,0,0.5107628728528495,0.39498653389096,0,Instructed
584,184,0,0.6736805127637968,0.5920527969288756,0,Instructed
585,185,0,0.5053777296802131,0.8277428912077929,0,Instructed
586,186,0,0.6239490412476618,0.48705971833374617,0,Instructed
587,187,0,0.05183346560111043,0.8924026965407701,0,Instructed
588,188,0,0.712284004467716,0.5273561400646962,0,Instructed
589,189,0,0.0991558019285069,0.6494262112933358,0,Instructed
590,190,0,0.33220124507423304,0.6896190836151666,0,Instructed
591,191,0,0.26612219540096027,0.7232490608602371,0,Instructed
592,192,0,0.18566127382513362,0.5871813530195004,0,Instructed
593,193,0,0.15762161163011643,0.6647143261475558,0,Instructed
594,194,0,0.21640388399053304,0.5966207575759275,0,Instructed
595,195,0,0.5942325919630922,0.48565255450994493,0,Instructed
596,196,0,0.9416581501246395,0.9030885162902123,0,Instructed
597,197,0,0.8012622448692546,0.4911794958722369,0,Instructed
598,198,0,0.3568192139029549,0.8532538070637672,0,Instructed
599,199,0,0.6572964521593412,0.8753656970818962,0,Instructed
600,0,0,0.4947001349633069,0.898159629729625,1,Blocked
601,1,0,0.09203639025725964,0.7960325327477382,1,Blocked
602,2,0,0.00016678120518447286,0.9647953710543049,1,Blocked
603,3,0,0.945055585549089,0.5837762311348625,1,Blocked
604,4,0,0.8746617428066326,0.5778415648126496,1,Blocked
605,5,0,0.529914020340116,0.7355716475511986,1,Blocked
606,6,0,0.1470952432014501,0.8009852645584138,1,Blocked
607,7,0,0.8421200972357851,0.6420556680725948,1,Blocked
608,8,0,0.7311561711931448,0.7260364602736027,1,Blocked
609,9,0,0.021221657894238966,1.050316297441038,1,Blocked
610,10,0,0.12713889920861082,0.6102105149670384,1,Blocked
611,11,0,0.9360900783575709,0.9403237781889733,1,Blocked
612,12,0,0.3805566042400377,0.8865394066960801,1,Blocked
613,13,0,0.3928878503842088,0.5191505943359521,1,Blocked
614,14,0,0.225395954795322,0.6178978102257718,1,Blocked
615,15,0,0.9404666981753179,0.4154116697756561,1,Blocked
616,16,0,0.1449347835090147,0.6027584294526623,1,Blocked
617,17,0,0.7720530013955933,0.5082605160161956,1,Blocked
618,18,0,0.9880779600142018,0.5921351224384401,1,Blocked
619,19,0,0.9829152803888465,0.5042752827468227,1,Blocked
620,20,0,0.9764838383981235,0.4525404407268381,1,Blocked
621,21,0,0.01227402563467841,0.5921176013626543,1,Blocked
622,22,0,0.14481551884265415,0.6238844886629518,1,Blocked
623,23,0,0.9993060395038184,0.559387253820296,1,Blocked
624,24,0,0.8024097817823803,0.5196296864990311,1,Blocked
625,25,0,0.8334710462234363,0.5371970511689681,1,Blocked
626,26,0,0.6102057003336943,0.6985731869911409,1,Blocked
627,27,0,0.07927422028300465,0.6412879737366215,1,Blocked
628,28,0,0.9087879311310381,0.7831721720035203,1,Blocked
629,29,0,0.9464438009702795,0.6871331612552356,1,Blocked
630,30,0,0.83455998668918,0.4414600822585689,1,Blocked
631,31,0,0.6495654642018451,0.7445982665298074,1,Blocked
632,32,0,0.9358364335185587,0.5996785561322792,1,Blocked
633,33,0,0.9928588055408973,0.6457758548275989,1,Blocked
634,34,0,0.48775340872299744,0.6103499084148032,1,Blocked
635,35,0,0.7545477498252855,0.5983326398206601,1,Blocked
636,36,0,0.7482024002587295,0.602556239599244,1,Blocked
637,37,0,0.48300676908606444,0.513740281496923,1,Blocked
638,38,0,0.5301570906316289,0.47494720276575964,1,Blocked
639,39,0,0.015205614365442467,0.7487380898653617,1,Blocked
640,40,0,0.48442549946003266,0.6118114811529067,1,Blocked
641,41,0,0.4359450671959464,0.7048740256104729,1,Blocked
642,42,0,0.017232345677867782,0.6623759864161558,1,Blocked
643,43,0,0.6260745717290425,0.7071164002770691,1,Blocked
644,44,0,0.3480398402207072,0.6789582875884146,1,Blocked
645,45,0,0.022776312002514114,0.4781078209982508,1,Blocked
646,46,0,0.05422768946880684,0.769114756412943,1,Blocked
647,47,0,0.06754221791672346,0.6684414019210836,1,Blocked
648,48,0,0.37085082880590564,0.6915458977350413,1,Blocked
649,49,0,0.022003222658418704,0.8161219896881312,1,Blocked
650,50,0,0.10536446060865266,0.7969619110590762,1,Blocked
651,51,0,0.5020601997195683,0.8090139754281205,1,Blocked
652,52,0,0.9654182032068515,0.7703877636820695,1,Blocked
653,53,0,0.7224998461169807,0.5706014796179242,1,Blocked
654,54,0,0.8857924778175408,0.5087027976331298,1,Blocked
655,55,0,0.5374771103039069,0.7502972941311992,1,Blocked
656,56,0,0.7528422600938778,0.4381194356115241,1,Blocked
657,57,0,0.4388244335797704,0.6214479642735863,1,Blocked
658,58,0,0.4499308981683242,0.49503305848781776,1,Blocked
659,59,0,0.43664187228349016,0.6175359634440771,1,Blocked
660,60,0,0.5372543160970185,0.4494078670941941,1,Blocked
661,61,0,0.4516792913363241,0.6993340598118217,1,Blocked
662,62,0,0.833793029092462,0.5677495423968214,1,Blocked
663,63,0,0.49211305464391253,0.8893369266407694,1,Blocked
664,64,0,0.42503347450563633,0.6533463562393302,1,Blocked
665,65,0,0.5129518730195277,0.5485836606413872,1,Blocked
666,66,0,0.9376798059521536,0.7088756430428389,1,Blocked
667,67,0,0.5105250397734128,0.8935338590840292,1,Blocked
668,68,0,0.6524862697813121,0.757279809257414,1,Blocked
669,69,0,0.2297476654722768,0.7928236971699625,1,Blocked
670,70,0,0.5329319585874946,0.5310967566147274,1,Blocked
671,71,0,0.12340317711307053,0.6759610892269324,1,Blocked
672,72,0,0.10096359857454197,0.8455877538220391,1,Blocked
673,73,0,0.8172882423136505,0.6356036703149048,1,Blocked
674,74,0,0.9869302605350936,0.8376972547235783,1,Blocked
675,75,0,0.12178314519966045,0.7820924328771468,1,Blocked
676,76,0,0.4842565634139206,0.5929769416614774,1,Blocked
677,77,0,0.7346019506263186,0.42252852284781217,1,Blocked
678,78,0,0.7449633204052802,0.5973270858332054,1,Blocked
679,79,0,0.5003250231852927,0.5561670676598417,1,Blocked
680,80,0,0.0767032333723015,0.6121546522933268,1,Blocked
681,81,0,0.3911214823442344,0.5655041689242342,1,Blocked
682,82,0,0.1722202983163563,0.7376601313174214,1,Blocked
683,83,0,0.9911148760995612,0.4608814894602638,1,Blocked
684,84,0,0.0693536749051533,0.6353864384005061,1,Blocked
685,85,0,0.4637732946927944,0.8198764029994625,1,Blocked
686,86,0,0.600333410344452,0.5727061460835419,1,Blocked
687,87,0,0.9916671852024372,0.6164653839828814,1,Blocked
688,88,0,0.4270491749133844,1.0078682900613214,1,Blocked
689,89,0,0.8616647006391204,0.7405396457157638,1,Blocked
690,90,0,0.17410332791243202,0.7152183853318241,1,Blocked
691,91,0,0.5831174478574612,0.8325923384746929,1,Blocked
692,92,0,0.8303962987488505,0.6683587843463856,1,Blocked
693,93,0,0.8154897986105878,0.6148893822064732,1,Blocked
694,94,0,0.336323198780465,0.6262293588159169,1,Blocked
695,95,0,0.5695650582667471,0.5171562140363586,1,Blocked
696,96,0,0.9726880361868308,0.4140815291630072,1,Blocked
697,97,0,0.6517738552616841,0.5099702871553958,1,Blocked
698,98,0,0.7019997740785402,0.5390707887005929,1,Blocked
699,99,0,0.29461616150423464,0.6371409274743288,1,Blocked
700,100,0,0.0234737324167335,0.6086760973583774,1,Blocked
701,101,0,0.5980652471956815,0.5940604045532476,1,Blocked
702,102,0,0.45168802930951996,0.6957244292231461,1,Blocked
703,103,0,0.004696186905575573,0.7593167945325,1,Blocked
704,104,0,0.7176098816407508,0.614745703925711,1,Blocked
705,105,0,0.3349187341338423,0.7491701682431746,1,Blocked
706,106,0,0.0028317267096509145,0.7768202102665047,1,Blocked
707,107,0,0.9769163034543416,0.5330534440727122,1,Blocked
708,108,0,0.3746670119529145,0.6808680536598198,1,Blocked
709,109,0,0.12811831155840483,0.5659208651097709,1,Blocked
710,110,0,0.5139418319639235,0.5722214634423755,1,Blocked
711,111,0,0.006989919930986485,0.8395665769630805,1,Blocked
712,112,0,0.4850725470224576,0.6118984122011575,1,Blocked
713,113,0,0.48465580525057167,0.6129159191751987,1,Blocked
714,114,0,0.806426197812616,0.6191985958373183,1,Blocked
715,115,0,0.8130577552830924,0.6093361768167959,1,Blocked
716,116,0,0.5225317476381088,0.43946470179827846,1,Blocked
717,117,0,0.7972100125127758,0.5233511405795009,1,Blocked
718,118,0,0.011616935839561696,0.9049984437704701,1,Blocked
719,119,0,0.9785160444119212,0.589624013922426,1,Blocked
720,120,0,0.83086823178866,0.6785748106618428,1,Blocked
721,121,0,0.47890735461544603,0.7937785388409235,1,Blocked
722,122,0,0.5453010535627659,0.5705736904188383,1,Blocked
723,123,0,0.5224791517049524,0.7074084794841655,1,Blocked
724,124,0,0.38486975762797415,0.7340325373933423,1,Blocked
725,125,0,0.49564327213252574,0.9574325029922066,1,Blocked
726,126,0,0.17261825825597202,0.5030448150651112,1,Blocked
727,127,0,0.4762119326111218,0.7463476127013666,1,Blocked
728,128,0,0.8831336979883662,0.6872623435997667,1,Blocked
729,129,0,0.12074362045508043,0.8109230374704048,1,Blocked
730,130,0,0.9500977968488953,0.7366291635300397,1,Blocked
731,131,0,0.026117048403788905,0.7730275003078118,1,Blocked
732,132,0,0.97475727346607,0.6221819922047634,1,Blocked
733,133,0,0.047302997351937215,0.8166764924600118,1,Blocked
734,134,0,0.7677869479428527,0.4607124040579513,1,Blocked
735,135,0,0.8339061745205152,0.5758401771489322,1,Blocked
736,136,0,0.4062173132269977,0.6264811964086525,1,Blocked
737,137,0,0.49511448577967854,0.6269012413107018,1,Blocked
738,138,0,0.07658018426684073,0.5080447320800356,1,Blocked
739,139,0,0.10406172191334367,0.5453805992333537,1,Blocked
740,140,0,0.4966735007986934,0.43956443994100386,1,Blocked
741,141,0,0.35869550436297964,0.469210287137066,1,Blocked
742,142,0,0.6083478125974932,0.5702322694115899,1,Blocked
743,143,0,0.37542604632153337,0.5922802788093725,1,Blocked
744,144,0,0.8549206174883983,0.543330897649315,1,Blocked
745,145,0,0.35395012902668427,0.6918981510712652,1,Blocked
746,146,0,0.28527867759972036,0.7453382024634033,1,Blocked
747,147,0,0.518584733456625,0.7349413233925849,1,Blocked
748,148,0,0.9282442676776848,0.4588886722921525,1,Blocked
749,149,0,0.35074676933475835,0.5861118664301206,1,Blocked
750,150,0,0.4312480130216421,0.7979795782926153,1,Blocked
751,151,0,0.44865653160191105,0.6661283054462859,1,Blocked
752,152,0,0.5064845893729986,0.5061784761984945,1,Blocked
753,153,0,0.4905695820077502,0.7417188990649424,1,Blocked
754,154,0,0.8030436659301334,0.6041612815424388,1,Blocked
755,155,0,0.4202212396022565,0.6082386225319588,1,Blocked
756,156,0,0.606442179699993,0.7119024105229994,1,Blocked
757,157,0,0.6724610915628897,0.513970677422873,1,Blocked
758,158,0,0.9151562912412186,0.5917199066189246,1,Blocked
759,159,0,0.28116721373719106,0.7436652595502029,1,Blocked
760,160,0,0.6058159161530396,0.7043435594294485,1,Blocked
761,161,0,0.5576309029534914,0.582987731892004,1,Blocked
762,162,0,0.14396014512088423,0.8065384932999322,1,Blocked
763,163,0,0.38717052640537125,0.828603026256945,1,Blocked
764,164,0,0.9496546002895103,0.6686620199594988,1,Blocked
765,165,0,0.007168132421627626,0.7551072357635669,1,Blocked
766,166,0,0.15067158598012423,0.8232924443874232,1,Blocked
767,167,0,0.6611801765171401,0.543480949019578,1,Blocked
768,168,0,0.5627857030072041,0.7915367675405061,1,Blocked
769,169,0,0.35296473194445604,0.7860496518107112,1,Blocked
770,170,0,0.8829605042564229,0.3731289883304678,1,Blocked
771,171,0,0.48185193353922273,0.8648953067914773,1,Blocked
772,172,0,0.45790938896720224,0.8305328459397664,1,Blocked
773,173,0,0.9547626745093063,0.5029179717248919,1,Blocked
774,174,0,0.5581548067616054,0.4989292361707047,1,Blocked
775,175,0,0.29750811001560795,0.5876811636070821,1,Blocked
776,176,0,0.30284939875106104,0.6767941016384555,1,Blocked
777,177,0,0.5959000572930828,0.5132993647433327,1,Blocked
778,178,0,0.3162164027520847,0.8912853854519767,1,Blocked
779,179,0,0.5004467288268366,0.7523328021292165,1,Blocked
780,180,0,0.41844018234656316,0.56829237651257,1,Blocked
781,181,0,0.5883388929335411,0.604304116418591,1,Blocked
782,182,0,0.5069857623006937,0.6291450897869284,1,Blocked
783,183,0,0.6381476819217364,0.5111809609967708,1,Blocked
784,184,0,0.46602186743564644,0.550931585962853,1,Blocked
785,185,0,0.48835184274249693,0.74640417989758,1,Blocked
786,186,0,0.2667657922781398,0.5630831190112167,1,Blocked
787,187,0,0.43247779535418135,0.7554985705408114,1,Blocked
788,188,0,0.5033753945701949,1.563720043998434,1,Blocked
789,189,0,0.2118111292449008,0.9735964875095019,1,Blocked
790,190,0,0.4046431556462843,0.5467221602309261,1,Blocked
791,191,0,0.46061380529877927,0.5534524084992369,1,Blocked
792,192,0,0.5667255085248833,2.091132755846895,1,Blocked
793,193,0,0.011592680586978849,1.0009798125395277,1,Blocked
794,194,0,0.5048001679545977,0.7103691196268499,1,Blocked
795,195,0,0.5198654918504756,0.7548850482263336,1,Blocked
796,196,0,0.9024603270304506,0.6127195755162846,1,Blocked
797,197,0,0.6212204738658154,0.5689061297539661,1,Blocked
798,198,0,0.5039498606344345,0.9219917618870339,1,Blocked
799,199,0,0.11331503749550567,0.6195752619345686,1,Blocked
800,0,0,0.04751756765686062,0.8271227288438476,1,Interleaved
801,1,0,0.5241517917736372,0.5997158350091157,1,Interleaved
802,2,0,0.3651448557507774,0.5739802756538755,1,Interleaved
803,3,0,0.4955945230275477,0.7118736432568302,1,Interleaved
804,4,0,0.8145623799587827,0.761741492235773,1,Interleaved
805,5,0,0.6520204140409941,0.6986651466425502,1,Interleaved
806,6,0,0.45816801719758016,0.5284281778303088,1,Interleaved
807,7,0,0.656749453467157,0.38422162292434786,1,Interleaved
808,8,0,0.8337533680726945,0.42910018518668036,1,Interleaved
809,9,0,0.9498776561127458,0.5560706580168564,1,Interleaved
810,10,0,0.5005097638840791,0.7880040878120933,1,Interleaved
811,11,0,0.38271743798763763,0.5850688244358004,1,Interleaved
812,12,0,0.012891502266795703,1.128710778568038,1,Interleaved
813,13,0,0.5181004158429163,0.6271718100803474,1,Interleaved
814,14,0,0.5902126474067673,0.6576288981886773,1,Interleaved
815,15,0,0.5156930265272924,0.4512491606272446,1,Interleaved
816,16,0,0.8941780196461203,0.5414231692319149,1,Interleaved
817,17,0,0.04057687679385387,0.6555222089648648,1,Interleaved
818,18,0,0.49546078443063124,0.6250025183574494,1,Interleaved
819,19,0,0.40601282345333245,0.6882722840065075,1,Interleaved
820,20,0,0.5514805679683058,0.7165891195431361,1,Interleaved
821,21,0,0.47497919275409506,0.5601388367520823,1,Interleaved
822,22,0,0.37306897398280797,0.7210559014850706,1,Interleaved
823,23,0,0.5255019683945811,0.4530322936550291,1,Interleaved
824,24,0,0.8675139139783055,0.7940705468591137,1,Interleaved
825,25,0,0.7596445484824372,0.7036171829513014,1,Interleaved
826,26,0,0.15059245411330507,0.6014816438885675,1,Interleaved
827,27,0,0.20954289801668663,0.6541401023262752,1,Interleaved
828,28,0,0.6948052482444803,0.5338067005235108,1,Interleaved
829,29,0,0.42193484014780536,0.5697080869238131,1,Interleaved
830,30,0,0.4746954323583296,0.7709589838943052,1,Interleaved
831,31,0,0.4990644335289955,1.1189248498684505,1,Interleaved
832,32,0,0.5594978734199094,0.6993351779264233,1,Interleaved
833,33,0,0.5287318448755055,0.8992120050271288,1,Interleaved
834,34,0,0.475839580189536,0.618019191540955,1,Interleaved
835,35,0,0.004516257496909411,0.8877174613477137,1,Interleaved
836,36,0,0.1247697440805418,0.9051922514610166,1,Interleaved
837,37,0,0.7574600451319222,0.524468807454468,1,Interleaved
838,38,0,0.16309568437697167,0.8459830078570691,1,Interleaved
839,39,0,0.5063838249982234,0.7960120980153046,1,Interleaved
840,40,0,0.995969854376465,0.5525235518495515,1,Interleaved
841,41,0,0.00815405028345272,0.7532409218950857,1,Interleaved
842,42,0,0.02561537606886503,0.8090087766773042,1,Interleaved
843,43,0,0.38432730543190846,0.574740515244288,1,Interleaved
844,44,0,0.27355154578084834,0.5654955597847305,1,Interleaved
845,45,0,0.5066815691548984,0.5052205551338943,1,Interleaved
846,46,0,0.5935881624372465,0.7652256675379443,1,Interleaved
847,47,0,0.5020212149555727,0.44849543734597663,1,Interleaved
848,48,0,0.010126512774229513,0.8148998148844591,1,Interleaved
849,49,0,0.6835739163057102,0.8313837340828047,1,Interleaved
850,50,0,0.4884091700255144,0.5596771456488719,1,Interleaved
851,51,0,0.36309835772111143,0.7723650478761868,1,Interleaved
852,52,0,0.9625457041028509,0.7442239754484066,1,Interleaved
853,53,0,0.5002057887410154,0.6711156034851393,1,Interleaved
854,54,0,0.3094452470449281,1.0473864198038454,1,Interleaved
855,55,0,0.04890361714936695,0.7239823790867782,1,Interleaved
856,56,0,0.9378435099126543,0.5893499436508245,1,Interleaved
857,57,0,0.360919853710627,0.540531520538613,1,Interleaved
858,58,0,0.47851208895451325,0.5686702109968311,1,Interleaved
859,59,0,0.603829553753293,0.5897673351732985,1,Interleaved
860,60,0,0.007283875101456363,0.7366315667378837,1,Interleaved
861,61,0,0.9814965606341863,0.599889399828832,1,Interleaved
862,62,0,0.5153116880546591,0.70150596149738,1,Interleaved
863,63,0,0.012401021204840258,0.8265451047250558,1,Interleaved
864,64,0,0.3724416599518491,0.7919460629053388,1,Interleaved
865,65,0,0.9734914412038594,2.3841586409845332,1,Interleaved
866,66,0,0.5001554933965644,0.8784666205628486,1,Interleaved
867,67,0,0.01759639857613302,0.6627457120620861,1,Interleaved
868,68,0,0.411290188643165,0.548075074991282,1,Interleaved
869,69,0,0.4239238083789943,0.6645755361295094,1,Interleaved
870,70,0,0.35126640151853594,0.683186031521679,1,Interleaved
871,71,0,0.6453151476275643,0.7758547819502806,1,Interleaved
872,72,0,0.9482040045759204,0.5632053515163666,1,Interleaved
873,73,0,0.5044123914077197,0.6798903374147329,1,Interleaved
874,74,0,0.6439833017143994,0.5062037337089956,1,Interleaved
875,75,0,0.6377065463439583,0.701798517759703,1,Interleaved
876,76,0,0.42689427323024687,0.47935580129042094,1,Interleaved
877,77,0,0.731896245714817,0.5647149352344634,1,Interleaved
878,78,0,0.3488864252849743,0.7106230141353698,1,Interleaved
879,79,0,0.9136135435752264,0.53658796098961,1,Interleaved
880,80,0,0.44189614952557477,0.5900873453226557,1,Interleaved
881,81,0,0.5733114179111551,0.5948098826220467,1,Interleaved
882,82,0,0.6771380191709955,0.5574578963284627,1,Interleaved
883,83,0,0.5186695021735908,0.8207501752413892,1,Interleaved
884,84,0,0.37941792534223373,0.6934911774395294,1,Interleaved
885,85,0,0.9478931239715187,0.5135838345643589,1,Interleaved
886,86,0,0.7036880807616795,0.6596727944551554,1,Interleaved
887,87,0,0.03684792822014775,0.4762964452627595,1,Interleaved
888,88,0,0.2500434627046194,0.7100204874193763,1,Interleaved
889,89,0,0.6556242539510049,0.6853632812656841,1,Interleaved
890,90,0,0.4969533778500831,0.6331360754690121,1,Interleaved
891,91,0,0.5156271189378993,0.5044932303863614,1,Interleaved
892,92,0,0.02998491614943371,0.7169138637974238,1,Interleaved
893,93,0,0.010888120632903849,0.8287503811030829,1,Interleaved
894,94,0,0.7124438407194795,0.5612120517208956,1,Interleaved
895,95,0,0.49902143530045556,0.9357269905489092,1,Interleaved
896,96,0,0.15439788577291877,0.6972500910581138,1,Interleaved
897,97,0,0.05817732690447242,0.5233047692937893,1,Interleaved
898,98,0,0.46229290560750036,0.47909304109945305,1,Interleaved
899,99,0,0.4825304308478265,0.5286445558232672,1,Interleaved
900,100,0,0.7301267690635463,0.6000046435667441,1,Interleaved
901,101,0,0.7565041132698229,0.596360383381328,1,Interleaved
902,102,0,0.4716244163700443,0.7632623987353744,1,Interleaved
903,103,0,0.5845943052583842,0.6930589938909538,1,Interleaved
904,104,0,0.735511416162941,0.693668126118453,1,Interleaved
905,105,0,0.20504029387222894,0.6660857994419078,1,Interleaved
906,106,0,0.9481267760359573,0.4508516741776409,1,Interleaved
907,107,0,0.5332063070218117,0.4397804244820601,1,Interleaved
908,108,0,0.4732806988247563,0.4506864652363669,1,Interleaved
909,109,0,0.4458584767194955,0.577537510241245,1,Interleaved
910,110,0,0.3257587192385605,0.6490726773424635,1,Interleaved
911,111,0,0.23447657130438804,0.6053181101920909,1,Interleaved
912,112,0,0.5777875374313216,0.5818244990194654,1,Interleaved
913,113,0,0.4067772688529791,0.8254600299751202,1,Interleaved
914,114,0,0.3395517756601553,0.7579296012014273,1,Interleaved
915,115,0,0.4969081310472099,0.5858575816651895,1,Interleaved
916,116,0,0.010530401615514386,0.634422682345402,1,Interleaved
917,117,0,0.1570199926007192,0.6621794980751625,1,Interleaved
918,118,0,0.47451124649133053,0.6887695261082805,1,Interleaved
919,119,0,0.4952041282989939,0.7459329281457654,1,Interleaved
920,120,0,0.4845966380371035,0.6350496801918761,1,Interleaved
921,121,0,0.25579516317938,0.6631588764357963,1,Interleaved
922,122,0,0.9776169772055536,0.702107647322776,1,Interleaved
923,123,0,0.5027352886097589,0.9517401767411698,1,Interleaved
924,124,0,0.3791391331634078,0.5912248542143018,1,Interleaved
925,125,0,0.4624557001998441,0.5857155451104368,1,Interleaved
926,126,0,0.9434732930766436,0.6488924704103345,1,Interleaved
927,127,0,0.4984220764012897,0.6242618276952259,1,Interleaved
928,128,0,0.5463764129008893,0.5591922130463262,1,Interleaved
929,129,0,0.4454273216585945,0.7048423614851639,1,Interleaved
930,130,0,0.1446251588968502,0.7591944243368104,1,Interleaved
931,131,0,0.3384910884375598,0.690484515398466,1,Interleaved
932,132,0,0.4744826828655943,0.4801146319826488,1,Interleaved
933,133,0,0.8375441072184371,0.5255055151716853,1,Interleaved
934,134,0,0.1939745289157028,0.6694200252765972,1,Interleaved
935,135,0,0.9968224324829157,0.7041783866968059,1,Interleaved
936,136,0,0.07526526479021295,0.7061837007109906,1,Interleaved
937,137,0,0.6538600721448664,0.4445406876756543,1,Interleaved
938,138,0,0.013863331931526977,0.6233910542963446,1,Interleaved
939,139,0,0.521178142444799,0.543368732883855,1,Interleaved
940,140,0,0.41228614921757933,0.7019178561049144,1,Interleaved
941,141,0,0.9161603169021615,0.6570232949327985,1,Interleaved
942,142,0,0.6393311653533025,0.6579127194909866,1,Interleaved
943,143,0,0.3124827705595516,1.007029896952746,1,Interleaved
944,144,0,0.5324155274611624,0.5671932283813377,1,Interleaved
945,145,0,0.31912165089356764,1.0494292247509778,1,Interleaved
946,146,0,0.15210294918654282,0.6520261784677011,1,Interleaved
947,147,0,0.5127555600610594,0.5690279730397678,1,Interleaved
948,148,0,0.5294844763955614,0.648478930761786,1,Interleaved
949,149,0,0.6113621317993373,0.6112337789338722,1,Interleaved
950,150,0,0.32861243896548314,0.6244646309524168,1,Interleaved
951,151,0,0.0031408716558736986,1.1782618217961982,1,Interleaved
952,152,0,0.38582644367494673,0.6827054870135333,1,Interleaved
953,153,0,0.126262381363473,0.792835980279081,1,Interleaved
954,154,0,0.4891267161566896,0.8940298238664424,1,Interleaved
955,155,0,0.8956396181089331,0.5645868221263348,1,Interleaved
956,156,0,0.7542361109930449,0.5522466536328154,1,Interleaved
957,157,0,0.46452494925929677,0.65452703757054,1,Interleaved
958,158,0,0.4073813327724657,0.42835211959971087,1,Interleaved
959,159,0,0.7287342120668598,0.6064325147574545,1,Interleaved
960,160,0,0.5285172513125006,0.5573522431509426,1,Interleaved
961,161,0,0.07870199756039414,0.9162278820363365,1,Interleaved
962,162,0,0.5574651313881538,0.6240095508799834,1,Interleaved
963,163,0,0.9610607377002225,0.4581184220635701,1,Interleaved
964,164,0,0.9860256328288945,0.5955312501028325,1,Interleaved
965,165,0,0.58374629559732,0.7127193017497675,1,Interleaved
966,166,0,0.01259684196175791,0.7107547743411958,1,Interleaved
967,167,0,0.5488747184589373,0.6382615111329797,1,Interleaved
968,168,0,0.5210505454231067,0.7417107552950271,1,Interleaved
969,169,0,0.5391062929040854,0.668155924105889,1,Interleaved
970,170,0,0.5187130191191722,0.703093977935249,1,Interleaved
971,171,0,0.5084307941183058,0.5372987776693894,1,Interleaved
972,172,0,0.9331122815715214,0.7272058562802638,1,Interleaved
973,173,0,0.7757384844177244,0.737860674115294,1,Interleaved
974,174,0,0.5010074893402562,0.6468383057193924,1,Interleaved
975,175,0,0.4723282780169554,0.6908387598114918,1,Interleaved
976,176,0,0.5718656923473121,0.7219047036614619,1,Interleaved
977,177,0,0.669357173960765,0.5791166112090728,1,Interleaved
978,178,0,0.2791618703956765,0.6460352584335052,1,Interleaved
979,179,0,0.5794642627012867,0.7839453907886145,1,Interleaved
980,180,0,0.48931588154890515,0.8941147823634572,1,Interleaved
981,181,0,0.6192303067528898,0.6803784832974205,1,Interleaved
982,182,0,0.19938844259366378,0.6280436616735809,1,Interleaved
983,183,0,0.007411216965357635,0.9867863987333664,1,Interleaved
984,184,0,0.8897959454220956,0.4905453904111884,1,Interleaved
985,185,0,0.7143019816766063,0.5828828698138814,1,Interleaved
986,186,0,0.41234077801757674,0.5551006209449341,1,Interleaved
987,187,0,0.2702305578525998,0.6941032813404697,1,Interleaved
988,188,0,0.8682549515011027,0.4344048660246339,1,Interleaved
989,189,0,0.8045654002003408,0.5909181119628951,1,Interleaved
990,190,0,0.5793117086176872,0.7998322756486442,1,Interleaved
991,191,0,0.5121851530139969,0.62520287811115,1,Interleaved
992,192,0,0.7500367471667921,0.6518506579950412,1,Interleaved
993,193,0,0.5864464375768857,0.47197054092469726,1,Interleaved
994,194,0,0.06406735686278206,0.5846681345327112,1,Interleaved
995,195,0,0.5692542175401829,0.7728731309845934,1,Interleaved
996,196,0,0.503597715111836,0.7112852287725827,1,Interleaved
997,197,0,0.3487200922120179,0.7459145090043937,1,Interleaved
998,198,0,0.8213069613654754,0.6202517177141914,1,Interleaved
999,199,0,0.32519094876354687,0.5815531489982015,1,Interleaved
1000,0,0,0.7096005988561985,0.5492940205048746,1,Instructed
1001,1,0,0.5297422923228198,0.8360412833104471,1,Instructed
1002,2,0,0.7148815804981825,0.6775301118066843,1,Instructed
1003,3,0,0.5017308738303266,0.6581613562199947,1,Instructed
1004,4,0,0.2848046722391603,0.7861825776421086,1,Instructed
1005,5,0,0.4560844715358829,0.7468661623439019,1,Instructed
1006,6,0,0.9415281937681725,0.6450186276028236,1,Instructed
1007,7,0,0.6966217343631463,0.539936075107895,1,Instructed
1008,8,0,0.9521831507599166,0.5270784258610706,1,Instructed
1009,9,0,0.36925691560984014,0.46087892251226437,1,Instructed
1010,10,0,0.9909680228246281,0.5263090101722252,1,Instructed
1011,11,0,0.8073837957614676,0.6082661945125049,1,Instructed
1012,12,0,0.8306300569525737,0.6975032561538632,1,Instructed
1013,13,0,0.4462454495360457,0.722434728486,1,Instructed
1014,14,0,0.675810886724658,0.9498760979591253,1,Instructed
1015,15,0,0.525508679067684,0.7737829645732084,1,Instructed
1016,16,0,0.977899629929182,0.7431150469092291,1,Instructed
1017,17,0,0.6524706404642628,0.679337848262202,1,Instructed
1018,18,0,0.7453181479708588,0.41610606220165436,1,Instructed
1019,19,0,0.6829734981936719,0.5716414890466864,1,Instructed
1020,20,0,0.8863802520427893,0.7911457972368855,1,Instructed
1021,21,0,0.5098011296390095,0.6490958733114012,1,Instructed
1022,22,0,0.8602429943195408,0.4785785600913069,1,Instructed
1023,23,0,0.5023830203344675,1.2727707209874524,1,Instructed
1024,24,0,1.9594853424128562e-05,1.238043619369254,1,Instructed
1025,25,0,0.8848980800414656,0.5205828022989151,1,Instructed
1026,26,0,0.967216450117576,0.9355351622057811,1,Instructed
1027,27,0,0.5254695147083887,0.8399913833506532,1,Instructed
1028,28,0,0.013068053853396497,0.8725863589595724,1,Instructed
1029,29,0,0.032827996024960365,0.4544888625625996,1,Instructed
1030,30,0,0.8666732968737567,0.4195593322494332,1,Instructed
1031,31,0,0.5239539434756367,0.5975684538102402,1,Instructed
1032,32,0,0.8171110941935451,0.7516225377756531,1,Instructed
1033,33,0,0.5027038022962743,0.7478712965456884,1,Instructed
1034,34,0,0.6063375032714355,0.6153203894080371,1,Instructed
1035,35,0,0.8242613926075073,0.6333269120575259,1,Instructed
1036,36,0,0.9999999977751045,1.6675869637693703,1,Instructed
1037,37,0,0.3805603218630465,0.6316317553658242,1,Instructed
1038,38,0,0.9948403940829946,0.7591402056091106,1,Instructed
1039,39,0,0.7921943515021237,0.6371721584057823,1,Instructed
1040,40,0,0.30543646532329577,0.7804010292247072,1,Instructed
1041,41,0,0.9640074067408919,0.5503590545412507,1,Instructed
1042,42,0,0.5226443771948951,0.5658888172489933,1,Instructed
1043,43,0,0.49815858270746727,0.5685362638789322,1,Instructed
1044,44,0,0.05891110957228646,0.5088249336414021,1,Instructed
1045,45,0,0.813306264021977,0.622586380931411,1,Instructed
1046,46,0,0.49895536859968354,0.6606917688300906,1,Instructed
1047,47,0,0.4689322140515313,0.6493170804275523,1,Instructed
1048,48,0,0.5267020372327702,0.5392704697772767,1,Instructed
1049,49,0,0.2104448229582736,0.43803396644400383,1,Instructed
1050,50,0,0.9551923384884514,0.375046455031853,1,Instructed
1051,51,0,0.6463619548790716,0.4818920248825767,1,Instructed
1052,52,0,0.9110779937266364,0.4937692227486208,1,Instructed
1053,53,0,0.5121554422727392,0.44932493632852544,1,Instructed
1054,54,0,0.06872329135269845,0.6536107115432499,1,Instructed
1055,55,0,0.8670317101223262,0.46675858754615124,1,Instructed
1056,56,0,0.5823516794394326,0.44011145403567925,1,Instructed
1057,57,0,0.8612017338121822,0.5005234848394611,1,Instructed
1058,58,0,0.4895284897161016,0.5578533502549157,1,Instructed
1059,59,0,0.9560689552104771,0.6872527531226189,1,Instructed
1060,60,0,0.4585072252308561,0.7811032912115875,1,Instructed
1061,61,0,0.5211454733998702,0.7670713495659154,1,Instructed
1062,62,0,0.9667416155832818,0.5719388934156188,1,Instructed
1063,63,0,0.030795183770130276,0.7130500990697071,1,Instructed
1064,64,0,0.6413158646490774,0.8247049104128668,1,Instructed
1065,65,0,0.5182024594180804,0.7326197131292891,1,Instructed
1066,66,0,0.3657674957959696,0.6294294843632898,1,Instructed
1067,67,0,0.11101672737089702,0.6096054005360717,1,Instructed
1068,68,0,0.2885207768795776,1.389922983236077,1,Instructed
1069,69,0,0.2978295551916774,0.6125268207461148,1,Instructed
1070,70,0,0.6872112334972018,0.7397902984770308,1,Instructed
1071,71,0,0.42780365127857223,0.8161251519420483,1,Instructed
1072,72,0,0.9944347687986137,0.5568405767422031,1,Instructed
1073,73,0,0.9108979159137325,0.7012695957423918,1,Instructed
1074,74,0,0.500287266043473,1.7764824840523765,1,Instructed
1075,75,0,0.35369747468298146,3.3912965149719256,1,Instructed
1076,76,0,0.5026625991204472,0.5604170861683545,1,Instructed
1077,77,0,0.9360004181992088,1.0137349937343558,1,Instructed
1078,78,0,0.9437657863030255,0.774233251298095,1,Instructed
1079,79,0,0.3004902755306239,0.6039361210410812,1,Instructed
1080,80,0,0.967147569642373,0.6891378667877273,1,Instructed
1081,81,0,0.5044492197278725,0.6820857356794824,1,Instructed
1082,82,0,0.5366753781403016,0.6070617594559555,1,Instructed
1083,83,0,0.4891283306868558,0.462645208826281,1,Instructed
1084,84,0,0.4380316498809627,0.5730151272363135,1,Instructed
1085,85,0,0.5035691490709384,0.7045961917553927,1,Instructed
1086,86,0,0.5667701734859644,0.8163134140052284,1,Instructed
1087,87,0,0.8299103892163753,0.586917146839089,1,Instructed
1088,88,0,0.9069278429387679,0.6277977162046529,1,Instructed
1089,89,0,0.8864514943683581,0.5779217822870072,1,Instructed
1090,90,0,0.9937208440341481,0.5597469697725503,1,Instructed
1091,91,0,0.18867338776871065,0.7694102295548125,1,Instructed
1092,92,0,0.010611631160420904,0.632962898522759,1,Instructed
1093,93,0,0.5069233987173762,0.6597561476387417,1,Instructed
1094,94,0,0.9523623903155005,0.6649009276195548,1,Instructed
1095,95,0,0.46957091421430386,0.5575942498013738,1,Instructed
1096,96,0,0.45089072873006475,0.6611073087972256,1,Instructed
1097,97,0,0.04051676843001778,0.5802554654251508,1,Instructed
1098,98,0,0.5609086584795355,0.4269527505451368,1,Instructed
1099,99,0,0.8881996423358656,0.446299132318867,1,Instructed
1100,100,0,0.5010381793372584,1.6813575240008172,1,Instructed
1101,101,0,0.4624835117811189,0.5270138686704333,1,Instructed
1102,102,0,0.5746042760989083,0.6374919320596097,1,Instructed
1103,103,0,0.6358253478221404,0.7395128950786012,1,Instructed
1104,104,0,0.4515811042073424,0.780955089907256,1,Instructed
1105,105,0,0.050176096318941335,0.6787543910617084,1,Instructed
1106,106,0,0.5811687842143676,0.5337269105045184,1,Instructed
1107,107,0,0.6228076084653845,0.42397246068867034,1,Instructed
1108,108,0,0.9543725927746256,0.8532670290302353,1,Instructed
1109,109,0,0.04972348322552029,0.5156515754158668,1,Instructed
1110,110,0,0.5204744042727902,0.47223407710729226,1,Instructed
1111,111,0,0.5385878049768891,0.6301254501536604,1,Instructed
1112,112,0,0.14508679006927178,0.7886774968798038,1,Instructed
1113,113,0,0.4330845984242181,0.7502384330871401,1,Instructed
1114,114,0,0.8513543527644026,0.6128705165650157,1,Instructed
1115,115,0,0.6551649113976504,0.46914611779462967,1,Instructed
1116,116,0,0.2597936908126159,0.5956071758206907,1,Instructed
1117,117,0,0.27767979299842266,0.5898404302958901,1,Instructed
1118,118,0,0.20856038281700062,0.6967147544655408,1,Instructed
1119,119,0,0.4655457072695136,0.43455487288426586,1,Instructed
1120,120,0,0.6258376813134132,0.5871326468819794,1,Instructed
1121,121,0,0.4824932890498801,0.49853969133692705,1,Instructed
1122,122,0,0.658864257323526,0.7819688598861054,1,Instructed
1123,123,0,0.7205147298572954,0.6321191887203212,1,Instructed
1124,124,0,0.9241561378157519,0.4413358476639675,1,Instructed
1125,125,0,0.08409445092691767,0.6299987073383229,1,Instructed
1126,126,0,0.007828925633287647,0.5705458334724167,1,Instructed
1127,127,0,0.529896234515304,0.5881711191136498,1,Instructed
1128,128,0,0.9563982707418938,0.6317004792349197,1,Instructed
1129,129,0,0.3336465496623525,0.5972434140134131,1,Instructed
1130,130,0,0.5843094336754981,0.6696542505816034,1,Instructed
1131,131,0,0.6966459663383233,0.4695648453246085,1,Instructed
1132,132,0,0.11404996797093371,0.3904431811409053,1,Instructed
1133,133,0,0.5484281933395633,0.482489348249192,1,Instructed
1134,134,0,0.5836674284061338,0.6886518502927677,1,Instructed
1135,135,0,0.8361101360104422,0.6555765679810077,1,Instructed
1136,136,0,0.002899832506604251,0.7705939923294065,1,Instructed
1137,137,0,0.9732741924742796,0.469254813404558,1,Instructed
1138,138,0,0.5829837909356907,0.5369455449837116,1,Instructed
1139,139,0,0.48413628772249256,0.5301029448762905,1,Instructed
1140,140,0,0.9999998967286882,2.8115185063423147,1,Instructed
1141,141,0,0.49342195713285686,0.5468519221429626,1,Instructed
1142,142,0,0.1638139918170828,1.129614238229828,1,Instructed
1143,143,0,0.21786102151639714,0.6025143007440751,1,Instructed
1144,144,0,0.12773415824490209,0.6729549373466838,1,Instructed
1145,145,0,0.16592945039466359,0.7196918738537,1,Instructed
1146,146,0,0.696426550042518,0.6461045658830955,1,Instructed
1147,147,0,0.7317509627457296,0.7931729418168002,1,Instructed
1148,148,0,0.6740623413966117,0.8269560656527843,1,Instructed
1149,149,0,0.4217043756849509,0.592411945402781,1,Instructed
1150,150,0,0.01964304241896497,0.7606576264879964,1,Instructed
1151,151,0,0.35230087057752535,0.6013972831536589,1,Instructed
1152,152,0,0.28270838782934754,0.7316487488676542,1,Instructed
1153,153,0,0.11116729871979081,0.8313212644976236,1,Instructed
1154,154,0,0.9772069140500049,0.7703357995144545,1,Instructed
1155,155,0,0.4936161011913168,0.6728118014476911,1,Instructed
1156,156,0,0.9435776443698897,0.6468205045527251,1,Instructed
1157,157,0,0.5923104435730424,0.5590607848402867,1,Instructed
1158,158,0,0.4263885752583861,0.4171376967836361,1,Instructed
1159,159,0,0.2706779954170074,0.5350380083754237,1,Instructed
1160,160,0,0.992547608922968,0.8275510948799978,1,Instructed
1161,161,0,0.2543782068658536,0.48332977260052,1,Instructed
1162,162,0,0.056654434102768964,0.7435595784807469,1,Instructed
1163,163,0,0.19289441890677853,0.758080893288339,1,Instructed
1164,164,0,0.5663335943660127,0.5969593111616756,1,Instructed
1165,165,0,0.06025149411594969,0.7052164685732698,1,Instructed
1166,166,0,0.5409704061626579,0.6208043488621913,1,Instructed
1167,167,0,0.9375918979905917,0.5108974943631962,1,Instructed
1168,168,0,0.12665837623548748,0.6666066729507447,1,Instructed
1169,169,0,0.42612419462677786,0.4975404170114698,1,Instructed
1170,170,0,0.19972683850038547,0.6261157211785231,1,Instructed
1171,171,0,0.7427464911059851,0.5691736178177814,1,Instructed
1172,172,0,0.4329034622850951,0.7338775745822518,1,Instructed
1173,173,0,0.6795397125552121,0.3904872884753457,1,Instructed
1174,174,0,0.476351776649901,0.6304255188703249,1,Instructed
1175,175,0,0.5257433684953708,0.7510327359793754,1,Instructed
1176,176,0,0.07206070584184385,0.660876812484023,1,Instructed
1177,177,0,0.9804496213327103,0.716230626516789,1,Instructed
1178,178,0,0.5503945116924878,0.5431325638383567,1,Instructed
1179,179,0,0.1501561800260065,0.6537295365816309,1,Instructed
1180,180,0,0.48784138444514147,0.5680898206554568,1,Instructed
1181,181,0,0.10408968372846657,0.6736851516683919,1,Instructed
1182,182,0,0.7188640735741472,0.46638857138673895,1,Instructed
1183,183,0,0.6876201705419893,0.6138008256265587,1,Instructed
1184,184,0,0.5001969795011347,0.864758841823157,1,Instructed
1185,185,0,0.9846520585346457,0.5561254049782651,1,Instructed
1186,186,0,0.5845292088490752,0.3897938279577926,1,Instructed
1187,187,0,0.3800157268527373,0.6483214249639573,1,Instructed
1188,188,0,0.02305927090705695,0.7380684099377524,1,Instructed
1189,189,0,0.5112323526950341,0.5433541844652022,1,Instructed
1190,190,0,0.19591728631889804,0.4098455593487894,1,Instructed
1191,191,0,0.04806323992861804,0.6594300916398447,1,Instructed
1192,192,0,0.5914402874569462,0.5730248318879183,1,Instructed
1193,193,0,0.36302355006977294,0.6194578459587248,1,Instructed
1194,194,0,0.2726340955830311,0.6958796177293636,1,Instructed
1195,195,0,0.9776375860438551,0.7983160559009561,1,Instructed
1196,196,0,0.0720296961375971,0.6160315208764873,1,Instructed
1197,197,0,0.03056426498405576,0.862226693078346,1,Instructed
1198,198,0,0.22777768235719076,1.0332938121268187,1,Instructed
1199,199,0,0.5002469943218845,0.9655750777355777,1,Instructed
